Res1 Res2 NSingle NDouble Method
15 8 14 0 6
15 23 23 0 6
30 8 19 1 6
15 30 19 0 6
15 44 23 1 6
15 47 23 0 6
15 48 26 0 6
47 48 35 1 6
53 8 21 1 6
15 53 21 0 6
25 53 39 5 6
30 53 26 1 6
61 8 22 7 6
53 61 35 4 6
44 63 44 6 6
47 64 34 5 6
15 76 21 1 6
50 76 36 3 6
8 82 23 3 6
23 82 32 3 6
22 84 42 5 6
8 88 29 1 6
30 88 32 2 6
48 89 43 5 6
15 93 27 0 6
74 93 27 8 6
8 94 11 1 6
15 94 9 1 6
23 94 22 0 6
27 94 31 2 6
30 94 16 1 6
44 94 22 1 6
47 94 22 0 6
53 94 18 1 6
76 94 22 0 6
84 94 27 1 6
88 94 26 1 6
64 97 43 11 6
64 98 37 7 6
30 99 34 2 6
105 15 25 0 6
105 64 40 3 6
105 82 34 3 6
116 15 23 0 6
116 94 22 0 6
105 116 26 5 6
117 23 33 4 6
118 8 8 1 6
118 15 8 0 6
118 23 19 0 6
118 30 13 1 6
118 40 28 1 6
118 44 21 0 6
118 47 19 0 6
118 48 22 0 6
118 53 15 1 6
118 76 19 0 6
118 82 23 0 6
118 88 23 1 6
118 93 23 0 6
118 94 5 1 6
105 118 21 0 6
116 118 19 0 6
121 8 22 0 6
121 15 20 0 6
121 16 37 4 6
121 30 27 0 6
121 53 29 0 6
121 76 29 1 6
121 94 19 0 6
116 121 31 0 6
118 121 14 1 6
123 8 22 0 6
123 15 20 0 6
123 30 27 0 6
123 53 29 0 6
123 76 27 2 6
123 94 13 3 6
118 123 16 0 6
121 123 28 0 6
127 8 22 1 6
127 15 22 0 6
127 76 31 1 6
127 88 33 3 6
127 94 19 1 6
100 127 41 7 6
118 127 16 1 6
