Res1 Res2 NSingle NDouble Method
1 97 66 11 6
53 7 49 1 6
7 89 55 7 6
15 8 14 0 6
30 8 19 1 6
53 8 21 1 6
61 8 22 7 6
118 8 8 1 6
121 8 22 0 6
123 8 22 0 6
127 8 22 1 6
8 82 23 3 6
8 88 29 1 6
8 94 11 1 6
11 41 51 11 6
11 123 55 1 6
117 12 53 5 6
118 12 39 1 6
12 30 44 4 6
12 94 42 1 6
12 127 45 5 6
15 8 14 0 6
105 15 25 0 6
116 15 23 0 6
118 15 8 0 6
121 15 20 0 6
123 15 20 0 6
127 15 22 0 6
15 23 23 0 6
15 30 19 0 6
15 44 23 1 6
15 47 23 0 6
15 48 26 0 6
15 53 21 0 6
15 76 21 1 6
15 82 27 0 6
15 93 27 0 6
15 94 9 1 6
15 16 35 1 6
105 16 32 9 6
116 16 38 5 6
118 16 33 0 6
121 16 37 4 6
127 16 37 5 6
16 94 34 1 6
115 18 57 19 6
118 18 42 1 6
18 30 47 4 6
18 94 45 1 6
19 74 51 8 6
19 99 50 10 6
105 20 41 10 6
116 20 53 3 6
121 20 44 6 6
20 98 56 5 6
118 21 45 1 6
15 22 34 0 6
118 22 30 0 6
22 37 62 10 6
22 50 45 4 6
22 53 37 3 6
22 84 42 5 6
22 94 33 0 6
23 8 25 0 6
15 23 23 0 6
117 23 33 4 6
118 23 19 0 6
23 82 32 3 6
23 94 22 0 6
127 24 42 10 6
24 30 49 5 6
118 25 36 0 6
25 53 39 5 6
27 8 38 0 6
15 27 34 1 6
105 27 31 9 6
118 27 32 0 6
123 27 40 2 6
27 93 47 2 6
27 94 31 2 6
28 53 56 7 6
29 89 73 9 6
30 8 19 1 6
1 30 57 3 6
15 30 19 0 6
118 30 13 1 6
121 30 27 0 6
123 30 27 0 6
30 53 26 1 6
30 84 29 4 6
30 88 32 2 6
30 94 16 1 6
30 99 34 2 6
23 31 52 9 6
117 31 51 13 6
31 40 53 14 6
32 8 50 1 6
118 32 44 1 6
32 94 47 1 6
32 99 55 7 6
33 8 43 0 6
15 33 41 0 6
105 33 36 9 6
116 33 44 4 6
118 33 37 0 6
121 33 37 6 6
33 47 38 7 6
33 94 40 0 6
37 48 68 3 6
37 77 72 3 6
39 8 44 3 6
15 39 46 1 6
118 39 44 0 6
39 94 47 0 6
118 40 28 1 6
40 88 47 2 6
15 41 36 0 6
27 41 44 8 6
30 41 41 1 6
118 41 32 0 6
41 94 35 0 6
23 42 42 5 6
118 42 37 0 6
15 44 23 1 6
116 44 34 1 6
118 44 21 0 6
121 44 31 1 6
44 63 44 6 6
44 94 22 1 6
121 46 53 7 6
47 8 25 0 6
15 47 23 0 6
117 47 35 3 6
118 47 19 0 6
47 48 35 1 6
47 64 34 5 6
47 94 22 0 6
48 8 28 0 6
15 48 26 0 6
23 48 35 1 6
47 48 35 1 6
118 48 22 0 6
48 71 49 5 6
48 89 43 5 6
48 94 25 0 6
116 49 58 6 6
50 8 33 0 6
15 50 31 0 6
23 50 38 2 6
118 50 27 0 6
50 53 34 3 6
50 76 36 3 6
50 94 30 0 6
53 8 21 1 6
15 53 21 0 6
25 53 39 5 6
30 53 26 1 6
118 53 15 1 6
121 53 29 0 6
123 53 29 0 6
53 61 35 4 6
53 94 18 1 6
103 55 44 13 6
118 55 37 0 6
16 56 55 14 6
118 56 54 0 6
55 57 49 20 6
103 57 49 20 6
40 58 64 8 6
61 8 22 7 6
15 61 34 0 6
50 61 45 4 6
53 61 35 4 6
118 61 30 0 6
61 94 33 0 6
63 8 35 5 6
39 63 59 10 6
44 63 44 6 6
121 63 43 4 6
64 8 33 1 6
15 64 31 1 6
44 64 40 3 6
47 64 34 5 6
105 64 40 3 6
118 64 29 0 6
64 94 30 1 6
64 97 43 11 6
64 98 37 7 6
65 8 38 0 6
15 65 36 0 6
33 65 41 12 6
116 65 39 4 6
118 65 32 0 6
65 94 35 0 6
106 66 53 11 6
118 66 41 0 6
123 66 43 5 6
127 66 43 6 6
66 94 42 1 6
23 67 41 5 6
118 71 41 0 6
121 71 39 7 6
15 72 33 4 6
111 72 55 9 6
118 72 37 0 6
72 76 48 2 6
72 94 40 0 6
15 73 62 1 6
111 73 66 15 6
118 73 58 1 6
73 94 61 1 6
74 8 30 0 6
15 74 28 0 6
118 74 24 0 6
74 93 27 8 6
74 94 27 0 6
76 8 25 0 6
15 76 21 1 6
30 76 30 0 6
50 76 36 3 6
53 76 28 2 6
118 76 19 0 6
121 76 29 1 6
123 76 27 2 6
127 76 31 1 6
76 94 22 0 6
15 77 30 0 6
116 77 35 3 6
118 77 26 0 6
77 94 29 0 6
15 78 51 1 6
118 78 49 0 6
78 94 50 1 6
8 81 47 1 6
15 81 47 0 6
22 81 61 4 6
30 81 46 4 6
50 81 50 8 6
53 81 48 4 6
118 81 41 1 6
81 94 44 1 6
8 82 23 3 6
23 82 32 3 6
105 82 34 3 6
107 82 49 4 6
118 82 23 0 6
82 98 41 2 6
42 83 72 23 6
8 84 32 0 6
15 84 22 4 6
22 84 42 5 6
53 84 33 3 6
118 84 26 0 6
121 84 38 0 6
123 84 38 0 6
84 94 27 1 6
40 85 77 13 6
48 85 75 10 6
15 87 42 3 6
72 87 53 12 6
74 87 56 4 6
118 87 44 0 6
87 93 53 5 6
8 88 29 1 6
15 88 29 0 6
30 88 32 2 6
48 88 39 2 6
76 88 36 2 6
118 88 23 1 6
127 88 33 3 6
88 94 26 1 6
88 99 38 5 6
8 89 39 1 6
48 89 43 5 6
118 89 35 0 6
89 94 36 1 6
89 99 42 8 6
8 93 29 0 6
15 93 27 0 6
23 93 36 1 6
53 93 32 2 6
74 93 27 8 6
116 93 30 4 6
118 93 23 0 6
93 94 26 0 6
8 94 11 1 6
15 94 9 1 6
23 94 22 0 6
27 94 31 2 6
30 94 16 1 6
44 94 22 1 6
47 94 22 0 6
53 94 18 1 6
76 94 22 0 6
84 94 27 1 6
88 94 26 1 6
116 94 22 0 6
118 94 5 1 6
121 94 19 0 6
123 94 13 3 6
127 94 19 1 6
16 95 51 12 6
116 95 41 10 6
118 95 46 0 6
15 97 42 1 6
47 97 39 8 6
64 97 43 11 6
78 97 61 12 6
94 97 41 1 6
116 97 39 8 6
118 97 40 0 6
121 97 46 3 6
8 98 32 0 6
15 98 28 1 6
64 98 37 7 6
94 98 21 4 6
105 98 31 6 6
116 98 33 4 6
118 98 26 0 6
8 99 33 0 6
15 99 31 0 6
30 99 34 2 6
48 99 33 6 6
71 99 42 11 6
94 99 30 0 6
118 99 27 0 6
127 99 33 4 6
100 15 43 1 6
100 94 42 1 6
100 105 44 7 6
100 118 41 0 6
100 127 41 7 6
101 47 72 11 6
103 15 41 0 6
103 93 54 1 6
103 94 40 0 6
103 105 40 7 6
103 116 50 1 6
103 118 37 0 6
104 74 57 14 6
105 8 27 0 6
105 15 25 0 6
105 30 32 0 6
105 53 34 0 6
105 64 40 3 6
105 82 34 3 6
105 94 24 0 6
105 116 26 5 6
105 118 21 0 6
105 121 29 2 6
105 123 33 0 6
106 8 44 0 6
106 15 40 1 6
106 76 41 6 6
106 94 41 0 6
106 118 38 0 6
107 23 35 9 6
107 117 38 11 6
107 118 38 0 6
108 39 66 14 6
108 76 57 6 6
108 123 46 10 6
111 8 46 0 6
111 15 42 1 6
111 27 36 16 6
111 30 51 0 6
111 94 41 1 6
111 118 40 0 6
111 121 38 7 6
111 123 52 0 6
112 118 45 0 6
112 121 47 5 6
115 89 68 9 6
107 115 71 9 6
116 8 25 0 6
116 15 23 0 6
116 23 34 0 6
116 30 30 0 6
116 47 34 0 6
116 53 32 0 6
116 76 34 0 6
116 94 22 0 6
105 116 26 5 6
116 118 19 0 6
116 121 31 0 6
116 123 31 0 6
117 8 32 0 6
117 15 30 0 6
117 23 33 4 6
117 94 29 0 6
117 118 26 0 6
118 8 8 1 6
118 15 8 0 6
118 23 19 0 6
118 30 13 1 6
118 40 28 1 6
118 44 21 0 6
118 47 19 0 6
118 48 22 0 6
118 53 15 1 6
118 76 19 0 6
118 82 23 0 6
118 88 23 1 6
118 93 23 0 6
118 94 5 1 6
105 118 21 0 6
116 118 19 0 6
118 121 14 1 6
118 123 16 0 6
118 127 16 1 6
119 47 37 6 6
121 8 22 0 6
121 15 20 0 6
121 16 37 4 6
121 23 31 0 6
121 30 27 0 6
121 47 31 0 6
121 53 29 0 6
121 76 29 1 6
121 94 19 0 6
116 121 31 0 6
118 121 14 1 6
121 123 28 0 6
122 8 44 1 6
122 15 42 1 6
122 22 52 7 6
122 30 41 5 6
122 44 51 3 6
122 94 39 2 6
118 122 38 1 6
123 8 22 0 6
123 15 20 0 6
123 30 27 0 6
123 53 29 0 6
123 76 27 2 6
123 94 13 3 6
123 98 32 3 6
118 123 16 0 6
121 123 28 0 6
125 8 40 5 6
125 15 48 0 6
125 94 47 0 6
118 125 44 0 6
107 126 67 20 6
127 8 22 1 6
127 15 22 0 6
127 30 19 5 6
127 53 29 1 6
127 76 31 1 6
127 88 33 3 6
127 94 19 1 6
100 127 41 7 6
105 127 33 1 6
116 127 31 1 6
118 127 16 1 6
121 127 26 2 6
128 22 58 5 6
128 94 45 0 6
118 128 42 0 6
122 128 58 10 6
123 128 46 4 6
129 8 51 1 6
129 94 48 1 6
118 129 47 0 6
130 15 47 1 6
130 74 41 12 6
130 88 50 8 6
118 130 43 1 6
