Res1 Res2 NSingle NDouble Method
15 8 10 0 6
30 8 11 1 6
53 8 13 1 6
61 8 15 4 6
63 8 26 3 6
118 8 5 1 6
123 8 13 0 6
127 8 14 1 6
8 94 7 1 6
10 76 38 8 6
118 12 22 1 6
12 82 27 5 6
12 88 21 8 6
15 8 10 0 6
118 15 7 0 6
123 15 13 0 6
127 15 16 0 6
15 30 13 0 6
15 53 15 0 6
15 94 7 1 6
116 20 36 4 6
22 37 40 8 6
107 23 19 11 6
16 25 32 7 6
15 27 25 1 6
111 27 22 12 6
118 27 24 0 6
27 94 20 3 6
30 8 11 1 6
15 30 13 0 6
118 30 8 1 6
127 30 11 4 6
30 53 16 1 6
30 88 19 2 6
30 94 10 1 6
118 33 26 0 6
33 65 25 10 6
118 40 20 1 6
15 44 17 1 6
44 94 16 1 6
23 47 25 2 6
118 47 15 0 6
47 48 23 2 6
47 64 23 5 6
47 65 16 9 6
118 50 20 0 6
50 53 22 3 6
50 61 24 6 6
15 53 15 0 6
118 53 10 1 6
53 94 12 1 6
55 57 29 17 6
61 8 15 4 6
118 61 20 0 6
61 76 24 4 6
47 64 23 5 6
64 97 28 9 6
118 65 23 0 6
100 71 21 15 6
127 71 28 5 6
15 72 21 3 6
53 72 28 2 6
111 73 38 14 6
118 74 18 0 6
74 93 19 7 6
107 75 35 17 6
15 76 17 1 6
50 76 26 3 6
53 76 20 2 6
118 76 16 0 6
123 76 18 2 6
76 94 18 0 6
118 77 17 0 6
30 81 31 5 6
53 81 35 4 6
8 82 16 2 6
105 82 21 3 6
8 84 19 1 6
15 84 15 3 6
118 84 16 1 6
84 94 16 2 6
118 88 15 1 6
127 88 20 3 6
88 94 17 1 6
88 99 27 5 6
53 93 21 3 6
74 93 19 7 6
118 93 19 0 6
8 94 7 1 6
15 94 7 1 6
27 94 20 3 6
30 94 10 1 6
53 94 12 1 6
84 94 16 2 6
118 94 4 1 6
123 94 8 2 6
127 94 13 1 6
94 98 14 3 6
111 95 28 14 6
33 97 26 12 6
94 98 14 3 6
105 98 18 5 6
118 98 18 0 6
100 118 26 0 6
100 121 25 6 6
100 127 23 6 6
103 121 22 6 6
105 8 17 0 6
105 15 17 0 6
105 82 21 3 6
105 94 16 0 6
105 116 20 3 6
105 118 14 0 6
105 121 19 3 6
106 76 28 6 6
106 118 28 0 6
106 123 28 3 6
108 123 30 7 6
111 8 29 0 6
111 118 26 0 6
116 8 19 0 6
116 15 17 1 6
116 77 21 4 6
116 94 16 1 6
116 118 16 0 6
117 23 20 7 6
107 117 21 11 6
117 118 20 0 6
118 8 5 1 6
118 15 7 0 6
118 30 8 1 6
118 53 10 1 6
118 84 16 1 6
118 88 15 1 6
118 94 4 1 6
118 121 13 1 6
118 123 10 0 6
118 127 11 1 6
121 8 18 0 6
121 15 18 0 6
121 94 17 0 6
118 121 13 1 6
122 30 26 3 6
122 94 24 2 6
118 122 24 1 6
123 8 13 0 6
123 15 13 0 6
123 94 8 2 6
118 123 10 0 6
127 8 14 1 6
127 15 16 0 6
127 20 25 8 6
127 30 11 4 6
127 53 19 1 6
127 88 20 3 6
127 94 13 1 6
118 127 11 1 6
121 127 18 3 6
