Res1 Res2 NSingle NDouble Method
1 131 0 25 3
132 2 0 17 3
133 3 0 31 3
134 4 0 28 3
135 5 0 18 3
136 6 0 15 3
137 7 0 12 3
139 9 0 35 3
10 140 0 30 3
11 141 0 25 3
12 142 0 31 3
13 143 0 20 3
14 144 0 23 3
145 15 0 7 3
146 16 0 6 3
147 17 0 16 3
148 18 0 20 3
149 19 0 29 3
150 20 0 19 3
151 21 0 25 3
152 22 0 18 3
153 23 0 16 3
154 24 0 7 3
155 25 0 15 3
156 26 0 15 3
157 27 0 25 3
158 28 0 19 3
159 29 0 25 3
161 31 0 22 3
162 32 0 23 3
163 33 0 18 3
164 34 0 11 3
165 35 0 7 3
166 36 0 8 3
167 37 0 12 3
168 38 0 16 3
169 39 0 25 3
170 40 0 13 3
171 41 0 6 3
172 42 0 42 3
173 43 0 24 3
174 44 0 10 3
175 45 0 13 3
176 46 0 25 3
177 47 0 23 3
178 48 0 32 3
179 49 0 19 3
180 50 0 29 3
181 51 0 13 3
182 52 0 20 3
183 53 0 9 3
184 54 0 40 3
185 55 0 20 3
186 56 0 7 3
187 57 0 15 3
188 58 0 29 3
189 59 0 15 3
191 61 0 4 3
192 62 0 23 3
194 64 0 33 3
195 65 0 14 3
61 94 5 3 3
191 94 5 3 3
1 131 0 25 3
132 2 0 17 3
133 3 0 31 3
134 4 0 28 3
135 5 0 18 3
136 6 0 15 3
137 7 0 12 3
139 9 0 35 3
10 140 0 30 3
11 141 0 25 3
12 142 0 31 3
13 143 0 20 3
14 144 0 23 3
145 15 0 7 3
146 16 0 6 3
147 17 0 16 3
148 18 0 20 3
149 19 0 29 3
150 20 0 19 3
151 21 0 25 3
152 22 0 18 3
153 23 0 16 3
154 24 0 7 3
155 25 0 15 3
156 26 0 15 3
157 27 0 25 3
158 28 0 19 3
159 29 0 25 3
161 31 0 22 3
162 32 0 23 3
163 33 0 18 3
164 34 0 11 3
165 35 0 7 3
166 36 0 8 3
167 37 0 12 3
168 38 0 16 3
169 39 0 25 3
170 40 0 13 3
171 41 0 6 3
172 42 0 42 3
173 43 0 24 3
174 44 0 10 3
175 45 0 13 3
176 46 0 25 3
177 47 0 23 3
178 48 0 32 3
179 49 0 19 3
180 50 0 29 3
181 51 0 13 3
182 52 0 20 3
183 53 0 9 3
184 54 0 40 3
185 55 0 20 3
186 56 0 7 3
187 57 0 15 3
188 58 0 29 3
189 59 0 15 3
191 61 0 4 3
192 62 0 23 3
194 64 0 33 3
195 65 0 14 3
