Res1 Res2 NSingle NDouble Method
1 131 0 31 1
134 4 0 42 1
135 5 0 34 1
136 6 0 25 1
137 7 0 39 1
139 9 0 26 1
10 140 0 38 1
11 141 0 65 1
12 142 0 46 1
13 143 0 17 1
14 144 0 40 1
147 17 0 28 1
148 18 0 33 1
152 22 0 41 1
154 24 0 52 1
155 25 0 34 1
156 26 0 65 1
157 27 0 41 1
162 32 0 32 1
164 34 0 68 1
165 35 0 43 1
170 40 0 32 1
171 41 0 12 1
175 45 0 37 1
177 47 0 49 1
181 51 0 66 1
182 52 0 65 1
188 58 0 45 1
190 60 0 38 1
192 62 0 19 1
195 65 0 27 1
1 131 0 31 1
134 4 0 42 1
135 5 0 34 1
136 6 0 25 1
137 7 0 39 1
139 9 0 26 1
10 140 0 38 1
11 141 0 65 1
12 142 0 46 1
13 143 0 17 1
14 144 0 40 1
147 17 0 28 1
148 18 0 33 1
152 22 0 41 1
154 24 0 52 1
155 25 0 34 1
156 26 0 65 1
157 27 0 41 1
162 32 0 32 1
164 34 0 68 1
165 35 0 43 1
170 40 0 32 1
171 41 0 12 1
175 45 0 37 1
177 47 0 49 1
181 51 0 66 1
182 52 0 65 1
188 58 0 45 1
190 60 0 38 1
192 62 0 19 1
195 65 0 27 1
