Res1 Res2 NSingle NDouble Method
1 99 10 6 5
1 110 10 6 5
1 111 10 6 5
1 114 10 6 5
1 117 10 5 5
3 37 8 3 5
3 63 12 2 5
3 88 16 4 5
6 99 13 9 5
22 8 13 2 5
123 8 11 1 5
10 115 8 4 5
12 78 12 16 5
12 93 12 16 5
100 15 7 2 5
15 67 10 5 5
15 73 8 5 5
16 27 12 8 5
19 55 11 2 5
20 29 11 6 5
22 8 13 2 5
22 56 15 2 5
22 80 12 2 5
25 54 15 6 5
25 74 14 3 5
25 75 14 3 5
25 83 14 3 5
16 27 12 8 5
27 37 12 3 5
27 55 12 3 5
20 29 11 6 5
127 33 8 1 5
33 44 10 5 5
3 37 8 3 5
100 37 7 0 5
118 37 4 0 5
127 37 5 0 5
37 41 4 0 5
37 53 7 0 5
37 55 4 2 5
37 61 4 0 5
37 82 4 0 5
37 94 4 0 5
104 39 7 7 5
117 39 11 5 5
120 39 11 5 5
43 98 12 3 5
33 44 10 5 5
127 44 10 1 5
44 88 13 6 5
123 45 27 5 5
47 53 11 3 5
41 53 3 0 5
100 53 4 1 5
107 53 6 3 5
117 53 6 2 5
118 53 3 0 5
53 61 3 0 5
53 82 3 0 5
53 94 3 0 5
25 54 15 6 5
44 54 15 5 5
54 74 13 4 5
54 83 13 4 5
27 55 12 3 5
37 55 4 2 5
41 55 4 0 5
118 55 4 0 5
127 55 5 0 5
55 61 4 0 5
55 82 4 0 5
55 94 4 0 5
19 56 13 3 5
27 58 18 11 5
123 59 20 5 5
3 63 12 2 5
10 63 12 2 5
105 63 11 2 5
110 63 11 2 5
63 74 9 2 5
63 87 10 2 5
63 99 11 2 5
113 64 12 5 5
114 64 12 6 5
64 99 12 6 5
15 67 10 5 5
67 73 10 6 5
69 83 8 4 5
69 98 9 2 5
113 72 16 5 5
120 72 16 5 5
72 99 14 7 5
15 73 8 5 5
100 73 9 2 5
74 83 8 3 5
74 87 7 4 5
101 75 8 3 5
113 75 8 3 5
120 75 8 3 5
126 75 9 3 5
22 80 12 2 5
67 80 13 2 5
69 80 10 2 5
80 97 14 2 5
69 83 8 4 5
73 83 9 4 5
74 83 8 3 5
103 83 8 5 5
83 85 8 4 5
83 85 8 4 5
103 85 6 7 5
85 97 8 7 5
121 86 17 6 5
74 87 7 4 5
100 87 7 2 5
104 87 7 4 5
110 87 7 5 5
115 87 4 5 5
87 98 8 2 5
33 88 13 5 5
44 88 13 6 5
90 98 9 2 5
80 95 17 3 5
69 97 10 6 5
100 98 5 1 5
111 98 7 3 5
115 98 4 3 5
126 98 6 3 5
100 99 8 2 5
104 99 6 5 5
110 99 6 6 5
111 99 4 7 5
113 99 6 5 5
114 99 6 6 5
120 99 6 5 5
100 41 3 0 5
100 53 4 1 5
100 61 3 0 5
100 82 3 0 5
100 94 3 0 5
100 98 5 1 5
100 101 6 2 5
100 104 4 3 5
100 115 5 2 5
100 117 4 3 5
100 118 3 0 5
101 53 8 1 5
101 98 7 2 5
100 101 6 2 5
101 104 6 4 5
101 111 6 5 5
101 117 6 4 5
101 126 5 5 5
102 8 18 3 5
103 73 11 5 5
103 83 8 5 5
104 98 7 2 5
104 99 6 5 5
100 104 4 3 5
104 110 6 5 5
104 111 4 6 5
104 114 4 6 5
104 117 4 5 5
104 126 5 5 5
105 53 8 2 5
105 99 8 5 5
100 105 8 2 5
105 110 4 7 5
105 111 8 5 5
105 114 6 6 5
106 120 10 3 5
107 53 6 3 5
107 99 8 5 5
100 107 8 2 5
107 113 6 5 5
107 126 7 5 5
109 98 11 3 5
109 113 8 6 5
110 53 8 2 5
110 99 6 6 5
100 110 8 2 5
104 110 6 5 5
105 110 4 7 5
110 111 6 6 5
110 114 2 8 5
110 117 4 6 5
111 98 7 3 5
111 99 4 7 5
100 111 6 3 5
101 111 6 5 5
104 111 4 6 5
110 111 6 6 5
111 114 6 6 5
111 115 5 5 5
111 117 4 6 5
111 120 4 6 5
111 126 5 6 5
112 121 17 6 5
113 99 6 5 5
107 113 6 5 5
114 53 8 2 5
114 99 6 6 5
100 114 8 2 5
104 114 4 6 5
105 114 6 6 5
110 114 2 8 5
111 114 6 6 5
114 115 7 4 5
114 117 4 6 5
114 120 8 4 5
115 87 4 5 5
115 98 4 3 5
100 115 5 2 5
104 115 5 4 5
111 115 5 5 5
115 120 5 4 5
117 53 6 2 5
100 117 4 3 5
101 117 6 4 5
104 117 4 5 5
110 117 4 6 5
111 117 4 6 5
114 117 4 6 5
115 117 7 3 5
117 120 6 4 5
117 126 5 5 5
120 98 7 2 5
100 120 8 1 5
111 120 4 6 5
115 120 5 4 5
123 8 11 1 5
106 124 11 4 5
126 53 9 1 5
126 98 6 3 5
100 126 7 2 5
101 126 5 5 5
104 126 5 5 5
111 126 5 6 5
117 126 5 5 5
127 37 5 0 5
127 41 1 0 5
127 53 4 0 5
127 55 5 0 5
127 61 1 0 5
127 80 6 0 5
127 82 1 0 5
127 94 1 0 5
127 98 5 0 5
100 127 4 0 5
118 127 1 0 5
