Res1 Res2 NSingle NDouble Method
16 27 12 8 5
3 37 8 3 5
33 44 10 5 5
37 53 7 0 5
37 55 4 2 5
53 55 7 0 5
15 73 8 5 5
69 83 8 4 5
74 83 8 3 5
83 85 8 4 5
74 87 7 4 5
80 95 17 3 5
53 98 7 0 5
100 15 7 2 5
100 37 7 0 5
100 53 4 1 5
100 55 7 0 5
100 87 7 2 5
100 98 5 1 5
101 75 8 3 5
101 98 7 2 5
100 101 6 2 5
103 83 8 5 5
103 85 6 7 5
104 98 7 2 5
100 104 4 3 5
107 53 6 3 5
110 87 7 5 5
110 99 6 6 5
111 98 7 3 5
100 111 6 3 5
101 111 6 5 5
104 111 4 6 5
110 111 6 6 5
113 99 6 5 5
107 113 6 5 5
114 99 6 6 5
104 114 4 6 5
105 114 6 6 5
110 114 2 8 5
111 114 6 6 5
115 53 7 1 5
115 87 4 5 5
115 98 4 3 5
100 115 5 2 5
104 115 5 4 5
111 115 5 5 5
117 53 6 2 5
100 117 4 3 5
104 117 4 5 5
110 117 4 6 5
111 117 4 6 5
114 117 4 6 5
115 117 7 3 5
120 75 8 3 5
120 98 7 2 5
120 99 6 5 5
101 120 8 3 5
104 120 6 4 5
111 120 4 6 5
115 120 5 4 5
117 120 6 4 5
106 124 11 4 5
126 98 6 3 5
100 126 7 2 5
101 126 5 5 5
104 126 5 5 5
107 126 7 5 5
111 126 5 6 5
114 126 7 5 5
117 126 5 5 5
120 126 7 4 5
127 8 7 0 5
127 30 7 0 5
127 37 5 0 5
127 53 4 0 5
127 55 5 0 5
127 63 7 0 5
127 80 6 0 5
127 98 5 0 5
100 127 4 0 5
115 127 7 0 5
1 131 0 13 5
132 2 0 21 5
133 3 0 10 5
133 37 8 3 5
134 4 0 37 5
135 5 0 27 5
136 6 0 22 5
137 7 0 22 5
138 8 0 6 5
127 138 7 0 5
139 9 0 18 5
10 140 0 10 5
11 141 0 24 5
12 142 0 25 5
13 143 0 15 5
14 144 0 28 5
145 15 0 8 5
145 73 8 5 5
100 145 7 2 5
146 16 0 14 5
146 27 12 8 5
147 17 0 28 5
148 18 0 19 5
149 19 0 11 5
149 56 13 3 5
150 20 0 13 5
151 21 0 34 5
152 22 0 11 5
153 23 0 27 5
154 24 0 27 5
155 25 0 13 5
156 26 0 9 5
157 27 0 14 5
158 28 0 19 5
159 29 0 10 5
160 30 0 6 5
127 160 7 0 5
161 31 0 28 5
162 32 0 24 5
163 33 0 9 5
163 44 10 5 5
164 34 0 17 5
165 35 0 41 5
166 36 0 15 5
167 3 8 3 5
167 37 0 4 5
167 53 7 0 5
167 55 4 2 5
167 63 8 1 5
100 167 7 0 5
127 167 5 0 5
133 167 8 3 5
168 38 0 43 5
169 39 0 14 5
170 40 0 19 5
172 42 0 34 5
173 43 0 14 5
174 33 10 5 5
174 44 0 11 5
163 174 10 5 5
175 45 0 30 5
176 46 0 19 5
177 47 0 14 5
178 48 0 15 5
179 49 0 13 5
180 50 0 38 5
181 51 0 21 5
182 52 0 16 5
183 37 7 0 5
183 53 0 3 5
183 55 7 0 5
183 98 7 0 5
100 183 4 1 5
107 183 6 3 5
115 183 7 1 5
117 183 6 2 5
127 183 4 0 5
167 183 7 0 5
184 54 0 14 5
185 37 4 2 5
185 53 7 0 5
185 55 0 4 5
100 185 7 0 5
127 185 5 0 5
167 185 4 2 5
183 185 7 0 5
186 56 0 8 5
149 186 13 3 5
187 57 0 26 5
188 58 0 26 5
189 59 0 23 5
190 60 0 20 5
192 62 0 21 5
193 63 0 6 5
127 193 7 0 5
167 193 8 1 5
194 64 0 15 5
195 65 0 28 5
