Res1 Res2 NSingle NDouble Method
1 99 10 6 5
1 110 10 6 5
1 111 10 6 5
1 114 10 6 5
1 117 10 5 5
1 131 0 13 5
132 2 0 21 5
118 3 10 0 5
127 3 11 0 5
133 3 0 10 5
167 3 8 3 5
171 3 10 0 5
191 3 10 0 5
3 37 8 3 5
3 41 10 0 5
3 61 10 0 5
3 82 10 0 5
3 94 10 0 5
134 4 0 37 5
135 5 0 27 5
136 6 0 22 5
6 99 13 9 5
137 7 0 22 5
41 8 6 0 5
53 8 9 0 5
61 8 6 0 5
100 8 9 0 5
118 8 6 0 5
123 8 11 1 5
127 8 7 0 5
138 8 0 6 5
171 8 6 0 5
183 8 9 0 5
191 8 6 0 5
8 82 6 0 5
8 94 6 0 5
139 9 0 18 5
10 87 10 4 5
10 115 8 4 5
10 140 0 10 5
11 141 0 24 5
12 142 0 25 5
13 143 0 15 5
14 144 0 28 5
100 15 7 2 5
118 15 8 0 5
127 15 9 0 5
145 15 0 8 5
15 41 8 0 5
15 53 9 1 5
15 61 8 0 5
15 73 8 5 5
15 82 8 0 5
15 94 8 0 5
15 171 8 0 5
15 183 9 1 5
15 191 8 0 5
146 16 0 14 5
157 16 12 8 5
16 27 12 8 5
147 17 0 28 5
148 18 0 19 5
118 19 11 0 5
149 19 0 11 5
171 19 11 0 5
19 41 11 0 5
19 61 11 0 5
19 82 11 0 5
19 94 11 0 5
19 191 11 0 5
150 20 0 13 5
159 20 11 6 5
20 29 11 6 5
151 21 0 34 5
118 22 11 0 5
127 22 12 0 5
152 22 0 11 5
171 22 11 0 5
191 22 11 0 5
22 41 11 0 5
22 61 11 0 5
22 82 11 0 5
22 94 11 0 5
153 23 0 27 5
154 24 0 27 5
155 25 0 13 5
25 74 14 3 5
25 75 14 3 5
25 83 14 3 5
118 26 9 0 5
127 26 10 0 5
156 26 0 9 5
171 26 9 0 5
191 26 9 0 5
26 41 9 0 5
26 61 9 0 5
26 82 9 0 5
26 94 9 0 5
16 27 12 8 5
146 27 12 8 5
157 27 0 14 5
167 27 12 3 5
185 27 12 3 5
27 37 12 3 5
27 55 12 3 5
158 28 0 19 5
118 29 10 0 5
159 29 0 10 5
171 29 10 0 5
191 29 10 0 5
29 41 10 0 5
29 61 10 0 5
29 82 10 0 5
29 94 10 0 5
118 30 6 0 5
127 30 7 0 5
160 30 0 6 5
171 30 6 0 5
191 30 6 0 5
30 41 6 0 5
30 61 6 0 5
30 82 6 0 5
30 94 6 0 5
161 31 0 28 5
162 32 0 24 5
118 33 9 0 5
127 33 8 1 5
163 33 0 9 5
171 33 9 0 5
174 33 10 5 5
191 33 9 0 5
33 41 9 0 5
33 44 10 5 5
33 61 9 0 5
33 74 10 3 5
33 82 9 0 5
33 94 9 0 5
164 34 0 17 5
165 35 0 41 5
118 36 15 0 5
166 36 0 15 5
171 36 15 0 5
183 36 12 3 5
191 36 15 0 5
36 41 15 0 5
36 53 12 3 5
36 61 15 0 5
36 82 15 0 5
36 94 15 0 5
3 37 8 3 5
100 37 7 0 5
118 37 4 0 5
127 37 5 0 5
133 37 8 3 5
167 37 0 4 5
171 37 4 0 5
183 37 7 0 5
185 37 4 2 5
191 37 4 0 5
37 41 4 0 5
37 53 7 0 5
37 55 4 2 5
37 61 4 0 5
37 82 4 0 5
37 94 4 0 5
37 98 8 0 5
168 38 0 43 5
100 39 11 3 5
169 39 0 14 5
170 40 0 19 5
172 42 0 34 5
173 43 0 14 5
43 98 12 3 5
33 44 10 5 5
41 44 11 0 5
118 44 11 0 5
127 44 10 1 5
163 44 10 5 5
171 44 11 0 5
174 44 0 11 5
191 44 11 0 5
44 61 11 0 5
44 82 11 0 5
44 94 11 0 5
175 45 0 30 5
176 46 0 19 5
177 47 0 14 5
183 47 11 3 5
47 53 11 3 5
178 48 0 15 5
41 49 13 0 5
100 49 10 3 5
118 49 13 0 5
171 49 13 0 5
179 49 0 13 5
191 49 13 0 5
49 61 13 0 5
49 82 13 0 5
49 94 13 0 5
180 50 0 38 5
181 51 0 21 5
182 52 0 16 5
37 53 7 0 5
41 53 3 0 5
100 53 4 1 5
107 53 6 3 5
115 53 7 1 5
117 53 6 2 5
118 53 3 0 5
127 53 4 0 5
167 53 7 0 5
171 53 3 0 5
183 53 0 3 5
185 53 7 0 5
191 53 3 0 5
53 55 7 0 5
53 61 3 0 5
53 80 8 0 5
53 82 3 0 5
53 94 3 0 5
53 98 7 0 5
184 54 0 14 5
54 74 13 4 5
54 83 13 4 5
37 55 4 2 5
41 55 4 0 5
53 55 7 0 5
100 55 7 0 5
118 55 4 0 5
127 55 5 0 5
167 55 4 2 5
171 55 4 0 5
183 55 7 0 5
185 55 0 4 5
191 55 4 0 5
55 61 4 0 5
55 82 4 0 5
55 94 4 0 5
55 98 8 0 5
19 56 13 3 5
41 56 8 0 5
55 56 10 1 5
118 56 8 0 5
149 56 13 3 5
171 56 8 0 5
185 56 10 1 5
186 56 0 8 5
191 56 8 0 5
56 61 8 0 5
56 82 8 0 5
56 94 8 0 5
187 57 0 26 5
188 58 0 26 5
189 59 0 23 5
190 60 0 20 5
192 62 0 21 5
37 63 8 1 5
41 63 6 0 5
61 63 6 0 5
118 63 6 0 5
127 63 7 0 5
167 63 8 1 5
171 63 6 0 5
191 63 6 0 5
193 63 0 6 5
63 74 9 2 5
63 82 6 0 5
63 87 10 2 5
63 94 6 0 5
194 64 0 15 5
195 65 0 28 5
15 67 10 5 5
145 67 10 5 5
67 83 11 4 5
41 69 9 0 5
61 69 9 0 5
118 69 9 0 5
127 69 10 0 5
171 69 9 0 5
191 69 9 0 5
69 74 10 3 5
69 75 10 3 5
69 82 9 0 5
69 83 8 4 5
69 94 9 0 5
69 98 9 2 5
15 73 8 5 5
100 73 9 2 5
145 73 8 5 5
73 83 9 4 5
41 74 7 0 5
61 74 7 0 5
118 74 7 0 5
127 74 8 0 5
171 74 7 0 5
191 74 7 0 5
74 82 7 0 5
74 83 8 3 5
74 87 7 4 5
74 94 7 0 5
41 75 7 0 5
61 75 7 0 5
101 75 8 3 5
113 75 8 3 5
118 75 7 0 5
120 75 8 3 5
126 75 9 3 5
127 75 8 0 5
171 75 7 0 5
191 75 7 0 5
75 82 7 0 5
75 94 7 0 5
22 80 12 2 5
41 80 5 0 5
61 80 5 0 5
67 80 13 2 5
69 80 10 2 5
118 80 5 0 5
127 80 6 0 5
152 80 12 2 5
171 80 5 0 5
191 80 5 0 5
80 82 5 0 5
80 94 5 0 5
80 95 17 3 5
80 97 14 2 5
41 83 7 0 5
61 83 7 0 5
69 83 8 4 5
74 83 8 3 5
82 83 7 0 5
103 83 8 5 5
118 83 7 0 5
127 83 8 0 5
171 83 7 0 5
191 83 7 0 5
83 85 8 4 5
83 94 7 0 5
41 85 9 0 5
61 85 9 0 5
82 85 9 0 5
83 85 8 4 5
103 85 6 7 5
118 85 9 0 5
127 85 10 0 5
171 85 9 0 5
191 85 9 0 5
85 94 9 0 5
121 86 17 6 5
41 87 8 0 5
61 87 8 0 5
74 87 7 4 5
82 87 8 0 5
100 87 7 2 5
104 87 7 4 5
110 87 7 5 5
115 87 4 5 5
118 87 8 0 5
127 87 9 0 5
171 87 8 0 5
191 87 8 0 5
87 94 8 0 5
87 98 8 2 5
33 88 13 5 5
44 88 13 6 5
163 88 13 5 5
174 88 13 6 5
117 89 11 6 5
41 90 9 0 5
61 90 9 0 5
75 90 10 3 5
82 90 9 0 5
101 90 10 3 5
110 90 10 4 5
111 90 10 4 5
113 90 10 3 5
114 90 10 4 5
117 90 10 3 5
118 90 9 0 5
120 90 10 3 5
127 90 10 0 5
171 90 9 0 5
191 90 9 0 5
90 94 9 0 5
90 98 9 2 5
80 95 17 3 5
109 96 19 8 5
69 97 10 6 5
41 98 4 0 5
53 98 7 0 5
61 98 4 0 5
82 98 4 0 5
94 98 4 0 5
100 98 5 1 5
101 98 7 2 5
104 98 7 2 5
111 98 7 3 5
115 98 4 3 5
118 98 4 0 5
120 98 7 2 5
126 98 6 3 5
127 98 5 0 5
171 98 4 0 5
183 98 7 0 5
191 98 4 0 5
41 99 9 0 5
61 99 9 0 5
82 99 9 0 5
94 99 9 0 5
100 99 8 2 5
104 99 6 5 5
110 99 6 6 5
113 99 6 5 5
114 99 6 6 5
115 99 7 4 5
118 99 9 0 5
120 99 6 5 5
127 99 10 0 5
171 99 9 0 5
191 99 9 0 5
100 15 7 2 5
100 37 7 0 5
100 41 3 0 5
100 53 4 1 5
100 55 7 0 5
100 61 3 0 5
100 82 3 0 5
100 87 7 2 5
100 94 3 0 5
100 98 5 1 5
100 101 6 2 5
100 104 4 3 5
100 111 6 3 5
100 115 5 2 5
100 117 4 3 5
100 118 3 0 5
100 126 7 2 5
100 127 4 0 5
100 145 7 2 5
100 167 7 0 5
100 171 3 0 5
100 183 4 1 5
100 185 7 0 5
100 191 3 0 5
101 41 7 0 5
101 53 8 1 5
101 61 7 0 5
101 75 8 3 5
101 82 7 0 5
101 94 7 0 5
101 98 7 2 5
100 101 6 2 5
101 111 6 5 5
101 118 7 0 5
101 120 8 3 5
101 126 5 5 5
101 127 8 0 5
101 171 7 0 5
101 183 8 1 5
101 191 7 0 5
102 8 18 3 5
102 106 21 3 5
102 124 22 3 5
102 138 18 3 5
103 41 11 0 5
103 61 11 0 5
103 82 11 0 5
103 83 8 5 5
103 85 6 7 5
103 94 11 0 5
103 118 11 0 5
103 171 11 0 5
103 191 11 0 5
104 41 7 0 5
104 53 8 1 5
104 61 7 0 5
104 82 7 0 5
104 94 7 0 5
104 98 7 2 5
100 104 4 3 5
101 104 6 4 5
104 111 4 6 5
104 114 4 6 5
104 115 5 4 5
104 117 4 5 5
104 118 7 0 5
104 120 6 4 5
104 126 5 5 5
104 127 8 0 5
104 171 7 0 5
104 183 8 1 5
104 191 7 0 5
105 41 9 0 5
105 53 8 2 5
105 61 9 0 5
105 82 9 0 5
105 94 9 0 5
105 98 9 2 5
100 105 8 2 5
105 110 4 7 5
105 114 6 6 5
105 115 9 3 5
105 118 9 0 5
105 127 10 0 5
105 171 9 0 5
105 183 8 2 5
105 191 9 0 5
106 41 9 0 5
106 61 9 0 5
106 74 12 2 5
106 82 9 0 5
106 94 9 0 5
106 98 11 1 5
104 106 12 2 5
106 111 12 3 5
106 115 11 2 5
106 118 9 0 5
106 120 10 3 5
106 124 11 4 5
106 127 10 0 5
106 171 9 0 5
106 191 9 0 5
107 41 9 0 5
107 53 6 3 5
107 61 9 0 5
107 82 9 0 5
107 94 9 0 5
107 98 9 2 5
100 107 8 2 5
107 113 6 5 5
107 115 9 3 5
107 118 9 0 5
107 126 7 5 5
107 127 10 0 5
107 171 9 0 5
107 183 6 3 5
107 191 9 0 5
109 98 11 3 5
109 99 10 6 5
107 109 10 6 5
109 113 8 6 5
110 41 9 0 5
110 53 8 2 5
110 61 9 0 5
110 82 9 0 5
110 87 7 5 5
110 94 9 0 5
110 99 6 6 5
100 110 8 2 5
104 110 6 5 5
110 111 6 6 5
110 114 2 8 5
110 115 7 4 5
110 117 4 6 5
110 118 9 0 5
110 127 10 0 5
110 171 9 0 5
110 183 8 2 5
110 191 9 0 5
111 41 9 0 5
111 61 9 0 5
111 82 9 0 5
111 94 9 0 5
111 98 7 3 5
100 111 6 3 5
101 111 6 5 5
104 111 4 6 5
110 111 6 6 5
111 114 6 6 5
111 115 5 5 5
111 117 4 6 5
111 118 9 0 5
111 120 4 6 5
111 126 5 6 5
111 127 10 0 5
111 171 9 0 5
111 191 9 0 5
112 121 17 6 5
113 41 7 0 5
113 61 7 0 5
113 82 7 0 5
113 94 7 0 5
113 99 6 5 5
107 113 6 5 5
113 118 7 0 5
113 127 8 0 5
113 171 7 0 5
113 191 7 0 5
114 41 9 0 5
114 53 8 2 5
114 61 9 0 5
114 82 9 0 5
114 94 9 0 5
114 99 6 6 5
100 114 8 2 5
104 114 4 6 5
105 114 6 6 5
110 114 2 8 5
111 114 6 6 5
114 115 7 4 5
114 117 4 6 5
114 118 9 0 5
114 126 7 5 5
114 127 10 0 5
114 171 9 0 5
114 183 8 2 5
114 191 9 0 5
115 41 6 0 5
115 53 7 1 5
115 61 6 0 5
115 82 6 0 5
115 87 4 5 5
115 94 6 0 5
115 98 4 3 5
100 115 5 2 5
104 115 5 4 5
111 115 5 5 5
115 117 7 3 5
115 118 6 0 5
115 120 5 4 5
115 127 7 0 5
115 171 6 0 5
115 183 7 1 5
115 191 6 0 5
117 41 7 0 5
117 53 6 2 5
117 61 7 0 5
117 82 7 0 5
117 94 7 0 5
100 117 4 3 5
101 117 6 4 5
104 117 4 5 5
110 117 4 6 5
111 117 4 6 5
114 117 4 6 5
115 117 7 3 5
117 118 7 0 5
117 120 6 4 5
117 126 5 5 5
117 127 8 0 5
117 171 7 0 5
117 183 6 2 5
117 191 7 0 5
120 41 7 0 5
120 61 7 0 5
120 75 8 3 5
120 82 7 0 5
120 94 7 0 5
120 98 7 2 5
120 99 6 5 5
100 120 8 1 5
101 120 8 3 5
104 120 6 4 5
111 120 4 6 5
113 120 8 3 5
115 120 5 4 5
117 120 6 4 5
118 120 7 0 5
120 126 7 4 5
120 127 8 0 5
120 171 7 0 5
120 191 7 0 5
121 41 10 0 5
121 53 13 0 5
121 61 10 0 5
121 82 10 0 5
121 94 10 0 5
100 121 13 0 5
118 121 10 0 5
121 127 11 0 5
121 171 10 0 5
121 183 13 0 5
121 191 10 0 5
123 41 7 0 5
123 53 10 0 5
123 61 7 0 5
123 82 7 0 5
123 94 7 0 5
100 123 10 0 5
118 123 7 0 5
123 127 8 0 5
123 171 7 0 5
123 183 10 0 5
123 191 7 0 5
124 41 10 0 5
124 53 13 0 5
124 61 10 0 5
124 82 10 0 5
124 94 10 0 5
100 124 13 0 5
106 124 11 4 5
118 124 10 0 5
124 127 11 0 5
124 171 10 0 5
124 183 13 0 5
124 191 10 0 5
126 41 8 0 5
126 53 9 1 5
126 61 8 0 5
126 82 8 0 5
126 94 8 0 5
126 98 6 3 5
100 126 7 2 5
101 126 5 5 5
104 126 5 5 5
107 126 7 5 5
111 126 5 6 5
114 126 7 5 5
115 126 8 3 5
117 126 5 5 5
118 126 8 0 5
120 126 7 4 5
126 127 9 0 5
126 171 8 0 5
126 183 9 1 5
126 191 8 0 5
127 8 7 0 5
127 30 7 0 5
127 37 5 0 5
127 41 1 0 5
127 53 4 0 5
127 55 5 0 5
127 61 1 0 5
127 63 7 0 5
127 80 6 0 5
127 82 1 0 5
127 94 1 0 5
127 98 5 0 5
100 127 4 0 5
115 127 7 0 5
118 127 1 0 5
127 138 7 0 5
127 160 7 0 5
127 167 5 0 5
127 171 1 0 5
127 183 4 0 5
127 185 5 0 5
127 191 1 0 5
127 193 7 0 5
131 99 10 6 5
1 131 0 13 5
110 131 10 6 5
111 131 10 6 5
114 131 10 6 5
115 131 11 4 5
117 131 10 5 5
132 2 0 21 5
133 3 0 10 5
133 37 8 3 5
133 41 10 0 5
133 61 10 0 5
133 63 12 2 5
133 82 10 0 5
133 94 10 0 5
118 133 10 0 5
133 167 8 3 5
133 171 10 0 5
133 191 10 0 5
133 193 12 2 5
134 4 0 37 5
135 5 0 27 5
136 6 0 22 5
137 7 0 22 5
138 8 0 6 5
138 22 13 2 5
138 41 6 0 5
138 53 9 0 5
138 61 6 0 5
138 82 6 0 5
138 94 6 0 5
100 138 9 0 5
118 138 6 0 5
123 138 11 1 5
127 138 7 0 5
138 152 13 2 5
138 171 6 0 5
138 183 9 0 5
138 191 6 0 5
139 9 0 18 5
140 87 10 4 5
10 140 0 10 5
115 140 8 4 5
11 141 0 24 5
12 142 0 25 5
13 143 0 15 5
14 144 0 28 5
145 15 0 8 5
145 41 8 0 5
145 53 9 1 5
145 61 8 0 5
145 73 8 5 5
145 82 8 0 5
145 94 8 0 5
100 145 7 2 5
118 145 8 0 5
127 145 9 0 5
145 171 8 0 5
145 183 9 1 5
145 191 8 0 5
146 16 0 14 5
146 27 12 8 5
146 157 12 8 5
147 17 0 28 5
148 18 0 19 5
149 19 0 11 5
149 56 13 3 5
149 186 13 3 5
150 20 0 13 5
150 29 11 6 5
150 159 11 6 5
151 21 0 34 5
152 22 0 11 5
152 41 11 0 5
152 61 11 0 5
152 82 11 0 5
152 94 11 0 5
118 152 11 0 5
127 152 12 0 5
152 171 11 0 5
152 191 11 0 5
153 23 0 27 5
154 24 0 27 5
155 25 0 13 5
155 74 14 3 5
155 75 14 3 5
155 83 14 3 5
156 26 0 9 5
156 41 9 0 5
156 61 9 0 5
156 82 9 0 5
156 94 9 0 5
118 156 9 0 5
127 156 10 0 5
156 171 9 0 5
156 191 9 0 5
157 27 0 14 5
157 37 12 3 5
157 55 12 3 5
157 167 12 3 5
157 185 12 3 5
158 28 0 19 5
159 29 0 10 5
159 41 10 0 5
159 61 10 0 5
159 82 10 0 5
159 94 10 0 5
118 159 10 0 5
159 171 10 0 5
159 191 10 0 5
160 30 0 6 5
160 41 6 0 5
160 61 6 0 5
160 82 6 0 5
160 94 6 0 5
118 160 6 0 5
127 160 7 0 5
160 171 6 0 5
160 191 6 0 5
161 31 0 28 5
162 32 0 24 5
163 33 0 9 5
163 41 9 0 5
163 44 10 5 5
163 61 9 0 5
163 74 10 3 5
163 82 9 0 5
163 94 9 0 5
118 163 9 0 5
127 163 8 1 5
163 171 9 0 5
163 174 10 5 5
163 191 9 0 5
164 34 0 17 5
165 35 0 41 5
166 36 0 15 5
166 53 12 3 5
105 166 12 6 5
166 183 12 3 5
167 3 8 3 5
167 37 0 4 5
167 41 4 0 5
167 53 7 0 5
167 55 4 2 5
167 61 4 0 5
167 63 8 1 5
167 82 4 0 5
167 94 4 0 5
167 98 8 0 5
100 167 7 0 5
118 167 4 0 5
127 167 5 0 5
133 167 8 3 5
167 171 4 0 5
167 183 7 0 5
167 185 4 2 5
167 191 4 0 5
167 193 8 1 5
168 38 0 43 5
169 39 0 14 5
100 169 11 3 5
170 40 0 19 5
172 42 0 34 5
173 43 0 14 5
173 98 12 3 5
174 33 10 5 5
174 41 11 0 5
174 44 0 11 5
174 61 11 0 5
174 82 11 0 5
174 94 11 0 5
118 174 11 0 5
127 174 10 1 5
163 174 10 5 5
171 174 11 0 5
174 191 11 0 5
175 45 0 30 5
176 46 0 19 5
177 47 0 14 5
177 53 11 3 5
177 183 11 3 5
178 30 15 3 5
178 48 0 15 5
160 178 15 3 5
179 49 0 13 5
100 179 10 3 5
180 50 0 38 5
181 51 0 21 5
182 52 0 16 5
183 37 7 0 5
183 41 3 0 5
183 53 0 3 5
183 55 7 0 5
183 61 3 0 5
183 80 8 0 5
183 82 3 0 5
183 94 3 0 5
183 98 7 0 5
100 183 4 1 5
107 183 6 3 5
115 183 7 1 5
117 183 6 2 5
118 183 3 0 5
127 183 4 0 5
167 183 7 0 5
171 183 3 0 5
183 185 7 0 5
183 191 3 0 5
184 33 15 4 5
184 54 0 14 5
184 69 15 4 5
184 74 13 4 5
184 83 13 4 5
163 184 15 4 5
185 37 4 2 5
185 41 4 0 5
185 53 7 0 5
185 55 0 4 5
185 61 4 0 5
185 82 4 0 5
185 94 4 0 5
100 185 7 0 5
118 185 4 0 5
127 185 5 0 5
167 185 4 2 5
171 185 4 0 5
183 185 7 0 5
185 191 4 0 5
186 19 13 3 5
186 41 8 0 5
186 56 0 8 5
186 61 8 0 5
186 82 8 0 5
186 94 8 0 5
118 186 8 0 5
127 186 9 0 5
149 186 13 3 5
171 186 8 0 5
186 191 8 0 5
187 57 0 26 5
188 58 0 26 5
189 59 0 23 5
190 60 0 20 5
123 190 19 4 5
192 62 0 21 5
193 37 8 1 5
193 41 6 0 5
193 61 6 0 5
193 63 0 6 5
193 74 9 2 5
193 82 6 0 5
193 87 10 2 5
193 94 6 0 5
118 193 6 0 5
127 193 7 0 5
167 193 8 1 5
171 193 6 0 5
191 193 6 0 5
194 64 0 15 5
194 98 13 3 5
195 65 0 28 5
