Res1 Res2 NSingle NDouble Method
22 8 13 2 5
16 27 12 8 5
20 29 11 6 5
3 37 8 3 5
33 44 10 5 5
25 54 15 6 5
27 55 12 3 5
37 55 4 2 5
3 63 12 2 5
15 67 10 5 5
15 73 8 5 5
22 80 12 2 5
69 83 8 4 5
74 83 8 3 5
83 85 8 4 5
74 87 7 4 5
44 88 13 6 5
100 53 4 1 5
100 98 5 1 5
100 101 6 2 5
103 83 8 5 5
104 99 6 5 5
100 104 4 3 5
107 53 6 3 5
110 99 6 6 5
104 110 6 5 5
105 110 4 7 5
111 98 7 3 5
111 99 4 7 5
101 111 6 5 5
104 111 4 6 5
110 111 6 6 5
113 99 6 5 5
107 113 6 5 5
114 99 6 6 5
104 114 4 6 5
105 114 6 6 5
110 114 2 8 5
111 114 6 6 5
115 87 4 5 5
115 98 4 3 5
100 115 5 2 5
111 115 5 5 5
117 53 6 2 5
100 117 4 3 5
101 117 6 4 5
104 117 4 5 5
110 117 4 6 5
111 117 4 6 5
114 117 4 6 5
111 120 4 6 5
115 120 5 4 5
123 8 11 1 5
126 98 6 3 5
101 126 5 5 5
104 126 5 5 5
111 126 5 6 5
117 126 5 5 5
127 37 5 0 5
127 55 5 0 5
