Res1 Res2 NSingle NDouble Method
1 129 3 6 2
110 3 4 4 2
3 32 2 5 2
3 75 3 5 2
101 4 4 6 2
103 4 4 5 2
108 4 3 6 2
4 94 4 5 2
36 6 3 11 2
18 7 0 7 2
21 7 0 7 2
16 8 4 5 2
60 8 6 4 2
125 9 0 5 2
104 13 0 8 2
13 51 0 8 2
14 68 2 14 2
16 8 4 5 2
117 17 1 5 2
17 45 0 6 2
17 57 1 5 2
17 62 1 5 2
17 81 0 6 2
17 99 0 6 2
18 7 0 7 2
18 21 0 7 2
103 19 2 6 2
108 19 3 6 2
129 19 4 5 2
19 94 4 5 2
19 98 2 6 2
102 20 3 14 2
21 7 0 7 2
18 21 0 7 2
120 22 0 8 2
101 23 3 7 2
103 23 3 6 2
118 24 3 14 2
25 41 0 8 2
107 27 1 13 2
27 84 1 14 2
28 49 1 10 2
113 30 0 7 2
30 53 0 7 2
30 69 0 7 2
31 37 0 11 2
31 93 0 11 2
3 32 2 5 2
110 32 2 5 2
32 65 3 5 2
105 33 6 16 2
33 82 5 17 2
111 35 0 11 2
36 6 3 11 2
23 36 5 7 2
31 37 0 11 2
37 93 0 11 2
38 66 6 15 2
25 41 0 8 2
119 43 0 5 2
43 64 0 5 2
43 96 0 5 2
123 44 0 5 2
44 48 0 5 2
17 45 0 6 2
117 45 1 5 2
45 57 1 5 2
45 62 1 5 2
45 81 0 6 2
45 99 0 6 2
44 48 0 5 2
123 48 0 5 2
28 49 1 10 2
100 49 2 10 2
13 51 0 8 2
104 51 0 8 2
52 59 1 10 2
52 91 1 10 2
30 53 0 7 2
113 53 0 7 2
53 69 0 7 2
17 57 1 5 2
45 57 1 5 2
117 57 2 4 2
57 62 2 4 2
57 81 1 5 2
57 99 1 5 2
59 91 0 10 2
114 61 2 11 2
17 62 1 5 2
45 62 1 5 2
117 62 0 5 2
62 81 1 5 2
62 99 1 5 2
43 64 0 5 2
119 64 0 5 2
64 96 0 5 2
32 65 3 5 2
110 65 1 6 2
65 75 2 6 2
67 89 5 16 2
14 68 2 14 2
30 69 0 7 2
53 69 0 7 2
113 69 0 7 2
40 74 2 4 2
74 92 2 4 2
3 75 3 5 2
65 75 2 6 2
110 75 3 5 2
76 79 1 10 2
17 81 0 6 2
45 81 0 6 2
57 81 1 5 2
62 81 1 5 2
117 81 1 5 2
81 99 0 6 2
121 82 5 14 2
27 84 1 14 2
107 84 2 13 2
100 85 1 10 2
25 87 1 7 2
41 87 1 7 2
112 87 0 7 2
122 88 1 10 2
59 91 0 10 2
31 93 0 11 2
37 93 0 11 2
4 94 4 5 2
19 94 4 5 2
94 98 2 6 2
43 96 0 5 2
64 96 0 5 2
119 96 0 5 2
19 98 2 6 2
23 98 5 5 2
94 98 2 6 2
103 98 4 5 2
108 98 3 6 2
17 99 0 6 2
45 99 0 6 2
57 99 1 5 2
62 99 1 5 2
81 99 0 6 2
117 99 1 5 2
100 85 1 10 2
101 4 4 6 2
101 23 3 7 2
101 103 4 6 2
102 20 3 14 2
103 19 2 6 2
103 23 3 6 2
103 108 1 7 2
104 13 0 8 2
104 51 0 8 2
106 109 0 5 2
107 27 1 13 2
107 84 2 13 2
108 4 3 6 2
108 19 3 6 2
108 23 4 6 2
108 98 3 6 2
103 108 1 7 2
106 109 0 5 2
110 3 4 4 2
110 32 2 5 2
110 50 5 4 2
110 65 1 6 2
110 75 3 5 2
111 35 0 11 2
112 25 1 7 2
112 41 1 7 2
112 87 0 7 2
113 30 0 7 2
113 53 0 7 2
113 69 0 7 2
114 61 2 11 2
117 17 1 5 2
117 45 1 5 2
117 62 0 5 2
117 81 1 5 2
117 99 1 5 2
118 24 3 14 2
119 43 0 5 2
119 64 0 5 2
119 96 0 5 2
120 22 0 8 2
122 88 1 10 2
123 44 0 5 2
123 48 0 5 2
125 9 0 5 2
127 34 4 16 2
