Res1 Res2 NSingle NDouble Method
3 32 2 5 3
3 75 3 5 3
101 4 4 6 3
103 4 4 5 3
108 4 3 6 3
4 94 4 5 3
18 7 0 7 3
21 7 0 7 3
16 8 4 5 3
125 9 0 5 3
104 13 0 8 3
13 51 0 8 3
14 68 2 14 3
16 8 4 5 3
117 17 1 5 3
17 45 0 6 3
17 57 1 5 3
17 62 1 5 3
17 81 0 6 3
17 99 0 6 3
18 7 0 7 3
18 21 0 7 3
21 7 0 7 3
18 21 0 7 3
120 22 0 8 3
22 95 3 7 3
25 41 0 8 3
113 30 0 7 3
30 53 0 7 3
30 69 0 7 3
126 31 2 10 3
31 37 0 11 3
31 93 0 11 3
3 32 2 5 3
110 32 2 5 3
32 65 3 5 3
111 35 0 11 3
31 37 0 11 3
126 37 2 10 3
37 93 0 11 3
25 41 0 8 3
119 43 0 5 3
43 64 0 5 3
43 96 0 5 3
123 44 0 5 3
44 48 0 5 3
17 45 0 6 3
117 45 1 5 3
45 57 1 5 3
45 62 1 5 3
45 81 0 6 3
45 99 0 6 3
44 48 0 5 3
123 48 0 5 3
13 51 0 8 3
104 51 0 8 3
30 53 0 7 3
113 53 0 7 3
53 69 0 7 3
59 91 0 10 3
114 61 2 11 3
17 62 1 5 3
45 62 1 5 3
117 62 0 5 3
62 81 1 5 3
62 99 1 5 3
43 64 0 5 3
119 64 0 5 3
64 96 0 5 3
30 69 0 7 3
53 69 0 7 3
113 69 0 7 3
17 81 0 6 3
45 81 0 6 3
57 81 1 5 3
62 81 1 5 3
117 81 1 5 3
81 99 0 6 3
121 82 5 14 3
112 87 0 7 3
59 91 0 10 3
31 93 0 11 3
37 93 0 11 3
126 93 2 10 3
94 98 2 6 3
43 96 0 5 3
64 96 0 5 3
119 96 0 5 3
19 98 2 6 3
94 98 2 6 3
108 98 3 6 3
17 99 0 6 3
45 99 0 6 3
57 99 1 5 3
62 99 1 5 3
81 99 0 6 3
117 99 1 5 3
104 13 0 8 3
104 51 0 8 3
106 109 0 5 3
103 108 1 7 3
106 109 0 5 3
110 3 4 4 3
110 32 2 5 3
110 65 1 6 3
110 75 3 5 3
111 35 0 11 3
112 87 0 7 3
113 30 0 7 3
113 53 0 7 3
113 69 0 7 3
114 61 2 11 3
117 17 1 5 3
117 45 1 5 3
117 62 0 5 3
117 81 1 5 3
117 99 1 5 3
119 43 0 5 3
119 64 0 5 3
119 96 0 5 3
120 22 0 8 3
120 95 3 7 3
122 88 1 10 3
123 44 0 5 3
123 48 0 5 3
125 9 0 5 3
