Res1 Res2 NSingle NDouble Method
16 8 4 5 3
18 7 0 7 3
21 7 0 7 3
18 21 0 7 3
3 32 2 5 3
31 37 0 11 3
25 41 0 8 3
17 45 0 6 3
44 48 0 5 3
13 51 0 8 3
30 53 0 7 3
17 62 1 5 3
45 62 1 5 3
43 64 0 5 3
30 69 0 7 3
53 69 0 7 3
17 81 0 6 3
45 81 0 6 3
62 81 1 5 3
59 91 0 10 3
31 93 0 11 3
37 93 0 11 3
43 96 0 5 3
64 96 0 5 3
94 98 2 6 3
17 99 0 6 3
45 99 0 6 3
62 99 1 5 3
81 99 0 6 3
104 13 0 8 3
104 51 0 8 3
106 109 0 5 3
110 32 2 5 3
111 35 0 11 3
112 87 0 7 3
113 30 0 7 3
113 53 0 7 3
113 69 0 7 3
114 61 2 11 3
117 17 1 5 3
117 45 1 5 3
117 62 0 5 3
117 81 1 5 3
117 99 1 5 3
119 43 0 5 3
119 64 0 5 3
119 96 0 5 3
120 22 0 8 3
123 44 0 5 3
123 48 0 5 3
125 9 0 5 3
