Res1 Res2 NSingle NDouble Method
3 74 7 9 4
3 77 11 9 4
4 71 2 7 4
4 80 8 1 4
19 7 6 3 4
107 7 4 4 4
7 80 6 2 4
7 89 5 4 4
80 9 8 1 4
10 7 3 7 4
10 79 3 7 4
10 121 3 7 4
106 11 5 4 4
12 86 18 6 4
12 88 17 5 4
12 97 18 8 4
13 8 6 0 4
123 13 6 0 4
127 13 6 0 4
13 15 6 0 4
13 53 6 0 4
13 80 6 1 4
13 89 3 4 4
108 14 8 5 4
109 14 7 5 4
14 92 8 5 4
105 16 3 7 4
16 58 1 9 4
17 80 9 1 4
107 19 6 1 4
19 80 4 1 4
19 99 6 1 4
130 20 21 8 4
22 74 13 7 4
24 33 11 4 4
122 26 16 6 4
26 30 10 4 4
26 48 14 5 4
27 86 11 10 4
28 6 14 2 4
29 80 6 2 4
26 30 10 4 4
30 88 12 3 4
31 80 8 1 4
32 80 9 1 4
24 33 11 4 4
33 99 9 2 4
36 73 29 5 4
36 82 9 1 4
101 38 13 8 4
38 80 9 1 4
38 94 10 1 4
33 39 28 7 4
107 40 5 4 4
40 58 1 9 4
43 80 9 1 4
45 80 8 2 4
46 80 7 1 4
47 80 9 1 4
26 48 14 5 4
122 48 16 7 4
48 88 12 6 4
19 49 7 2 4
107 49 7 2 4
49 80 7 1 4
33 52 17 4 4
41 52 15 5 4
44 52 22 7 4
55 80 7 2 4
56 80 6 2 4
3 57 14 8 4
57 61 15 1 4
57 74 13 7 4
57 77 13 9 4
16 58 1 9 4
40 58 1 9 4
58 80 8 2 4
61 8 1 0 4
15 61 1 0 4
53 61 1 0 4
123 61 1 0 4
127 61 1 0 4
61 80 3 0 4
64 84 4 5 4
19 66 6 3 4
107 66 6 3 4
66 80 6 2 4
57 69 25 12 4
70 80 8 2 4
107 71 6 3 4
71 80 8 1 4
107 72 6 3 4
72 80 8 1 4
72 89 7 3 4
3 74 7 9 4
61 74 10 1 4
74 77 10 8 4
4 76 2 8 4
71 76 2 8 4
109 76 2 8 4
76 80 8 2 4
3 77 11 9 4
74 77 10 8 4
66 78 1 8 4
78 80 7 2 4
8 80 2 0 4
15 80 2 0 4
19 80 4 1 4
53 80 2 0 4
61 80 3 0 4
107 80 2 2 4
123 80 2 0 4
127 80 2 0 4
80 82 5 0 4
80 94 5 0 4
80 99 6 0 4
116 81 22 16 4
8 82 3 0 4
15 82 3 0 4
36 82 9 1 4
53 82 3 0 4
118 82 7 2 4
123 82 3 0 4
127 82 3 0 4
8 84 6 0 4
15 84 6 0 4
53 84 6 0 4
61 84 7 0 4
80 84 6 1 4
107 84 4 3 4
123 84 6 0 4
127 84 6 0 4
40 85 9 8 4
126 85 11 6 4
85 90 11 6 4
27 86 11 10 4
86 97 14 9 4
48 88 12 6 4
122 88 16 6 4
8 89 5 0 4
15 89 5 0 4
19 89 5 2 4
53 89 5 0 4
123 89 5 0 4
127 89 5 0 4
7 90 1 7 4
80 90 5 2 4
107 90 3 4 4
80 92 9 1 4
8 94 3 0 4
15 94 3 0 4
53 94 3 0 4
87 94 9 2 4
123 94 3 0 4
127 94 3 0 4
19 95 7 2 4
80 95 7 1 4
107 95 7 2 4
86 97 14 9 4
46 98 9 4 4
8 99 4 0 4
15 99 4 0 4
53 99 4 0 4
123 99 4 0 4
127 99 4 0 4
100 33 18 6 4
101 38 13 8 4
102 19 4 3 4
102 80 6 1 4
102 89 5 3 4
103 11 6 4 4
103 79 7 4 4
105 19 6 3 4
105 80 6 2 4
106 80 6 1 4
107 8 4 0 4
107 15 4 0 4
107 53 4 0 4
107 61 5 0 4
107 80 2 2 4
107 82 7 0 4
107 84 4 3 4
107 90 3 4 4
107 94 7 0 4
107 123 4 0 4
107 127 4 0 4
108 14 8 5 4
108 37 9 4 4
108 79 9 4 4
109 80 6 2 4
107 109 4 4 4
107 110 6 3 4
107 114 4 4 4
116 125 19 16 4
117 63 4 7 4
117 64 4 7 4
118 61 7 1 4
118 82 7 2 4
121 80 8 1 4
122 26 16 6 4
122 88 16 6 4
122 125 21 11 4
122 125 21 11 4
126 80 5 2 4
128 22 24 10 4
129 80 10 1 4
130 86 19 7 4
