Res1 Res2 NSingle NDouble Method
26 30 10 4 4
29 31 4 6 4
16 40 2 8 4
10 43 2 8 4
21 45 2 9 4
26 48 14 5 4
16 58 1 9 4
40 58 1 9 4
19 61 5 0 4
7 70 2 8 4
21 70 2 9 4
45 70 2 9 4
59 71 4 6 4
70 71 2 8 4
3 74 7 9 4
61 74 10 1 4
4 76 2 8 4
70 76 2 9 4
71 76 2 8 4
3 77 11 9 4
57 77 13 9 4
55 78 2 8 4
66 78 1 8 4
19 80 4 1 4
61 80 3 0 4
36 82 9 1 4
61 82 4 0 4
80 82 5 0 4
27 86 11 10 4
30 88 12 3 4
48 88 12 6 4
13 89 3 4 4
19 89 5 2 4
4 90 3 6 4
7 90 1 7 4
71 90 3 6 4
80 90 5 2 4
31 92 1 8 4
71 93 2 8 4
61 94 4 0 4
80 94 5 0 4
89 95 4 4 4
12 97 18 8 4
86 97 14 9 4
19 99 6 1 4
61 99 5 0 4
101 38 13 8 4
102 13 6 3 4
102 19 4 3 4
102 89 5 3 4
105 29 4 6 4
105 31 4 6 4
102 106 6 3 4
107 61 5 0 4
107 80 2 2 4
107 84 4 3 4
108 14 8 5 4
109 76 2 8 4
116 81 22 16 4
117 40 3 8 4
118 61 7 1 4
118 82 7 2 4
122 88 16 6 4
116 125 19 16 4
126 16 4 6 4
126 40 4 6 4
126 80 5 2 4
105 126 3 6 4
130 20 21 8 4
1 131 0 41 4
132 2 0 16 4
133 3 0 14 4
133 74 7 9 4
134 4 0 8 4
134 71 2 7 4
134 76 2 8 4
134 90 3 6 4
135 5 0 32 4
136 6 0 12 4
137 7 0 8 4
137 70 2 8 4
137 90 1 7 4
139 9 0 8 4
140 43 2 8 4
10 140 0 9 4
11 141 0 7 4
142 97 18 8 4
12 142 0 16 4
13 143 0 6 4
102 143 6 3 4
14 144 0 9 4
108 144 8 5 4
146 16 0 9 4
146 40 2 8 4
146 58 1 9 4
147 17 0 9 4
148 18 0 55 4
149 7 6 3 4
149 19 0 4 4
149 56 6 3 4
149 61 5 0 4
149 66 6 3 4
149 80 4 1 4
149 89 5 2 4
149 90 5 3 4
149 99 6 1 4
102 149 4 3 4
105 149 6 3 4
106 149 6 2 4
137 149 6 3 4
150 20 0 18 4
151 21 0 10 4
152 22 0 16 4
153 23 0 38 4
154 24 0 10 4
155 25 0 58 4
156 26 0 11 4
156 30 10 4 4
156 48 14 5 4
122 156 16 6 4
157 27 0 17 4
157 86 11 10 4
158 28 0 6 4
159 29 0 8 4
159 31 4 6 4
105 159 4 6 4
160 26 10 4 4
160 30 0 7 4
160 88 12 3 4
156 160 10 4 4
161 29 4 6 4
161 31 0 8 4
161 92 1 8 4
105 161 4 6 4
159 161 4 6 4
162 32 0 9 4
163 33 0 9 4
164 34 0 49 4
165 35 0 49 4
166 36 0 8 4
166 82 9 1 4
167 37 0 8 4
168 38 0 9 4
101 168 13 8 4
169 39 0 33 4
170 40 0 9 4
171 41 0 9 4
172 42 0 30 4
173 43 0 9 4
174 44 0 20 4
175 21 2 9 4
175 45 0 10 4
175 70 2 9 4
176 46 0 7 4
177 47 0 9 4
178 26 14 5 4
178 48 0 13 4
178 88 12 6 4
156 178 14 5 4
179 49 0 7 4
180 50 0 42 4
181 51 0 47 4
182 52 0 16 4
184 54 0 79 4
185 55 0 9 4
185 78 2 8 4
186 56 0 8 4
149 186 6 3 4
187 57 0 16 4
187 77 13 9 4
188 40 1 9 4
188 43 3 8 4
188 70 2 9 4
10 188 3 8 4
16 188 1 9 4
140 188 3 8 4
146 188 1 9 4
189 59 0 8 4
189 71 4 6 4
190 60 0 26 4
191 61 0 1 4
191 80 3 0 4
191 82 4 0 4
191 89 6 0 4
191 94 4 0 4
191 99 5 0 4
19 191 5 0 4
107 191 5 0 4
118 191 7 1 4
149 191 5 0 4
192 62 0 22 4
193 63 0 8 4
194 64 0 8 4
195 65 0 35 4
