Res1 Res2 NSingle NDouble Method
1 131 0 41 4
132 2 0 16 4
15 3 14 0 4
123 3 14 0 4
127 3 14 0 4
133 3 0 14 4
138 3 14 0 4
145 3 14 0 4
183 3 14 0 4
3 8 14 0 4
3 53 14 0 4
3 74 7 9 4
3 77 11 9 4
15 4 8 0 4
123 4 8 0 4
127 4 8 0 4
134 4 0 8 4
138 4 8 0 4
145 4 8 0 4
183 4 8 0 4
191 4 9 0 4
4 8 8 0 4
4 53 8 0 4
4 61 9 0 4
4 76 2 8 4
4 80 8 1 4
4 90 3 6 4
135 5 0 32 4
15 6 12 0 4
53 6 12 0 4
123 6 12 0 4
127 6 12 0 4
136 6 0 12 4
138 6 12 0 4
145 6 12 0 4
183 6 12 0 4
6 8 12 0 4
15 7 8 0 4
19 7 6 3 4
53 7 8 0 4
107 7 4 4 4
123 7 8 0 4
127 7 8 0 4
137 7 0 8 4
138 7 8 0 4
145 7 8 0 4
149 7 6 3 4
183 7 8 0 4
7 8 8 0 4
7 70 2 8 4
7 80 6 2 4
7 89 5 4 4
7 90 1 7 4
8 9 8 0 4
15 9 8 0 4
53 9 8 0 4
84 9 8 3 4
104 9 10 4 4
123 9 8 0 4
127 9 8 0 4
138 9 8 0 4
139 9 0 8 4
145 9 8 0 4
183 9 8 0 4
10 8 9 0 4
10 15 9 0 4
10 19 7 3 4
10 43 2 8 4
10 53 9 0 4
10 58 3 8 4
10 61 10 0 4
10 70 3 8 4
10 107 7 3 4
10 123 9 0 4
10 127 9 0 4
10 138 9 0 4
10 140 0 9 4
10 145 9 0 4
10 149 7 3 4
10 173 2 8 4
10 183 9 0 4
10 188 3 8 4
10 191 10 0 4
11 8 7 0 4
11 15 7 0 4
11 53 7 0 4
11 61 8 0 4
11 80 9 0 4
11 82 10 0 4
11 94 10 0 4
11 123 7 0 4
11 127 7 0 4
11 138 7 0 4
11 141 0 7 4
11 145 7 0 4
11 183 7 0 4
11 191 8 0 4
12 97 18 8 4
12 142 0 16 4
13 8 6 0 4
102 13 6 3 4
107 13 6 2 4
123 13 6 0 4
127 13 6 0 4
13 15 6 0 4
13 53 6 0 4
13 61 7 0 4
13 80 6 1 4
13 84 6 3 4
13 89 3 4 4
13 138 6 0 4
13 143 0 6 4
13 145 6 0 4
13 183 6 0 4
13 191 7 0 4
11 14 10 3 4
103 14 10 3 4
108 14 8 5 4
109 14 7 5 4
126 14 10 3 4
14 76 9 5 4
14 92 8 5 4
14 141 10 3 4
14 144 0 9 4
16 8 9 0 4
15 16 9 0 4
105 16 3 7 4
107 16 7 3 4
123 16 9 0 4
126 16 4 6 4
127 16 9 0 4
138 16 9 0 4
145 16 9 0 4
146 16 0 9 4
16 40 2 8 4
16 53 9 0 4
16 58 1 9 4
16 70 3 8 4
16 80 7 2 4
16 170 2 8 4
16 183 9 0 4
16 188 1 9 4
17 8 9 0 4
15 17 9 0 4
107 17 7 3 4
123 17 9 0 4
127 17 9 0 4
138 17 9 0 4
145 17 9 0 4
147 17 0 9 4
17 53 9 0 4
17 61 10 0 4
17 84 5 5 4
17 183 9 0 4
17 191 10 0 4
148 18 0 55 4
19 8 4 0 4
15 19 4 0 4
102 19 4 3 4
107 19 6 1 4
123 19 4 0 4
127 19 4 0 4
138 19 4 0 4
145 19 4 0 4
149 19 0 4 4
183 19 4 0 4
19 53 4 0 4
19 61 5 0 4
19 80 4 1 4
19 82 7 0 4
19 89 5 2 4
19 94 7 0 4
19 99 6 1 4
19 191 5 0 4
130 20 21 8 4
150 20 0 18 4
104 21 2 9 4
151 21 0 10 4
175 21 2 9 4
188 21 4 8 4
21 45 2 9 4
21 58 4 8 4
21 70 2 9 4
21 76 4 8 4
152 22 0 16 4
191 22 15 1 4
22 61 15 1 4
153 23 0 38 4
24 8 10 0 4
15 24 10 0 4
123 24 10 0 4
127 24 10 0 4
138 24 10 0 4
145 24 10 0 4
154 24 0 10 4
183 24 10 0 4
191 24 11 0 4
24 53 10 0 4
24 61 11 0 4
155 25 0 58 4
156 26 0 11 4
160 26 10 4 4
178 26 14 5 4
26 30 10 4 4
26 48 14 5 4
157 27 0 17 4
27 86 11 10 4
28 8 6 0 4
15 28 6 0 4
123 28 6 0 4
127 28 6 0 4
138 28 6 0 4
145 28 6 0 4
158 28 0 6 4
183 28 6 0 4
191 28 7 0 4
28 53 6 0 4
28 61 7 0 4
105 29 4 6 4
107 29 6 3 4
110 29 4 6 4
159 29 0 8 4
161 29 4 6 4
29 31 4 6 4
29 80 6 2 4
30 8 7 0 4
15 30 7 0 4
26 30 10 4 4
123 30 7 0 4
127 30 7 0 4
138 30 7 0 4
145 30 7 0 4
156 30 10 4 4
160 30 0 7 4
183 30 7 0 4
191 30 8 0 4
30 53 7 0 4
30 61 8 0 4
30 88 12 3 4
31 4 4 6 4
31 8 8 0 4
13 31 6 4 4
15 31 8 0 4
29 31 4 6 4
105 31 4 6 4
123 31 8 0 4
127 31 8 0 4
134 31 4 6 4
138 31 8 0 4
143 31 6 4 4
145 31 8 0 4
159 31 4 6 4
161 31 0 8 4
183 31 8 0 4
191 31 9 0 4
31 53 8 0 4
31 61 9 0 4
31 80 8 1 4
31 92 1 8 4
32 8 9 0 4
15 32 9 0 4
107 32 7 3 4
123 32 9 0 4
127 32 9 0 4
138 32 9 0 4
145 32 9 0 4
162 32 0 9 4
183 32 9 0 4
191 32 10 0 4
32 53 9 0 4
32 61 10 0 4
33 8 9 0 4
15 33 9 0 4
123 33 9 0 4
127 33 9 0 4
138 33 9 0 4
145 33 9 0 4
163 33 0 9 4
183 33 9 0 4
191 33 10 0 4
33 53 9 0 4
33 61 10 0 4
33 80 11 0 4
33 99 9 2 4
164 34 0 49 4
165 35 0 49 4
36 8 8 0 4
15 36 8 0 4
123 36 8 0 4
127 36 8 0 4
138 36 8 0 4
145 36 8 0 4
166 36 0 8 4
183 36 8 0 4
191 36 9 0 4
36 53 8 0 4
36 61 9 0 4
36 82 9 1 4
37 8 8 0 4
15 37 8 0 4
123 37 8 0 4
127 37 8 0 4
138 37 8 0 4
145 37 8 0 4
167 37 0 8 4
183 37 8 0 4
191 37 9 0 4
37 53 8 0 4
37 61 9 0 4
37 80 10 0 4
101 38 13 8 4
168 38 0 9 4
38 80 9 1 4
38 87 13 3 4
169 39 0 33 4
40 8 9 0 4
13 40 5 5 4
15 40 9 0 4
16 40 2 8 4
107 40 5 4 4
117 40 3 8 4
123 40 9 0 4
126 40 4 6 4
127 40 9 0 4
138 40 9 0 4
143 40 5 5 4
145 40 9 0 4
146 40 2 8 4
170 40 0 9 4
183 40 9 0 4
188 40 1 9 4
191 40 10 0 4
40 53 9 0 4
40 58 1 9 4
40 61 10 0 4
40 70 3 8 4
40 90 4 6 4
41 8 9 0 4
15 41 9 0 4
123 41 9 0 4
127 41 9 0 4
138 41 9 0 4
145 41 9 0 4
171 41 0 9 4
183 41 9 0 4
191 41 10 0 4
41 53 9 0 4
41 61 10 0 4
41 80 11 0 4
41 82 12 0 4
41 94 12 0 4
125 42 20 18 4
172 42 0 30 4
42 97 22 13 4
43 8 9 0 4
10 43 2 8 4
15 43 9 0 4
106 43 5 5 4
107 43 7 3 4
123 43 9 0 4
127 43 9 0 4
138 43 9 0 4
140 43 2 8 4
145 43 9 0 4
173 43 0 9 4
183 43 9 0 4
188 43 3 8 4
191 43 10 0 4
43 53 9 0 4
43 58 3 8 4
43 61 10 0 4
174 44 0 20 4
45 8 10 0 4
15 45 10 0 4
21 45 2 9 4
104 45 2 9 4
107 45 6 4 4
123 45 10 0 4
127 45 10 0 4
138 45 10 0 4
145 45 10 0 4
151 45 2 9 4
175 45 0 10 4
183 45 10 0 4
45 53 10 0 4
45 70 2 9 4
45 80 8 2 4
32 46 8 4 4
40 46 8 4 4
107 46 7 2 4
126 46 8 3 4
162 46 8 4 4
170 46 8 4 4
176 46 0 7 4
179 46 8 3 4
46 49 8 3 4
46 84 7 3 4
46 90 8 3 4
47 8 9 0 4
15 47 9 0 4
123 47 9 0 4
127 47 9 0 4
138 47 9 0 4
145 47 9 0 4
177 47 0 9 4
183 47 9 0 4
191 47 10 0 4
47 53 9 0 4
47 61 10 0 4
26 48 14 5 4
156 48 14 5 4
178 48 0 13 4
48 88 12 6 4
49 8 7 0 4
15 49 7 0 4
110 49 5 5 4
123 49 7 0 4
126 49 6 4 4
127 49 7 0 4
138 49 7 0 4
145 49 7 0 4
179 49 0 7 4
183 49 7 0 4
191 49 8 0 4
49 53 7 0 4
49 61 8 0 4
49 80 7 1 4
180 50 0 42 4
181 51 0 47 4
41 52 15 5 4
171 52 15 5 4
182 52 0 16 4
184 54 0 79 4
55 8 9 0 4
15 55 9 0 4
19 55 7 3 4
53 55 9 0 4
107 55 7 3 4
123 55 9 0 4
127 55 9 0 4
138 55 9 0 4
145 55 9 0 4
149 55 7 3 4
183 55 9 0 4
185 55 0 9 4
191 55 10 0 4
55 61 10 0 4
55 78 2 8 4
55 80 7 2 4
56 8 8 0 4
15 56 8 0 4
19 56 6 3 4
53 56 8 0 4
107 56 6 3 4
123 56 8 0 4
127 56 8 0 4
138 56 8 0 4
145 56 8 0 4
149 56 6 3 4
183 56 8 0 4
186 56 0 8 4
191 56 9 0 4
56 61 9 0 4
56 80 6 2 4
56 89 7 3 4
3 57 14 8 4
133 57 14 8 4
187 57 0 16 4
191 57 15 1 4
57 61 15 1 4
57 77 13 9 4
58 8 10 0 4
15 58 10 0 4
16 58 1 9 4
40 58 1 9 4
53 58 10 0 4
107 58 6 4 4
123 58 10 0 4
127 58 10 0 4
138 58 10 0 4
145 58 10 0 4
146 58 1 9 4
170 58 1 9 4
183 58 10 0 4
188 58 0 10 4
58 80 8 2 4
59 8 8 0 4
4 59 6 5 4
15 59 8 0 4
37 59 6 5 4
53 59 8 0 4
110 59 6 5 4
123 59 8 0 4
127 59 8 0 4
134 59 6 5 4
138 59 8 0 4
145 59 8 0 4
167 59 6 5 4
183 59 8 0 4
189 59 0 8 4
59 71 4 6 4
190 60 0 26 4
61 8 1 0 4
15 61 1 0 4
19 61 5 0 4
53 61 1 0 4
107 61 5 0 4
118 61 7 1 4
123 61 1 0 4
127 61 1 0 4
138 61 1 0 4
145 61 1 0 4
149 61 5 0 4
183 61 1 0 4
191 61 0 1 4
61 74 10 1 4
61 80 3 0 4
61 82 4 0 4
61 94 4 0 4
61 98 9 1 4
61 99 5 0 4
192 62 0 22 4
63 8 8 0 4
10 63 5 6 4
15 63 8 0 4
17 63 5 6 4
53 63 8 0 4
55 63 5 6 4
61 63 9 0 4
123 63 8 0 4
127 63 8 0 4
138 63 8 0 4
140 63 5 6 4
145 63 8 0 4
147 63 5 6 4
183 63 8 0 4
185 63 5 6 4
191 63 9 0 4
193 63 0 8 4
194 63 4 6 4
63 64 4 6 4
63 80 10 0 4
63 89 5 4 4
64 8 8 0 4
13 64 6 4 4
15 64 8 0 4
53 64 8 0 4
61 64 9 0 4
123 64 8 0 4
127 64 8 0 4
138 64 8 0 4
143 64 6 4 4
145 64 8 0 4
183 64 8 0 4
191 64 9 0 4
194 64 0 8 4
64 80 10 0 4
64 84 4 5 4
64 89 5 4 4
195 65 0 35 4
66 8 8 0 4
15 66 8 0 4
19 66 6 3 4
53 66 8 0 4
56 66 4 6 4
61 66 9 0 4
102 66 6 4 4
106 66 6 4 4
107 66 6 3 4
123 66 8 0 4
127 66 8 0 4
138 66 8 0 4
145 66 8 0 4
149 66 6 3 4
183 66 8 0 4
186 66 4 6 4
191 66 9 0 4
66 78 1 8 4
66 80 6 2 4
3 69 29 9 4
57 69 25 12 4
133 69 29 9 4
187 69 25 12 4
69 77 28 10 4
70 8 10 0 4
7 70 2 8 4
15 70 10 0 4
19 70 8 3 4
21 70 2 9 4
45 70 2 9 4
53 70 10 0 4
58 70 2 9 4
61 70 11 0 4
104 70 2 9 4
107 70 6 4 4
123 70 10 0 4
127 70 10 0 4
137 70 2 8 4
138 70 10 0 4
145 70 10 0 4
149 70 8 3 4
151 70 2 9 4
175 70 2 9 4
183 70 10 0 4
188 70 2 9 4
191 70 11 0 4
70 71 2 8 4
70 76 2 9 4
71 8 8 0 4
4 71 2 7 4
7 71 4 6 4
15 71 8 0 4
53 71 8 0 4
59 71 4 6 4
70 71 2 8 4
107 71 6 3 4
109 71 4 6 4
123 71 8 0 4
127 71 8 0 4
134 71 2 7 4
137 71 4 6 4
138 71 8 0 4
145 71 8 0 4
183 71 8 0 4
189 71 4 6 4
71 76 2 8 4
71 80 8 1 4
71 90 3 6 4
71 93 2 8 4
72 8 8 0 4
7 72 4 6 4
15 72 8 0 4
53 72 8 0 4
61 72 9 0 4
107 72 6 3 4
123 72 8 0 4
127 72 8 0 4
137 72 4 6 4
138 72 8 0 4
145 72 8 0 4
183 72 8 0 4
191 72 9 0 4
72 80 8 1 4
72 89 7 3 4
74 8 11 0 4
3 74 7 9 4
15 74 11 0 4
53 74 11 0 4
61 74 10 1 4
123 74 11 0 4
127 74 11 0 4
133 74 7 9 4
138 74 11 0 4
145 74 11 0 4
183 74 11 0 4
191 74 10 1 4
76 8 10 0 4
4 76 2 8 4
15 76 10 0 4
19 76 8 3 4
53 76 10 0 4
61 76 11 0 4
70 76 2 9 4
71 76 2 8 4
107 76 6 4 4
109 76 2 8 4
123 76 10 0 4
127 76 10 0 4
134 76 2 8 4
138 76 10 0 4
145 76 10 0 4
149 76 8 3 4
183 76 10 0 4
191 76 11 0 4
76 80 8 2 4
77 8 15 0 4
3 77 11 9 4
15 77 15 0 4
53 77 15 0 4
57 77 13 9 4
61 77 14 1 4
74 77 10 8 4
123 77 15 0 4
127 77 15 0 4
133 77 11 9 4
138 77 15 0 4
145 77 15 0 4
183 77 15 0 4
187 77 13 9 4
191 77 14 1 4
78 8 9 0 4
15 78 9 0 4
19 78 7 3 4
53 78 9 0 4
55 78 2 8 4
66 78 1 8 4
107 78 7 3 4
123 78 9 0 4
127 78 9 0 4
138 78 9 0 4
145 78 9 0 4
149 78 7 3 4
183 78 9 0 4
185 78 2 8 4
78 80 7 2 4
78 89 8 3 4
79 8 8 0 4
15 79 8 0 4
53 79 8 0 4
61 79 9 0 4
123 79 8 0 4
127 79 8 0 4
138 79 8 0 4
145 79 8 0 4
183 79 8 0 4
191 79 9 0 4
79 89 5 4 4
8 80 2 0 4
15 80 2 0 4
19 80 4 1 4
53 80 2 0 4
61 80 3 0 4
107 80 2 2 4
123 80 2 0 4
126 80 5 2 4
127 80 2 0 4
138 80 2 0 4
145 80 2 0 4
149 80 4 1 4
183 80 2 0 4
191 80 3 0 4
80 82 5 0 4
80 90 5 2 4
80 94 5 0 4
116 81 22 16 4
8 82 3 0 4
15 82 3 0 4
36 82 9 1 4
53 82 3 0 4
61 82 4 0 4
80 82 5 0 4
118 82 7 2 4
123 82 3 0 4
127 82 3 0 4
138 82 3 0 4
145 82 3 0 4
166 82 9 1 4
183 82 3 0 4
191 82 4 0 4
8 84 6 0 4
15 84 6 0 4
53 84 6 0 4
61 84 7 0 4
80 84 6 1 4
82 84 9 0 4
107 84 4 3 4
123 84 6 0 4
127 84 6 0 4
138 84 6 0 4
145 84 6 0 4
183 84 6 0 4
191 84 7 0 4
84 94 9 0 4
84 99 8 1 4
40 85 9 8 4
170 85 9 8 4
27 86 11 10 4
108 86 15 4 4
157 86 11 10 4
86 97 14 9 4
46 87 9 4 4
176 87 9 4 4
30 88 12 3 4
48 88 12 6 4
122 88 16 6 4
160 88 12 3 4
178 88 12 6 4
8 89 5 0 4
13 89 3 4 4
15 89 5 0 4
19 89 5 2 4
53 89 5 0 4
61 89 6 0 4
80 89 7 0 4
102 89 5 3 4
123 89 5 0 4
127 89 5 0 4
138 89 5 0 4
143 89 3 4 4
145 89 5 0 4
149 89 5 2 4
183 89 5 0 4
191 89 6 0 4
89 95 4 4 4
4 90 3 6 4
7 90 1 7 4
8 90 7 0 4
15 90 7 0 4
19 90 5 3 4
53 90 7 0 4
61 90 8 0 4
71 90 3 6 4
80 90 5 2 4
84 90 5 4 4
89 90 6 3 4
107 90 3 4 4
123 90 7 0 4
127 90 7 0 4
134 90 3 6 4
137 90 1 7 4
138 90 7 0 4
145 90 7 0 4
149 90 5 3 4
183 90 7 0 4
191 90 8 0 4
8 92 9 0 4
15 92 9 0 4
31 92 1 8 4
53 92 9 0 4
61 92 10 0 4
123 92 9 0 4
127 92 9 0 4
138 92 9 0 4
145 92 9 0 4
161 92 1 8 4
183 92 9 0 4
191 92 10 0 4
8 93 10 0 4
15 93 10 0 4
53 93 10 0 4
61 93 11 0 4
71 93 2 8 4
123 93 10 0 4
127 93 10 0 4
138 93 10 0 4
145 93 10 0 4
183 93 10 0 4
191 93 11 0 4
8 94 3 0 4
15 94 3 0 4
53 94 3 0 4
61 94 4 0 4
62 94 19 3 4
80 94 5 0 4
87 94 9 2 4
112 94 15 2 4
123 94 3 0 4
127 94 3 0 4
138 94 3 0 4
145 94 3 0 4
183 94 3 0 4
191 94 4 0 4
192 94 19 3 4
4 95 7 4 4
8 95 7 0 4
13 95 5 4 4
15 95 7 0 4
53 95 7 0 4
61 95 8 0 4
63 95 7 4 4
64 95 7 4 4
66 95 7 4 4
71 95 7 4 4
72 95 7 4 4
89 95 4 4 4
90 95 6 4 4
105 95 7 4 4
121 95 7 4 4
123 95 7 0 4
127 95 7 0 4
134 95 7 4 4
138 95 7 0 4
143 95 5 4 4
145 95 7 0 4
183 95 7 0 4
191 95 8 0 4
193 95 7 4 4
194 95 7 4 4
12 97 18 8 4
86 97 14 9 4
142 97 18 8 4
46 98 9 4 4
176 98 9 4 4
8 99 4 0 4
15 99 4 0 4
19 99 6 1 4
53 99 4 0 4
61 99 5 0 4
123 99 4 0 4
127 99 4 0 4
138 99 4 0 4
145 99 4 0 4
149 99 6 1 4
183 99 4 0 4
191 99 5 0 4
100 33 18 6 4
100 163 18 6 4
101 38 13 8 4
101 168 13 8 4
102 8 6 0 4
102 13 6 3 4
102 15 6 0 4
102 19 4 3 4
102 53 6 0 4
102 61 7 0 4
102 80 6 1 4
102 89 5 3 4
102 106 6 3 4
102 123 6 0 4
102 127 6 0 4
102 138 6 0 4
102 143 6 3 4
102 145 6 0 4
102 149 4 3 4
102 183 6 0 4
102 191 7 0 4
103 8 7 0 4
103 11 6 4 4
103 15 7 0 4
103 53 7 0 4
103 123 7 0 4
103 126 8 3 4
103 127 7 0 4
103 138 7 0 4
103 141 6 4 4
103 145 7 0 4
103 183 7 0 4
104 8 10 0 4
104 15 10 0 4
104 53 10 0 4
104 123 10 0 4
104 127 10 0 4
104 138 10 0 4
104 145 10 0 4
104 183 10 0 4
105 7 4 6 4
105 8 8 0 4
105 15 8 0 4
105 19 6 3 4
105 29 4 6 4
105 31 4 6 4
105 53 8 0 4
105 61 9 0 4
105 80 6 2 4
105 90 5 5 4
105 123 8 0 4
105 126 3 6 4
105 127 8 0 4
105 137 4 6 4
105 138 8 0 4
105 145 8 0 4
105 149 6 3 4
105 159 4 6 4
105 161 4 6 4
105 183 8 0 4
105 191 9 0 4
106 8 6 0 4
106 15 6 0 4
106 19 6 2 4
106 53 6 0 4
106 61 7 0 4
106 80 6 1 4
102 106 6 3 4
106 107 6 2 4
106 123 6 0 4
106 127 6 0 4
106 138 6 0 4
106 145 6 0 4
106 149 6 2 4
106 183 6 0 4
106 191 7 0 4
107 8 4 0 4
107 15 4 0 4
107 53 4 0 4
107 61 5 0 4
107 80 2 2 4
107 82 7 0 4
107 84 4 3 4
107 94 7 0 4
107 123 4 0 4
107 127 4 0 4
107 138 4 0 4
107 145 4 0 4
107 183 4 0 4
107 191 5 0 4
108 11 10 3 4
108 14 8 5 4
108 37 9 4 4
108 79 9 4 4
103 108 10 3 4
108 141 10 3 4
108 144 8 5 4
108 167 9 4 4
109 8 8 0 4
109 15 8 0 4
109 53 8 0 4
109 61 9 0 4
109 76 2 8 4
109 80 6 2 4
107 109 4 4 4
109 123 8 0 4
109 127 8 0 4
109 138 8 0 4
109 145 8 0 4
109 183 8 0 4
109 191 9 0 4
110 8 8 0 4
110 15 8 0 4
110 53 8 0 4
110 61 9 0 4
107 110 6 3 4
110 123 8 0 4
110 127 8 0 4
110 138 8 0 4
110 145 8 0 4
110 183 8 0 4
110 191 9 0 4
111 8 9 0 4
111 15 9 0 4
111 53 9 0 4
111 61 10 0 4
107 111 7 3 4
111 123 9 0 4
111 127 9 0 4
111 138 9 0 4
111 145 9 0 4
111 183 9 0 4
111 191 10 0 4
113 48 18 4 4
113 67 21 7 4
113 178 18 4 4
114 8 8 0 4
114 15 8 0 4
114 53 8 0 4
114 61 9 0 4
114 80 6 2 4
107 114 4 4 4
114 123 8 0 4
114 127 8 0 4
114 138 8 0 4
114 145 8 0 4
114 183 8 0 4
114 191 9 0 4
115 8 9 0 4
115 15 9 0 4
115 53 9 0 4
115 61 10 0 4
115 89 6 4 4
115 123 9 0 4
115 127 9 0 4
115 138 9 0 4
115 145 9 0 4
115 183 9 0 4
115 191 10 0 4
116 81 22 16 4
116 125 19 16 4
117 8 10 0 4
117 15 10 0 4
117 40 3 8 4
117 53 10 0 4
117 61 11 0 4
107 117 8 3 4
117 123 10 0 4
117 127 10 0 4
117 138 10 0 4
117 145 10 0 4
117 170 3 8 4
117 183 10 0 4
117 191 11 0 4
118 8 8 0 4
118 15 8 0 4
118 27 19 3 4
118 53 8 0 4
118 61 7 1 4
118 82 7 2 4
118 123 8 0 4
118 127 8 0 4
118 138 8 0 4
118 145 8 0 4
118 157 19 3 4
118 183 8 0 4
118 191 7 1 4
119 8 9 0 4
119 15 9 0 4
119 53 9 0 4
119 61 10 0 4
119 80 7 2 4
119 89 6 4 4
107 119 7 3 4
119 123 9 0 4
119 127 9 0 4
119 138 9 0 4
119 145 9 0 4
119 183 9 0 4
119 191 10 0 4
121 8 8 0 4
121 15 8 0 4
121 53 8 0 4
121 61 9 0 4
121 80 8 1 4
121 89 5 4 4
107 121 6 3 4
121 123 8 0 4
121 127 8 0 4
121 138 8 0 4
121 145 8 0 4
121 183 8 0 4
121 191 9 0 4
122 26 16 6 4
122 88 16 6 4
122 125 21 11 4
122 156 16 6 4
116 125 19 16 4
126 8 7 0 4
126 13 7 3 4
126 15 7 0 4
126 16 4 6 4
126 40 4 6 4
126 53 7 0 4
126 61 8 0 4
126 80 5 2 4
105 126 3 6 4
123 126 7 0 4
126 127 7 0 4
126 138 7 0 4
126 143 7 3 4
126 145 7 0 4
126 146 4 6 4
126 170 4 6 4
126 183 7 0 4
126 191 8 0 4
128 22 24 10 4
128 152 24 10 4
129 19 8 3 4
129 89 9 3 4
102 129 6 5 4
106 129 8 4 4
129 149 8 3 4
130 20 21 8 4
130 150 21 8 4
1 131 0 41 4
132 2 0 16 4
133 3 0 14 4
133 8 14 0 4
133 15 14 0 4
133 53 14 0 4
133 74 7 9 4
123 133 14 0 4
127 133 14 0 4
133 138 14 0 4
133 145 14 0 4
133 183 14 0 4
134 4 0 8 4
134 8 8 0 4
134 15 8 0 4
134 53 8 0 4
134 71 2 7 4
134 76 2 8 4
134 80 8 1 4
134 90 3 6 4
107 134 6 3 4
123 134 8 0 4
127 134 8 0 4
134 138 8 0 4
134 145 8 0 4
134 183 8 0 4
135 5 0 32 4
136 6 0 12 4
136 8 12 0 4
136 15 12 0 4
136 53 12 0 4
123 136 12 0 4
127 136 12 0 4
136 138 12 0 4
136 145 12 0 4
136 183 12 0 4
137 7 0 8 4
137 8 8 0 4
137 15 8 0 4
137 19 6 3 4
137 53 8 0 4
137 70 2 8 4
137 80 6 2 4
137 89 5 4 4
137 90 1 7 4
137 95 5 5 4
107 137 4 4 4
123 137 8 0 4
127 137 8 0 4
137 138 8 0 4
137 145 8 0 4
137 149 6 3 4
137 183 8 0 4
139 9 0 8 4
139 80 8 1 4
139 84 8 3 4
104 139 10 4 4
140 8 9 0 4
140 15 9 0 4
140 19 7 3 4
140 43 2 8 4
140 53 9 0 4
140 58 3 8 4
140 61 10 0 4
140 70 3 8 4
10 140 0 9 4
107 140 7 3 4
123 140 9 0 4
127 140 9 0 4
138 140 9 0 4
140 145 9 0 4
140 149 7 3 4
140 173 2 8 4
140 183 9 0 4
140 188 3 8 4
140 191 10 0 4
141 8 7 0 4
141 15 7 0 4
141 53 7 0 4
141 61 8 0 4
141 80 9 0 4
11 141 0 7 4
123 141 7 0 4
127 141 7 0 4
138 141 7 0 4
141 145 7 0 4
141 183 7 0 4
141 191 8 0 4
142 97 18 8 4
12 142 0 16 4
143 8 6 0 4
143 15 6 0 4
143 53 6 0 4
143 61 7 0 4
143 80 6 1 4
143 84 6 3 4
13 143 0 6 4
102 143 6 3 4
123 143 6 0 4
127 143 6 0 4
138 143 6 0 4
143 145 6 0 4
143 183 6 0 4
143 191 7 0 4
144 76 9 5 4
144 92 8 5 4
14 144 0 9 4
108 144 8 5 4
109 144 7 5 4
146 8 9 0 4
146 15 9 0 4
146 16 0 9 4
146 40 2 8 4
146 53 9 0 4
146 58 1 9 4
146 61 10 0 4
146 70 3 8 4
107 146 7 3 4
123 146 9 0 4
127 146 9 0 4
138 146 9 0 4
145 146 9 0 4
146 170 2 8 4
146 183 9 0 4
146 188 1 9 4
146 191 10 0 4
147 8 9 0 4
147 15 9 0 4
147 17 0 9 4
147 53 9 0 4
147 61 10 0 4
107 147 7 3 4
123 147 9 0 4
127 147 9 0 4
138 147 9 0 4
145 147 9 0 4
147 183 9 0 4
147 191 10 0 4
148 18 0 55 4
149 7 6 3 4
149 8 4 0 4
149 15 4 0 4
149 19 0 4 4
149 53 4 0 4
149 56 6 3 4
149 61 5 0 4
149 66 6 3 4
149 80 4 1 4
149 82 7 0 4
149 89 5 2 4
149 90 5 3 4
149 94 7 0 4
149 99 6 1 4
102 149 4 3 4
105 149 6 3 4
106 149 6 2 4
107 149 6 1 4
123 149 4 0 4
127 149 4 0 4
137 149 6 3 4
138 149 4 0 4
145 149 4 0 4
149 183 4 0 4
149 186 6 3 4
149 191 5 0 4
150 20 0 18 4
151 8 10 0 4
151 21 0 10 4
151 53 10 0 4
151 90 5 6 4
15 151 10 0 4
107 151 6 4 4
123 151 10 0 4
127 151 10 0 4
138 151 10 0 4
145 151 10 0 4
151 183 10 0 4
152 22 0 16 4
152 61 15 1 4
152 191 15 1 4
153 23 0 38 4
154 8 10 0 4
154 24 0 10 4
154 53 10 0 4
154 61 11 0 4
154 80 12 0 4
15 154 10 0 4
123 154 10 0 4
127 154 10 0 4
138 154 10 0 4
145 154 10 0 4
154 183 10 0 4
154 191 11 0 4
155 25 0 58 4
156 26 0 11 4
156 30 10 4 4
156 48 14 5 4
122 156 16 6 4
156 160 10 4 4
156 178 14 5 4
157 27 0 17 4
157 86 11 10 4
158 8 6 0 4
158 28 0 6 4
158 53 6 0 4
158 61 7 0 4
15 158 6 0 4
123 158 6 0 4
127 158 6 0 4
138 158 6 0 4
145 158 6 0 4
158 183 6 0 4
158 191 7 0 4
159 8 8 0 4
159 16 5 6 4
159 29 0 8 4
159 31 4 6 4
159 40 5 6 4
159 53 8 0 4
159 80 6 2 4
159 92 5 6 4
15 159 8 0 4
105 159 4 6 4
107 159 6 3 4
110 159 4 6 4
123 159 8 0 4
127 159 8 0 4
138 159 8 0 4
145 159 8 0 4
146 159 5 6 4
159 161 4 6 4
159 170 5 6 4
159 183 8 0 4
160 8 7 0 4
160 26 10 4 4
160 30 0 7 4
160 53 7 0 4
160 88 12 3 4
15 160 7 0 4
123 160 7 0 4
127 160 7 0 4
138 160 7 0 4
145 160 7 0 4
156 160 10 4 4
160 183 7 0 4
161 4 4 6 4
161 29 4 6 4
161 31 0 8 4
161 80 8 1 4
161 92 1 8 4
105 161 4 6 4
134 161 4 6 4
159 161 4 6 4
162 4 5 6 4
162 7 5 6 4
162 8 9 0 4
162 31 5 6 4
162 32 0 9 4
162 53 9 0 4
162 64 5 6 4
162 80 9 1 4
15 162 9 0 4
107 162 7 3 4
123 162 9 0 4
127 162 9 0 4
134 162 5 6 4
137 162 5 6 4
138 162 9 0 4
145 162 9 0 4
161 162 5 6 4
162 183 9 0 4
162 194 5 6 4
163 8 9 0 4
163 33 0 9 4
163 53 9 0 4
163 61 10 0 4
163 99 9 2 4
15 163 9 0 4
123 163 9 0 4
127 163 9 0 4
138 163 9 0 4
145 163 9 0 4
163 183 9 0 4
163 191 10 0 4
164 34 0 49 4
165 35 0 49 4
166 8 8 0 4
166 36 0 8 4
166 53 8 0 4
166 82 9 1 4
15 166 8 0 4
123 166 8 0 4
127 166 8 0 4
138 166 8 0 4
145 166 8 0 4
166 183 8 0 4
167 8 8 0 4
167 37 0 8 4
167 53 8 0 4
15 167 8 0 4
123 167 8 0 4
127 167 8 0 4
138 167 8 0 4
145 167 8 0 4
167 183 8 0 4
168 38 0 9 4
168 80 9 1 4
168 87 13 3 4
101 168 13 8 4
169 39 0 33 4
170 8 9 0 4
170 40 0 9 4
170 53 9 0 4
15 170 9 0 4
107 170 5 4 4
123 170 9 0 4
127 170 9 0 4
138 170 9 0 4
145 170 9 0 4
170 183 9 0 4
171 8 9 0 4
171 41 0 9 4
171 53 9 0 4
171 61 10 0 4
171 80 11 0 4
15 171 9 0 4
123 171 9 0 4
127 171 9 0 4
138 171 9 0 4
145 171 9 0 4
171 183 9 0 4
171 191 10 0 4
172 42 0 30 4
173 8 9 0 4
173 43 0 9 4
173 53 9 0 4
15 173 9 0 4
123 173 9 0 4
127 173 9 0 4
138 173 9 0 4
145 173 9 0 4
173 183 9 0 4
174 44 0 20 4
174 61 19 1 4
174 191 19 1 4
175 8 10 0 4
175 21 2 9 4
175 45 0 10 4
175 53 10 0 4
175 70 2 9 4
15 175 10 0 4
104 175 2 9 4
123 175 10 0 4
127 175 10 0 4
138 175 10 0 4
145 175 10 0 4
151 175 2 9 4
175 183 10 0 4
176 32 8 4 4
176 40 8 4 4
176 46 0 7 4
176 84 7 3 4
162 176 8 4 4
170 176 8 4 4
177 8 9 0 4
177 47 0 9 4
177 53 9 0 4
177 61 10 0 4
177 80 9 1 4
15 177 9 0 4
123 177 9 0 4
127 177 9 0 4
138 177 9 0 4
145 177 9 0 4
177 183 9 0 4
177 191 10 0 4
178 26 14 5 4
178 48 0 13 4
178 88 12 6 4
122 178 16 7 4
156 178 14 5 4
179 8 7 0 4
179 49 0 7 4
179 53 7 0 4
179 80 7 1 4
15 179 7 0 4
110 179 5 5 4
123 179 7 0 4
127 179 7 0 4
138 179 7 0 4
145 179 7 0 4
179 183 7 0 4
180 50 0 42 4
181 51 0 47 4
182 41 15 5 4
182 52 0 16 4
171 182 15 5 4
184 54 0 79 4
185 8 9 0 4
185 19 7 3 4
185 53 9 0 4
185 55 0 9 4
185 78 2 8 4
185 80 7 2 4
15 185 9 0 4
107 185 7 3 4
123 185 9 0 4
127 185 9 0 4
138 185 9 0 4
145 185 9 0 4
149 185 7 3 4
183 185 9 0 4
186 8 8 0 4
186 19 6 3 4
186 53 8 0 4
186 56 0 8 4
186 61 9 0 4
186 80 6 2 4
186 89 7 3 4
15 186 8 0 4
107 186 6 3 4
123 186 8 0 4
127 186 8 0 4
138 186 8 0 4
145 186 8 0 4
149 186 6 3 4
183 186 8 0 4
186 191 9 0 4
187 57 0 16 4
187 77 13 9 4
188 8 10 0 4
188 40 1 9 4
188 43 3 8 4
188 53 10 0 4
188 70 2 9 4
10 188 3 8 4
15 188 10 0 4
16 188 1 9 4
107 188 6 4 4
123 188 10 0 4
127 188 10 0 4
138 188 10 0 4
140 188 3 8 4
145 188 10 0 4
146 188 1 9 4
170 188 1 9 4
173 188 3 8 4
183 188 10 0 4
189 59 0 8 4
189 71 4 6 4
102 189 6 4 4
190 60 0 26 4
191 8 1 0 4
191 53 1 0 4
191 61 0 1 4
191 80 3 0 4
191 82 4 0 4
191 89 6 0 4
191 94 4 0 4
191 99 5 0 4
15 191 1 0 4
19 191 5 0 4
107 191 5 0 4
118 191 7 1 4
123 191 1 0 4
127 191 1 0 4
138 191 1 0 4
145 191 1 0 4
149 191 5 0 4
183 191 1 0 4
192 62 0 22 4
193 8 8 0 4
193 53 8 0 4
193 61 9 0 4
193 63 0 8 4
193 80 10 0 4
193 89 5 4 4
15 193 8 0 4
123 193 8 0 4
127 193 8 0 4
138 193 8 0 4
145 193 8 0 4
183 193 8 0 4
191 193 9 0 4
194 8 8 0 4
194 53 8 0 4
194 61 9 0 4
194 64 0 8 4
194 84 4 5 4
194 89 5 4 4
15 194 8 0 4
123 194 8 0 4
127 194 8 0 4
138 194 8 0 4
145 194 8 0 4
183 194 8 0 4
191 194 9 0 4
195 65 0 35 4
