Res1 Res2 NSingle NDouble Method
3 74 5 10 2
3 77 7 11 2
6 82 10 2 2
12 26 15 6 2
12 27 13 9 2
12 28 15 3 2
12 30 15 4 2
12 42 15 15 2
12 86 14 7 2
12 88 14 6 2
12 97 14 9 2
12 125 16 12 2
130 20 18 7 2
20 41 16 5 2
25 35 22 37 2
113 26 10 7 2
122 26 12 7 2
125 26 13 11 2
26 30 4 7 2
26 88 11 5 2
12 27 13 9 2
27 28 14 3 2
27 86 9 9 2
27 97 13 9 2
26 30 4 7 2
113 30 8 6 2
35 50 16 32 2
36 6 12 4 2
128 39 14 22 2
12 42 15 15 2
125 42 13 20 2
113 48 13 7 2
122 48 13 8 2
48 88 6 9 2
24 52 10 7 2
41 52 13 5 2
44 52 16 9 2
54 65 39 32 2
3 57 9 10 2
61 8 1 0 2
15 61 1 0 2
53 61 1 0 2
123 61 1 0 2
127 61 1 0 2
48 65 21 13 2
125 65 19 19 2
116 68 18 20 2
3 69 24 11 2
6 69 20 12 2
57 69 21 13 2
124 69 19 22 2
69 74 23 10 2
69 77 23 12 2
3 74 5 10 2
74 77 8 9 2
42 75 27 22 2
125 75 28 19 2
75 97 26 16 2
3 77 7 11 2
74 77 8 9 2
8 80 2 0 2
15 80 2 0 2
53 80 2 0 2
123 80 2 0 2
127 80 2 0 2
48 81 18 12 2
116 81 16 18 2
125 81 14 19 2
82 9 7 2 2
8 82 2 0 2
15 82 2 0 2
53 82 2 0 2
123 82 2 0 2
127 82 2 0 2
83 97 20 15 2
27 86 9 9 2
28 86 11 3 2
108 86 11 5 2
86 97 10 9 2
48 88 6 9 2
42 91 25 25 2
68 91 24 28 2
8 94 3 0 2
15 94 3 0 2
53 94 3 0 2
123 94 3 0 2
127 94 3 0 2
12 97 14 9 2
27 97 13 9 2
86 97 10 9 2
125 97 14 13 2
100 33 14 8 2
113 26 10 7 2
113 30 8 6 2
116 125 6 21 2
118 8 8 0 2
118 15 8 0 2
118 28 9 2 2
118 53 8 0 2
118 61 7 1 2
118 82 8 1 2
118 123 8 0 2
118 124 23 8 2
118 127 8 0 2
122 26 12 7 2
122 48 13 8 2
122 88 11 7 2
124 69 19 22 2
118 124 23 8 2
125 26 13 11 2
125 97 14 13 2
116 125 6 21 2
