Res1 Res2 NSingle NDouble Method
16 8 15 0 4
17 8 10 0 4
16 17 19 2 4
17 20 16 7 4
24 7 30 6 4
24 39 28 9 4
41 8 3 0 4
16 41 16 0 4
17 41 11 0 4
24 41 15 2 4
24 45 28 3 4
26 45 28 7 4
43 45 31 2 4
47 48 36 17 4
45 50 26 9 4
53 8 2 0 4
16 53 13 1 4
17 53 10 0 4
26 53 24 1 4
41 53 3 0 4
2 60 36 5 4
47 62 34 11 4
64 8 17 0 4
24 64 27 3 4
35 64 28 5 4
41 64 16 1 4
16 65 21 6 4
26 65 26 9 4
45 65 30 3 4
46 65 33 9 4
53 65 18 1 4
56 65 32 8 4
64 67 28 6 4
12 68 45 7 4
70 8 15 0 4
41 70 16 0 4
65 70 23 5 4
69 70 32 5 4
60 71 46 9 4
35 76 37 7 4
77 8 13 0 4
16 77 24 1 4
41 77 14 0 4
43 77 22 4 4
45 77 23 3 4
50 77 29 5 4
53 77 13 0 4
65 77 25 3 4
70 80 31 5 4
6 81 24 19 4
16 82 21 5 4
17 82 20 3 4
8 85 5 0 4
17 85 13 0 4
24 85 19 1 4
41 85 6 0 4
53 85 5 0 4
77 85 16 0 4
8 87 3 0 4
17 87 11 0 4
41 87 4 0 4
53 87 3 0 4
65 87 19 1 4
70 87 14 1 4
77 87 14 0 4
80 87 25 2 4
85 87 6 0 4
8 88 6 0 4
16 88 19 0 4
17 88 14 0 4
41 88 7 0 4
45 88 16 3 4
53 88 6 0 4
70 88 19 0 4
77 88 17 0 4
85 88 9 0 4
87 88 7 0 4
8 91 9 0 4
17 91 15 1 4
20 91 21 4 4
24 91 23 1 4
41 91 10 0 4
53 91 9 0 4
56 91 29 4 4
69 91 30 3 4
70 91 20 1 4
85 91 12 0 4
87 91 10 0 4
88 91 13 0 4
8 93 15 0 4
27 93 29 6 4
41 93 16 0 4
55 93 28 6 4
69 93 32 5 4
75 93 34 7 4
88 93 19 0 4
91 93 20 1 4
8 94 10 0 4
16 94 23 0 4
17 94 18 0 4
24 94 24 1 4
35 94 23 4 4
41 94 11 0 4
53 94 10 0 4
76 94 26 6 4
77 94 21 0 4
82 94 24 1 4
85 94 13 0 4
87 94 11 0 4
88 94 14 0 4
91 94 17 0 4
7 95 39 5 4
39 95 39 7 4
63 95 52 12 4
64 95 26 7 4
67 95 38 5 4
102 8 16 0 4
102 24 22 5 4
102 41 15 1 4
102 45 22 5 4
102 64 27 2 4
102 88 16 2 4
105 48 31 26 4
106 41 16 2 4
106 45 25 5 4
106 85 16 3 4
106 88 13 5 4
102 106 17 8 4
111 8 12 0 4
111 24 24 2 4
111 41 9 2 4
111 53 12 0 4
111 64 25 1 4
111 70 23 1 4
111 85 15 0 4
111 87 13 0 4
111 88 14 1 4
111 89 32 4 4
102 111 22 2 4
106 111 23 3 4
112 31 52 14 4
112 60 39 5 4
112 71 41 16 4
113 27 37 5 4
113 82 31 3 4
115 24 25 9 4
111 115 29 4 4
116 24 27 4 4
116 41 18 1 4
116 64 30 2 4
116 85 16 3 4
116 88 19 2 4
102 116 23 5 4
106 116 22 7 4
111 116 23 3 4
115 116 22 11 4
117 76 66 17 4
118 8 6 0 4
118 16 17 1 4
118 17 14 0 4
118 41 7 0 4
118 43 17 3 4
118 45 16 3 4
118 53 6 0 4
118 65 22 1 4
118 70 19 0 4
118 77 7 5 4
118 85 9 0 4
118 87 7 0 4
118 88 10 0 4
118 91 13 0 4
118 93 19 0 4
118 94 14 0 4
102 118 20 0 4
111 118 16 0 4
121 4 26 12 4
121 55 34 7 4
123 8 11 0 4
123 16 20 2 4
123 17 19 0 4
123 26 27 4 4
123 41 12 0 4
123 46 28 7 4
123 53 11 0 4
123 65 21 4 4
123 77 18 2 4
123 85 14 0 4
123 87 12 0 4
123 88 15 0 4
123 91 18 0 4
123 94 19 0 4
113 123 24 3 4
118 123 15 0 4
126 75 28 14 4
121 126 30 7 4
128 8 12 0 4
128 16 23 1 4
128 17 20 0 4
128 41 13 0 4
128 53 12 0 4
128 82 16 6 4
128 85 15 0 4
128 87 13 0 4
128 88 16 0 4
128 91 19 0 4
128 93 23 1 4
128 94 20 0 4
113 128 23 4 4
118 128 16 0 4
129 60 31 4 4
109 129 50 12 4
