Res1 Res2 NSingle NDouble Method
1 12 31 11 4
1 68 28 11 4
1 94 29 5 4
118 2 20 2 4
2 20 27 5 4
2 43 24 5 4
2 60 26 5 4
2 77 21 4 4
2 88 22 1 4
16 3 23 9 4
118 3 29 2 4
3 43 27 8 4
3 77 28 5 4
15 4 18 0 4
17 4 18 3 4
30 4 18 0 4
121 4 16 9 4
126 4 20 6 4
127 4 18 0 4
4 8 19 0 4
4 53 19 0 4
4 61 18 0 4
4 69 18 9 4
17 6 17 6 4
41 6 23 1 4
102 6 19 7 4
106 6 17 9 4
116 6 18 10 4
6 85 22 2 4
6 88 20 3 4
17 7 21 2 4
41 7 19 1 4
102 7 19 5 4
115 7 19 8 4
116 7 24 5 4
123 7 21 2 4
7 89 24 7 4
15 8 1 0 4
17 8 7 0 4
30 8 1 0 4
41 8 3 0 4
53 8 2 0 4
61 8 1 0 4
77 8 9 0 4
118 8 4 0 4
123 8 7 0 4
127 8 1 0 4
8 85 4 0 4
8 87 3 0 4
8 88 4 0 4
8 91 7 0 4
8 94 9 0 4
65 9 39 12 4
10 76 39 12 4
106 11 14 7 4
11 85 15 2 4
11 88 13 3 4
11 116 17 7 4
12 53 21 1 4
12 63 28 14 4
12 68 27 7 4
12 123 24 2 4
13 17 26 6 4
16 8 12 0 4
15 16 11 0 4
118 16 12 1 4
123 16 11 3 4
127 16 11 0 4
16 17 13 2 4
16 26 17 5 4
16 30 11 0 4
16 41 13 0 4
16 47 18 5 4
16 53 10 1 4
16 61 11 0 4
16 65 12 6 4
16 77 15 2 4
16 82 16 3 4
16 87 13 0 4
17 8 7 0 4
15 17 6 0 4
16 17 13 2 4
118 17 9 0 4
127 17 6 0 4
128 17 13 1 4
17 30 6 0 4
17 41 8 0 4
17 53 7 0 4
17 61 6 0 4
17 82 11 3 4
17 85 9 0 4
17 87 8 0 4
17 88 9 0 4
17 91 10 1 4
16 19 36 7 4
19 25 33 19 4
19 47 34 11 4
17 20 14 4 4
118 20 17 1 4
128 20 21 2 4
20 91 14 4 4
102 23 21 8 4
23 41 25 2 4
23 85 26 2 4
23 87 25 2 4
23 88 24 3 4
102 24 15 4 4
111 24 18 2 4
115 24 17 6 4
125 24 24 8 4
24 41 11 2 4
24 85 14 1 4
25 3 28 17 4
25 77 28 6 4
16 26 17 5 4
118 26 15 2 4
123 26 16 3 4
26 45 18 5 4
26 53 15 1 4
26 65 15 7 4
26 77 18 3 4
102 27 16 7 4
106 27 18 7 4
115 27 20 8 4
116 27 19 8 4
27 41 18 2 4
27 70 21 5 4
27 88 19 2 4
27 93 18 7 4
28 67 36 12 4
29 67 24 10 4
29 73 30 14 4
29 85 27 2 4
17 31 33 5 4
32 94 36 7 4
11 33 33 7 4
12 33 31 11 4
17 33 27 5 4
113 33 31 7 4
35 8 15 0 4
15 35 14 0 4
30 35 14 0 4
118 35 17 0 4
127 35 14 0 4
35 41 16 0 4
35 53 15 0 4
35 61 14 0 4
35 64 18 4 4
35 82 21 2 4
35 85 17 0 4
35 87 16 0 4
35 88 17 0 4
35 94 14 4 4
29 36 32 14 4
129 36 33 7 4
115 38 31 12 4
38 68 30 14 4
39 7 24 9 4
102 39 23 5 4
123 39 21 4 4
39 41 21 2 4
4 40 22 11 4
17 40 22 5 4
40 69 16 14 4
40 82 23 7 4
41 8 3 0 4
15 41 2 0 4
17 41 8 0 4
24 41 11 2 4
30 41 2 0 4
102 41 8 2 4
106 41 10 2 4
111 41 7 2 4
115 41 14 2 4
118 41 5 0 4
123 41 8 0 4
127 41 2 0 4
41 45 12 1 4
41 53 3 0 4
41 61 2 0 4
41 64 10 2 4
41 77 10 0 4
41 85 5 0 4
41 87 4 0 4
41 88 5 0 4
41 91 8 0 4
41 94 10 0 4
106 42 23 7 4
115 42 27 7 4
116 42 24 8 4
118 42 24 2 4
42 77 21 6 4
42 88 24 2 4
118 43 12 2 4
43 77 15 3 4
43 85 14 1 4
45 8 13 0 4
15 45 12 0 4
16 45 19 2 4
26 45 18 5 4
30 45 12 0 4
41 45 12 1 4
102 45 14 4 4
106 45 16 4 4
111 45 17 2 4
115 45 16 6 4
118 45 11 2 4
123 45 16 1 4
127 45 12 0 4
45 53 13 0 4
45 61 12 0 4
45 77 16 2 4
45 88 11 2 4
123 46 21 4 4
126 46 21 8 4
46 62 20 12 4
46 65 18 9 4
46 77 21 5 4
16 47 18 5 4
118 47 16 2 4
47 48 16 15 4
47 53 16 1 4
47 62 18 10 4
47 65 20 5 4
47 77 19 3 4
47 85 18 1 4
47 48 16 15 4
105 48 17 20 4
48 77 27 5 4
48 87 27 2 4
45 50 19 6 4
118 50 16 3 4
50 87 17 2 4
50 88 16 3 4
51 55 28 19 4
53 8 2 0 4
15 53 1 0 4
16 53 10 1 4
17 53 7 0 4
26 53 15 1 4
30 53 1 0 4
41 53 3 0 4
47 53 16 1 4
118 53 4 0 4
123 53 7 0 4
127 53 1 0 4
53 61 1 0 4
53 65 12 1 4
53 85 4 0 4
53 87 3 0 4
53 88 4 0 4
53 91 7 0 4
101 54 38 14 4
126 55 19 8 4
55 87 19 2 4
55 93 17 8 4
24 56 23 5 4
43 56 23 5 4
118 56 17 3 4
56 65 19 7 4
56 87 18 2 4
11 57 24 9 4
43 57 21 9 4
106 57 22 8 4
116 57 23 9 4
118 57 25 2 4
57 85 25 2 4
57 88 25 2 4
46 59 24 15 4
59 69 19 15 4
59 87 29 2 4
2 60 26 5 4
15 60 15 0 4
30 60 15 0 4
121 60 23 4 4
127 60 15 0 4
60 61 15 0 4
15 62 21 0 4
16 62 22 5 4
30 62 21 0 4
47 62 18 10 4
53 62 20 1 4
61 62 21 0 4
118 62 18 3 4
123 62 23 2 4
126 62 21 7 4
127 62 21 0 4
12 63 28 14 4
64 8 13 0 4
15 64 12 0 4
30 64 12 0 4
35 64 18 4 4
41 64 10 2 4
53 64 13 0 4
61 64 12 0 4
102 64 16 3 4
111 64 17 2 4
123 64 16 1 4
127 64 12 0 4
15 65 13 0 4
16 65 12 6 4
26 65 15 7 4
30 65 13 0 4
47 65 20 5 4
53 65 12 1 4
56 65 19 7 4
61 65 13 0 4
118 65 14 1 4
123 65 11 4 4
127 65 13 0 4
65 77 15 3 4
65 87 11 2 4
102 66 22 9 4
4 67 24 5 4
67 69 24 5 4
67 85 15 2 4
1 68 28 11 4
15 68 19 0 4
30 68 19 0 4
38 68 30 14 4
61 68 19 0 4
111 68 20 4 4
127 68 19 0 4
69 8 19 0 4
15 69 18 0 4
30 69 18 0 4
41 69 20 0 4
53 69 19 0 4
61 69 18 0 4
127 69 18 0 4
69 70 17 6 4
69 85 19 1 4
69 87 18 1 4
69 91 20 2 4
70 8 12 0 4
15 70 11 0 4
30 70 11 0 4
41 70 13 0 4
53 70 12 0 4
61 70 11 0 4
69 70 17 6 4
127 70 11 0 4
70 87 9 2 4
70 93 17 3 4
112 71 26 11 4
102 72 24 7 4
106 72 20 10 4
118 72 27 2 4
72 77 26 5 4
72 85 27 2 4
72 88 25 3 4
69 73 16 16 4
75 8 22 0 4
15 75 21 0 4
30 75 21 0 4
53 75 22 0 4
61 75 21 0 4
126 75 15 10 4
127 75 21 0 4
75 85 20 2 4
75 87 21 1 4
75 88 18 3 4
17 76 23 2 4
35 76 23 6 4
76 91 21 3 4
76 94 17 6 4
77 8 9 0 4
15 77 8 0 4
16 77 15 2 4
30 77 8 0 4
41 77 10 0 4
45 77 16 2 4
53 77 9 0 4
61 77 8 0 4
118 77 5 3 4
123 77 10 2 4
127 77 8 0 4
77 85 11 0 4
77 87 10 0 4
77 88 11 0 4
113 79 20 8 4
128 79 19 6 4
79 82 23 5 4
79 85 21 2 4
79 88 19 3 4
70 80 20 5 4
106 80 19 6 4
116 80 16 9 4
126 80 19 7 4
80 85 18 2 4
80 87 17 2 4
80 88 18 2 4
17 81 21 4 4
102 81 21 6 4
106 81 19 8 4
111 81 24 4 4
116 81 24 7 4
128 81 24 4 4
81 82 22 6 4
81 88 20 3 4
8 82 12 0 4
15 82 11 0 4
16 82 16 3 4
17 82 11 3 4
30 82 11 0 4
41 82 13 0 4
53 82 12 0 4
61 82 11 0 4
118 82 14 0 4
127 82 11 0 4
128 82 10 5 4
82 85 14 0 4
82 87 13 0 4
82 88 14 0 4
82 94 15 2 4
35 83 26 9 4
8 85 4 0 4
11 85 15 2 4
15 85 3 0 4
30 85 3 0 4
41 85 5 0 4
53 85 4 0 4
61 85 3 0 4
67 85 15 2 4
106 85 11 2 4
115 85 15 2 4
116 85 14 2 4
118 85 6 0 4
127 85 3 0 4
129 85 14 2 4
85 87 5 0 4
85 88 6 0 4
17 86 30 5 4
20 86 26 12 4
8 87 3 0 4
15 87 2 0 4
30 87 2 0 4
41 87 4 0 4
50 87 17 2 4
53 87 3 0 4
61 87 2 0 4
65 87 11 2 4
70 87 9 2 4
80 87 17 2 4
85 87 5 0 4
118 87 5 0 4
126 87 14 1 4
127 87 2 0 4
87 88 5 0 4
8 88 4 0 4
15 88 3 0 4
17 88 9 0 4
30 88 3 0 4
41 88 5 0 4
45 88 11 2 4
53 88 4 0 4
61 88 3 0 4
85 88 6 0 4
87 88 5 0 4
102 88 9 2 4
106 88 9 3 4
111 88 10 1 4
118 88 6 0 4
123 88 9 0 4
127 88 3 0 4
88 91 9 0 4
8 89 20 0 4
15 89 19 0 4
30 89 19 0 4
41 89 19 1 4
45 89 19 6 4
53 89 20 0 4
61 89 19 0 4
88 89 18 2 4
106 89 19 6 4
111 89 20 4 4
116 89 14 10 4
127 89 19 0 4
35 90 40 11 4
8 91 7 0 4
15 91 6 0 4
17 91 10 1 4
20 91 14 4 4
30 91 6 0 4
41 91 8 0 4
53 91 7 0 4
61 91 6 0 4
85 91 9 0 4
87 91 8 0 4
88 91 9 0 4
118 91 9 0 4
127 91 6 0 4
91 93 14 2 4
55 92 25 13 4
92 93 28 7 4
8 93 13 0 4
15 93 12 0 4
30 93 12 0 4
53 93 13 0 4
61 93 12 0 4
70 93 17 3 4
91 93 14 2 4
127 93 12 0 4
8 94 9 0 4
15 94 8 0 4
17 94 14 0 4
30 94 8 0 4
35 94 14 4 4
41 94 10 0 4
53 94 9 0 4
61 94 8 0 4
76 94 17 6 4
82 94 15 2 4
85 94 11 0 4
87 94 10 0 4
88 94 11 0 4
91 94 14 0 4
118 94 11 0 4
123 94 14 0 4
127 94 8 0 4
29 95 30 7 4
64 95 20 4 4
79 96 26 15 4
113 96 26 11 4
35 98 38 7 4
94 98 32 7 4
101 79 29 11 4
101 82 26 7 4
101 113 27 8 4
101 128 24 7 4
102 8 11 0 4
102 15 10 0 4
102 17 16 0 4
102 30 10 0 4
102 41 8 2 4
102 45 14 4 4
102 53 11 0 4
102 61 10 0 4
102 85 13 0 4
102 87 12 0 4
102 88 9 2 4
102 91 16 0 4
102 106 8 7 4
102 111 13 3 4
102 116 13 6 4
102 118 13 0 4
102 123 16 0 4
102 127 10 0 4
104 20 33 9 4
104 91 31 5 4
105 93 26 7 4
106 8 13 0 4
106 15 12 0 4
106 30 12 0 4
106 41 10 2 4
106 53 13 0 4
106 61 12 0 4
106 85 11 2 4
106 87 14 0 4
106 88 9 3 4
102 106 8 7 4
106 111 15 3 4
106 118 15 0 4
106 127 12 0 4
108 15 18 0 4
108 30 18 0 4
108 61 18 0 4
108 85 19 1 4
108 88 17 2 4
108 89 21 8 4
102 108 20 4 4
106 108 16 7 4
108 115 16 9 4
108 116 15 9 4
108 127 18 0 4
109 94 37 5 4
111 7 20 4 4
111 15 9 0 4
111 30 9 0 4
111 41 7 2 4
111 45 17 2 4
111 61 9 0 4
111 64 17 2 4
111 68 20 4 4
111 88 10 1 4
111 89 20 4 4
102 111 13 3 4
106 111 15 3 4
111 115 17 4 4
111 116 16 4 4
111 127 9 0 4
112 15 18 0 4
112 30 18 0 4
112 61 18 0 4
112 71 26 11 4
112 127 18 0 4
113 8 15 0 4
113 15 14 0 4
113 30 14 0 4
113 41 16 0 4
113 53 15 0 4
113 61 14 0 4
113 79 20 8 4
113 82 19 3 4
113 87 16 0 4
113 123 16 2 4
113 127 14 0 4
113 128 15 4 4
114 82 35 9 4
114 128 35 8 4
115 8 17 0 4
115 15 16 0 4
115 30 16 0 4
115 41 14 2 4
115 45 16 6 4
115 53 17 0 4
115 61 16 0 4
115 85 15 2 4
115 87 18 0 4
115 88 15 2 4
102 115 12 7 4
106 115 8 10 4
115 118 19 0 4
115 127 16 0 4
116 8 16 0 4
116 15 15 0 4
116 30 15 0 4
116 41 15 1 4
116 53 16 0 4
116 61 15 0 4
116 85 14 2 4
116 87 17 0 4
116 88 14 2 4
102 116 13 6 4
106 116 11 8 4
111 116 16 4 4
116 118 18 0 4
116 127 15 0 4
118 8 4 0 4
118 15 3 0 4
118 16 12 1 4
118 17 9 0 4
118 30 3 0 4
118 41 5 0 4
118 43 12 2 4
118 45 11 2 4
118 53 4 0 4
118 61 3 0 4
118 77 5 3 4
118 85 6 0 4
118 87 5 0 4
118 88 6 0 4
118 91 9 0 4
118 123 9 0 4
118 127 3 0 4
119 35 26 10 4
119 129 33 7 4
121 4 16 9 4
121 15 16 0 4
121 30 16 0 4
121 61 16 0 4
121 69 20 7 4
121 126 20 5 4
121 127 16 0 4
112 122 32 11 4
122 129 37 7 4
123 8 7 0 4
123 15 6 0 4
123 16 11 3 4
123 26 16 3 4
123 30 6 0 4
123 41 8 0 4
123 53 7 0 4
123 61 6 0 4
123 65 11 4 4
123 77 10 2 4
123 85 9 0 4
123 87 8 0 4
123 88 9 0 4
113 123 16 2 4
118 123 9 0 4
123 127 6 0 4
125 41 25 2 4
125 69 15 15 4
125 85 26 2 4
125 88 26 2 4
126 8 15 0 4
126 15 14 0 4
126 30 14 0 4
126 53 15 0 4
126 61 14 0 4
126 69 16 8 4
126 85 15 1 4
126 87 14 1 4
126 127 14 0 4
128 8 10 0 4
128 15 9 0 4
128 17 13 1 4
128 30 9 0 4
128 41 11 0 4
128 53 10 0 4
128 61 9 0 4
128 82 10 5 4
128 85 12 0 4
128 87 11 0 4
128 88 12 0 4
113 128 15 4 4
118 128 12 0 4
127 128 9 0 4
129 85 14 2 4
129 88 16 1 4
106 129 19 4 4
130 40 34 7 4
130 82 23 5 4
126 130 26 5 4
128 130 23 4 4
