102	106
102	111
102	116
102	41
102	45
102	88
106	111
106	41
106	85
106	88
111	116
111	41
111	64
111	88
111	89
112	71
113	123
113	128
116	85
118	123
118	16
118	17
118	41
118	43
118	45
118	53
118	77
118	8
118	85
118	87
118	88
118	91
121	4
123	16
123	26
123	41
123	53
123	65
123	77
123	8
123	88
128	17
128	82
16	17
16	53
16	65
16	77
16	82
17	41
17	53
17	8
17	82
17	88
17	91
2	60
20	91
24	41
26	45
26	53
26	65
35	64
35	94
41	53
41	64
41	77
41	8
41	85
41	87
41	88
41	91
41	94
45	77
45	88
47	48
47	62
53	65
53	8
53	85
53	87
53	88
53	91
56	65
65	87
69	70
70	87
76	94
77	8
8	85
8	87
8	88
8	91
8	94
80	87
82	94
85	87
85	88
87	88
88	91
91	93
