Res1 Res2 NSingle NDouble Method
1 68 49 10 4
1 94 43 5 4
1 111 47 4 4
1 123 48 3 4
15 2 26 0 4
118 2 25 3 4
127 2 26 0 4
2 8 27 0 4
2 30 26 0 4
2 41 28 0 4
2 43 36 4 4
2 45 37 3 4
2 53 27 0 4
2 60 36 5 4
2 61 26 0 4
2 77 30 4 4
2 87 28 0 4
2 88 29 1 4
2 91 32 1 4
16 3 46 5 4
118 3 43 2 4
3 43 44 8 4
3 77 42 6 4
15 4 28 0 4
17 4 29 4 4
30 4 28 0 4
118 4 33 0 4
121 4 26 12 4
126 4 30 10 4
127 4 28 0 4
4 8 29 0 4
4 41 30 0 4
4 53 29 0 4
4 61 28 0 4
4 85 32 0 4
4 87 30 0 4
4 88 33 0 4
116 5 73 14 4
15 6 31 0 4
17 6 26 7 4
30 6 31 0 4
41 6 33 0 4
45 6 36 6 4
53 6 32 0 4
102 6 26 10 4
106 6 27 11 4
116 6 33 8 4
127 6 31 0 4
6 8 32 0 4
6 61 31 0 4
6 81 24 19 4
6 85 33 1 4
6 87 33 0 4
6 88 26 5 4
6 91 37 1 4
15 7 25 0 4
17 7 28 3 4
24 7 30 6 4
30 7 25 0 4
41 7 25 1 4
53 7 26 0 4
61 7 25 0 4
102 7 30 5 4
115 7 31 10 4
127 7 25 0 4
7 8 26 0 4
7 87 27 0 4
7 91 31 1 4
7 93 33 3 4
7 95 39 5 4
15 8 1 0 4
16 8 15 0 4
17 8 10 0 4
30 8 1 0 4
41 8 3 0 4
53 8 2 0 4
61 8 1 0 4
64 8 17 0 4
70 8 15 0 4
77 8 13 0 4
102 8 16 0 4
111 8 12 0 4
118 8 6 0 4
123 8 11 0 4
127 8 1 0 4
128 8 12 0 4
8 85 5 0 4
8 87 3 0 4
8 88 6 0 4
8 91 9 0 4
8 93 15 0 4
8 94 10 0 4
62 9 66 14 4
10 71 64 21 4
10 112 65 13 4
11 8 24 0 4
102 11 32 3 4
106 11 23 9 4
11 15 23 0 4
11 30 23 0 4
11 41 25 0 4
11 43 33 4 4
11 53 24 0 4
11 61 23 0 4
11 85 21 3 4
11 87 25 0 4
11 88 24 2 4
11 116 29 6 4
11 118 28 0 4
11 127 23 0 4
12 8 35 0 4
111 12 39 3 4
113 12 44 5 4
12 15 34 0 4
12 30 34 0 4
12 41 36 0 4
12 53 35 0 4
12 61 34 0 4
12 68 45 7 4
12 87 36 0 4
12 123 40 2 4
12 127 34 0 4
118 13 44 5 4
13 16 47 8 4
13 17 40 9 4
13 20 46 12 4
13 43 43 12 4
13 77 45 8 4
106 14 48 14 4
123 14 52 8 4
14 75 54 19 4
14 88 53 5 4
16 8 15 0 4
15 16 14 0 4
118 16 17 1 4
123 16 20 2 4
127 16 14 0 4
128 16 23 1 4
16 17 19 2 4
16 30 14 0 4
16 41 16 0 4
16 53 13 1 4
16 61 14 0 4
16 65 21 6 4
16 77 24 1 4
16 82 21 5 4
16 85 18 0 4
16 87 16 0 4
16 88 19 0 4
16 91 22 0 4
16 94 23 0 4
17 8 10 0 4
15 17 9 0 4
16 17 19 2 4
111 17 20 0 4
118 17 14 0 4
123 17 19 0 4
127 17 9 0 4
128 17 20 0 4
17 20 16 7 4
17 30 9 0 4
17 41 11 0 4
17 53 10 0 4
17 61 9 0 4
17 82 20 3 4
17 85 13 0 4
17 87 11 0 4
17 88 14 0 4
17 91 15 1 4
17 94 18 0 4
18 39 60 13 4
18 55 61 11 4
118 19 47 5 4
123 19 46 8 4
19 25 59 17 4
19 26 55 11 4
19 43 52 9 4
19 47 55 12 4
19 50 57 11 4
19 77 50 7 4
20 8 22 0 4
15 20 21 0 4
17 20 16 7 4
118 20 26 0 4
127 20 21 0 4
128 20 30 1 4
20 30 21 0 4
20 41 23 0 4
20 53 22 0 4
20 61 21 0 4
20 77 29 2 4
20 85 25 0 4
20 87 23 0 4
20 88 26 0 4
20 91 21 4 4
17 22 49 7 4
116 22 48 12 4
102 23 38 8 4
106 23 35 11 4
116 23 37 10 4
23 41 37 2 4
23 85 39 2 4
23 87 37 2 4
23 88 34 5 4
24 7 30 6 4
24 8 18 0 4
15 24 17 0 4
102 24 22 5 4
106 24 29 3 4
111 24 24 2 4
115 24 25 9 4
116 24 27 4 4
118 24 22 0 4
123 24 25 1 4
127 24 17 0 4
24 30 17 0 4
24 39 28 9 4
24 41 15 2 4
24 45 28 3 4
24 53 18 0 4
24 61 17 0 4
24 64 27 3 4
24 85 19 1 4
24 87 19 0 4
24 88 22 0 4
24 91 23 1 4
24 94 24 1 4
25 3 43 20 4
2 25 47 10 4
118 25 36 5 4
123 25 39 6 4
25 43 45 7 4
25 77 33 10 4
26 8 26 0 4
15 26 25 0 4
16 26 31 4 4
118 26 24 3 4
123 26 27 4 4
127 26 25 0 4
26 30 25 0 4
26 41 27 0 4
26 45 28 7 4
26 53 24 1 4
26 61 25 0 4
26 62 38 8 4
26 65 26 9 4
26 67 39 5 4
26 77 29 4 4
26 87 27 0 4
15 27 27 0 4
102 27 32 5 4
108 27 41 7 4
111 27 34 2 4
113 27 37 5 4
115 27 39 7 4
116 27 33 6 4
127 27 27 0 4
27 30 27 0 4
27 41 27 1 4
27 61 27 0 4
27 88 28 2 4
27 91 33 1 4
27 93 29 6 4
28 64 56 12 4
28 67 56 16 4
121 29 52 7 4
29 64 44 8 4
29 67 46 11 4
29 69 42 15 4
29 85 42 3 4
29 91 46 3 4
29 93 46 6 4
17 31 50 5 4
20 31 58 7 4
112 31 52 14 4
31 60 55 8 4
126 32 57 11 4
32 35 57 11 4
32 55 55 14 4
32 94 52 7 4
33 8 39 1 4
16 33 44 5 4
17 33 35 7 4
33 82 41 8 4
33 94 43 3 4
35 8 23 0 4
15 35 22 0 4
17 35 31 0 4
30 35 22 0 4
118 35 27 0 4
127 35 22 0 4
35 41 24 0 4
35 53 23 0 4
35 61 22 0 4
35 64 28 5 4
35 76 37 7 4
35 85 26 0 4
35 87 24 0 4
35 88 27 0 4
35 91 30 0 4
35 94 23 4 4
35 36 50 10 4
104 36 65 15 4
119 36 64 13 4
36 64 54 5 4
37 65 70 11 4
102 38 52 10 4
115 38 45 19 4
116 38 49 13 4
38 41 55 2 4
38 85 55 3 4
39 7 34 10 4
39 8 30 0 4
15 39 29 0 4
24 39 28 9 4
30 39 29 0 4
102 39 34 5 4
115 39 39 8 4
123 39 35 2 4
127 39 29 0 4
39 41 27 2 4
39 53 30 0 4
39 61 29 0 4
39 87 31 0 4
39 95 39 7 4
4 40 41 12 4
17 40 32 7 4
20 40 40 9 4
128 40 42 3 4
40 82 38 8 4
40 85 39 1 4
40 87 37 1 4
41 8 3 0 4
15 41 2 0 4
16 41 16 0 4
17 41 11 0 4
24 41 15 2 4
30 41 2 0 4
102 41 15 1 4
106 41 16 2 4
111 41 9 2 4
116 41 18 1 4
118 41 7 0 4
123 41 12 0 4
127 41 2 0 4
128 41 13 0 4
41 53 3 0 4
41 61 2 0 4
41 64 16 1 4
41 70 16 0 4
41 77 14 0 4
41 85 6 0 4
41 87 4 0 4
41 88 7 0 4
41 91 10 0 4
41 93 16 0 4
41 94 11 0 4
11 42 44 7 4
106 42 35 9 4
108 42 41 11 4
116 42 39 7 4
118 42 36 2 4
42 43 41 6 4
42 57 43 14 4
42 77 39 4 4
42 85 37 1 4
42 88 36 2 4
43 8 19 0 4
15 43 18 0 4
30 43 18 0 4
41 43 20 0 4
118 43 17 3 4
127 43 18 0 4
43 45 31 2 4
43 53 19 0 4
43 61 18 0 4
43 65 31 3 4
43 77 22 4 4
43 85 20 1 4
43 87 20 0 4
45 8 18 0 4
15 45 17 0 4
24 45 28 3 4
26 45 28 7 4
30 45 17 0 4
41 45 19 0 4
43 45 31 2 4
102 45 22 5 4
106 45 25 5 4
111 45 26 1 4
118 45 16 3 4
123 45 25 1 4
127 45 17 0 4
45 50 26 9 4
45 53 18 0 4
45 61 17 0 4
45 65 30 3 4
45 77 23 3 4
45 85 21 0 4
45 87 19 0 4
45 88 16 3 4
45 91 25 0 4
15 46 32 0 4
16 46 36 5 4
30 46 32 0 4
118 46 33 2 4
123 46 28 7 4
126 46 34 10 4
127 46 32 0 4
46 53 31 1 4
46 61 32 0 4
46 65 33 9 4
46 77 34 5 4
46 85 34 1 4
46 87 32 1 4
47 8 28 0 4
15 47 27 0 4
16 47 33 4 4
30 47 27 0 4
41 47 29 0 4
118 47 28 2 4
127 47 27 0 4
47 48 36 17 4
47 50 36 9 4
47 53 28 0 4
47 55 39 7 4
47 61 27 0 4
47 62 34 11 4
47 65 36 5 4
47 70 37 2 4
47 77 35 2 4
47 85 29 1 4
47 87 29 0 4
47 48 36 17 4
105 48 31 26 4
126 48 43 11 4
48 53 42 1 4
48 55 39 15 4
48 87 41 2 4
102 49 58 12 4
49 88 62 5 4
50 8 28 0 4
15 50 27 0 4
30 50 27 0 4
41 50 29 0 4
43 50 33 6 4
45 50 26 9 4
106 50 31 7 4
118 50 22 5 4
127 50 27 0 4
50 53 28 0 4
50 61 27 0 4
50 65 34 6 4
50 77 29 5 4
50 87 27 1 4
50 88 22 5 4
51 55 54 16 4
53 8 2 0 4
15 53 1 0 4
16 53 13 1 4
17 53 10 0 4
26 53 24 1 4
30 53 1 0 4
41 53 3 0 4
111 53 12 0 4
118 53 6 0 4
123 53 11 0 4
127 53 1 0 4
128 53 12 0 4
53 61 1 0 4
53 65 18 1 4
53 77 13 0 4
53 85 5 0 4
53 87 3 0 4
53 88 6 0 4
53 91 9 0 4
53 94 10 0 4
101 54 67 13 4
55 8 27 0 4
15 55 26 0 4
30 55 26 0 4
41 55 28 0 4
53 55 27 0 4
118 55 29 1 4
121 55 34 7 4
126 55 32 8 4
127 55 26 0 4
55 61 26 0 4
55 75 36 12 4
55 87 26 1 4
55 91 32 1 4
55 93 28 6 4
20 56 38 6 4
24 56 36 5 4
43 56 35 6 4
50 56 38 9 4
53 56 28 1 4
118 56 28 3 4
56 65 32 8 4
56 70 33 5 4
56 77 33 4 4
56 85 31 1 4
56 87 29 1 4
56 91 29 4 4
11 57 37 11 4
43 57 34 10 4
45 57 43 5 4
106 57 38 8 4
115 57 42 10 4
116 57 38 8 4
118 57 35 3 4
57 77 34 7 4
57 85 34 3 4
57 88 37 2 4
106 58 48 12 4
58 85 50 4 4
17 59 44 4 4
126 59 41 12 4
60 8 21 0 4
2 60 36 5 4
15 60 20 0 4
30 60 20 0 4
41 60 22 0 4
53 60 21 0 4
112 60 39 5 4
118 60 25 0 4
121 60 34 4 4
127 60 20 0 4
129 60 31 4 4
60 61 20 0 4
60 71 46 9 4
60 85 24 0 4
60 87 22 0 4
60 88 25 0 4
62 8 30 0 4
15 62 29 0 4
30 62 29 0 4
41 62 31 0 4
43 62 35 6 4
45 62 34 6 4
47 62 34 11 4
53 62 30 0 4
61 62 29 0 4
118 62 24 5 4
123 62 33 3 4
127 62 29 0 4
62 77 29 6 4
62 85 33 0 4
62 87 31 0 4
62 88 34 0 4
12 63 56 15 4
111 63 51 6 4
63 64 54 7 4
63 95 52 12 4
64 8 17 0 4
15 64 16 0 4
24 64 27 3 4
30 64 16 0 4
35 64 28 5 4
41 64 16 1 4
53 64 17 0 4
61 64 16 0 4
102 64 27 2 4
111 64 25 1 4
116 64 30 2 4
118 64 21 0 4
123 64 24 1 4
127 64 16 0 4
64 67 28 6 4
64 85 20 0 4
64 87 18 0 4
64 88 21 0 4
64 95 26 7 4
65 8 20 0 4
15 65 19 0 4
16 65 21 6 4
26 65 26 9 4
30 65 19 0 4
41 65 21 0 4
45 65 30 3 4
46 65 33 9 4
53 65 18 1 4
56 65 32 8 4
61 65 19 0 4
118 65 22 1 4
123 65 21 4 4
127 65 19 0 4
65 70 23 5 4
65 77 25 3 4
65 85 23 0 4
65 87 19 1 4
65 88 24 0 4
66 8 45 0 4
15 66 44 0 4
30 66 44 0 4
41 66 42 2 4
53 66 45 0 4
61 66 44 0 4
102 66 41 9 4
116 66 40 11 4
127 66 44 0 4
66 87 42 2 4
66 93 40 9 4
67 8 25 0 4
15 67 24 0 4
30 67 24 0 4
41 67 26 0 4
53 67 25 0 4
61 67 24 0 4
64 67 28 6 4
127 67 24 0 4
67 70 32 3 4
67 85 22 3 4
67 87 26 0 4
67 95 38 5 4
68 8 26 0 4
12 68 45 7 4
15 68 25 0 4
30 68 25 0 4
41 68 25 1 4
53 68 26 0 4
61 68 25 0 4
111 68 32 2 4
118 68 30 0 4
127 68 25 0 4
68 85 29 0 4
68 87 27 0 4
68 88 30 0 4
68 94 30 2 4
69 8 29 0 4
15 69 28 0 4
30 69 28 0 4
41 69 30 0 4
53 69 29 0 4
61 69 28 0 4
118 69 33 0 4
126 69 32 9 4
127 69 28 0 4
69 70 32 5 4
69 85 30 1 4
69 87 30 0 4
69 88 33 0 4
69 91 30 3 4
69 93 32 5 4
70 8 15 0 4
15 70 14 0 4
30 70 14 0 4
41 70 16 0 4
53 70 15 0 4
61 70 14 0 4
65 70 23 5 4
69 70 32 5 4
111 70 23 1 4
118 70 19 0 4
127 70 14 0 4
70 80 31 5 4
70 85 18 0 4
70 87 14 1 4
70 88 19 0 4
70 91 20 1 4
60 71 46 9 4
112 71 41 16 4
126 71 52 7 4
71 93 46 6 4
72 8 37 0 4
15 72 36 0 4
30 72 36 0 4
41 72 36 1 4
45 72 39 7 4
53 72 37 0 4
61 72 36 0 4
102 72 41 5 4
106 72 30 12 4
111 72 41 3 4
116 72 34 10 4
118 72 35 3 4
127 72 36 0 4
72 85 34 3 4
72 87 38 0 4
72 88 31 5 4
69 73 35 20 4
125 73 36 25 4
73 85 43 4 4
73 87 47 1 4
73 93 45 8 4
74 94 75 8 4
75 8 35 0 4
15 75 34 0 4
30 75 34 0 4
41 75 36 0 4
53 75 35 0 4
61 75 34 0 4
106 75 36 8 4
116 75 38 7 4
118 75 39 0 4
126 75 28 14 4
127 75 34 0 4
75 80 33 14 4
75 85 34 2 4
75 87 34 1 4
75 88 29 5 4
75 93 34 7 4
76 8 30 0 4
15 76 29 0 4
17 76 32 3 4
20 76 40 5 4
30 76 29 0 4
35 76 37 7 4
53 76 30 0 4
61 76 29 0 4
117 76 66 17 4
127 76 29 0 4
76 91 31 3 4
76 94 26 6 4
77 8 13 0 4
15 77 12 0 4
16 77 24 1 4
17 77 21 0 4
30 77 12 0 4
41 77 14 0 4
43 77 22 4 4
45 77 23 3 4
50 77 29 5 4
53 77 13 0 4
61 77 12 0 4
65 77 25 3 4
111 77 23 0 4
118 77 7 5 4
123 77 18 2 4
127 77 12 0 4
128 77 23 0 4
77 85 16 0 4
77 87 14 0 4
77 88 17 0 4
77 91 20 0 4
77 94 21 0 4
3 78 61 26 4
79 8 36 0 4
15 79 35 0 4
30 79 35 0 4
41 79 37 0 4
53 79 36 0 4
61 79 35 0 4
106 79 33 10 4
113 79 35 10 4
116 79 43 5 4
118 79 40 0 4
127 79 35 0 4
128 79 36 5 4
79 82 36 8 4
79 85 33 3 4
79 87 37 0 4
79 88 30 5 4
8 80 28 0 4
15 80 27 0 4
30 80 27 0 4
41 80 29 0 4
53 80 28 0 4
61 80 27 0 4
69 80 33 11 4
70 80 31 5 4
106 80 29 8 4
116 80 31 7 4
126 80 31 9 4
127 80 27 0 4
80 85 27 2 4
80 87 25 2 4
80 88 28 2 4
80 91 33 1 4
80 93 33 4 4
6 81 24 19 4
8 81 32 0 4
15 81 31 0 4
17 81 34 3 4
30 81 31 0 4
41 81 33 0 4
45 81 36 6 4
53 81 32 0 4
61 81 31 0 4
70 81 37 4 4
102 81 28 9 4
106 81 27 11 4
111 81 36 3 4
118 81 36 0 4
127 81 31 0 4
128 81 34 4 4
81 82 36 6 4
81 85 33 1 4
81 87 33 0 4
81 88 26 5 4
8 82 18 0 4
15 82 17 0 4
16 82 21 5 4
17 82 20 3 4
30 82 17 0 4
41 82 19 0 4
53 82 18 0 4
61 82 17 0 4
113 82 31 3 4
118 82 22 0 4
123 82 27 0 4
127 82 17 0 4
128 82 16 6 4
82 85 21 0 4
82 87 19 0 4
82 88 22 0 4
82 91 25 0 4
82 94 24 1 4
24 83 52 5 4
26 83 52 9 4
35 83 47 10 4
67 83 51 9 4
83 94 46 4 4
8 85 5 0 4
15 85 4 0 4
17 85 13 0 4
24 85 19 1 4
30 85 4 0 4
41 85 6 0 4
53 85 5 0 4
61 85 4 0 4
77 85 16 0 4
106 85 16 3 4
111 85 15 0 4
116 85 16 3 4
118 85 9 0 4
123 85 14 0 4
127 85 4 0 4
128 85 15 0 4
85 87 6 0 4
85 88 9 0 4
85 91 12 0 4
85 94 13 0 4
17 86 46 4 4
20 86 44 11 4
118 86 46 2 4
8 87 3 0 4
15 87 2 0 4
17 87 11 0 4
30 87 2 0 4
41 87 4 0 4
53 87 3 0 4
61 87 2 0 4
65 87 19 1 4
70 87 14 1 4
77 87 14 0 4
80 87 25 2 4
85 87 6 0 4
111 87 13 0 4
118 87 7 0 4
123 87 12 0 4
127 87 2 0 4
128 87 13 0 4
87 88 7 0 4
87 91 10 0 4
87 94 11 0 4
8 88 6 0 4
15 88 5 0 4
16 88 19 0 4
17 88 14 0 4
30 88 5 0 4
41 88 7 0 4
45 88 16 3 4
53 88 6 0 4
61 88 5 0 4
70 88 19 0 4
77 88 17 0 4
85 88 9 0 4
87 88 7 0 4
102 88 16 2 4
106 88 13 5 4
111 88 14 1 4
116 88 19 2 4
118 88 10 0 4
123 88 15 0 4
127 88 5 0 4
128 88 16 0 4
88 91 13 0 4
88 93 19 0 4
88 94 14 0 4
8 89 30 0 4
15 89 29 0 4
30 89 29 0 4
41 89 29 1 4
45 89 30 8 4
53 89 30 0 4
61 89 29 0 4
85 89 33 0 4
87 89 31 0 4
88 89 28 3 4
102 89 24 10 4
106 89 29 9 4
111 89 32 4 4
116 89 27 10 4
118 89 34 0 4
127 89 29 0 4
8 91 9 0 4
15 91 8 0 4
17 91 15 1 4
20 91 21 4 4
24 91 23 1 4
30 91 8 0 4
41 91 10 0 4
53 91 9 0 4
56 91 29 4 4
61 91 8 0 4
69 91 30 3 4
70 91 20 1 4
85 91 12 0 4
87 91 10 0 4
88 91 13 0 4
111 91 19 0 4
118 91 13 0 4
123 91 18 0 4
127 91 8 0 4
128 91 19 0 4
91 93 20 1 4
91 94 17 0 4
55 92 40 15 4
92 93 46 6 4
8 93 15 0 4
15 93 14 0 4
27 93 29 6 4
30 93 14 0 4
41 93 16 0 4
53 93 15 0 4
55 93 28 6 4
61 93 14 0 4
69 93 32 5 4
75 93 34 7 4
85 93 18 0 4
87 93 16 0 4
88 93 19 0 4
91 93 20 1 4
118 93 19 0 4
127 93 14 0 4
128 93 23 1 4
8 94 10 0 4
15 94 9 0 4
16 94 23 0 4
17 94 18 0 4
24 94 24 1 4
30 94 9 0 4
35 94 23 4 4
41 94 11 0 4
53 94 10 0 4
61 94 9 0 4
70 94 23 0 4
76 94 26 6 4
77 94 21 0 4
82 94 24 1 4
85 94 13 0 4
87 94 11 0 4
88 94 14 0 4
91 94 17 0 4
93 94 23 0 4
111 94 20 0 4
118 94 14 0 4
123 94 19 0 4
127 94 9 0 4
128 94 20 0 4
7 95 39 5 4
8 95 25 0 4
15 95 24 0 4
30 95 24 0 4
35 95 38 4 4
39 95 39 7 4
41 95 26 0 4
53 95 25 0 4
61 95 24 0 4
63 95 52 12 4
64 95 26 7 4
67 95 38 5 4
85 95 28 0 4
87 95 26 0 4
123 95 32 1 4
127 95 24 0 4
11 96 52 11 4
79 96 46 20 4
85 96 49 3 4
88 96 50 3 4
91 96 51 4 4
113 96 41 15 4
128 96 52 5 4
17 97 57 5 4
64 97 60 7 4
2 98 60 7 4
8 98 47 1 4
94 98 45 6 4
41 99 55 2 4
93 99 53 9 4
100 41 57 1 4
100 115 49 17 4
100 116 51 12 4
101 3 49 17 4
101 16 45 5 4
101 17 44 3 4
101 20 46 8 4
101 82 38 10 4
101 113 47 7 4
101 123 45 3 4
101 128 42 5 4
102 8 16 0 4
102 15 15 0 4
102 17 24 0 4
102 24 22 5 4
102 30 15 0 4
102 41 15 1 4
102 45 22 5 4
102 53 16 0 4
102 61 15 0 4
102 64 27 2 4
102 70 27 1 4
102 77 27 0 4
102 85 19 0 4
102 87 17 0 4
102 88 16 2 4
102 91 23 0 4
102 94 24 0 4
102 106 17 8 4
102 111 22 2 4
102 116 23 5 4
102 118 20 0 4
102 123 25 0 4
102 127 15 0 4
102 128 26 0 4
103 55 70 19 4
103 77 72 11 4
104 20 50 9 4
104 64 49 7 4
104 91 47 4 4
105 8 41 0 4
105 15 40 0 4
105 30 40 0 4
105 46 38 17 4
105 48 31 26 4
105 53 41 0 4
105 61 40 0 4
105 85 42 1 4
105 87 40 1 4
105 91 42 3 4
105 123 36 7 4
105 126 38 12 4
105 127 40 0 4
106 8 19 0 4
106 15 18 0 4
106 17 27 0 4
106 30 18 0 4
106 41 16 2 4
106 45 25 5 4
106 53 19 0 4
106 61 18 0 4
106 70 28 2 4
106 77 30 0 4
106 85 16 3 4
106 87 20 0 4
106 88 13 5 4
106 91 26 0 4
106 94 27 0 4
102 106 17 8 4
106 111 23 3 4
106 116 22 7 4
106 118 23 0 4
106 123 28 0 4
106 127 18 0 4
106 128 29 0 4
108 8 29 0 4
108 11 37 7 4
108 15 28 0 4
108 30 28 0 4
108 41 30 0 4
108 45 35 5 4
108 53 29 0 4
108 61 28 0 4
108 70 34 4 4
108 85 30 1 4
108 87 30 0 4
108 88 27 3 4
102 108 31 6 4
106 108 24 11 4
108 111 35 2 4
108 116 32 7 4
108 127 28 0 4
109 94 54 5 4
109 129 50 12 4
111 8 12 0 4
111 15 11 0 4
111 24 24 2 4
111 30 11 0 4
111 41 9 2 4
111 53 12 0 4
111 61 11 0 4
111 64 25 1 4
111 70 23 1 4
111 85 15 0 4
111 87 13 0 4
111 88 14 1 4
111 89 32 4 4
102 111 22 2 4
106 111 23 3 4
111 115 29 4 4
111 116 23 3 4
111 118 16 0 4
111 127 11 0 4
112 8 30 0 4
112 15 29 0 4
112 30 29 0 4
112 31 52 14 4
112 41 31 0 4
112 53 30 0 4
112 60 39 5 4
112 61 29 0 4
112 71 41 16 4
112 85 33 0 4
112 87 31 0 4
112 127 29 0 4
113 8 21 0 4
113 15 20 0 4
113 27 37 5 4
113 30 20 0 4
113 41 22 0 4
113 53 21 0 4
113 61 20 0 4
113 82 31 3 4
113 85 24 0 4
113 87 22 0 4
113 88 25 0 4
113 91 28 0 4
113 118 25 0 4
113 123 24 3 4
113 127 20 0 4
113 128 23 4 4
114 17 50 9 4
114 128 60 5 4
115 8 27 0 4
115 15 26 0 4
115 17 35 0 4
115 24 25 9 4
115 30 26 0 4
115 41 24 2 4
115 45 31 6 4
115 53 27 0 4
115 61 26 0 4
115 70 34 3 4
115 85 24 3 4
115 87 28 0 4
115 88 25 3 4
115 91 34 0 4
115 94 35 0 4
102 115 25 8 4
106 115 18 13 4
111 115 29 4 4
115 116 22 11 4
115 118 31 0 4
115 123 36 0 4
115 127 26 0 4
115 128 35 1 4
116 8 19 0 4
116 15 18 0 4
116 17 27 0 4
116 24 27 4 4
116 30 18 0 4
116 41 18 1 4
116 53 19 0 4
116 61 18 0 4
116 64 30 2 4
116 70 30 1 4
116 85 16 3 4
116 87 20 0 4
116 88 19 2 4
116 91 26 0 4
116 93 30 1 4
116 94 27 0 4
102 116 23 5 4
106 116 22 7 4
111 116 23 3 4
115 116 22 11 4
116 118 23 0 4
116 123 28 0 4
116 127 18 0 4
116 128 29 0 4
117 76 66 17 4
118 8 6 0 4
118 15 5 0 4
118 16 17 1 4
118 17 14 0 4
118 30 5 0 4
118 41 7 0 4
118 43 17 3 4
118 45 16 3 4
118 53 6 0 4
118 61 5 0 4
118 65 22 1 4
118 70 19 0 4
118 77 7 5 4
118 85 9 0 4
118 87 7 0 4
118 88 10 0 4
118 91 13 0 4
118 93 19 0 4
118 94 14 0 4
102 118 20 0 4
111 118 16 0 4
118 123 15 0 4
118 127 5 0 4
118 128 16 0 4
119 15 42 0 4
119 30 42 0 4
119 35 38 13 4
119 61 42 0 4
119 64 44 7 4
119 83 53 17 4
119 94 47 2 4
119 127 42 0 4
119 129 47 7 4
116 120 56 14 4
121 4 26 12 4
121 8 23 0 4
121 15 22 0 4
121 30 22 0 4
121 41 24 0 4
121 53 23 0 4
121 55 34 7 4
121 61 22 0 4
121 69 34 8 4
121 70 32 2 4
121 85 26 0 4
121 87 24 0 4
121 88 27 0 4
121 93 32 2 4
118 121 27 0 4
121 126 30 7 4
121 127 22 0 4
112 122 53 15 4
123 8 11 0 4
123 15 10 0 4
123 16 20 2 4
123 17 19 0 4
123 26 27 4 4
123 30 10 0 4
123 41 12 0 4
123 46 28 7 4
123 53 11 0 4
123 61 10 0 4
123 65 21 4 4
123 77 18 2 4
123 85 14 0 4
123 87 12 0 4
123 88 15 0 4
123 91 18 0 4
123 94 19 0 4
113 123 24 3 4
118 123 15 0 4
123 127 10 0 4
12 124 85 27 4
125 8 40 0 4
125 15 39 0 4
125 24 34 11 4
125 30 39 0 4
125 41 37 2 4
125 45 42 7 4
125 53 40 0 4
125 61 39 0 4
125 85 37 3 4
125 87 39 1 4
125 88 38 3 4
125 91 41 3 4
125 93 43 5 4
102 125 40 7 4
106 125 39 9 4
116 125 43 7 4
125 127 39 0 4
126 8 23 0 4
126 15 22 0 4
126 30 22 0 4
126 41 24 0 4
126 53 23 0 4
126 61 22 0 4
126 70 30 3 4
126 75 28 14 4
126 85 24 1 4
126 87 22 1 4
126 88 27 0 4
126 93 30 3 4
118 126 27 0 4
121 126 30 7 4
126 127 22 0 4
128 8 12 0 4
128 15 11 0 4
128 16 23 1 4
128 17 20 0 4
128 30 11 0 4
128 41 13 0 4
128 53 12 0 4
128 61 11 0 4
128 82 16 6 4
128 85 15 0 4
128 87 13 0 4
128 88 16 0 4
128 91 19 0 4
128 93 23 1 4
128 94 20 0 4
113 128 23 4 4
118 128 16 0 4
127 128 11 0 4
129 8 20 0 4
129 15 19 0 4
129 30 19 0 4
129 41 21 0 4
129 53 20 0 4
129 60 31 4 4
129 61 19 0 4
129 64 31 2 4
129 85 21 1 4
129 87 21 0 4
129 88 22 1 4
11 129 34 4 4
106 129 31 3 4
109 129 50 12 4
121 129 33 4 4
127 129 19 0 4
130 27 42 8 4
130 29 57 9 4
130 40 54 7 4
130 82 36 6 4
130 94 34 3 4
113 130 41 5 4
126 130 39 7 4
128 130 34 4 4
