Res1 Res2 NSingle NDouble Method
26 30 12 6 4
13 31 5 5 4
36 6 19 6 4
30 48 20 6 4
20 52 27 8 4
24 52 13 8 4
30 67 22 7 4
3 74 14 11 4
3 77 17 15 4
36 77 24 7 4
57 77 19 14 4
55 78 0 14 4
19 80 6 1 4
61 80 3 0 4
82 9 10 3 4
6 82 16 3 4
61 82 4 0 4
80 82 5 0 4
27 86 19 7 4
48 88 12 11 4
13 89 4 4 4
19 89 5 3 4
61 89 6 0 4
80 89 7 0 4
17 92 0 17 4
55 93 0 14 4
78 93 0 14 4
38 94 12 2 4
61 94 5 0 4
80 94 6 0 4
63 95 6 6 4
89 95 5 4 4
12 97 19 12 4
28 97 18 4 4
86 97 20 8 4
19 99 6 2 4
49 99 7 2 4
61 99 5 0 4
80 99 6 0 4
89 99 7 1 4
105 58 3 8 4
105 63 3 8 4
106 19 4 5 4
107 61 6 0 4
107 80 3 2 4
107 89 8 1 4
108 14 8 9 4
110 49 3 7 4
113 26 19 5 4
113 30 11 8 4
113 48 19 9 4
113 67 19 11 4
118 28 13 2 4
118 61 10 1 4
118 82 12 1 4
122 26 21 6 4
122 48 21 10 4
122 88 17 8 4
116 125 24 20 4
126 19 11 1 4
126 29 3 6 4
