Res1 Res2 NSingle NDouble Method
3 74 14 11 4
3 77 17 15 4
13 4 6 5 4
15 4 9 0 4
123 4 9 0 4
127 4 9 0 4
4 8 9 0 4
4 53 9 0 4
4 61 10 0 4
4 89 6 4 4
4 99 11 1 4
36 6 19 6 4
118 6 22 4 4
6 9 20 6 4
6 82 16 3 4
19 7 8 6 4
7 80 12 2 4
7 99 14 2 4
14 9 15 5 4
70 9 16 5 4
80 9 13 1 4
82 9 10 3 4
109 9 16 5 4
126 9 14 3 4
10 8 13 0 4
10 15 13 0 4
10 43 0 13 4
10 53 13 0 4
10 71 4 9 4
10 80 13 1 4
10 99 13 2 4
10 123 13 0 4
10 127 13 0 4
11 8 8 0 4
107 11 9 2 4
11 15 8 0 4
11 19 10 2 4
11 49 13 1 4
11 53 8 0 4
11 61 9 0 4
11 89 7 3 4
11 123 8 0 4
11 127 8 0 4
12 97 19 12 4
13 8 7 0 4
11 13 7 4 4
107 13 8 2 4
123 13 7 0 4
127 13 7 0 4
13 15 7 0 4
13 31 5 5 4
13 49 12 1 4
13 53 7 0 4
13 61 8 0 4
13 80 7 1 4
13 82 10 0 4
13 89 4 4 4
13 94 11 0 4
13 95 7 4 4
13 99 11 0 4
13 14 11 4 4
108 14 8 9 4
126 14 11 4 4
14 31 10 5 4
14 80 12 1 4
16 8 9 0 4
15 16 9 0 4
123 16 9 0 4
126 16 4 6 4
127 16 9 0 4
16 53 9 0 4
16 61 10 0 4
16 80 7 2 4
17 8 17 0 4
15 17 17 0 4
123 17 17 0 4
127 17 17 0 4
17 53 17 0 4
17 80 17 1 4
17 92 0 17 4
19 8 6 0 4
15 19 6 0 4
106 19 4 5 4
123 19 6 0 4
126 19 11 1 4
127 19 6 0 4
19 53 6 0 4
19 61 7 0 4
19 80 6 1 4
19 89 5 3 4
19 99 6 2 4
130 20 25 8 4
20 41 22 8 4
20 52 27 8 4
21 8 12 0 4
15 21 12 0 4
123 21 12 0 4
127 21 12 0 4
21 53 12 0 4
21 61 13 0 4
21 80 12 1 4
21 99 12 2 4
22 24 24 6 4
22 61 24 1 4
22 74 24 8 4
24 8 11 0 4
15 24 11 0 4
123 24 11 0 4
127 24 11 0 4
24 52 13 8 4
24 53 11 0 4
113 26 19 5 4
122 26 21 6 4
26 30 12 6 4
26 88 18 4 4
27 42 33 12 4
27 86 19 7 4
12 28 21 4 4
118 28 13 2 4
28 97 18 4 4
29 8 8 0 4
13 29 9 3 4
15 29 8 0 4
19 29 8 3 4
107 29 7 3 4
123 29 8 0 4
126 29 3 6 4
127 29 8 0 4
29 53 8 0 4
29 61 9 0 4
29 80 6 2 4
29 82 11 0 4
29 89 9 2 4
29 99 10 1 4
26 30 12 6 4
113 30 11 8 4
30 48 20 6 4
30 67 22 7 4
31 8 8 0 4
13 31 5 5 4
15 31 8 0 4
19 31 12 1 4
107 31 11 1 4
123 31 8 0 4
126 31 5 5 4
127 31 8 0 4
31 53 8 0 4
31 61 9 0 4
31 80 8 1 4
31 89 9 2 4
32 8 11 0 4
11 32 5 7 4
15 32 11 0 4
107 32 8 4 4
123 32 11 0 4
127 32 11 0 4
32 53 11 0 4
32 61 12 0 4
32 80 11 1 4
32 89 10 3 4
33 8 14 0 4
15 33 14 0 4
24 33 17 4 4
123 33 14 0 4
127 33 14 0 4
33 53 14 0 4
33 61 15 0 4
33 99 16 1 4
36 6 19 6 4
36 77 24 7 4
37 8 9 0 4
15 37 9 0 4
19 37 11 2 4
107 37 10 2 4
123 37 9 0 4
126 37 4 6 4
127 37 9 0 4
37 49 4 6 4
37 53 9 0 4
37 61 10 0 4
37 80 9 1 4
37 89 12 1 4
37 99 11 1 4
101 38 20 8 4
38 80 12 1 4
38 94 12 2 4
40 8 15 0 4
15 40 15 0 4
107 40 10 5 4
123 40 15 0 4
127 40 15 0 4
40 53 15 0 4
40 80 13 2 4
41 8 13 0 4
15 41 13 0 4
123 41 13 0 4
127 41 13 0 4
41 53 13 0 4
41 61 14 0 4
43 8 13 0 4
15 43 13 0 4
37 43 6 8 4
123 43 13 0 4
127 43 13 0 4
43 53 13 0 4
43 61 14 0 4
43 80 13 1 4
43 89 10 4 4
43 99 13 2 4
45 8 12 0 4
15 45 12 0 4
16 45 5 8 4
19 45 8 5 4
37 45 3 9 4
123 45 12 0 4
127 45 12 0 4
45 53 12 0 4
45 61 13 0 4
45 80 12 1 4
46 80 11 1 4
47 8 14 0 4
15 47 14 0 4
123 47 14 0 4
127 47 14 0 4
47 53 14 0 4
47 61 15 0 4
47 80 14 1 4
30 48 20 6 4
113 48 19 9 4
122 48 21 10 4
48 88 12 11 4
49 8 7 0 4
15 49 7 0 4
29 49 5 5 4
107 49 8 2 4
110 49 3 7 4
123 49 7 0 4
126 49 6 4 4
127 49 7 0 4
49 53 7 0 4
49 61 8 0 4
49 80 7 1 4
49 89 10 1 4
49 99 7 2 4
20 52 27 8 4
24 52 13 8 4
41 52 21 5 4
108 52 24 4 4
130 52 24 5 4
55 8 14 0 4
15 55 14 0 4
53 55 14 0 4
107 55 9 5 4
123 55 14 0 4
127 55 14 0 4
55 61 15 0 4
55 78 0 14 4
55 80 12 2 4
55 89 11 4 4
55 93 0 14 4
55 99 14 2 4
56 8 10 0 4
15 56 10 0 4
19 56 4 6 4
53 56 10 0 4
107 56 9 3 4
123 56 10 0 4
127 56 10 0 4
56 61 11 0 4
56 80 10 1 4
56 89 7 4 4
56 99 10 2 4
57 74 22 7 4
57 77 19 14 4
58 8 10 0 4
15 58 10 0 4
16 58 5 7 4
19 58 8 4 4
37 58 5 7 4
49 58 5 6 4
53 58 10 0 4
104 58 3 9 4
105 58 3 8 4
107 58 11 2 4
123 58 10 0 4
126 58 5 6 4
127 58 10 0 4
58 61 11 0 4
58 80 10 1 4
58 89 9 3 4
59 8 10 0 4
15 59 10 0 4
49 59 9 4 4
53 59 10 0 4
107 59 13 1 4
123 59 10 0 4
127 59 10 0 4
59 61 11 0 4
59 89 9 3 4
59 99 10 2 4
61 8 1 0 4
15 61 1 0 4
53 61 1 0 4
107 61 6 0 4
118 61 10 1 4
123 61 1 0 4
127 61 1 0 4
61 80 3 0 4
61 82 4 0 4
61 89 6 0 4
61 94 5 0 4
61 99 5 0 4
63 8 10 0 4
15 63 10 0 4
19 63 8 4 4
49 63 7 5 4
53 63 10 0 4
61 63 11 0 4
105 63 3 8 4
107 63 7 4 4
123 63 10 0 4
126 63 7 5 4
127 63 10 0 4
63 80 8 2 4
63 89 9 3 4
63 95 6 6 4
64 8 11 0 4
15 64 11 0 4
19 64 7 5 4
49 64 8 5 4
53 64 11 0 4
61 64 12 0 4
107 64 10 3 4
123 64 11 0 4
127 64 11 0 4
64 80 11 1 4
64 89 8 4 4
66 8 11 0 4
15 66 11 0 4
53 66 11 0 4
61 66 12 0 4
107 66 8 4 4
123 66 11 0 4
127 66 11 0 4
66 80 9 2 4
66 82 14 0 4
66 89 12 2 4
66 99 13 1 4
30 67 22 7 4
113 67 19 11 4
70 8 13 0 4
15 70 13 0 4
53 70 13 0 4
61 70 14 0 4
107 70 8 5 4
123 70 13 0 4
126 70 8 6 4
127 70 13 0 4
70 80 11 2 4
70 89 10 4 4
71 8 9 0 4
15 71 9 0 4
53 71 9 0 4
61 71 10 0 4
107 71 10 2 4
123 71 9 0 4
127 71 9 0 4
71 80 11 0 4
71 89 8 3 4
71 99 11 1 4
72 8 13 0 4
15 72 13 0 4
53 72 13 0 4
61 72 14 0 4
107 72 10 4 4
123 72 13 0 4
127 72 13 0 4
72 80 13 1 4
72 99 13 2 4
74 8 15 0 4
3 74 14 11 4
15 74 15 0 4
53 74 15 0 4
61 74 14 1 4
123 74 15 0 4
127 74 15 0 4
76 8 12 0 4
15 76 12 0 4
19 76 6 6 4
49 76 7 6 4
53 76 12 0 4
61 76 13 0 4
107 76 7 5 4
123 76 12 0 4
127 76 12 0 4
76 80 10 2 4
76 99 12 2 4
3 77 17 15 4
36 77 24 7 4
57 77 19 14 4
74 77 17 12 4
78 8 14 0 4
15 78 14 0 4
19 78 8 6 4
53 78 14 0 4
55 78 0 14 4
61 78 15 0 4
123 78 14 0 4
127 78 14 0 4
78 80 12 2 4
78 93 0 14 4
78 99 14 2 4
79 8 11 0 4
11 79 5 7 4
15 79 11 0 4
53 79 11 0 4
61 79 12 0 4
107 79 12 2 4
123 79 11 0 4
127 79 11 0 4
79 89 6 5 4
8 80 2 0 4
15 80 2 0 4
19 80 6 1 4
28 80 8 0 4
53 80 2 0 4
61 80 3 0 4
107 80 3 2 4
123 80 2 0 4
127 80 2 0 4
80 82 5 0 4
80 89 7 0 4
80 94 6 0 4
80 99 6 0 4
82 9 10 3 4
6 82 16 3 4
8 82 3 0 4
15 82 3 0 4
36 82 13 1 4
53 82 3 0 4
61 82 4 0 4
80 82 5 0 4
118 82 12 1 4
123 82 3 0 4
127 82 3 0 4
83 97 36 14 4
8 84 9 0 4
15 84 9 0 4
53 84 9 0 4
61 84 10 0 4
80 84 9 1 4
82 84 12 0 4
107 84 6 4 4
123 84 9 0 4
127 84 9 0 4
84 89 10 2 4
84 94 13 0 4
84 99 11 1 4
27 86 19 7 4
28 86 18 2 4
108 86 20 5 4
86 97 20 8 4
48 88 12 11 4
80 88 13 1 4
122 88 17 8 4
8 89 5 0 4
13 89 4 4 4
15 89 5 0 4
19 89 5 3 4
53 89 5 0 4
61 89 6 0 4
80 89 7 0 4
107 89 8 1 4
123 89 5 0 4
127 89 5 0 4
89 95 5 4 4
89 99 7 1 4
8 90 11 0 4
15 90 11 0 4
19 90 5 6 4
53 90 11 0 4
61 90 12 0 4
80 90 9 2 4
82 90 14 0 4
107 90 6 5 4
123 90 11 0 4
127 90 11 0 4
90 99 11 2 4
8 92 17 0 4
15 92 17 0 4
17 92 0 17 4
53 92 17 0 4
123 92 17 0 4
127 92 17 0 4
8 93 14 0 4
15 93 14 0 4
19 93 8 6 4
53 93 14 0 4
55 93 0 14 4
61 93 15 0 4
78 93 0 14 4
80 93 12 2 4
107 93 9 5 4
123 93 14 0 4
127 93 14 0 4
93 99 14 2 4
8 94 4 0 4
15 94 4 0 4
38 94 12 2 4
53 94 4 0 4
61 94 5 0 4
80 94 6 0 4
123 94 4 0 4
127 94 4 0 4
8 95 8 0 4
15 95 8 0 4
19 95 10 2 4
53 95 8 0 4
61 95 9 0 4
63 95 6 6 4
80 95 8 1 4
89 95 5 4 4
107 95 7 3 4
123 95 8 0 4
127 95 8 0 4
95 99 10 1 4
12 97 19 12 4
28 97 18 4 4
86 97 20 8 4
8 99 4 0 4
15 99 4 0 4
19 99 6 2 4
49 99 7 2 4
53 99 4 0 4
61 99 5 0 4
80 99 6 0 4
89 99 7 1 4
123 99 4 0 4
127 99 4 0 4
100 24 27 5 4
100 33 24 8 4
102 8 10 0 4
102 15 10 0 4
102 19 8 4 4
102 53 10 0 4
102 80 10 1 4
102 89 9 3 4
102 99 12 1 4
102 107 13 1 4
102 123 10 0 4
102 127 10 0 4
103 11 6 5 4
103 37 9 4 4
103 89 11 1 4
103 107 11 1 4
103 126 7 4 4
104 80 9 2 4
104 89 10 3 4
104 99 13 1 4
105 8 9 0 4
105 15 9 0 4
105 19 7 4 4
105 49 6 5 4
105 53 9 0 4
105 58 3 8 4
105 63 3 8 4
105 80 7 2 4
105 89 8 3 4
105 99 11 1 4
105 107 10 2 4
105 123 9 0 4
105 127 9 0 4
106 8 8 0 4
106 11 6 5 4
106 15 8 0 4
106 19 4 5 4
106 53 8 0 4
106 61 9 0 4
106 80 8 1 4
106 89 9 2 4
106 99 10 1 4
106 107 9 2 4
106 123 8 0 4
106 127 8 0 4
107 8 5 0 4
107 15 5 0 4
107 19 7 2 4
107 53 5 0 4
107 61 6 0 4
107 80 3 2 4
107 82 8 0 4
107 89 8 1 4
107 123 5 0 4
107 127 5 0 4
108 11 14 4 4
108 14 8 9 4
108 70 13 7 4
108 79 11 7 4
103 108 14 4 4
108 109 13 7 4
109 8 13 0 4
109 15 13 0 4
109 53 13 0 4
109 80 11 2 4
107 109 8 5 4
109 123 13 0 4
109 127 13 0 4
110 19 4 6 4
110 29 6 6 4
110 49 3 7 4
110 80 10 1 4
110 89 9 3 4
107 110 9 3 4
111 80 10 2 4
113 26 19 5 4
113 30 11 8 4
113 48 19 9 4
113 67 19 11 4
113 88 19 5 4
114 80 12 2 4
115 80 14 1 4
116 125 24 20 4
117 8 10 0 4
117 15 10 0 4
117 53 10 0 4
117 80 10 1 4
117 123 10 0 4
117 127 10 0 4
118 28 13 2 4
118 61 10 1 4
118 82 12 1 4
119 80 14 2 4
121 8 12 0 4
121 15 12 0 4
121 53 12 0 4
121 80 12 1 4
121 123 12 0 4
121 127 12 0 4
122 26 21 6 4
122 48 21 10 4
122 88 17 8 4
124 57 38 12 4
125 97 32 11 4
116 125 24 20 4
126 8 7 0 4
126 15 7 0 4
126 19 11 1 4
126 29 3 6 4
126 53 7 0 4
126 61 8 0 4
126 80 5 2 4
126 89 10 1 4
107 126 8 2 4
123 126 7 0 4
126 127 7 0 4
102 129 7 10 4
130 86 22 5 4
108 130 18 6 4
