Res1 Res2 NSingle NDouble Method
3 57 9 10 4
3 74 5 10 4
3 77 7 11 4
4 80 7 1 4
36 6 12 4 4
6 9 13 4 4
6 82 10 2 4
106 11 3 5 4
11 56 3 5 4
13 8 6 0 4
123 13 6 0 4
127 13 6 0 4
13 15 6 0 4
13 53 6 0 4
13 80 6 1 4
13 89 1 5 4
126 16 1 7 4
17 80 9 1 4
19 8 4 0 4
15 19 4 0 4
107 19 4 2 4
123 19 4 0 4
127 19 4 0 4
19 53 4 0 4
19 80 4 1 4
19 99 4 2 4
130 20 18 7 4
20 52 19 7 4
21 80 9 1 4
113 26 10 7 4
26 30 4 7 4
26 88 11 5 4
27 86 9 9 4
28 86 11 3 4
29 8 8 0 4
15 29 8 0 4
123 29 8 0 4
127 29 8 0 4
29 53 8 0 4
29 80 6 2 4
26 30 4 7 4
113 30 8 6 4
31 80 7 1 4
32 80 8 1 4
24 33 9 5 4
33 99 10 2 4
36 6 12 4 4
36 77 15 4 4
37 80 6 2 4
101 38 13 8 4
38 46 9 4 4
38 94 8 2 4
45 80 7 2 4
47 80 9 1 4
113 48 13 7 4
122 48 13 8 4
48 88 6 9 4
19 49 5 3 4
49 80 5 2 4
24 52 10 7 4
33 52 15 5 4
41 52 13 5 4
55 8 9 0 4
15 55 9 0 4
53 55 9 0 4
123 55 9 0 4
127 55 9 0 4
55 80 7 2 4
56 8 6 0 4
15 56 6 0 4
19 56 2 4 4
53 56 6 0 4
107 56 4 3 4
123 56 6 0 4
127 56 6 0 4
56 80 6 1 4
57 74 10 8 4
58 8 9 0 4
15 58 9 0 4
53 58 9 0 4
123 58 9 0 4
127 58 9 0 4
58 80 7 2 4
59 80 8 1 4
61 8 1 0 4
15 61 1 0 4
53 61 1 0 4
118 61 7 1 4
123 61 1 0 4
127 61 1 0 4
61 80 3 0 4
61 82 3 0 4
61 94 4 0 4
63 80 6 2 4
64 80 6 2 4
66 8 8 0 4
15 66 8 0 4
53 66 8 0 4
61 66 9 0 4
123 66 8 0 4
127 66 8 0 4
66 80 6 2 4
70 8 9 0 4
15 70 9 0 4
53 70 9 0 4
123 70 9 0 4
127 70 9 0 4
70 80 7 2 4
19 71 6 3 4
107 71 6 3 4
71 80 8 1 4
72 8 8 0 4
15 72 8 0 4
53 72 8 0 4
123 72 8 0 4
127 72 8 0 4
72 80 8 1 4
3 74 5 10 4
61 74 10 1 4
74 77 8 9 4
76 80 7 2 4
3 77 7 11 4
74 77 8 9 4
78 8 9 0 4
15 78 9 0 4
53 78 9 0 4
123 78 9 0 4
127 78 9 0 4
78 80 7 2 4
8 80 2 0 4
15 80 2 0 4
53 80 2 0 4
61 80 3 0 4
123 80 2 0 4
127 80 2 0 4
80 82 4 0 4
82 9 7 2 4
6 82 10 2 4
8 82 2 0 4
15 82 2 0 4
36 82 8 1 4
53 82 2 0 4
61 82 3 0 4
80 82 4 0 4
118 82 8 1 4
123 82 2 0 4
127 82 2 0 4
8 84 6 0 4
15 84 6 0 4
53 84 6 0 4
61 84 7 0 4
80 84 6 1 4
123 84 6 0 4
127 84 6 0 4
27 86 9 9 4
108 86 11 5 4
86 97 10 9 4
26 88 11 5 4
48 88 6 9 4
19 89 3 3 4
8 90 7 0 4
15 90 7 0 4
53 90 7 0 4
61 90 8 0 4
80 90 5 2 4
123 90 7 0 4
127 90 7 0 4
8 92 9 0 4
15 92 9 0 4
53 92 9 0 4
80 92 9 1 4
123 92 9 0 4
127 92 9 0 4
8 93 9 0 4
15 93 9 0 4
53 93 9 0 4
80 93 7 2 4
123 93 9 0 4
127 93 9 0 4
8 94 3 0 4
15 94 3 0 4
38 94 8 2 4
53 94 3 0 4
61 94 4 0 4
123 94 3 0 4
127 94 3 0 4
13 95 3 5 4
80 95 7 1 4
86 97 10 9 4
19 99 4 2 4
89 99 5 2 4
100 33 14 8 4
102 19 4 3 4
102 80 6 1 4
102 89 3 4 4
103 126 4 5 4
104 58 0 9 4
106 19 2 4 4
106 80 6 1 4
107 8 4 0 4
107 15 4 0 4
107 53 4 0 4
107 80 2 2 4
107 123 4 0 4
107 127 4 0 4
108 14 4 7 4
113 26 10 7 4
113 30 8 6 4
113 67 13 10 4
115 19 6 3 4
107 115 6 3 4
116 125 6 21 4
122 26 12 7 4
122 48 13 8 4
122 88 11 7 4
125 26 13 11 4
116 125 6 21 4
126 80 5 2 4
108 130 11 6 4
