Res1 Res2 NSingle NDouble Method
1 53 13 3 4
1 90 14 6 4
1 99 15 6 4
1 101 16 5 4
1 107 16 6 4
1 110 14 6 4
1 111 14 5 4
1 113 15 4 4
1 114 17 6 4
1 115 14 4 4
1 117 15 4 4
1 126 16 5 4
114 2 21 11 4
16 3 18 8 4
127 3 15 1 4
3 37 14 3 4
3 55 12 5 4
3 63 14 5 4
3 88 19 10 4
100 6 26 5 4
107 6 21 11 4
114 6 20 12 4
25 8 17 3 4
41 8 7 0 4
60 8 22 4 4
61 8 7 0 4
118 8 7 0 4
123 8 12 1 4
127 8 8 0 4
8 80 13 1 4
8 82 7 0 4
8 94 7 0 4
20 9 19 11 4
113 9 22 5 4
9 99 22 7 4
10 99 15 6 4
10 104 14 7 4
10 115 14 4 4
10 120 13 5 4
10 126 12 7 4
11 110 19 6 4
11 111 19 5 4
11 114 20 7 4
110 12 22 8 4
13 75 19 10 4
13 87 22 7 4
100 15 14 2 4
115 15 15 2 4
15 29 12 8 4
15 49 15 11 4
15 73 13 7 4
16 3 18 8 4
16 19 20 6 4
16 37 16 3 4
16 55 12 6 4
16 63 16 5 4
101 18 20 6 4
117 18 19 5 4
126 18 18 7 4
1 19 18 6 4
10 19 20 5 4
19 26 16 5 4
19 30 14 3 4
19 55 16 2 4
19 56 14 5 4
19 90 14 5 4
20 9 19 11 4
10 20 18 7 4
20 26 16 6 4
20 29 17 7 4
22 8 22 2 4
22 28 30 9 4
22 56 23 3 4
22 80 15 6 4
25 8 17 3 4
12 25 28 8 4
25 54 23 5 4
10 26 16 6 4
19 26 16 5 4
20 26 16 6 4
26 30 14 2 4
26 48 20 9 4
26 56 14 4 4
26 27 18 7 4
27 44 20 5 4
22 28 30 9 4
28 80 25 6 4
15 29 12 8 4
20 29 17 7 4
29 73 17 6 4
26 30 14 2 4
118 30 6 0 4
127 30 7 0 4
30 41 6 0 4
30 44 12 2 4
30 61 6 0 4
30 82 6 0 4
30 94 6 0 4
120 33 12 3 4
127 33 10 1 4
33 37 11 2 4
33 44 13 4 4
33 55 13 2 4
33 74 15 4 4
100 36 18 5 4
101 36 17 8 4
3 37 14 3 4
16 37 16 3 4
33 37 11 2 4
118 37 4 0 4
127 37 5 0 4
37 41 4 0 4
37 55 6 2 4
37 61 4 0 4
37 63 10 1 4
37 76 22 4 4
37 82 4 0 4
37 94 4 0 4
100 39 19 5 4
104 39 12 12 4
111 39 20 6 4
115 39 18 6 4
117 39 21 5 4
120 39 19 6 4
117 40 21 5 4
43 98 20 4 4
30 44 12 2 4
33 44 13 4 4
37 44 12 1 4
127 44 9 1 4
44 54 15 6 4
44 55 12 2 4
44 63 14 2 4
128 45 39 28 4
46 67 19 12 4
100 47 17 5 4
26 48 20 9 4
15 49 15 11 4
100 49 19 5 4
49 52 16 16 4
37 53 7 0 4
41 53 3 0 4
100 53 4 2 4
101 53 9 2 4
107 53 9 3 4
110 53 9 2 4
111 53 5 3 4
114 53 10 3 4
115 53 7 1 4
117 53 4 3 4
118 53 3 0 4
127 53 4 0 4
53 61 3 0 4
53 82 3 0 4
53 87 10 1 4
53 94 3 0 4
53 99 10 2 4
33 54 18 5 4
44 54 15 6 4
54 69 17 7 4
54 73 21 5 4
54 74 15 7 4
54 75 19 5 4
54 83 15 7 4
3 55 12 5 4
16 55 12 6 4
37 55 6 2 4
41 55 6 0 4
44 55 12 2 4
118 55 6 0 4
127 55 5 1 4
55 61 6 0 4
55 63 8 3 4
55 82 6 0 4
55 88 19 5 4
55 94 6 0 4
19 56 14 5 4
26 56 14 4 4
44 56 16 2 4
116 56 27 7 4
56 90 14 3 4
104 57 33 7 4
112 57 31 15 4
126 57 31 7 4
27 58 23 19 4
44 59 25 7 4
59 88 30 11 4
60 8 22 4 4
123 60 20 5 4
3 63 14 5 4
16 63 16 5 4
37 63 10 1 4
44 63 14 2 4
55 63 8 3 4
111 63 12 2 4
126 63 14 2 4
63 87 13 2 4
104 64 18 8 4
110 64 20 6 4
120 64 17 6 4
126 64 18 7 4
64 99 19 7 4
53 66 18 3 4
101 66 17 7 4
117 66 16 6 4
15 67 14 10 4
49 67 15 15 4
103 67 18 8 4
67 83 17 8 4
41 69 14 0 4
61 69 14 0 4
118 69 14 0 4
69 74 12 7 4
69 75 10 8 4
69 82 14 0 4
69 83 10 8 4
69 85 14 5 4
69 94 14 0 4
69 97 12 10 4
69 98 13 3 4
19 70 27 6 4
105 72 18 8 4
107 72 17 7 4
109 72 19 10 4
110 72 19 5 4
111 72 15 6 4
113 72 18 4 4
114 72 20 6 4
72 97 21 8 4
72 99 20 5 4
15 73 13 7 4
100 73 15 2 4
73 74 16 5 4
73 75 16 5 4
73 83 12 7 4
73 87 13 5 4
41 74 12 0 4
61 74 12 0 4
69 74 12 7 4
104 74 14 5 4
113 74 15 2 4
115 74 14 2 4
118 74 12 0 4
126 74 12 5 4
74 75 12 6 4
74 82 12 0 4
74 83 10 7 4
74 87 11 5 4
74 94 12 0 4
74 99 13 5 4
69 75 10 8 4
74 75 12 6 4
101 75 14 4 4
113 75 13 3 4
115 75 14 2 4
117 75 11 4 4
126 75 14 4 4
75 83 14 5 4
75 85 12 5 4
75 87 11 5 4
75 98 11 3 4
100 76 21 5 4
101 76 20 8 4
104 76 18 10 4
53 77 18 2 4
100 77 14 5 4
101 77 17 6 4
104 77 15 8 4
115 77 13 6 4
77 87 18 5 4
53 78 17 3 4
111 78 14 7 4
117 78 17 5 4
78 87 17 6 4
102 79 57 21 4
8 80 13 1 4
15 80 17 2 4
22 80 15 6 4
28 80 25 6 4
41 80 8 0 4
61 80 8 0 4
69 80 18 2 4
103 80 17 2 4
118 80 8 0 4
127 80 9 0 4
80 82 8 0 4
80 94 8 0 4
69 83 10 8 4
73 83 12 7 4
74 83 10 7 4
75 83 14 5 4
103 83 11 7 4
83 85 12 5 4
69 85 14 5 4
75 85 12 5 4
83 85 12 5 4
103 85 13 5 4
121 86 26 13 4
53 87 10 1 4
74 87 11 5 4
75 87 11 5 4
100 87 10 2 4
104 87 11 5 4
107 87 11 5 4
110 87 11 4 4
111 87 9 4 4
113 87 12 2 4
115 87 5 5 4
117 87 12 2 4
120 87 8 4 4
87 98 10 2 4
87 99 12 4 4
3 88 19 10 4
33 88 20 7 4
44 88 19 7 4
55 88 19 5 4
127 88 22 1 4
100 89 21 5 4
1 90 14 6 4
10 90 16 5 4
19 90 14 5 4
113 90 13 2 4
117 90 11 3 4
91 93 10 21 4
74 93 16 12 4
91 93 10 21 4
74 95 25 5 4
83 95 23 6 4
75 97 12 9 4
101 97 16 6 4
110 97 16 6 4
111 97 16 5 4
117 97 15 5 4
126 97 16 6 4
97 98 17 3 4
41 98 5 0 4
61 98 5 0 4
75 98 11 3 4
82 98 5 0 4
94 98 5 0 4
100 98 8 1 4
110 98 9 3 4
111 98 11 1 4
113 98 8 2 4
115 98 5 3 4
117 98 10 1 4
118 98 5 0 4
120 98 6 3 4
127 98 6 0 4
98 99 10 3 4
53 99 10 2 4
98 99 10 3 4
100 99 12 2 4
101 99 11 5 4
110 99 3 9 4
111 99 9 5 4
113 99 10 4 4
114 99 8 8 4
115 99 9 4 4
117 99 12 3 4
120 99 8 5 4
100 41 5 0 4
100 53 4 2 4
100 61 5 0 4
100 82 5 0 4
100 87 10 2 4
100 94 5 0 4
100 98 8 1 4
100 101 5 5 4
100 104 7 5 4
100 105 10 5 4
100 107 7 5 4
100 111 9 2 4
100 114 8 5 4
100 115 7 2 4
100 117 8 2 4
100 118 5 0 4
100 120 10 1 4
100 127 6 0 4
101 53 9 2 4
101 87 13 3 4
101 98 11 2 4
101 99 11 5 4
100 101 5 5 4
101 104 6 8 4
101 105 9 8 4
101 107 8 7 4
101 110 10 5 4
101 111 12 3 4
101 113 13 2 4
101 114 9 7 4
101 115 10 3 4
101 117 7 5 4
101 120 11 3 4
101 126 10 5 4
102 8 24 3 4
102 124 26 5 4
103 69 15 6 4
103 73 15 6 4
103 83 11 7 4
103 85 13 5 4
103 87 16 3 4
104 53 11 2 4
104 98 13 2 4
104 99 9 7 4
100 104 7 5 4
101 104 6 8 4
104 107 8 8 4
104 110 10 6 4
104 113 13 3 4
104 114 7 9 4
104 115 8 5 4
104 117 9 5 4
104 120 9 5 4
104 126 6 8 4
105 53 12 3 4
105 98 12 4 4
105 99 10 8 4
100 105 10 5 4
101 105 9 8 4
104 105 11 8 4
105 107 5 11 4
105 110 11 7 4
105 111 9 7 4
105 113 14 4 4
105 114 8 10 4
105 115 13 4 4
105 120 14 4 4
105 126 13 6 4
106 98 14 1 4
104 106 17 3 4
106 113 14 2 4
106 115 13 2 4
106 124 12 6 4
106 126 15 3 4
107 53 9 3 4
107 98 13 2 4
107 99 9 7 4
100 107 7 5 4
101 107 8 7 4
104 107 8 8 4
105 107 5 11 4
107 110 8 7 4
107 111 6 7 4
107 113 9 5 4
107 114 3 11 4
107 115 10 4 4
107 117 11 4 4
107 120 13 3 4
107 126 10 6 4
109 87 19 5 4
109 98 15 5 4
109 99 13 9 4
100 109 19 3 4
101 109 14 8 4
104 109 12 10 4
107 109 14 9 4
109 110 14 8 4
109 111 16 6 4
109 113 15 6 4
109 114 13 10 4
109 115 16 5 4
109 117 17 5 4
109 126 12 9 4
110 41 10 0 4
110 53 9 2 4
110 61 10 0 4
110 82 10 0 4
110 87 11 4 4
110 94 10 0 4
110 98 9 3 4
110 99 3 9 4
100 110 11 2 4
101 110 10 5 4
110 111 8 5 4
110 113 9 4 4
110 114 5 9 4
110 115 8 4 4
110 117 11 3 4
110 118 10 0 4
110 120 5 6 4
110 126 8 6 4
111 41 8 0 4
111 53 5 3 4
111 61 8 0 4
111 63 12 2 4
111 82 8 0 4
111 87 9 4 4
111 94 8 0 4
111 98 11 1 4
111 99 9 5 4
100 111 9 2 4
104 111 10 5 4
105 111 9 7 4
107 111 6 7 4
110 111 8 5 4
111 113 9 3 4
111 114 9 6 4
111 115 8 3 4
111 117 5 5 4
111 118 8 0 4
111 120 11 2 4
111 126 10 4 4
111 127 9 0 4
113 41 7 0 4
113 61 7 0 4
113 82 7 0 4
113 94 7 0 4
113 98 8 2 4
113 99 10 4 4
107 113 9 5 4
110 113 9 4 4
111 113 9 3 4
113 114 10 5 4
113 115 7 3 4
113 118 7 0 4
113 120 10 2 4
113 126 9 4 4
113 127 8 0 4
114 53 10 3 4
114 98 12 3 4
114 99 8 8 4
100 114 8 5 4
104 114 7 9 4
105 114 8 10 4
107 114 3 11 4
110 114 5 9 4
111 114 9 6 4
113 114 10 5 4
114 115 11 4 4
114 117 12 4 4
114 120 10 5 4
115 41 6 0 4
115 53 7 1 4
115 61 6 0 4
115 82 6 0 4
115 87 5 5 4
115 94 6 0 4
115 98 5 3 4
115 99 9 4 4
100 115 7 2 4
101 115 10 3 4
104 115 8 5 4
110 115 8 4 4
111 115 8 3 4
113 115 7 3 4
115 117 9 2 4
115 118 6 0 4
115 120 5 4 4
115 126 10 3 4
115 127 7 0 4
116 19 29 8 4
116 26 27 8 4
116 56 27 7 4
117 41 7 0 4
117 53 4 3 4
117 61 7 0 4
117 82 7 0 4
117 90 11 3 4
117 94 7 0 4
117 98 10 1 4
100 117 8 2 4
101 117 7 5 4
104 117 9 5 4
110 117 11 3 4
111 117 5 5 4
113 117 12 1 4
115 117 9 2 4
117 118 7 0 4
117 120 12 1 4
117 126 9 4 4
117 127 8 0 4
120 41 7 0 4
120 61 7 0 4
120 82 7 0 4
120 87 8 4 4
120 94 7 0 4
120 98 6 3 4
120 99 8 5 4
100 120 10 1 4
101 120 11 3 4
104 120 9 5 4
110 120 5 6 4
111 120 11 2 4
113 120 10 2 4
114 120 10 5 4
115 120 5 4 4
117 120 12 1 4
118 120 7 0 4
120 126 9 4 4
120 127 8 0 4
102 122 34 12 4
122 124 32 8 4
123 8 12 1 4
123 41 7 0 4
123 60 20 5 4
123 61 7 0 4
123 82 7 0 4
123 94 7 0 4
118 123 7 0 4
123 127 8 0 4
106 124 12 6 4
126 41 10 0 4
126 53 11 1 4
126 61 10 0 4
126 82 10 0 4
126 94 10 0 4
126 98 11 2 4
126 99 7 7 4
100 126 13 1 4
101 126 10 5 4
104 126 6 8 4
107 126 10 6 4
110 126 8 6 4
111 126 10 4 4
113 126 9 4 4
114 126 9 7 4
115 126 10 3 4
117 126 9 4 4
118 126 10 0 4
120 126 9 4 4
127 33 10 1 4
127 37 5 0 4
127 41 1 0 4
127 44 9 1 4
127 53 4 0 4
127 55 5 1 4
127 61 1 0 4
127 82 1 0 4
127 94 1 0 4
118 127 1 0 4
