Res1 Res2 NSingle NDouble Method
16 3 18 8 4
20 9 19 11 4
25 8 17 3 4
19 26 16 5 4
20 26 16 6 4
22 28 30 9 4
15 29 12 8 4
20 29 17 7 4
26 30 14 2 4
3 37 14 3 4
16 37 16 3 4
33 37 11 2 4
30 44 12 2 4
33 44 13 4 4
26 48 20 9 4
15 49 15 11 4
44 54 15 6 4
3 55 12 5 4
16 55 12 6 4
37 55 6 2 4
44 55 12 2 4
19 56 14 5 4
26 56 14 4 4
60 8 22 4 4
3 63 14 5 4
16 63 16 5 4
37 63 10 1 4
44 63 14 2 4
55 63 8 3 4
15 73 13 7 4
69 74 12 7 4
69 75 10 8 4
74 75 12 6 4
8 80 13 1 4
22 80 15 6 4
28 80 25 6 4
69 83 10 8 4
73 83 12 7 4
74 83 10 7 4
75 83 14 5 4
69 85 14 5 4
75 85 12 5 4
83 85 12 5 4
53 87 10 1 4
74 87 11 5 4
75 87 11 5 4
3 88 19 10 4
55 88 19 5 4
1 90 14 6 4
19 90 14 5 4
91 93 10 21 4
75 98 11 3 4
53 99 10 2 4
98 99 10 3 4
100 53 4 2 4
100 87 10 2 4
100 98 8 1 4
101 53 9 2 4
101 99 11 5 4
100 101 5 5 4
103 83 11 7 4
103 85 13 5 4
100 104 7 5 4
101 104 6 8 4
100 105 10 5 4
101 105 9 8 4
107 53 9 3 4
100 107 7 5 4
101 107 8 7 4
104 107 8 8 4
105 107 5 11 4
110 53 9 2 4
110 87 11 4 4
110 98 9 3 4
110 99 3 9 4
101 110 10 5 4
111 53 5 3 4
111 63 12 2 4
111 87 9 4 4
111 98 11 1 4
111 99 9 5 4
100 111 9 2 4
105 111 9 7 4
107 111 6 7 4
110 111 8 5 4
113 98 8 2 4
113 99 10 4 4
107 113 9 5 4
110 113 9 4 4
111 113 9 3 4
114 53 10 3 4
114 99 8 8 4
100 114 8 5 4
104 114 7 9 4
105 114 8 10 4
107 114 3 11 4
110 114 5 9 4
111 114 9 6 4
113 114 10 5 4
115 53 7 1 4
115 87 5 5 4
115 98 5 3 4
115 99 9 4 4
100 115 7 2 4
101 115 10 3 4
104 115 8 5 4
110 115 8 4 4
111 115 8 3 4
113 115 7 3 4
116 56 27 7 4
117 53 4 3 4
117 90 11 3 4
117 98 10 1 4
100 117 8 2 4
101 117 7 5 4
104 117 9 5 4
110 117 11 3 4
111 117 5 5 4
115 117 9 2 4
120 87 8 4 4
120 98 6 3 4
120 99 8 5 4
100 120 10 1 4
101 120 11 3 4
104 120 9 5 4
110 120 5 6 4
111 120 11 2 4
113 120 10 2 4
114 120 10 5 4
115 120 5 4 4
117 120 12 1 4
123 8 12 1 4
123 60 20 5 4
106 124 12 6 4
101 126 10 5 4
104 126 6 8 4
107 126 10 6 4
110 126 8 6 4
111 126 10 4 4
113 126 9 4 4
115 126 10 3 4
117 126 9 4 4
120 126 9 4 4
127 33 10 1 4
127 37 5 0 4
127 44 9 1 4
127 53 4 0 4
127 55 5 1 4
