Res1 Res2 NSingle NDouble Method
5 60 49 8 7
5 68 48 12 7
5 88 46 8 7
15 8 9 0 7
34 8 22 1 7
52 8 18 1 7
53 8 16 1 7
59 8 21 1 7
60 8 20 1 7
61 8 3 0 7
67 8 20 1 7
105 8 15 0 7
107 8 13 0 7
127 8 5 1 7
8 82 15 0 7
8 87 9 1 7
8 88 17 1 7
8 94 9 0 7
10 107 46 5 7
15 8 9 0 7
105 15 18 0 7
107 15 16 0 7
127 15 10 0 7
15 30 20 0 7
15 61 6 0 7
15 82 18 0 7
15 87 14 0 7
15 94 12 0 7
17 59 51 9 7
18 8 29 0 7
104 18 29 6 7
122 18 33 4 7
127 18 30 0 7
18 61 26 0 7
18 87 32 1 7
20 61 30 0 7
22 60 41 7 7
24 87 38 7 7
127 25 35 3 7
28 52 36 7 7
28 61 33 0 7
28 87 33 4 7
29 53 50 6 7
29 59 51 8 7
30 8 17 0 7
15 30 20 0 7
107 30 24 0 7
127 30 18 0 7
30 61 14 0 7
30 87 22 0 7
30 88 24 3 7
30 94 20 0 7
34 8 22 1 7
102 34 32 5 7
113 34 33 3 7
127 34 23 1 7
34 61 21 0 7
34 94 25 1 7
35 53 41 5 7
127 36 43 2 7
36 87 37 7 7
107 37 42 6 7
37 87 40 6 7
37 94 44 3 7
40 61 40 0 7
127 41 26 1 7
41 53 31 4 7
41 61 24 0 7
41 94 26 2 7
42 53 34 9 7
47 60 53 12 7
49 87 48 8 7
49 88 54 9 7
50 8 29 1 7
127 50 26 3 7
50 61 28 0 7
52 8 18 1 7
122 52 28 2 7
127 52 19 1 7
52 61 17 0 7
52 87 23 1 7
53 8 16 1 7
127 53 17 1 7
53 60 30 2 7
53 61 15 0 7
53 87 21 1 7
53 88 27 2 7
104 56 44 7 7
112 56 42 11 7
127 56 41 3 7
59 8 21 1 7
15 59 26 0 7
127 59 22 1 7
59 60 31 4 7
59 61 20 0 7
59 87 26 1 7
59 94 26 0 7
60 8 20 1 7
104 60 22 6 7
105 60 25 3 7
112 60 28 6 7
114 60 30 4 7
122 60 22 6 7
127 60 21 1 7
60 61 19 0 7
60 87 25 1 7
107 65 48 5 7
127 65 46 3 7
67 8 20 1 7
53 67 26 4 7
61 67 19 0 7
104 67 28 3 7
127 67 21 1 7
67 82 19 6 7
67 87 23 2 7
68 8 27 1 7
60 68 27 9 7
61 68 26 0 7
67 68 33 6 7
104 68 21 10 7
105 68 30 4 7
112 68 31 8 7
114 68 29 8 7
122 68 31 5 7
127 68 28 1 7
68 87 26 4 7
68 94 28 2 7
70 8 32 0 7
30 70 37 3 7
61 70 29 0 7
127 70 33 0 7
70 94 31 2 7
72 8 38 1 7
52 72 40 7 7
59 72 35 11 7
61 72 37 0 7
127 72 39 1 7
105 73 40 11 7
107 73 40 10 7
114 73 47 11 7
59 74 54 15 7
61 76 32 0 7
105 76 36 4 7
114 76 37 7 7
76 94 34 2 7
70 77 72 18 7
105 80 43 9 7
8 82 15 0 7
15 82 18 0 7
30 82 26 0 7
53 82 27 0 7
61 82 12 0 7
104 82 25 1 7
105 82 24 0 7
107 82 22 0 7
122 82 27 0 7
127 82 16 0 7
82 87 20 0 7
82 94 18 0 7
8 85 30 0 7
15 85 33 0 7
61 85 27 0 7
67 85 36 5 7
82 85 31 4 7
104 85 38 2 7
122 85 38 2 7
127 85 31 0 7
85 87 35 0 7
85 94 33 0 7
61 86 45 0 7
105 86 45 6 7
107 86 39 8 7
86 94 47 2 7
8 87 9 1 7
15 87 14 0 7
52 87 23 1 7
53 87 21 1 7
61 87 8 0 7
67 87 23 2 7
127 87 10 1 7
87 88 22 1 7
87 94 14 0 7
8 88 17 1 7
30 88 24 3 7
53 88 27 2 7
61 88 16 0 7
87 88 22 1 7
113 88 26 4 7
127 88 18 1 7
8 94 9 0 7
15 94 12 0 7
61 94 6 0 7
82 94 18 0 7
87 94 14 0 7
105 94 16 1 7
107 94 14 1 7
112 94 23 2 7
114 94 23 1 7
127 94 10 0 7
102 8 24 0 7
102 15 27 0 7
102 34 32 5 7
102 61 21 0 7
102 87 29 0 7
102 94 25 1 7
102 127 23 1 7
103 107 50 7 7
104 8 18 0 7
104 15 21 0 7
104 60 22 6 7
104 61 15 0 7
104 67 28 3 7
104 82 25 1 7
104 87 23 0 7
104 94 21 0 7
104 105 25 1 7
104 107 23 1 7
104 114 18 8 7
104 122 20 5 7
104 127 19 0 7
105 8 15 0 7
105 15 18 0 7
105 60 25 3 7
105 61 12 0 7
105 82 24 0 7
105 87 20 0 7
105 94 16 1 7
104 105 25 1 7
105 107 18 2 7
105 114 19 6 7
105 122 25 1 7
105 127 16 0 7
107 8 13 0 7
107 15 16 0 7
107 61 10 0 7
107 82 22 0 7
107 87 18 0 7
107 94 14 1 7
104 107 23 1 7
105 107 18 2 7
107 112 25 3 7
107 114 19 5 7
107 127 14 0 7
109 113 44 8 7
111 8 35 1 7
111 60 43 5 7
111 112 45 5 7
111 122 41 4 7
112 8 24 0 7
112 15 27 0 7
112 60 28 6 7
112 61 21 0 7
112 87 29 0 7
112 94 23 2 7
104 112 28 4 7
105 112 17 8 7
107 112 25 3 7
112 114 22 9 7
112 122 30 3 7
112 127 25 0 7
113 8 21 0 7
113 15 24 0 7
113 34 33 3 7
113 61 18 0 7
113 87 26 0 7
113 88 26 4 7
113 94 24 0 7
113 127 22 0 7
114 8 22 0 7
114 15 25 0 7
114 60 30 4 7
114 61 19 0 7
114 87 27 0 7
114 94 23 1 7
104 114 18 8 7
105 114 19 6 7
107 114 19 5 7
112 114 22 9 7
114 122 28 3 7
114 127 23 0 7
118 8 35 0 7
118 15 36 1 7
118 61 32 0 7
118 127 36 0 7
119 88 47 8 7
122 8 18 0 7
122 15 21 0 7
122 52 28 2 7
122 60 22 6 7
122 61 15 0 7
122 87 23 0 7
122 94 21 0 7
104 122 20 5 7
105 122 25 1 7
114 122 28 3 7
122 127 19 0 7
123 53 29 4 7
123 61 22 0 7
107 123 26 3 7
125 8 42 1 7
125 50 39 15 7
125 59 39 11 7
125 61 41 0 7
126 15 56 1 7
126 61 52 0 7
127 8 5 1 7
127 15 10 0 7
127 52 19 1 7
127 53 17 1 7
127 59 22 1 7
127 60 21 1 7
127 61 4 0 7
127 67 21 1 7
127 87 10 1 7
127 88 18 1 7
127 94 10 0 7
107 127 14 0 7
128 15 52 3 7
128 61 52 0 7
129 61 38 0 7
