Res1 Res2 NSingle NDouble Method
15 8 9 0 7
15 30 20 0 7
34 8 22 1 7
52 8 18 1 7
53 8 16 1 7
59 8 21 1 7
60 8 20 1 7
67 8 20 1 7
8 82 15 0 7
15 82 18 0 7
8 87 9 1 7
15 87 14 0 7
52 87 23 1 7
53 87 21 1 7
67 87 23 2 7
8 88 17 1 7
30 88 24 3 7
53 88 27 2 7
87 88 22 1 7
8 94 9 0 7
15 94 12 0 7
82 94 18 0 7
87 94 14 0 7
102 34 32 5 7
104 60 22 6 7
104 67 28 3 7
104 82 25 1 7
105 8 15 0 7
105 15 18 0 7
105 60 25 3 7
105 82 24 0 7
105 94 16 1 7
104 105 25 1 7
107 8 13 0 7
107 15 16 0 7
107 82 22 0 7
107 94 14 1 7
104 107 23 1 7
105 107 18 2 7
112 60 28 6 7
112 94 23 2 7
107 112 25 3 7
113 34 33 3 7
113 88 26 4 7
114 60 30 4 7
114 94 23 1 7
104 114 18 8 7
105 114 19 6 7
107 114 19 5 7
112 114 22 9 7
122 52 28 2 7
122 60 22 6 7
104 122 20 5 7
105 122 25 1 7
114 122 28 3 7
127 8 5 1 7
127 15 10 0 7
127 52 19 1 7
127 53 17 1 7
127 59 22 1 7
127 60 21 1 7
127 67 21 1 7
127 87 10 1 7
127 88 18 1 7
127 94 10 0 7
107 127 14 0 7
