Res1 Res2 NSingle NDouble Method
15 8 8 0 7
52 8 12 1 7
53 8 13 1 7
61 8 3 0 7
127 8 5 1 7
8 87 7 1 7
8 88 12 1 7
15 8 8 0 7
107 15 11 0 7
127 15 9 0 7
15 61 5 0 7
15 87 11 0 7
15 94 11 0 7
17 59 28 12 7
104 18 20 6 7
114 18 22 6 7
122 18 20 6 7
22 60 28 7 7
24 87 25 5 7
28 87 23 4 7
30 8 14 0 7
30 61 11 0 7
30 88 18 2 7
34 8 17 1 7
127 34 18 1 7
36 87 25 5 7
127 41 17 2 7
41 94 19 2 7
42 53 21 8 7
49 87 28 6 7
127 50 18 3 7
52 8 12 1 7
127 52 13 1 7
52 61 11 0 7
53 8 13 1 7
127 53 14 1 7
59 8 16 1 7
127 59 17 1 7
59 61 15 0 7
60 8 15 1 7
104 60 17 4 7
105 60 17 3 7
122 60 15 5 7
67 82 14 7 7
67 87 19 2 7
68 8 18 1 7
61 68 17 0 7
104 68 16 6 7
105 68 18 4 7
122 68 18 5 7
68 87 17 3 7
107 70 22 2 7
70 94 20 3 7
59 72 21 11 7
105 73 25 8 7
107 73 26 6 7
8 82 14 0 7
15 82 16 0 7
61 82 11 0 7
107 82 17 0 7
127 82 15 0 7
82 87 17 0 7
82 94 17 0 7
61 85 19 0 7
8 87 7 1 7
61 87 6 0 7
127 87 8 1 7
8 88 12 1 7
113 88 17 3 7
127 88 13 1 7
8 94 9 0 7
15 94 11 0 7
61 94 6 0 7
105 94 13 1 7
107 94 8 2 7
112 94 15 3 7
127 94 10 0 7
102 61 17 0 7
102 94 21 1 7
102 127 19 1 7
104 8 14 0 7
104 61 11 0 7
104 107 15 1 7
104 114 12 6 7
104 122 12 5 7
104 127 15 0 7
105 8 12 0 7
105 15 14 0 7
105 61 9 0 7
105 94 13 1 7
105 107 11 2 7
105 112 12 6 7
105 114 12 5 7
105 127 13 0 7
107 8 9 0 7
107 15 11 0 7
107 61 6 0 7
107 87 12 0 7
107 94 8 2 7
105 107 11 2 7
107 127 10 0 7
112 8 18 0 7
112 61 15 0 7
112 94 15 3 7
105 112 12 6 7
107 112 15 3 7
112 114 14 7 7
113 8 15 0 7
113 61 12 0 7
113 88 17 3 7
114 8 16 0 7
114 61 13 0 7
114 94 17 1 7
104 114 12 6 7
105 114 12 5 7
107 114 13 3 7
114 122 16 4 7
118 61 22 0 7
122 60 15 5 7
122 61 11 0 7
104 122 12 5 7
114 122 16 4 7
123 53 20 5 7
107 123 18 3 7
125 59 18 12 7
127 8 5 1 7
127 52 13 1 7
127 61 4 0 7
127 87 8 1 7
127 88 13 1 7
