Res1 Res2 NSingle NDouble Method
1 5 53 3 4
1 15 60 3 4
1 16 61 5 4
1 29 55 5 4
1 35 67 10 4
1 59 69 7 4
1 102 67 9 4
1 104 54 9 4
1 113 81 14 4
1 115 77 15 4
1 123 55 5 4
107 2 75 42 4
2 23 103 24 4
2 41 96 6 4
2 43 99 13 4
2 85 92 18 4
2 88 99 5 4
16 3 41 1 4
21 3 39 1 4
114 3 31 0 4
118 3 41 2 4
3 5 31 0 4
3 35 47 6 4
3 44 59 16 4
3 45 43 14 4
3 53 30 0 4
3 58 29 4 4
3 67 46 10 4
3 75 37 2 4
3 92 31 1 4
3 98 40 1 4
30 4 71 8 4
109 4 72 4 4
114 4 71 3 4
118 4 77 7 4
124 4 78 14 4
4 5 69 4 4
4 80 74 14 4
3 5 31 0 4
12 5 29 1 4
13 5 34 0 4
14 5 24 0 4
15 5 23 0 4
16 5 18 5 4
21 5 20 3 4
29 5 10 6 4
30 5 26 0 4
37 5 34 0 4
38 5 14 4 4
41 5 19 0 4
42 5 27 0 4
104 5 27 1 4
106 5 33 0 4
109 5 11 4 4
114 5 8 4 4
116 5 34 1 4
118 5 30 0 4
123 5 16 3 4
129 5 18 5 4
5 53 15 0 4
5 58 22 0 4
5 61 20 0 4
5 73 22 0 4
5 75 24 1 4
5 77 22 4 4
5 82 30 0 4
5 86 30 0 4
5 88 20 0 4
5 90 22 0 4
5 92 16 1 4
5 94 20 0 4
5 98 27 0 4
13 6 93 14 4
42 6 92 11 4
35 7 67 12 4
53 7 60 1 4
54 7 50 26 4
63 7 47 29 4
115 7 59 26 4
118 7 67 5 4
121 7 66 12 4
123 7 63 3 4
125 7 54 16 4
14 8 75 6 4
15 8 70 8 4
27 8 67 16 4
30 8 73 8 4
55 8 72 14 4
65 8 84 9 4
78 8 87 13 4
5 9 69 5 4
15 9 78 4 4
20 9 73 11 4
21 9 75 7 4
29 9 67 9 4
38 9 71 7 4
51 9 78 17 4
59 9 75 14 4
65 9 76 13 4
77 9 79 7 4
80 9 76 14 4
109 9 72 5 4
112 9 79 14 4
114 9 69 5 4
10 3 83 8 4
10 25 75 21 4
10 46 74 38 4
10 53 79 2 4
10 111 79 25 4
11 5 34 3 4
104 11 43 5 4
108 11 46 5 4
109 11 37 3 4
11 16 42 5 4
11 20 38 9 4
11 21 46 2 4
11 29 34 6 4
11 38 40 3 4
11 41 43 0 4
11 43 50 5 4
11 53 39 0 4
11 58 46 0 4
11 61 42 1 4
11 73 38 4 4
11 77 48 3 4
11 80 45 10 4
11 82 48 3 4
11 86 44 5 4
11 88 30 7 4
11 90 46 0 4
11 92 42 0 4
11 94 42 1 4
11 112 48 10 4
11 114 36 2 4
11 116 50 5 4
11 118 40 7 4
11 119 46 5 4
11 123 44 1 4
11 129 38 7 4
12 5 29 1 4
104 12 34 5 4
109 12 28 3 4
114 12 29 1 4
119 12 37 5 4
12 14 39 0 4
12 15 38 0 4
12 16 37 3 4
12 20 33 7 4
12 21 25 8 4
12 29 37 0 4
12 30 41 0 4
12 38 29 4 4
12 41 34 0 4
12 42 28 7 4
12 49 46 2 4
12 53 30 0 4
12 58 35 1 4
12 60 30 10 4
12 61 35 0 4
12 73 37 0 4
12 75 31 5 4
12 77 31 7 4
12 86 39 3 4
12 88 35 0 4
12 90 33 2 4
12 92 19 7 4
12 94 35 0 4
12 98 34 4 4
12 123 37 0 4
12 129 31 6 4
13 5 34 0 4
12 13 21 14 4
104 13 43 2 4
108 13 36 7 4
109 13 33 2 4
114 13 32 1 4
116 13 40 7 4
118 13 46 1 4
119 13 40 5 4
123 13 40 0 4
129 13 36 5 4
13 14 42 0 4
13 15 37 2 4
13 16 38 4 4
13 20 44 3 4
13 21 36 4 4
13 27 40 7 4
13 29 40 0 4
13 30 38 3 4
13 38 32 4 4
13 41 37 0 4
13 42 31 7 4
13 53 33 0 4
13 55 41 7 4
13 58 38 1 4
13 61 38 0 4
13 73 40 0 4
13 75 38 3 4
13 77 32 8 4
13 82 46 1 4
13 86 42 3 4
13 88 38 0 4
13 90 36 2 4
13 92 32 2 4
13 94 38 0 4
13 98 41 2 4
14 5 24 0 4
108 14 38 1 4
109 14 27 0 4
112 14 44 4 4
114 14 24 0 4
116 14 34 5 4
119 14 38 1 4
123 14 30 0 4
14 15 31 0 4
14 16 34 1 4
14 29 30 0 4
14 31 41 5 4
14 38 30 0 4
14 41 27 0 4
14 53 23 0 4
14 57 39 2 4
14 58 30 0 4
14 61 28 0 4
14 73 30 0 4
14 88 28 0 4
14 90 30 0 4
14 92 26 0 4
14 94 28 0 4
14 98 27 4 4
15 5 23 0 4
13 15 37 2 4
14 15 31 0 4
109 15 26 0 4
114 15 23 0 4
123 15 29 0 4
15 21 33 0 4
15 29 29 0 4
15 30 31 1 4
15 38 29 0 4
15 41 24 1 4
15 53 22 0 4
15 55 38 3 4
15 58 29 0 4
15 59 41 3 4
15 61 25 1 4
15 73 29 0 4
15 74 43 7 4
15 75 33 0 4
15 78 45 6 4
15 88 27 0 4
15 90 29 0 4
15 92 25 0 4
15 94 27 0 4
16 3 41 1 4
16 5 18 5 4
12 16 37 3 4
13 16 38 4 4
14 16 34 1 4
15 16 35 0 4
104 16 31 5 4
106 16 39 3 4
108 16 30 7 4
109 16 17 7 4
114 16 20 4 4
123 16 28 3 4
129 16 30 5 4
16 21 28 5 4
16 29 14 10 4
16 38 24 5 4
16 41 31 0 4
16 53 27 0 4
16 55 43 3 4
16 58 34 0 4
16 61 32 0 4
16 73 34 0 4
16 75 32 3 4
16 77 28 7 4
16 86 40 1 4
16 88 32 0 4
16 90 30 2 4
16 92 26 2 4
16 94 32 0 4
16 98 37 1 4
17 3 72 8 4
102 17 71 14 4
121 17 62 19 4
125 17 68 14 4
17 37 71 10 4
17 53 62 5 4
17 58 71 4 4
17 89 78 30 4
17 94 65 6 4
14 18 98 11 4
109 18 101 7 4
112 18 96 22 4
18 29 92 13 4
19 53 80 5 4
19 54 88 21 4
19 63 91 21 4
19 94 85 5 4
20 5 16 8 4
12 20 33 7 4
13 20 44 3 4
14 20 40 0 4
15 20 39 0 4
16 20 20 12 4
104 20 25 10 4
106 20 43 3 4
108 20 34 7 4
109 20 17 9 4
114 20 16 8 4
116 20 42 5 4
119 20 24 12 4
123 20 32 3 4
129 20 16 14 4
20 21 16 13 4
20 29 12 13 4
20 30 42 0 4
20 38 16 11 4
20 41 35 0 4
20 53 31 0 4
20 57 35 8 4
20 58 38 0 4
20 61 36 0 4
20 73 38 0 4
20 75 38 2 4
20 77 26 10 4
20 88 36 0 4
20 90 38 0 4
20 92 22 6 4
20 94 36 0 4
20 98 41 1 4
21 3 39 1 4
21 5 20 3 4
12 21 25 8 4
14 21 34 0 4
15 21 33 0 4
16 21 28 5 4
104 21 25 7 4
106 21 35 4 4
109 21 21 4 4
114 21 14 6 4
119 21 32 5 4
123 21 32 0 4
129 21 18 10 4
21 29 22 5 4
21 30 36 0 4
21 38 8 12 4
21 41 29 0 4
21 42 35 1 4
21 53 25 0 4
21 58 30 1 4
21 61 30 0 4
21 73 32 0 4
21 75 28 4 4
21 77 24 8 4
21 88 30 0 4
21 90 32 0 4
21 92 8 10 4
21 94 30 0 4
21 98 31 3 4
23 36 67 10 4
23 64 79 17 4
23 71 92 26 4
24 7 100 32 4
102 24 97 23 4
115 24 81 42 4
121 24 94 25 4
25 3 52 6 4
25 5 49 0 4
15 25 54 1 4
100 25 63 17 4
114 25 49 0 4
25 30 51 4 4
25 53 48 0 4
25 58 43 6 4
25 67 26 29 4
25 75 55 2 4
26 5 46 5 4
12 26 43 14 4
13 26 54 10 4
14 26 58 3 4
16 26 42 13 4
20 26 40 16 4
21 26 48 9 4
104 26 47 11 4
108 26 44 14 4
109 26 49 5 4
114 26 48 4 4
116 26 50 13 4
119 26 54 9 4
123 26 56 3 4
129 26 44 12 4
26 27 52 12 4
26 29 42 10 4
26 31 33 25 4
26 38 48 7 4
26 42 45 11 4
26 53 53 1 4
26 57 45 15 4
26 75 44 11 4
26 77 46 12 4
26 92 46 6 4
26 94 58 1 4
26 98 57 5 4
27 5 36 0 4
12 27 33 9 4
13 27 40 7 4
14 27 44 0 4
15 27 41 1 4
16 27 44 2 4
21 27 38 4 4
104 27 45 2 4
108 27 46 3 4
109 27 39 0 4
114 27 36 0 4
123 27 40 1 4
129 27 40 4 4
27 29 42 0 4
27 30 40 3 4
27 38 40 1 4
27 41 39 0 4
27 53 35 0 4
27 58 42 0 4
27 61 40 0 4
27 73 42 0 4
27 75 22 12 4
27 77 38 6 4
27 82 46 2 4
27 86 44 3 4
27 88 40 0 4
27 90 42 0 4
27 92 30 4 4
27 94 40 0 4
27 98 39 4 4
124 28 130 24 4
28 51 136 23 4
29 5 10 6 4
14 29 30 0 4
15 29 29 0 4
16 29 14 10 4
21 29 22 5 4
104 29 29 3 4
108 29 28 5 4
109 29 11 7 4
114 29 12 5 4
119 29 20 9 4
123 29 22 3 4
129 29 22 6 4
29 30 32 0 4
29 38 14 7 4
29 41 25 0 4
29 42 33 0 4
29 53 21 0 4
29 57 31 5 4
29 58 28 0 4
29 61 26 0 4
29 73 28 0 4
29 75 30 1 4
29 88 26 0 4
29 90 28 0 4
29 92 24 0 4
29 94 26 0 4
29 98 33 0 4
30 5 26 0 4
13 30 38 3 4
15 30 31 1 4
25 30 51 4 4
27 30 40 3 4
109 30 29 0 4
114 30 26 0 4
118 30 38 1 4
30 41 27 1 4
30 49 39 3 4
30 53 25 0 4
30 55 35 6 4
30 61 26 2 4
30 78 48 6 4
30 82 38 1 4
30 88 28 1 4
30 92 28 0 4
30 94 28 1 4
31 5 35 4 4
12 31 28 15 4
14 31 41 5 4
16 31 41 7 4
20 31 35 12 4
21 31 33 10 4
29 31 39 5 4
104 31 44 6 4
106 31 52 4 4
108 31 43 8 4
109 31 36 5 4
114 31 37 3 4
123 31 47 1 4
129 31 31 12 4
31 38 35 7 4
31 41 46 0 4
31 42 34 10 4
31 53 42 0 4
31 58 47 1 4
31 75 31 11 4
31 86 51 3 4
31 90 47 1 4
31 92 33 6 4
31 98 42 6 4
3 32 78 12 4
21 32 79 9 4
100 32 89 23 4
103 32 96 34 4
32 35 81 17 4
32 73 79 7 4
32 87 95 24 4
32 92 75 7 4
102 33 108 23 4
115 33 100 38 4
112 34 94 22 4
3 35 47 6 4
102 35 50 10 4
115 35 58 17 4
35 37 54 4 4
35 45 48 18 4
35 94 46 1 4
36 5 41 0 4
106 36 42 8 4
114 36 41 0 4
36 39 50 8 4
36 43 49 6 4
36 53 40 0 4
36 73 41 3 4
36 78 53 11 4
36 79 53 7 4
36 85 36 14 4
36 88 39 3 4
36 90 41 3 4
102 37 34 13 4
104 37 39 4 4
121 37 45 8 4
123 37 38 1 4
37 42 41 2 4
37 43 42 6 4
37 53 21 6 4
37 59 48 5 4
37 82 40 4 4
37 94 22 8 4
38 5 14 4 4
12 38 29 4 4
13 38 32 4 4
14 38 30 0 4
15 38 29 0 4
16 38 24 5 4
20 38 16 11 4
21 38 8 12 4
29 38 14 7 4
104 38 31 2 4
106 38 31 4 4
109 38 13 6 4
114 38 8 7 4
119 38 24 7 4
123 38 28 0 4
129 38 16 9 4
38 41 25 0 4
38 42 31 1 4
38 53 21 0 4
38 57 37 2 4
38 58 26 1 4
38 61 26 0 4
38 73 28 0 4
38 75 30 1 4
38 77 16 10 4
38 88 26 0 4
38 90 28 0 4
38 92 16 4 4
38 94 26 0 4
38 98 31 1 4
39 5 41 0 4
12 39 34 11 4
13 39 35 12 4
16 39 47 3 4
20 39 49 4 4
21 39 37 7 4
38 39 39 4 4
104 39 46 4 4
106 39 30 14 4
108 39 45 6 4
109 39 42 1 4
114 39 39 1 4
116 39 47 7 4
119 39 49 4 4
129 39 39 7 4
39 42 40 6 4
39 53 40 0 4
39 55 44 9 4
39 57 48 6 4
39 58 45 1 4
39 60 44 8 4
39 73 43 2 4
39 75 43 4 4
39 77 47 4 4
39 85 46 9 4
39 86 49 3 4
39 88 37 4 4
39 90 45 1 4
39 92 33 5 4
39 98 46 3 4
108 40 77 8 4
40 49 78 9 4
40 50 88 19 4
40 86 75 8 4
40 98 72 8 4
41 5 19 0 4
14 41 27 0 4
15 41 24 1 4
16 41 31 0 4
21 41 29 0 4
29 41 25 0 4
30 41 27 1 4
38 41 25 0 4
109 41 22 0 4
114 41 19 0 4
123 41 23 1 4
129 41 31 0 4
41 42 30 0 4
41 49 24 7 4
41 53 18 0 4
41 58 25 0 4
41 60 32 3 4
41 61 21 1 4
41 73 25 0 4
41 75 29 0 4
41 88 23 0 4
41 90 23 1 4
41 92 21 0 4
41 94 23 0 4
41 96 36 7 4
41 98 30 0 4
42 5 27 0 4
12 42 28 7 4
13 42 31 7 4
21 42 35 1 4
27 42 27 10 4
29 42 33 0 4
37 42 41 2 4
38 42 31 1 4
41 42 30 0 4
106 42 40 2 4
108 42 37 3 4
109 42 30 0 4
114 42 27 0 4
116 42 35 6 4
123 42 31 1 4
129 42 31 4 4
42 53 26 0 4
42 57 34 6 4
42 58 33 0 4
42 60 34 6 4
42 61 31 0 4
42 73 33 0 4
42 75 19 9 4
42 77 27 7 4
42 82 35 3 4
42 86 35 3 4
42 88 31 0 4
42 90 33 0 4
42 92 27 1 4
42 94 31 0 4
42 98 34 2 4
43 5 36 0 4
11 43 50 5 4
36 43 49 6 4
37 43 42 6 4
39 43 51 5 4
106 43 45 4 4
107 43 62 14 4
114 43 36 0 4
43 53 27 4 4
43 58 36 3 4
43 78 48 11 4
43 85 41 9 4
43 88 26 7 4
43 94 34 3 4
3 44 59 16 4
25 44 69 20 4
111 44 63 29 4
44 45 74 21 4
44 46 78 32 4
44 58 68 7 4
44 67 65 23 4
44 94 74 3 4
3 45 43 14 4
35 45 48 18 4
41 45 53 3 4
45 49 57 9 4
45 58 56 3 4
45 67 63 14 4
3 46 69 14 4
10 46 74 38 4
25 46 73 21 4
44 46 78 32 4
111 46 67 30 4
46 58 74 7 4
47 53 94 6 4
47 87 101 31 4
49 5 35 0 4
12 49 46 2 4
29 49 41 0 4
30 49 39 3 4
38 49 41 0 4
41 49 24 7 4
108 49 45 3 4
109 49 36 1 4
114 49 35 0 4
119 49 45 3 4
123 49 39 1 4
49 53 34 0 4
49 55 50 3 4
49 58 41 0 4
49 60 42 6 4
49 61 39 0 4
49 73 41 0 4
49 86 39 5 4
49 88 39 0 4
49 90 37 2 4
49 92 37 0 4
49 94 39 0 4
49 96 36 15 4
14 50 61 6 4
40 50 88 19 4
49 50 64 10 4
50 51 66 16 4
50 59 71 9 4
50 88 57 6 4
50 98 62 7 4
5 51 45 2 4
15 51 50 3 4
16 51 55 3 4
20 51 57 4 4
29 51 49 3 4
42 51 52 4 4
109 51 50 1 4
118 51 57 3 4
123 51 51 2 4
124 51 56 11 4
125 51 56 8 4
51 59 51 11 4
51 61 49 2 4
51 65 38 17 4
51 82 49 7 4
51 94 47 3 4
51 98 52 4 4
10 52 95 43 4
25 52 102 22 4
46 52 97 41 4
111 52 100 29 4
52 88 103 7 4
5 53 15 0 4
15 53 22 0 4
29 53 21 0 4
37 53 21 6 4
38 53 21 0 4
41 53 18 0 4
43 53 27 4 4
102 53 35 3 4
104 53 26 1 4
108 53 29 1 4
109 53 18 0 4
114 53 15 0 4
121 53 30 6 4
123 53 21 0 4
53 58 21 0 4
53 61 19 0 4
53 73 21 0 4
53 86 27 1 4
53 88 19 0 4
53 90 21 0 4
53 92 17 0 4
53 94 11 4 4
54 7 50 26 4
5 54 51 2 4
14 54 53 5 4
16 54 57 5 4
20 54 59 6 4
29 54 49 6 4
38 54 55 3 4
109 54 52 3 4
114 54 51 2 4
118 54 61 4 4
123 54 55 3 4
124 54 60 12 4
125 54 56 11 4
129 54 59 4 4
54 63 59 19 4
54 65 62 8 4
54 98 56 5 4
5 55 37 0 4
12 55 38 7 4
13 55 41 7 4
15 55 38 3 4
16 55 43 3 4
20 55 45 4 4
21 55 33 7 4
27 55 39 9 4
30 55 35 6 4
38 55 35 4 4
41 55 40 0 4
42 55 46 1 4
49 55 50 3 4
53 55 36 0 4
104 55 42 4 4
106 55 42 6 4
108 55 47 3 4
109 55 38 1 4
114 55 35 1 4
119 55 47 3 4
123 55 41 1 4
129 55 37 6 4
55 58 41 1 4
55 60 50 3 4
55 75 43 2 4
55 77 47 2 4
55 82 41 5 4
55 90 37 3 4
55 92 29 5 4
55 98 46 1 4
56 7 70 23 4
15 56 68 4 4
115 56 57 30 4
56 59 71 11 4
56 74 71 16 4
5 57 25 5 4
12 57 28 11 4
13 57 33 10 4
14 57 39 2 4
16 57 33 7 4
20 57 35 8 4
21 57 41 2 4
29 57 31 5 4
38 57 37 2 4
42 57 34 6 4
53 57 34 0 4
104 57 44 2 4
106 57 38 7 4
109 57 30 4 4
114 57 31 2 4
119 57 41 5 4
123 57 35 3 4
129 57 37 5 4
57 60 42 6 4
57 75 37 4 4
57 77 33 8 4
57 90 39 1 4
57 92 35 1 4
57 94 37 1 4
57 98 38 4 4
3 58 29 4 4
5 58 22 0 4
12 58 35 1 4
21 58 30 1 4
25 58 43 6 4
38 58 26 1 4
41 58 25 0 4
43 58 36 3 4
53 58 21 0 4
109 58 25 0 4
114 58 22 0 4
124 58 45 3 4
129 58 32 1 4
58 61 26 0 4
58 67 45 6 4
58 88 26 0 4
58 92 24 0 4
58 94 26 0 4
15 59 41 3 4
37 59 48 5 4
42 59 43 4 4
51 59 51 11 4
102 59 52 7 4
118 59 44 5 4
127 59 52 8 4
59 65 51 6 4
59 74 52 11 4
59 82 44 5 4
59 84 60 12 4
59 94 42 1 4
5 60 35 0 4
16 60 43 2 4
29 60 39 1 4
38 60 41 0 4
41 60 32 3 4
42 60 34 6 4
49 60 42 6 4
53 60 34 0 4
57 60 42 6 4
58 60 41 0 4
106 60 44 4 4
108 60 37 7 4
109 60 34 2 4
114 60 35 0 4
119 60 39 6 4
123 60 41 0 4
129 60 45 1 4
60 61 39 0 4
60 73 41 0 4
60 75 39 3 4
60 77 39 5 4
60 86 41 4 4
60 88 39 0 4
60 90 37 2 4
60 92 37 0 4
60 94 39 0 4
60 98 42 2 4
5 61 20 0 4
14 61 28 0 4
15 61 25 1 4
29 61 26 0 4
30 61 26 2 4
38 61 26 0 4
41 61 21 1 4
53 61 19 0 4
58 61 26 0 4
106 61 35 1 4
109 61 23 0 4
114 61 20 0 4
123 61 26 0 4
61 73 26 0 4
61 88 22 1 4
61 90 26 0 4
61 92 22 0 4
61 94 22 1 4
11 62 91 16 4
41 62 88 7 4
107 62 81 36 4
62 73 95 5 4
62 88 89 7 4
62 90 87 9 4
63 7 47 29 4
35 63 64 11 4
42 63 57 6 4
54 63 59 19 4
102 63 66 9 4
125 63 51 15 4
127 63 56 15 4
63 65 61 10 4
63 73 50 7 4
63 82 64 4 4
63 86 62 5 4
5 64 63 2 4
12 64 58 12 4
13 64 67 9 4
16 64 65 7 4
20 64 57 13 4
21 64 59 9 4
27 64 61 13 4
29 64 61 6 4
31 64 56 19 4
38 64 63 5 4
39 64 68 12 4
42 64 62 8 4
104 64 66 7 4
109 64 64 3 4
114 64 61 3 4
116 64 73 7 4
129 64 53 13 4
64 73 67 3 4
64 75 59 9 4
64 77 67 7 4
64 92 57 6 4
65 7 66 10 4
42 65 44 3 4
51 65 38 17 4
53 65 38 0 4
57 65 52 3 4
59 65 51 6 4
63 65 61 10 4
102 65 55 5 4
123 65 43 1 4
125 65 50 6 4
127 65 51 8 4
65 94 39 2 4
121 66 115 24 4
3 67 46 10 4
25 67 26 29 4
44 67 65 23 4
58 67 45 6 4
11 68 91 14 4
20 68 89 11 4
21 68 89 8 4
26 68 89 23 4
31 68 86 18 4
38 68 87 7 4
39 68 82 19 4
106 68 88 12 4
108 68 87 12 4
109 68 88 5 4
116 68 93 11 4
119 68 89 11 4
129 68 87 10 4
68 77 87 11 4
68 92 87 5 4
14 69 75 10 4
29 69 83 5 4
53 69 78 4 4
104 69 84 8 4
108 69 81 11 4
112 69 83 16 4
114 69 81 3 4
119 69 81 11 4
120 69 76 28 4
69 94 69 11 4
69 98 78 10 4
3 70 55 7 4
11 70 64 7 4
15 70 55 3 4
30 70 58 3 4
41 70 47 5 4
45 70 74 10 4
49 70 63 5 4
55 70 63 6 4
100 70 74 14 4
70 73 50 5 4
70 82 58 5 4
70 86 58 5 4
70 96 71 7 4
3 71 95 9 4
25 71 79 26 4
46 71 94 35 4
58 71 94 5 4
67 71 89 22 4
111 71 95 24 4
12 72 64 8 4
13 72 63 10 4
15 72 62 5 4
16 72 65 6 4
21 72 63 6 4
31 72 66 13 4
38 72 63 4 4
39 72 64 13 4
42 72 66 5 4
57 72 64 10 4
59 72 71 9 4
106 72 62 10 4
129 72 67 5 4
72 75 65 5 4
72 77 65 7 4
72 92 59 4 4
5 73 22 0 4
11 73 38 4 4
15 73 29 0 4
29 73 28 0 4
36 73 41 3 4
38 73 28 0 4
41 73 25 0 4
53 73 21 0 4
58 73 28 0 4
61 73 26 0 4
63 73 50 7 4
109 73 25 0 4
114 73 22 0 4
118 73 34 1 4
123 73 28 0 4
127 73 42 4 4
73 82 34 1 4
73 86 30 3 4
73 88 24 1 4
73 90 26 1 4
73 92 24 0 4
73 94 26 0 4
15 74 43 7 4
55 74 59 6 4
59 74 52 11 4
118 74 58 3 4
122 74 64 12 4
123 74 48 4 4
74 82 48 8 4
74 84 60 17 4
74 86 56 4 4
74 96 57 12 4
3 75 37 2 4
5 75 24 1 4
12 75 31 5 4
13 75 38 3 4
16 75 32 3 4
20 75 38 2 4
21 75 28 4 4
27 75 22 12 4
29 75 30 1 4
31 75 31 11 4
38 75 30 1 4
41 75 29 0 4
42 75 19 9 4
53 75 25 0 4
60 75 39 3 4
104 75 35 2 4
108 75 38 2 4
109 75 27 1 4
114 75 24 1 4
116 75 40 3 4
118 75 36 2 4
123 75 30 1 4
129 75 30 4 4
75 77 28 6 4
75 80 39 6 4
75 86 34 3 4
75 92 20 4 4
75 98 31 3 4
15 76 80 5 4
41 76 74 6 4
49 76 84 9 4
59 76 89 9 4
110 76 83 30 4
76 82 73 12 4
76 85 80 13 4
76 90 77 6 4
5 77 22 4 4
12 77 31 7 4
16 77 28 7 4
21 77 24 8 4
29 77 22 7 4
38 77 16 10 4
41 77 33 0 4
42 77 27 7 4
53 77 29 0 4
61 77 34 0 4
75 77 28 6 4
108 77 40 3 4
109 77 17 8 4
114 77 18 6 4
119 77 22 12 4
77 86 42 1 4
77 88 34 0 4
77 90 32 2 4
77 92 28 2 4
77 94 34 0 4
77 98 37 2 4
15 78 45 6 4
27 78 58 6 4
30 78 48 6 4
36 78 53 11 4
39 78 59 8 4
43 78 48 11 4
55 78 45 13 4
58 78 50 3 4
106 78 55 6 4
78 85 51 11 4
78 88 48 3 4
5 79 40 1 4
11 79 58 4 4
12 79 51 3 4
36 79 53 7 4
108 79 52 3 4
109 79 43 1 4
112 79 56 7 4
114 79 40 1 4
118 79 44 6 4
119 79 52 3 4
79 80 51 8 4
79 85 53 6 4
79 90 40 4 4
79 92 42 1 4
79 98 49 2 4
5 80 31 5 4
11 80 45 10 4
12 80 46 5 4
14 80 47 1 4
15 80 46 1 4
16 80 43 5 4
20 80 35 11 4
21 80 33 9 4
29 80 33 7 4
30 80 47 2 4
31 80 50 9 4
38 80 33 7 4
42 80 46 3 4
53 80 40 0 4
57 80 50 5 4
58 80 45 1 4
61 80 43 1 4
75 80 39 6 4
77 80 39 8 4
104 80 48 3 4
109 80 36 4 4
114 80 29 6 4
118 80 37 9 4
119 80 45 6 4
123 80 45 1 4
129 80 33 10 4
80 88 43 1 4
80 92 35 4 4
80 94 43 1 4
5 82 30 0 4
30 82 38 1 4
37 82 40 4 4
42 82 35 3 4
51 82 49 7 4
53 82 29 0 4
55 82 41 5 4
59 82 44 5 4
73 82 34 1 4
74 82 48 8 4
114 82 30 0 4
118 82 32 6 4
123 82 28 4 4
82 86 38 3 4
82 92 32 0 4
20 83 84 14 4
21 83 78 14 4
29 83 84 9 4
38 83 82 10 4
54 83 97 19 4
80 83 89 16 4
109 83 85 7 4
114 83 86 5 4
117 83 86 25 4
129 83 90 9 4
83 87 96 28 4
83 92 80 9 4
3 84 61 7 4
15 84 55 6 4
59 84 60 12 4
74 84 60 17 4
82 84 64 5 4
115 84 70 19 4
123 84 58 4 4
124 84 71 9 4
5 85 39 0 4
11 85 53 5 4
36 85 36 14 4
39 85 46 9 4
43 85 41 9 4
53 85 38 0 4
58 85 43 1 4
73 85 43 1 4
78 85 51 11 4
106 85 40 8 4
114 85 39 0 4
85 88 33 5 4
85 90 39 3 4
85 92 41 0 4
5 86 30 0 4
11 86 44 5 4
12 86 39 3 4
13 86 42 3 4
27 86 44 3 4
29 86 36 0 4
38 86 36 0 4
41 86 33 0 4
42 86 35 3 4
49 86 39 5 4
53 86 27 1 4
58 86 36 0 4
60 86 41 4 4
61 86 34 0 4
73 86 30 3 4
75 86 34 3 4
82 86 38 3 4
108 86 40 3 4
109 86 33 0 4
114 86 30 0 4
118 86 40 2 4
123 86 36 0 4
86 88 34 0 4
86 90 36 0 4
86 92 32 0 4
86 94 34 0 4
86 96 47 7 4
36 87 79 9 4
73 87 64 7 4
85 87 77 9 4
86 87 72 7 4
125 87 77 9 4
87 90 72 3 4
5 88 20 0 4
11 88 30 7 4
14 88 28 0 4
15 88 27 0 4
21 88 30 0 4
29 88 26 0 4
30 88 28 1 4
36 88 39 3 4
38 88 26 0 4
39 88 37 4 4
41 88 23 0 4
43 88 26 7 4
53 88 19 0 4
58 88 26 0 4
61 88 22 1 4
73 88 24 1 4
75 88 30 0 4
85 88 33 5 4
106 88 31 3 4
109 88 23 0 4
114 88 20 0 4
118 88 32 1 4
123 88 24 1 4
88 90 26 0 4
88 92 22 0 4
88 94 22 1 4
17 89 78 30 4
36 89 80 13 4
37 89 79 10 4
53 89 74 3 4
87 89 91 23 4
102 89 75 16 4
104 89 78 8 4
121 89 78 15 4
125 89 82 11 4
89 94 75 5 4
5 90 22 0 4
12 90 33 2 4
13 90 36 2 4
16 90 30 2 4
36 90 41 3 4
41 90 23 1 4
49 90 37 2 4
53 90 21 0 4
55 90 37 3 4
60 90 37 2 4
61 90 26 0 4
73 90 26 1 4
77 90 32 2 4
79 90 40 4 4
85 90 39 3 4
88 90 26 0 4
106 90 35 2 4
108 90 32 3 4
109 90 23 1 4
114 90 22 0 4
116 90 38 2 4
119 90 32 3 4
123 90 26 1 4
90 92 24 0 4
90 94 26 0 4
36 91 72 13 4
58 91 71 4 4
73 91 65 7 4
79 91 81 9 4
87 91 83 23 4
88 91 67 5 4
125 91 78 9 4
3 92 31 1 4
5 92 16 1 4
13 92 32 2 4
14 92 26 0 4
15 92 25 0 4
16 92 26 2 4
20 92 22 6 4
21 92 8 10 4
29 92 24 0 4
30 92 28 0 4
38 92 16 4 4
41 92 21 0 4
42 92 27 1 4
53 92 17 0 4
58 92 24 0 4
61 92 22 0 4
73 92 24 0 4
75 92 20 4 4
77 92 28 2 4
88 92 22 0 4
90 92 24 0 4
106 92 31 2 4
109 92 19 1 4
114 92 16 1 4
123 92 24 0 4
129 92 20 5 4
92 94 22 0 4
92 98 23 3 4
21 93 108 11 4
63 93 108 27 4
73 93 102 12 4
92 93 104 9 4
117 93 112 24 4
5 94 20 0 4
14 94 28 0 4
15 94 27 0 4
29 94 26 0 4
30 94 28 1 4
37 94 22 8 4
38 94 26 0 4
41 94 23 0 4
43 94 34 3 4
53 94 11 4 4
58 94 26 0 4
61 94 22 1 4
73 94 26 0 4
88 94 22 1 4
90 94 26 0 4
92 94 22 0 4
102 94 30 8 4
104 94 25 4 4
109 94 23 0 4
114 94 20 0 4
120 94 49 8 4
121 94 37 5 4
123 94 26 0 4
14 95 84 8 4
15 95 85 7 4
38 95 90 4 4
55 95 87 13 4
79 95 96 11 4
80 95 95 11 4
112 95 92 14 4
114 95 88 2 4
118 95 88 9 4
41 96 36 7 4
49 96 36 15 4
60 96 44 11 4
86 96 47 7 4
108 96 57 3 4
123 96 51 1 4
41 97 73 3 4
53 97 69 3 4
94 97 72 4 4
96 97 77 15 4
121 97 73 15 4
5 98 27 0 4
12 98 34 4 4
14 98 27 4 4
16 98 37 1 4
21 98 31 3 4
27 98 39 4 4
38 98 31 1 4
41 98 30 0 4
42 98 34 2 4
53 98 26 0 4
57 98 38 4 4
61 98 31 0 4
75 98 31 3 4
77 98 37 2 4
88 98 31 0 4
92 98 23 3 4
94 98 31 0 4
104 98 36 2 4
106 98 40 2 4
108 98 35 4 4
109 98 30 0 4
112 98 45 5 4
114 98 27 0 4
116 98 37 5 4
119 98 37 3 4
124 98 46 5 4
129 98 37 1 4
51 99 74 20 4
59 99 73 16 4
65 99 76 14 4
74 99 81 17 4
125 99 78 13 4
100 3 55 12 4
100 25 63 17 4
100 45 66 19 4
100 67 75 12 4
100 70 74 14 4
100 73 62 4 4
100 111 73 18 4
101 13 77 7 4
101 21 71 6 4
101 25 72 17 4
101 27 77 8 4
101 67 80 14 4
101 75 67 8 4
101 86 73 7 4
101 92 67 4 4
101 111 78 20 4
101 129 69 8 4
102 35 50 10 4
102 37 34 13 4
102 42 43 5 4
102 53 35 3 4
102 59 52 7 4
102 65 55 5 4
102 82 50 3 4
102 94 30 8 4
102 104 37 9 4
102 121 55 7 4
102 127 56 7 4
103 32 96 34 4
103 35 77 22 4
103 45 81 26 4
100 103 89 26 4
101 103 94 28 4
103 113 101 21 4
104 5 27 1 4
104 11 43 5 4
104 12 34 5 4
104 16 31 5 4
104 20 25 10 4
104 21 25 7 4
104 29 29 3 4
104 37 39 4 4
104 38 31 2 4
104 53 26 1 4
104 55 42 4 4
104 75 35 2 4
104 92 17 7 4
104 94 25 4 4
104 98 36 2 4
102 104 37 9 4
104 106 42 2 4
104 108 35 5 4
104 114 29 0 4
104 116 39 5 4
104 119 39 3 4
104 123 33 1 4
104 129 27 7 4
105 112 120 21 4
106 5 33 0 4
106 12 30 9 4
106 13 31 10 4
106 15 40 0 4
106 16 39 3 4
106 20 43 3 4
106 21 35 4 4
106 29 39 0 4
106 36 42 8 4
106 38 31 4 4
106 39 30 14 4
106 41 36 0 4
106 42 40 2 4
106 43 45 4 4
106 53 32 0 4
106 55 42 6 4
106 57 38 7 4
106 58 37 1 4
106 60 44 4 4
106 61 35 1 4
106 73 39 0 4
106 77 39 4 4
106 85 40 8 4
106 88 31 3 4
106 90 35 2 4
106 92 31 2 4
106 94 37 0 4
106 98 40 2 4
104 106 42 2 4
106 108 41 4 4
106 109 32 2 4
106 114 31 1 4
106 119 43 3 4
106 123 39 0 4
106 129 37 4 4
107 41 67 3 4
107 43 62 14 4
107 58 68 4 4
107 85 59 17 4
107 88 56 9 4
107 90 66 5 4
106 107 73 7 4
107 123 70 3 4
108 5 26 3 4
108 12 29 9 4
108 13 36 7 4
108 14 38 1 4
108 16 30 7 4
108 20 34 7 4
108 29 28 5 4
108 41 35 0 4
108 42 37 3 4
108 53 29 1 4
108 57 33 9 4
108 60 37 7 4
108 61 36 0 4
108 75 38 2 4
108 77 40 3 4
108 86 40 3 4
108 88 36 0 4
108 90 32 3 4
108 92 34 0 4
108 94 36 0 4
108 98 35 4 4
104 108 35 5 4
106 108 41 4 4
108 109 31 2 4
108 114 30 1 4
108 116 26 13 4
108 123 32 3 4
108 129 36 4 4
109 5 11 4 4
109 12 28 3 4
109 13 33 2 4
109 14 27 0 4
109 15 26 0 4
109 16 17 7 4
109 21 21 4 4
109 29 11 7 4
109 38 13 6 4
109 41 22 0 4
109 53 18 0 4
109 57 30 4 4
109 58 25 0 4
109 60 34 2 4
109 61 23 0 4
109 73 25 0 4
109 75 27 1 4
109 88 23 0 4
109 90 23 1 4
109 92 19 1 4
109 94 23 0 4
106 109 32 2 4
108 109 31 2 4
109 114 11 4 4
109 123 23 1 4
109 129 23 4 4
110 30 76 5 4
110 36 85 8 4
110 41 73 3 4
110 76 83 30 4
110 82 76 7 4
110 90 72 5 4
110 123 68 7 4
111 3 56 10 4
111 25 52 21 4
111 44 63 29 4
111 46 67 30 4
111 58 61 3 4
111 67 60 18 4
112 5 32 6 4
112 12 51 4 4
112 14 44 4 4
112 16 38 9 4
112 21 50 2 4
112 29 32 9 4
112 30 52 1 4
112 38 42 4 4
112 41 47 0 4
112 53 43 0 4
112 61 44 2 4
112 75 48 3 4
112 77 50 4 4
112 80 41 14 4
112 88 46 1 4
112 92 44 1 4
112 94 46 1 4
112 98 45 5 4
104 112 51 3 4
108 112 44 8 4
109 112 35 6 4
112 114 38 3 4
112 118 48 5 4
112 119 50 5 4
112 123 44 3 4
112 129 46 5 4
113 30 66 5 4
113 35 62 16 4
113 37 70 7 4
113 41 61 4 4
113 45 78 14 4
113 94 62 4 4
113 96 75 11 4
102 113 64 14 4
104 113 61 9 4
114 3 31 0 4
114 5 8 4 4
114 12 29 1 4
114 13 32 1 4
114 14 24 0 4
114 15 23 0 4
114 16 20 4 4
114 21 14 6 4
114 29 12 5 4
114 30 26 0 4
114 37 34 0 4
114 38 8 7 4
114 41 19 0 4
114 42 27 0 4
114 53 15 0 4
114 57 31 2 4
114 58 22 0 4
114 61 20 0 4
114 73 22 0 4
114 75 24 1 4
114 77 18 6 4
114 82 30 0 4
114 86 30 0 4
114 88 20 0 4
114 90 22 0 4
114 92 16 1 4
114 94 20 0 4
114 98 27 0 4
104 114 29 0 4
106 114 31 1 4
108 114 30 1 4
109 114 11 4 4
114 118 30 0 4
114 119 24 4 4
114 123 20 1 4
114 129 18 5 4
115 7 59 26 4
115 15 63 4 4
115 35 58 17 4
115 37 68 7 4
115 53 61 1 4
115 56 57 30 4
115 59 66 11 4
115 84 70 19 4
116 5 34 1 4
116 12 37 7 4
116 13 40 7 4
116 14 34 5 4
116 15 43 0 4
116 16 38 5 4
116 20 42 5 4
116 27 46 5 4
116 29 36 3 4
116 38 42 0 4
116 41 39 0 4
116 42 35 6 4
116 53 35 0 4
116 58 42 0 4
116 61 40 0 4
116 73 42 0 4
116 75 40 3 4
116 77 40 5 4
116 86 48 1 4
116 88 40 0 4
116 90 38 2 4
116 92 38 0 4
116 94 40 0 4
116 98 37 5 4
104 116 39 5 4
108 116 26 13 4
109 116 39 0 4
114 116 36 0 4
116 119 34 9 4
116 123 40 1 4
116 129 38 5 4
117 5 56 0 4
117 12 39 16 4
117 13 46 14 4
117 20 58 7 4
117 21 44 11 4
117 27 54 11 4
117 31 55 14 4
117 38 52 5 4
117 39 55 13 4
117 42 51 8 4
117 53 55 0 4
117 55 63 7 4
117 57 55 10 4
117 75 52 7 4
117 92 40 9 4
117 98 57 5 4
104 117 55 7 4
106 117 53 10 4
109 117 57 1 4
114 117 54 1 4
117 129 54 7 4
118 3 41 2 4
118 5 30 0 4
118 30 38 1 4
118 53 29 0 4
118 59 44 5 4
118 73 34 1 4
118 75 36 2 4
118 79 44 6 4
118 80 37 9 4
118 82 32 6 4
118 86 40 2 4
118 88 32 1 4
118 92 32 0 4
11 118 40 7 4
112 118 48 5 4
114 118 30 0 4
118 123 32 2 4
118 124 51 4 4
119 3 47 0 4
119 5 26 3 4
119 14 38 1 4
119 15 39 0 4
119 21 32 5 4
119 29 20 9 4
119 30 42 0 4
119 38 24 7 4
119 41 35 0 4
119 42 43 0 4
119 53 31 0 4
119 58 38 0 4
119 61 36 0 4
119 73 38 0 4
119 75 42 0 4
119 77 22 12 4
119 82 46 0 4
119 86 46 0 4
119 88 36 0 4
119 90 32 3 4
119 92 34 0 4
119 94 36 0 4
119 98 37 3 4
104 119 39 3 4
109 119 19 8 4
114 119 24 4 4
118 119 46 0 4
119 123 36 1 4
119 129 30 7 4
120 5 57 2 4
120 16 63 5 4
120 20 63 7 4
120 29 57 5 4
120 37 61 9 4
120 53 50 5 4
120 61 61 2 4
120 69 76 28 4
120 94 49 8 4
120 98 56 8 4
104 120 62 6 4
108 120 63 7 4
109 120 60 2 4
112 120 59 15 4
114 120 59 1 4
119 120 63 7 4
120 121 66 11 4
120 124 62 14 4
120 129 63 5 4
121 17 62 19 4
121 37 45 8 4
121 53 30 6 4
121 88 45 1 4
121 94 37 5 4
102 121 55 7 4
121 125 48 9 4
122 13 62 5 4
122 14 52 5 4
122 16 58 4 4
122 29 58 1 4
122 30 56 4 4
122 41 51 3 4
122 49 53 10 4
122 57 61 6 4
122 59 64 7 4
122 60 53 10 4
122 73 58 1 4
122 86 62 3 4
122 90 54 3 4
122 96 53 16 4
122 98 55 5 4
108 122 54 8 4
109 122 55 1 4
116 122 54 10 4
119 122 56 7 4
122 123 58 1 4
123 5 16 3 4
123 16 28 3 4
123 20 32 3 4
123 29 22 3 4
123 41 23 1 4
123 42 31 1 4
123 53 21 0 4
123 57 35 3 4
123 74 48 4 4
123 75 30 1 4
123 82 28 4 4
123 88 24 1 4
123 90 26 1 4
1 123 55 5 4
104 123 33 1 4
108 123 32 3 4
109 123 23 1 4
114 123 20 1 4
118 123 32 2 4
119 123 36 1 4
123 129 32 1 4
124 51 56 11 4
124 54 60 12 4
124 58 45 3 4
124 59 59 5 4
124 61 47 1 4
124 82 53 3 4
124 98 46 5 4
112 124 53 10 4
118 124 51 4 4
120 124 62 14 4
124 125 50 9 4
124 130 70 14 4
125 7 54 16 4
125 17 68 14 4
125 51 56 8 4
125 54 56 11 4
125 61 41 1 4
125 63 51 15 4
125 65 50 6 4
125 88 41 1 4
125 90 43 1 4
121 125 48 9 4
124 125 50 9 4
126 3 96 11 4
126 58 95 7 4
126 73 93 8 4
126 90 91 9 4
10 126 111 30 4
127 37 56 3 4
127 39 57 6 4
127 42 47 4 4
127 59 52 8 4
127 61 46 1 4
127 63 56 15 4
127 65 51 8 4
127 73 42 4 4
127 86 52 3 4
127 88 44 2 4
127 94 46 1 4
11 127 58 5 4
12 127 51 4 4
102 127 56 7 4
106 127 55 3 4
108 127 52 4 4
109 127 45 1 4
127 128 58 10 4
128 13 62 3 4
128 15 55 1 4
128 21 54 3 4
128 25 65 9 4
128 38 50 3 4
128 58 50 3 4
128 61 52 1 4
128 92 50 1 4
106 128 57 5 4
114 128 48 1 4
116 128 60 5 4
127 128 58 10 4
128 129 56 3 4
129 5 18 5 4
129 13 36 5 4
129 14 36 0 4
129 15 35 0 4
129 16 30 5 4
129 20 16 14 4
129 21 18 10 4
129 29 22 6 4
129 30 38 0 4
129 38 16 9 4
129 41 31 0 4
129 42 31 4 4
129 53 27 0 4
129 57 37 5 4
129 58 32 1 4
129 61 32 0 4
129 73 34 0 4
129 75 30 4 4
129 77 24 9 4
129 86 40 1 4
129 88 32 0 4
129 90 34 0 4
129 92 20 5 4
129 94 32 0 4
129 98 37 1 4
12 129 31 6 4
104 129 27 7 4
109 129 23 4 4
114 129 18 5 4
116 129 38 5 4
119 129 30 7 4
123 129 32 1 4
130 43 75 7 4
130 50 84 17 4
130 51 74 14 4
130 65 70 11 4
130 88 65 4 4
130 94 65 4 4
112 130 77 10 4
120 130 80 17 4
124 130 70 14 4
125 130 72 10 4
