Res1 Res2 NSingle NDouble Method
12 5 18 1 4
14 5 15 0 4
15 5 17 0 4
13 15 23 3 4
16 5 15 3 4
12 16 21 5 4
10 17 44 27 4
20 5 9 5 4
12 20 17 6 4
16 20 14 8 4
21 5 11 2 4
12 21 13 6 4
13 21 21 3 4
16 21 16 5 4
20 21 8 8 4
25 3 29 5 4
21 27 23 3 4
29 5 5 4 4
16 29 12 6 4
21 29 12 3 4
13 30 27 2 4
15 30 20 3 4
25 30 28 4 4
27 30 27 3 4
14 31 27 3 4
38 5 8 3 4
12 38 14 5 4
13 38 20 3 4
16 38 17 4 4
20 38 7 8 4
21 38 3 8 4
29 38 9 4 4
41 5 13 0 4
15 41 18 1 4
29 41 14 1 4
30 41 20 1 4
38 41 17 0 4
42 5 18 0 4
12 42 16 6 4
13 42 18 6 4
21 42 21 1 4
27 42 18 7 4
31 42 22 7 4
38 42 20 1 4
36 43 30 6 4
37 43 29 6 4
3 45 32 12 4
35 45 36 17 4
44 46 43 27 4
13 49 31 2 4
41 49 18 4 4
5 53 11 0 4
37 53 17 5 4
43 53 16 5 4
54 7 31 20 4
15 55 25 3 4
21 55 19 5 4
30 55 25 4 4
38 55 22 3 4
13 57 22 8 4
42 57 20 7 4
3 58 19 5 4
15 58 22 1 4
21 58 20 1 4
25 58 22 6 4
38 58 19 1 4
37 59 31 6 4
51 59 30 11 4
13 60 24 7 4
41 60 21 4 4
42 60 24 5 4
49 60 25 7 4
5 61 13 0 4
15 61 16 2 4
30 61 18 2 4
41 61 14 1 4
63 7 29 19 4
51 65 28 13 4
63 65 37 9 4
3 67 27 8 4
25 67 14 17 4
44 67 37 17 4
58 67 26 6 4
5 73 15 0 4
11 73 24 6 4
36 73 26 3 4
63 73 31 5 4
15 74 32 6 4
56 74 42 17 4
59 74 32 11 4
5 75 16 1 4
12 75 20 4 4
16 75 23 3 4
20 75 23 2 4
21 75 17 3 4
27 75 18 7 4
29 75 19 1 4
31 75 22 7 4
38 75 20 1 4
42 75 16 5 4
55 75 26 3 4
5 77 12 3 4
12 77 16 6 4
20 77 15 6 4
21 77 13 5 4
29 77 13 4 4
38 77 10 6 4
42 77 16 5 4
15 78 28 5 4
30 78 32 4 4
36 78 34 7 4
43 78 28 9 4
75 80 24 7 4
30 82 25 2 4
37 82 26 5 4
41 82 21 1 4
42 82 24 2 4
51 82 31 7 4
55 82 28 3 4
59 82 27 5 4
61 82 21 1 4
74 82 33 7 4
59 84 39 10 4
74 84 41 14 4
36 85 21 11 4
43 85 27 7 4
78 85 29 9 4
11 86 31 5 4
12 86 26 2 4
13 86 28 2 4
42 86 24 2 4
49 86 27 3 4
53 86 19 1 4
60 86 28 4 4
73 86 19 3 4
75 86 24 2 4
82 86 26 2 4
5 88 13 0 4
11 88 24 5 4
15 88 18 1 4
30 88 20 1 4
36 88 26 2 4
39 88 25 3 4
43 88 20 4 4
61 88 14 1 4
73 88 16 1 4
78 88 28 3 4
85 88 23 3 4
17 89 41 27 4
12 90 22 2 4
13 90 24 2 4
16 90 21 3 4
36 90 27 3 4
39 90 28 3 4
41 90 15 2 4
49 90 23 3 4
55 90 24 3 4
73 90 19 1 4
77 90 20 2 4
79 90 26 5 4
85 90 24 4 4
87 91 45 28 4
3 92 21 1 4
5 92 9 1 4
12 92 11 5 4
13 92 19 2 4
14 92 16 0 4
16 92 18 2 4
20 92 12 4 4
21 92 4 6 4
29 92 14 0 4
38 92 7 4 4
41 92 14 0 4
42 92 17 1 4
53 92 12 0 4
61 92 14 0 4
73 92 16 0 4
75 92 13 3 4
77 92 15 2 4
5 94 14 0 4
15 94 19 1 4
30 94 21 1 4
37 94 20 5 4
43 94 23 3 4
53 94 9 3 4
61 94 15 1 4
88 94 13 2 4
41 96 24 4 4
49 96 22 10 4
86 96 25 7 4
12 98 22 4 4
13 98 26 3 4
14 98 17 4 4
16 98 23 4 4
21 98 21 2 4
27 98 28 3 4
38 98 22 1 4
42 98 22 3 4
61 98 21 1 4
75 98 24 2 4
77 98 22 3 4
90 98 24 1 4
92 98 17 2 4
102 35 31 11 4
102 37 19 12 4
102 53 20 4 4
102 94 19 6 4
104 5 16 1 4
104 12 22 3 4
104 13 26 2 4
104 16 21 4 4
104 20 15 6 4
104 21 15 4 4
104 29 17 2 4
104 38 18 2 4
104 53 15 2 4
104 55 24 4 4
104 75 22 2 4
104 80 28 5 4
104 92 11 4 4
104 94 16 3 4
104 98 24 2 4
102 104 23 6 4
106 13 21 7 4
106 21 22 3 4
106 36 30 5 4
106 38 21 3 4
106 39 15 13 4
106 55 27 5 4
106 60 29 5 4
106 61 24 1 4
106 85 27 6 4
106 88 22 2 4
106 90 25 2 4
107 85 37 14 4
108 5 17 2 4
108 13 21 6 4
108 16 18 7 4
108 29 18 3 4
108 42 21 4 4
108 53 20 1 4
108 75 25 2 4
108 77 23 3 4
108 86 25 3 4
108 90 21 3 4
108 98 19 6 4
104 108 23 3 4
109 5 7 3 4
109 12 15 4 4
109 13 21 2 4
109 20 10 6 4
109 21 12 3 4
109 29 8 4 4
109 38 9 4 4
109 41 16 0 4
109 49 22 2 4
109 75 19 1 4
109 77 9 6 4
109 90 15 2 4
109 92 12 1 4
106 109 20 3 4
108 109 18 3 4
111 25 30 15 4
111 44 31 26 4
111 46 38 26 4
111 67 34 15 4
112 14 23 5 4
112 98 28 5 4
114 5 3 4 4
114 12 17 2 4
114 14 16 0 4
114 15 18 0 4
114 16 14 4 4
114 20 8 6 4
114 21 8 4 4
114 29 6 4 4
114 38 5 5 4
114 41 14 0 4
114 53 12 0 4
114 58 16 1 4
114 61 14 0 4
114 73 16 0 4
114 75 17 1 4
114 77 11 4 4
114 92 10 1 4
108 114 20 1 4
109 114 6 4 4
115 7 37 20 4
115 56 39 23 4
116 13 23 7 4
116 14 24 3 4
116 42 19 7 4
116 90 25 3 4
104 116 27 3 4
108 116 14 11 4
117 63 31 17 4
118 59 30 4 4
118 73 22 2 4
118 75 25 2 4
118 79 29 6 4
118 80 29 6 4
118 82 19 6 4
118 86 27 2 4
118 92 20 1 4
11 118 28 7 4
109 118 22 1 4
114 118 20 1 4
119 5 14 3 4
119 12 22 4 4
119 14 23 1 4
119 16 15 8 4
119 20 13 8 4
119 21 19 3 4
119 29 11 6 4
119 38 16 4 4
119 61 21 1 4
119 77 14 7 4
119 90 20 3 4
119 98 24 3 4
104 119 22 3 4
108 119 17 7 4
114 119 15 3 4
120 69 42 27 4
121 37 28 9 4
121 43 33 6 4
121 53 21 5 4
121 94 24 5 4
102 121 33 7 4
122 49 30 10 4
122 96 34 11 4
123 5 12 2 4
123 16 23 2 4
123 20 21 2 4
123 29 15 2 4
123 37 26 3 4
123 41 17 1 4
123 51 33 4 4
123 54 36 5 4
123 74 35 4 4
123 82 16 5 4
123 88 17 1 4
123 90 20 1 4
123 94 18 1 4
108 123 23 2 4
109 123 17 1 4
114 123 15 1 4
118 123 23 2 4
124 51 36 11 4
124 56 44 14 4
124 59 36 7 4
124 99 46 19 4
120 124 41 12 4
125 63 28 13 4
125 65 29 9 4
117 125 33 12 4
120 125 36 12 4
121 125 34 7 4
124 125 33 9 4
127 63 36 10 4
127 65 35 7 4
127 73 27 4 4
128 25 34 7 4
128 58 26 6 4
129 5 10 5 4
129 16 17 7 4
129 20 5 12 4
129 21 11 7 4
129 29 11 6 4
129 38 10 7 4
129 42 22 3 4
129 75 18 5 4
129 77 14 7 4
129 92 13 4 4
12 129 18 6 4
104 129 16 6 4
109 129 15 4 4
114 129 11 5 4
119 129 18 6 4
123 129 22 2 4
