Res1 Res2 NSingle NDouble Method
109 29 0 4 3
29 63 0 4 3
32 77 0 7 3
32 85 0 7 3
33 42 0 8 3
33 72 0 8 3
100 34 1 9 3
128 34 1 9 3
34 45 0 9 3
34 98 0 9 3
112 37 0 7 3
33 42 0 8 3
42 72 0 8 3
34 45 0 9 3
100 45 1 9 3
128 45 1 9 3
45 98 0 9 3
43 49 1 7 3
108 49 1 6 3
124 49 0 7 3
50 9 1 6 3
105 50 0 7 3
16 55 3 7 3
38 55 2 8 3
123 55 3 7 3
55 75 3 7 3
126 60 0 5 3
29 63 0 4 3
109 63 0 4 3
64 89 0 2 3
64 99 0 2 3
33 72 0 8 3
42 72 0 8 3
76 86 1 7 3
32 77 0 7 3
77 85 0 7 3
80 82 0 8 3
80 82 0 8 3
32 85 0 7 3
77 85 0 7 3
76 86 1 7 3
64 89 0 2 3
89 99 0 2 3
10 94 1 7 3
120 94 1 8 3
94 95 0 8 3
10 95 1 7 3
94 95 0 8 3
120 95 1 8 3
34 98 0 9 3
45 98 0 9 3
100 98 1 9 3
128 98 1 9 3
64 99 0 2 3
89 99 0 2 3
100 3 5 5 3
100 17 2 9 3
100 26 6 4 3
100 29 6 4 3
100 34 1 9 3
100 45 1 9 3
100 51 6 4 3
100 55 2 9 3
100 58 2 9 3
100 61 5 5 3
100 63 6 4 3
100 92 2 9 3
100 98 1 9 3
100 109 6 4 3
100 128 2 9 3
105 9 1 6 3
105 50 0 7 3
109 29 0 4 3
109 63 0 4 3
112 37 0 7 3
124 43 1 7 3
124 49 0 7 3
108 124 1 6 3
126 60 0 5 3
128 3 5 5 3
128 26 6 4 3
128 29 6 4 3
128 34 1 9 3
128 45 1 9 3
128 51 6 4 3
128 61 5 5 3
128 63 6 4 3
128 74 4 6 3
128 86 3 7 3
128 90 2 8 3
128 98 1 9 3
11 128 2 8 3
106 128 2 8 3
109 128 6 4 3
114 128 3 7 3
117 128 1 9 3
125 128 2 8 3
