Res1 Res2 NSingle NDouble Method
11 5 19 2 4
10 11 10 1 4
10 12 6 1 4
11 12 6 1 4
11 13 26 3 4
13 14 32 7 4
16 9 27 6 4
17 20 19 5 4
10 22 6 1 4
11 22 6 1 4
12 22 2 1 4
15 22 14 1 4
23 29 22 6 4
30 8 20 5 4
23 30 12 2 4
43 5 37 7 4
10 47 23 3 4
33 47 31 8 4
30 48 13 3 4
10 50 10 1 4
11 50 10 1 4
12 50 4 2 4
22 50 6 1 4
47 50 21 4 4
12 52 4 0 4
22 52 4 0 4
12 54 3 0 4
22 54 3 0 4
52 54 3 0 4
12 55 14 1 4
17 55 10 5 4
21 55 25 7 4
22 55 14 1 4
10 56 12 1 4
11 56 10 2 4
12 56 8 1 4
14 56 20 4 4
22 56 8 1 4
50 56 12 1 4
12 58 4 0 4
15 58 12 2 4
22 58 4 0 4
52 58 4 0 4
54 58 3 0 4
14 60 29 7 4
33 60 31 8 4
47 60 30 8 4
16 63 16 4 4
35 63 24 5 4
10 75 16 2 4
22 75 14 1 4
50 75 10 5 4
77 8 21 6 4
30 77 13 5 4
48 77 14 4 4
55 77 19 4 4
63 77 18 4 4
11 78 17 2 4
56 79 14 2 4
67 79 20 5 4
10 80 9 1 4
11 80 9 1 4
12 80 5 1 4
22 80 5 1 4
30 80 13 1 4
31 80 13 1 4
48 80 12 1 4
50 80 9 1 4
54 80 6 0 4
55 80 15 2 4
56 80 11 1 4
63 80 14 2 4
77 80 14 2 4
14 82 21 4 4
56 82 13 2 4
60 82 18 7 4
79 82 15 2 4
4 83 18 16 4
77 84 18 10 4
10 86 7 0 4
11 86 7 0 4
12 86 3 0 4
17 86 7 0 4
22 86 3 0 4
23 86 7 0 4
30 86 9 1 4
48 86 8 1 4
50 86 7 0 4
52 86 3 0 4
54 86 2 0 4
58 86 3 0 4
63 86 12 1 4
77 86 12 1 4
80 86 6 0 4
30 87 16 6 4
52 87 16 2 4
58 87 16 2 4
63 87 19 6 4
77 87 21 5 4
81 88 14 22 4
30 89 18 4 4
48 89 13 6 4
63 89 19 5 4
77 89 19 5 4
10 91 19 3 4
11 91 19 3 4
67 91 23 8 4
12 93 3 0 4
22 93 3 0 4
52 93 3 0 4
54 93 2 0 4
58 93 3 0 4
86 93 2 0 4
21 94 21 14 4
23 94 22 4 4
15 96 13 7 4
16 96 18 3 4
54 96 12 1 4
58 96 13 1 4
74 96 17 11 4
9 99 20 16 4
35 99 21 12 4
101 25 29 11 4
102 12 7 0 4
102 22 7 0 4
102 30 9 3 4
102 48 6 4 4
102 52 5 1 4
102 54 6 0 4
102 55 13 3 4
102 63 12 3 4
102 77 10 4 4
102 80 8 1 4
102 86 4 1 4
103 30 16 5 4
103 48 11 7 4
103 54 15 1 4
103 77 17 6 4
104 67 21 5 4
104 91 22 4 4
10 104 13 2 4
105 8 20 5 4
105 27 18 5 4
105 37 18 5 4
105 48 11 4 4
105 57 20 6 4
105 77 17 3 4
105 86 9 1 4
105 89 18 4 4
102 105 11 2 4
103 105 16 5 4
106 67 25 8 4
106 91 24 8 4
107 12 4 0 4
107 22 4 0 4
107 23 6 1 4
107 52 4 0 4
107 54 3 0 4
107 58 4 0 4
107 86 3 0 4
107 93 3 0 4
107 94 22 2 4
108 11 10 2 4
108 12 8 1 4
108 50 6 4 4
108 75 16 3 4
108 79 14 2 4
111 21 27 7 4
111 22 14 2 4
111 26 20 9 4
111 30 14 6 4
111 55 18 6 4
111 77 19 5 4
113 12 5 1 4
113 22 5 1 4
113 50 9 1 4
113 54 6 0 4
113 55 15 2 4
113 56 11 1 4
113 67 17 4 4
113 80 8 1 4
113 86 6 0 4
113 91 16 4 4
10 113 9 1 4
11 113 9 1 4
104 113 10 3 4
106 113 20 3 4
115 12 3 1 4
115 22 3 1 4
115 25 16 3 4
115 50 7 1 4
115 52 5 0 4
115 54 4 0 4
115 56 9 1 4
115 58 5 0 4
115 80 6 1 4
115 86 4 0 4
115 93 4 0 4
10 115 7 1 4
11 115 7 1 4
102 115 8 0 4
104 115 10 2 4
107 115 5 0 4
113 115 6 1 4
116 67 28 7 4
116 79 14 9 4
116 82 23 4 4
117 26 25 8 4
117 79 21 4 4
106 117 24 8 4
116 117 19 11 4
118 27 12 11 4
118 48 11 7 4
103 118 6 13 4
119 12 15 1 4
119 50 15 3 4
119 79 19 3 4
119 82 18 3 4
120 79 16 6 4
116 120 22 9 4
117 120 19 9 4
121 30 13 3 4
121 48 14 2 4
121 55 17 3 4
121 56 13 2 4
121 77 16 3 4
121 87 15 6 4
121 89 17 4 4
102 121 10 2 4
125 15 13 1 4
125 17 7 0 4
125 22 3 0 4
125 23 7 0 4
125 50 7 0 4
125 52 3 0 4
125 54 2 0 4
125 58 1 1 4
125 80 6 0 4
125 86 2 0 4
125 87 17 1 4
125 89 15 1 4
125 93 2 0 4
125 96 12 1 4
10 125 7 0 4
11 125 7 0 4
12 125 3 0 4
102 125 6 0 4
107 125 3 0 4
113 125 6 0 4
115 125 4 0 4
126 4 20 11 4
126 17 14 4 4
126 55 20 5 4
126 83 22 9 4
124 126 24 12 4
128 17 19 5 4
128 23 21 4 4
129 27 13 11 4
129 30 17 5 4
129 48 10 8 4
129 54 16 1 4
102 129 12 5 4
103 129 5 14 4
105 129 17 5 4
118 129 7 13 4
