Res1 Res2 NSingle NDouble Method
1 4 35 15 4
1 83 37 13 4
1 99 35 14 4
126 4 20 11 4
4 83 18 16 4
10 5 19 2 4
11 5 19 2 4
35 5 26 6 4
43 5 37 7 4
105 5 21 3 4
108 5 21 2 4
7 74 18 21 4
7 88 20 22 4
27 8 24 7 4
30 8 20 5 4
37 8 22 8 4
48 8 17 6 4
77 8 21 6 4
102 8 15 5 4
103 8 16 10 4
105 8 20 5 4
118 8 18 9 4
129 8 17 10 4
8 87 24 7 4
16 9 27 6 4
35 9 25 12 4
58 9 26 2 4
9 99 20 16 4
10 11 10 1 4
10 12 6 1 4
10 22 6 1 4
10 24 6 0 4
10 47 23 3 4
10 50 10 1 4
10 52 8 0 4
10 54 7 0 4
10 56 12 1 4
10 58 8 0 4
10 65 6 0 4
10 75 16 2 4
10 80 9 1 4
10 86 7 0 4
10 91 19 3 4
10 93 7 0 4
10 95 6 0 4
10 104 13 2 4
10 107 8 0 4
10 113 9 1 4
10 115 7 1 4
10 125 7 0 4
11 5 19 2 4
10 11 10 1 4
107 11 8 0 4
108 11 10 2 4
11 12 6 1 4
11 13 26 3 4
11 22 6 1 4
11 24 6 0 4
11 50 10 1 4
11 52 8 0 4
11 54 7 0 4
11 56 10 2 4
11 58 8 0 4
11 65 6 0 4
11 78 17 2 4
11 80 9 1 4
11 86 7 0 4
11 91 19 3 4
11 93 7 0 4
11 95 6 0 4
11 113 9 1 4
11 115 7 1 4
11 125 7 0 4
10 12 6 1 4
11 12 6 1 4
102 12 7 0 4
107 12 4 0 4
108 12 8 1 4
113 12 5 1 4
115 12 3 1 4
119 12 15 1 4
12 22 2 1 4
12 24 2 0 4
12 50 4 2 4
12 52 4 0 4
12 54 3 0 4
12 55 14 1 4
12 56 8 1 4
12 58 4 0 4
12 65 2 0 4
12 78 15 1 4
12 80 5 1 4
12 86 3 0 4
12 93 3 0 4
12 95 2 0 4
12 125 3 0 4
10 13 24 4 4
11 13 26 3 4
13 14 32 7 4
13 78 31 5 4
13 82 27 4 4
10 14 22 2 4
13 14 32 7 4
116 14 30 6 4
125 14 19 1 4
14 17 22 2 4
14 56 20 4 4
14 58 18 2 4
14 60 29 7 4
14 82 21 4 4
125 15 13 1 4
15 22 14 1 4
15 24 14 0 4
15 54 15 0 4
15 58 12 2 4
15 65 14 0 4
15 74 22 9 4
15 86 15 0 4
15 93 15 0 4
15 95 14 0 4
15 96 13 7 4
16 9 27 6 4
16 17 15 1 4
16 24 11 0 4
16 48 16 2 4
16 63 16 4 4
16 65 11 0 4
16 95 11 0 4
16 96 18 3 4
12 17 8 0 4
107 17 8 0 4
125 17 7 0 4
126 17 14 4 4
128 17 19 5 4
17 20 19 5 4
17 22 8 0 4
17 24 6 0 4
17 52 8 0 4
17 54 7 0 4
17 55 10 5 4
17 58 8 0 4
17 65 6 0 4
17 86 7 0 4
17 93 7 0 4
17 95 6 0 4
17 20 19 5 4
102 20 18 5 4
103 20 21 9 4
118 20 19 10 4
129 20 18 11 4
20 30 23 5 4
20 32 21 11 4
20 37 21 10 4
20 48 18 7 4
20 52 21 2 4
20 55 19 9 4
20 89 19 10 4
20 21 24 12 4
102 21 22 4 4
103 21 27 7 4
111 21 27 7 4
118 21 27 7 4
129 21 26 8 4
21 30 23 6 4
21 48 20 7 4
21 55 25 7 4
21 94 21 14 4
10 22 6 1 4
11 22 6 1 4
12 22 2 1 4
15 22 14 1 4
102 22 7 0 4
107 22 4 0 4
111 22 14 2 4
113 22 5 1 4
115 22 3 1 4
125 22 3 0 4
22 24 2 0 4
22 50 6 1 4
22 52 4 0 4
22 54 3 0 4
22 55 14 1 4
22 56 8 1 4
22 58 4 0 4
22 65 2 0 4
22 75 14 1 4
22 80 5 1 4
22 86 3 0 4
22 93 3 0 4
22 95 2 0 4
12 23 8 0 4
22 23 8 0 4
107 23 6 1 4
125 23 7 0 4
128 23 21 4 4
23 24 6 0 4
23 29 22 6 4
23 30 12 2 4
23 52 8 0 4
23 54 7 0 4
23 58 8 0 4
23 65 6 0 4
23 86 7 0 4
23 93 7 0 4
23 94 22 4 4
23 95 6 0 4
101 25 29 11 4
115 25 16 3 4
25 33 31 6 4
25 83 29 7 4
26 8 28 7 4
102 26 21 3 4
103 26 26 6 4
111 26 20 9 4
117 26 25 8 4
129 26 27 6 4
26 37 26 7 4
26 48 23 4 4
26 77 25 5 4
12 27 18 1 4
22 27 18 1 4
102 27 17 3 4
103 27 14 10 4
105 27 18 5 4
107 27 18 1 4
115 27 19 1 4
118 27 12 11 4
129 27 13 11 4
27 48 17 5 4
27 52 18 1 4
27 86 17 1 4
23 29 22 6 4
30 8 20 5 4
23 30 12 2 4
24 30 10 0 4
102 30 9 3 4
103 30 16 5 4
111 30 14 6 4
121 30 13 3 4
129 30 17 5 4
30 48 13 3 4
30 65 10 0 4
30 77 13 5 4
30 80 13 1 4
30 86 9 1 4
30 87 16 6 4
30 89 18 4 4
30 95 10 0 4
24 31 10 0 4
103 31 20 3 4
118 31 20 3 4
31 56 16 1 4
31 65 10 0 4
31 80 13 1 4
31 95 10 0 4
102 32 19 3 4
118 32 20 8 4
129 32 21 8 4
32 52 18 2 4
32 80 21 2 4
32 89 16 10 4
119 33 27 6 4
33 46 36 12 4
33 47 31 8 4
33 60 31 8 4
33 61 30 8 4
34 53 31 11 4
34 61 28 7 4
34 83 26 9 4
15 35 23 6 4
125 35 20 1 4
35 58 21 1 4
35 63 24 5 4
35 96 22 6 4
35 99 21 12 4
32 37 24 7 4
102 37 17 3 4
103 37 20 7 4
105 37 18 5 4
118 37 20 7 4
129 37 19 8 4
37 48 15 6 4
37 86 17 1 4
37 89 20 7 4
39 48 38 7 4
39 77 34 11 4
126 40 38 11 4
40 83 40 14 4
41 64 26 21 4
43 5 37 7 4
120 43 34 9 4
43 56 32 5 4
44 88 26 19 4
104 46 27 10 4
119 46 35 8 4
46 56 34 5 4
46 82 35 5 4
10 47 23 3 4
33 47 31 8 4
104 47 24 5 4
108 47 25 3 4
113 47 22 3 4
119 47 28 5 4
47 50 21 4 4
47 60 30 8 4
47 80 24 2 4
47 91 28 7 4
12 48 11 0 4
22 48 11 0 4
24 48 9 0 4
30 48 13 3 4
102 48 6 4 4
103 48 11 7 4
105 48 11 4 4
107 48 11 0 4
115 48 12 0 4
118 48 11 7 4
121 48 14 2 4
125 48 10 0 4
129 48 10 8 4
48 52 11 0 4
48 54 10 0 4
48 58 11 0 4
48 65 9 0 4
48 77 14 4 4
48 80 12 1 4
48 86 8 1 4
48 89 13 6 4
48 93 10 0 4
48 95 9 0 4
10 50 10 1 4
11 50 10 1 4
12 50 4 2 4
22 50 6 1 4
24 50 6 0 4
47 50 21 4 4
107 50 8 0 4
108 50 6 4 4
113 50 9 1 4
115 50 7 1 4
119 50 15 3 4
125 50 7 0 4
50 52 8 0 4
50 54 7 0 4
50 56 12 1 4
50 58 8 0 4
50 65 6 0 4
50 75 10 5 4
50 80 9 1 4
50 86 7 0 4
50 93 7 0 4
50 95 6 0 4
103 51 22 15 4
118 51 24 14 4
129 51 23 15 4
12 52 4 0 4
22 52 4 0 4
24 52 2 0 4
102 52 5 1 4
107 52 4 0 4
115 52 5 0 4
125 52 3 0 4
52 54 3 0 4
52 58 4 0 4
52 65 2 0 4
52 86 3 0 4
52 87 16 2 4
52 93 3 0 4
52 95 2 0 4
15 53 31 8 4
16 53 30 7 4
53 74 25 17 4
12 54 3 0 4
22 54 3 0 4
24 54 1 0 4
52 54 3 0 4
102 54 6 0 4
103 54 15 1 4
107 54 3 0 4
113 54 6 0 4
115 54 4 0 4
125 54 2 0 4
129 54 16 1 4
54 58 3 0 4
54 65 1 0 4
54 80 6 0 4
54 86 2 0 4
54 93 2 0 4
54 95 1 0 4
54 96 12 1 4
12 55 14 1 4
17 55 10 5 4
21 55 25 7 4
22 55 14 1 4
30 55 18 3 4
37 55 22 5 4
48 55 17 3 4
102 55 13 3 4
111 55 18 6 4
113 55 15 2 4
121 55 17 3 4
126 55 20 5 4
55 77 19 4 4
55 80 15 2 4
10 56 12 1 4
11 56 10 2 4
12 56 8 1 4
14 56 20 4 4
22 56 8 1 4
24 56 8 0 4
50 56 12 1 4
54 56 9 0 4
113 56 11 1 4
115 56 9 1 4
119 56 19 2 4
121 56 13 2 4
125 56 9 0 4
56 65 8 0 4
56 78 19 2 4
56 79 14 2 4
56 80 11 1 4
56 82 13 2 4
56 86 9 0 4
56 93 9 0 4
56 95 8 0 4
27 57 24 8 4
48 57 17 7 4
103 57 18 10 4
105 57 20 6 4
118 57 18 10 4
129 57 19 10 4
12 58 4 0 4
15 58 12 2 4
22 58 4 0 4
24 58 2 0 4
52 58 4 0 4
54 58 3 0 4
107 58 4 0 4
115 58 5 0 4
125 58 1 1 4
58 65 2 0 4
58 86 3 0 4
58 87 16 2 4
58 93 3 0 4
58 95 2 0 4
58 96 13 1 4
27 59 24 9 4
103 59 20 10 4
118 59 22 9 4
119 59 23 8 4
129 59 23 9 4
14 60 29 7 4
15 60 27 5 4
33 60 31 8 4
35 60 28 8 4
47 60 30 8 4
58 60 21 2 4
104 60 24 5 4
113 60 22 3 4
119 60 28 5 4
60 82 18 7 4
60 96 24 6 4
30 61 20 6 4
54 61 21 1 4
102 61 21 3 4
118 61 24 7 4
121 61 19 6 4
61 86 21 1 4
61 96 19 8 4
23 62 33 6 4
63 8 23 5 4
16 63 16 4 4
30 63 17 3 4
35 63 24 5 4
48 63 16 3 4
102 63 12 3 4
103 63 21 4 4
63 77 18 4 4
63 80 14 2 4
63 86 12 1 4
63 87 19 6 4
63 89 19 5 4
27 64 21 12 4
48 64 20 8 4
102 64 22 5 4
103 64 19 12 4
118 64 19 12 4
129 64 18 13 4
15 66 36 7 4
22 67 20 1 4
104 67 21 5 4
106 67 25 8 4
113 67 17 4 4
115 67 19 2 4
116 67 28 7 4
67 79 20 5 4
67 91 23 8 4
48 68 20 8 4
64 68 24 15 4
102 68 24 4 4
103 68 21 11 4
105 68 25 6 4
118 68 21 11 4
129 68 20 12 4
68 77 24 8 4
35 69 32 8 4
58 69 25 2 4
63 69 30 5 4
117 69 32 7 4
69 99 31 10 4
32 70 23 14 4
118 70 25 11 4
70 80 28 4 4
70 89 23 12 4
72 96 25 8 4
52 74 26 1 4
54 74 25 1 4
58 74 26 1 4
125 74 25 1 4
74 88 14 21 4
74 96 17 11 4
10 75 16 2 4
12 75 12 2 4
22 75 14 1 4
50 75 10 5 4
108 75 16 3 4
115 75 15 1 4
119 75 21 4 4
30 76 25 5 4
32 76 25 10 4
52 76 23 2 4
102 76 20 5 4
103 76 25 8 4
118 76 27 7 4
129 76 26 8 4
76 77 26 6 4
76 87 29 7 4
76 89 21 10 4
77 8 21 6 4
30 77 13 5 4
48 77 14 4 4
55 77 19 4 4
63 77 18 4 4
102 77 10 4 4
103 77 17 6 4
105 77 17 3 4
111 77 19 5 4
113 77 16 1 4
121 77 16 3 4
129 77 18 6 4
77 80 14 2 4
77 84 18 10 4
77 86 12 1 4
77 87 21 5 4
77 89 19 5 4
11 78 17 2 4
72 78 29 7 4
105 78 19 3 4
56 79 14 2 4
67 79 20 5 4
108 79 14 2 4
116 79 14 9 4
117 79 21 4 4
119 79 19 3 4
120 79 16 6 4
79 82 15 2 4
10 80 9 1 4
11 80 9 1 4
12 80 5 1 4
22 80 5 1 4
24 80 5 0 4
30 80 13 1 4
31 80 13 1 4
48 80 12 1 4
50 80 9 1 4
54 80 6 0 4
55 80 15 2 4
56 80 11 1 4
63 80 14 2 4
65 80 5 0 4
77 80 14 2 4
102 80 8 1 4
113 80 8 1 4
115 80 6 1 4
125 80 6 0 4
80 86 6 0 4
80 93 6 0 4
80 95 5 0 4
81 88 14 22 4
14 82 21 4 4
24 82 9 0 4
54 82 10 0 4
56 82 13 2 4
60 82 18 7 4
65 82 9 0 4
79 82 15 2 4
116 82 23 4 4
119 82 18 3 4
125 82 10 0 4
82 86 10 0 4
82 93 10 0 4
82 95 9 0 4
82 96 18 2 4
4 83 18 16 4
115 83 23 2 4
126 83 22 9 4
37 84 29 7 4
48 84 24 5 4
77 84 18 10 4
103 84 27 7 4
105 84 25 5 4
121 84 22 6 4
129 84 28 7 4
84 89 27 7 4
116 85 32 12 4
117 85 31 11 4
10 86 7 0 4
11 86 7 0 4
12 86 3 0 4
17 86 7 0 4
22 86 3 0 4
23 86 7 0 4
24 86 1 0 4
30 86 9 1 4
48 86 8 1 4
50 86 7 0 4
52 86 3 0 4
54 86 2 0 4
58 86 3 0 4
63 86 12 1 4
65 86 1 0 4
77 86 12 1 4
80 86 6 0 4
102 86 4 1 4
105 86 9 1 4
107 86 3 0 4
113 86 6 0 4
115 86 4 0 4
125 86 2 0 4
86 93 2 0 4
86 95 1 0 4
15 87 22 5 4
30 87 16 6 4
52 87 16 2 4
58 87 16 2 4
63 87 19 6 4
77 87 21 5 4
86 87 17 1 4
102 87 15 4 4
121 87 15 6 4
125 87 17 1 4
87 89 20 7 4
52 88 28 2 4
58 88 28 2 4
81 88 14 22 4
103 88 24 11 4
118 88 24 11 4
88 89 24 11 4
88 96 21 11 4
30 89 18 4 4
48 89 13 6 4
52 89 16 1 4
58 89 16 1 4
63 89 19 5 4
77 89 19 5 4
80 89 17 2 4
86 89 15 1 4
102 89 13 4 4
105 89 18 4 4
121 89 17 4 4
125 89 15 1 4
10 91 19 3 4
11 91 19 3 4
12 91 19 1 4
22 91 17 2 4
50 91 21 2 4
67 91 23 8 4
104 91 22 4 4
106 91 24 8 4
113 91 16 4 4
115 91 20 1 4
23 92 40 5 4
12 93 3 0 4
22 93 3 0 4
24 93 1 0 4
34 93 19 1 4
52 93 3 0 4
54 93 2 0 4
58 93 3 0 4
65 93 1 0 4
76 93 24 1 4
86 93 2 0 4
107 93 3 0 4
115 93 4 0 4
125 93 2 0 4
93 94 23 1 4
93 95 1 0 4
21 94 21 14 4
23 94 22 4 4
48 94 23 5 4
102 94 21 4 4
103 94 24 8 4
107 94 22 2 4
12 96 15 0 4
15 96 13 7 4
16 96 18 3 4
22 96 15 0 4
24 96 13 0 4
30 96 17 3 4
52 96 15 0 4
54 96 12 1 4
58 96 13 1 4
65 96 13 0 4
74 96 17 11 4
86 96 14 0 4
93 96 14 0 4
95 96 13 0 4
107 96 15 0 4
125 96 12 1 4
9 99 20 16 4
16 99 25 5 4
35 99 21 12 4
58 99 22 2 4
100 21 31 19 4
100 48 39 7 4
100 120 32 15 4
101 21 35 11 4
101 25 29 11 4
101 94 34 11 4
102 12 7 0 4
102 22 7 0 4
102 24 5 0 4
102 30 9 3 4
102 48 6 4 4
102 52 5 1 4
102 54 6 0 4
102 55 13 3 4
102 58 7 0 4
102 63 12 3 4
102 65 5 0 4
102 77 10 4 4
102 80 8 1 4
102 86 4 1 4
102 93 6 0 4
102 95 5 0 4
102 105 11 2 4
102 107 7 0 4
102 115 8 0 4
102 121 10 2 4
102 125 6 0 4
102 129 12 5 4
103 30 16 5 4
103 48 11 7 4
103 54 15 1 4
103 77 17 6 4
103 80 17 2 4
103 86 15 1 4
102 103 13 4 4
103 105 16 5 4
103 118 6 13 4
103 129 5 14 4
104 24 11 0 4
104 54 12 0 4
104 65 11 0 4
104 67 21 5 4
104 86 12 0 4
104 91 22 4 4
104 93 12 0 4
104 95 11 0 4
10 104 13 2 4
104 113 10 3 4
104 115 10 2 4
104 125 12 0 4
105 8 20 5 4
105 27 18 5 4
105 30 16 2 4
105 37 18 5 4
105 48 11 4 4
105 57 20 6 4
105 77 17 3 4
105 86 9 1 4
105 89 18 4 4
102 105 11 2 4
103 105 16 5 4
105 118 18 4 4
105 129 17 5 4
106 22 21 1 4
106 67 25 8 4
106 91 24 8 4
106 113 20 3 4
106 117 24 8 4
106 120 27 6 4
107 12 4 0 4
107 22 4 0 4
107 23 6 1 4
107 24 2 0 4
107 52 4 0 4
107 54 3 0 4
107 58 4 0 4
107 65 2 0 4
107 86 3 0 4
107 93 3 0 4
107 94 22 2 4
107 95 2 0 4
107 115 5 0 4
107 125 3 0 4
108 11 10 2 4
108 12 8 1 4
108 22 10 0 4
108 24 8 0 4
108 50 6 4 4
108 52 10 0 4
108 54 9 0 4
108 58 10 0 4
108 65 8 0 4
108 75 16 3 4
108 79 14 2 4
108 86 9 0 4
108 93 9 0 4
108 95 8 0 4
107 108 10 0 4
108 119 19 2 4
108 125 9 0 4
109 4 40 23 4
109 83 46 19 4
109 128 41 21 4
110 67 37 14 4
110 79 41 7 4
106 110 38 14 4
110 116 39 14 4
111 21 27 7 4
111 22 14 2 4
111 26 20 9 4
111 30 14 6 4
111 48 17 4 4
111 55 18 6 4
111 77 19 5 4
111 80 17 2 4
111 86 15 1 4
102 111 13 4 4
103 111 22 5 4
111 121 19 3 4
112 47 38 14 4
112 91 34 14 4
113 12 5 1 4
113 22 5 1 4
113 24 5 0 4
113 50 9 1 4
113 52 7 0 4
113 54 6 0 4
113 55 15 2 4
113 56 11 1 4
113 58 7 0 4
113 65 5 0 4
113 67 17 4 4
113 80 8 1 4
113 86 6 0 4
113 91 16 4 4
113 93 6 0 4
113 95 5 0 4
10 113 9 1 4
11 113 9 1 4
104 113 10 3 4
106 113 20 3 4
107 113 7 0 4
113 115 6 1 4
113 125 6 0 4
115 12 3 1 4
115 17 9 0 4
115 22 3 1 4
115 23 9 0 4
115 24 3 0 4
115 25 16 3 4
115 50 7 1 4
115 52 5 0 4
115 54 4 0 4
115 56 9 1 4
115 58 5 0 4
115 65 3 0 4
115 80 6 1 4
115 86 4 0 4
115 93 4 0 4
115 95 3 0 4
10 115 7 1 4
11 115 7 1 4
102 115 8 0 4
104 115 10 2 4
107 115 5 0 4
113 115 6 1 4
115 125 4 0 4
116 22 22 1 4
116 56 24 3 4
116 67 28 7 4
116 79 14 9 4
116 82 23 4 4
116 117 19 11 4
116 120 22 9 4
117 22 19 1 4
117 24 19 0 4
117 26 25 8 4
117 65 19 0 4
117 79 21 4 4
117 95 19 0 4
106 117 24 8 4
116 117 19 11 4
117 120 19 9 4
118 24 16 0 4
118 27 12 11 4
118 48 11 7 4
118 52 16 1 4
118 54 17 0 4
118 65 16 0 4
118 86 15 1 4
118 93 17 0 4
118 95 16 0 4
102 118 13 4 4
103 118 6 13 4
118 125 17 0 4
118 129 7 13 4
119 12 15 1 4
119 32 23 6 4
119 48 18 3 4
119 50 15 3 4
119 79 19 3 4
119 82 18 3 4
103 119 21 5 4
105 119 19 3 4
118 119 19 6 4
119 129 20 6 4
120 22 18 1 4
120 79 16 6 4
107 120 18 1 4
116 120 22 9 4
117 120 19 9 4
121 24 9 0 4
121 30 13 3 4
121 48 14 2 4
121 54 10 0 4
121 55 17 3 4
121 56 13 2 4
121 65 9 0 4
121 77 16 3 4
121 86 10 0 4
121 87 15 6 4
121 89 17 4 4
121 93 10 0 4
121 95 9 0 4
102 121 10 2 4
121 125 10 0 4
122 85 50 27 4
116 122 54 19 4
124 126 24 12 4
125 15 13 1 4
125 17 7 0 4
125 22 3 0 4
125 23 7 0 4
125 24 1 0 4
125 50 7 0 4
125 52 3 0 4
125 54 2 0 4
125 58 1 1 4
125 65 1 0 4
125 80 6 0 4
125 86 2 0 4
125 87 17 1 4
125 89 15 1 4
125 93 2 0 4
125 95 1 0 4
125 96 12 1 4
10 125 7 0 4
11 125 7 0 4
12 125 3 0 4
102 125 6 0 4
107 125 3 0 4
113 125 6 0 4
115 125 4 0 4
126 4 20 11 4
126 17 14 4 4
126 55 20 5 4
126 83 22 9 4
124 126 24 12 4
127 68 44 21 4
128 17 19 5 4
128 23 21 4 4
129 27 13 11 4
129 30 17 5 4
129 48 10 8 4
129 52 17 1 4
129 54 16 1 4
129 80 18 2 4
129 86 16 1 4
102 129 12 5 4
103 129 5 14 4
105 129 17 5 4
118 129 7 13 4
130 73 44 33 4
