Res1 Res2 NSingle NDouble Method
1 4 61 19 4
1 10 53 6 4
1 35 62 13 4
1 99 63 14 4
17 4 44 4 4
126 4 38 13 4
4 83 42 15 4
10 5 28 3 4
11 5 26 3 4
12 5 27 0 4
13 5 48 7 4
14 5 41 5 4
24 5 25 0 4
43 5 48 11 4
105 5 34 2 4
107 5 27 0 4
108 5 30 3 4
121 5 32 1 4
125 5 26 0 4
5 52 27 0 4
5 54 26 0 4
5 56 32 1 4
5 65 25 0 4
5 86 26 0 4
5 93 26 0 4
5 95 25 0 4
15 7 49 11 4
27 7 52 12 4
31 7 52 7 4
52 7 49 2 4
54 7 50 1 4
58 7 48 3 4
7 74 44 20 4
7 81 43 22 4
30 8 28 7 4
37 8 35 9 4
48 8 27 7 4
52 8 29 1 4
63 8 34 6 4
77 8 26 11 4
102 8 24 5 4
103 8 25 14 4
111 8 36 9 4
118 8 30 11 4
129 8 27 14 4
8 80 29 3 4
8 86 28 1 4
8 87 33 10 4
8 89 38 7 4
16 9 45 7 4
17 9 46 3 4
35 9 43 16 4
58 9 40 3 4
9 99 34 22 4
10 5 28 3 4
10 11 14 1 4
10 12 9 1 4
10 14 29 3 4
10 17 18 0 4
10 22 10 1 4
10 24 9 0 4
10 50 17 1 4
10 52 11 0 4
10 54 10 0 4
10 56 16 1 4
10 58 12 0 4
10 65 9 0 4
10 75 24 2 4
10 80 13 1 4
10 86 10 0 4
10 91 23 4 4
10 93 10 0 4
10 95 9 0 4
10 102 14 0 4
10 104 24 1 4
10 107 11 0 4
10 113 15 1 4
10 115 11 1 4
10 121 18 0 4
10 125 10 0 4
11 5 26 3 4
10 11 14 1 4
102 11 12 0 4
107 11 9 0 4
108 11 12 3 4
11 12 7 1 4
11 13 36 4 4
11 17 16 0 4
11 22 8 1 4
11 24 7 0 4
11 50 15 1 4
11 52 9 0 4
11 54 8 0 4
11 56 12 2 4
11 58 10 0 4
11 65 7 0 4
11 78 25 2 4
11 80 11 1 4
11 86 8 0 4
11 91 23 3 4
11 93 8 0 4
11 95 7 0 4
11 113 13 1 4
11 115 9 1 4
11 121 16 0 4
11 125 8 0 4
10 12 9 1 4
11 12 7 1 4
102 12 7 0 4
107 12 4 0 4
108 12 11 1 4
113 12 8 1 4
115 12 4 1 4
12 17 11 0 4
12 22 3 1 4
12 23 12 0 4
12 24 2 0 4
12 48 14 0 4
12 50 8 2 4
12 52 4 0 4
12 54 3 0 4
12 55 21 1 4
12 56 9 1 4
12 58 5 0 4
12 65 2 0 4
12 78 22 1 4
12 80 6 1 4
12 86 3 0 4
12 91 22 1 4
12 93 3 0 4
12 95 2 0 4
12 121 11 0 4
12 125 3 0 4
13 5 48 7 4
10 13 36 5 4
11 13 36 4 4
12 13 37 1 4
112 13 61 14 4
116 13 49 9 4
13 14 43 10 4
13 22 38 1 4
13 23 41 3 4
13 56 38 4 4
13 79 39 6 4
13 82 40 6 4
14 5 41 5 4
10 14 29 3 4
11 14 31 1 4
13 14 43 10 4
116 14 42 7 4
14 24 26 0 4
14 31 37 2 4
14 56 27 4 4
14 58 23 3 4
14 60 49 7 4
14 65 26 0 4
14 79 32 4 4
14 82 33 4 4
14 95 26 0 4
11 15 27 0 4
12 15 22 0 4
102 15 25 0 4
107 15 22 0 4
115 15 24 0 4
125 15 19 1 4
15 22 19 2 4
15 24 20 0 4
15 52 22 0 4
15 54 21 0 4
15 58 17 3 4
15 65 20 0 4
15 74 37 8 4
15 80 26 0 4
15 86 21 0 4
15 87 34 5 4
15 93 21 0 4
15 95 20 0 4
15 96 21 9 4
12 16 18 0 4
102 16 21 0 4
103 16 32 4 4
107 16 18 0 4
115 16 20 0 4
118 16 31 4 4
125 16 17 0 4
16 17 23 1 4
16 22 19 0 4
16 24 16 0 4
16 48 22 3 4
16 52 18 0 4
16 54 17 0 4
16 57 36 7 4
16 58 19 0 4
16 63 27 3 4
16 65 16 0 4
16 75 29 3 4
16 80 22 0 4
16 86 17 0 4
16 93 17 0 4
16 95 16 0 4
16 99 39 6 4
11 17 16 0 4
12 17 11 0 4
16 17 23 1 4
102 17 14 0 4
107 17 11 0 4
115 17 13 0 4
125 17 10 0 4
126 17 20 5 4
128 17 29 7 4
17 20 27 8 4
17 22 12 0 4
17 24 9 0 4
17 52 11 0 4
17 54 10 0 4
17 55 18 6 4
17 58 12 0 4
17 65 9 0 4
17 80 15 0 4
17 83 30 4 4
17 86 10 0 4
17 93 10 0 4
17 95 9 0 4
17 20 27 8 4
102 20 31 4 4
103 20 40 9 4
118 20 39 9 4
119 20 39 9 4
126 20 39 8 4
129 20 38 11 4
20 32 37 12 4
20 37 44 7 4
20 52 32 2 4
20 55 35 10 4
20 86 33 1 4
20 89 37 10 4
21 8 44 7 4
100 21 51 16 4
102 21 30 2 4
107 21 29 1 4
120 21 40 7 4
129 21 41 7 4
21 23 31 4 4
21 30 32 5 4
21 48 31 5 4
21 77 38 5 4
21 86 28 1 4
21 94 43 12 4
10 22 10 1 4
11 22 8 1 4
12 22 3 1 4
15 22 19 2 4
17 22 12 0 4
102 22 8 0 4
107 22 5 0 4
108 22 14 0 4
111 22 22 3 4
113 22 9 1 4
115 22 5 1 4
121 22 12 0 4
125 22 4 0 4
22 23 13 0 4
22 24 3 0 4
22 48 15 0 4
22 50 11 1 4
22 52 5 0 4
22 54 4 0 4
22 55 22 1 4
22 56 10 1 4
22 58 6 0 4
22 65 3 0 4
22 67 25 2 4
22 75 20 1 4
22 80 7 1 4
22 86 4 0 4
22 91 21 2 4
22 93 4 0 4
22 95 3 0 4
11 23 17 0 4
12 23 12 0 4
21 23 31 4 4
22 23 13 0 4
102 23 15 0 4
107 23 10 1 4
113 23 18 0 4
115 23 14 0 4
125 23 11 0 4
128 23 34 5 4
23 24 10 0 4
23 30 19 2 4
23 52 12 0 4
23 54 11 0 4
23 58 13 0 4
23 65 10 0 4
23 80 16 0 4
23 86 11 0 4
23 93 11 0 4
23 94 34 7 4
23 95 10 0 4
12 25 26 1 4
22 25 27 1 4
101 25 45 14 4
102 25 29 1 4
104 25 35 4 4
115 25 22 4 4
25 33 45 8 4
25 52 26 1 4
25 67 38 7 4
25 83 43 6 4
26 8 40 10 4
102 26 32 2 4
103 26 41 7 4
111 26 32 12 4
117 26 39 10 4
120 26 40 8 4
129 26 41 8 4
26 30 34 5 4
26 37 41 7 4
26 48 33 5 4
26 77 34 8 4
26 80 31 3 4
26 84 40 12 4
12 27 27 0 4
16 27 33 4 4
22 27 28 0 4
23 27 33 1 4
24 27 25 0 4
102 27 24 3 4
103 27 29 10 4
105 27 28 5 4
107 27 25 1 4
115 27 29 0 4
118 27 24 12 4
119 27 34 7 4
125 27 26 0 4
129 27 27 12 4
27 31 30 5 4
27 32 38 7 4
27 48 29 4 4
27 52 25 1 4
27 54 26 0 4
27 58 28 0 4
27 65 25 0 4
27 86 24 1 4
27 93 26 0 4
27 95 25 0 4
118 28 48 7 4
28 34 48 11 4
28 52 39 1 4
28 78 47 7 4
23 29 37 6 4
104 29 48 4 4
29 82 46 4 4
29 97 77 14 4
30 8 28 7 4
12 30 15 0 4
22 30 16 0 4
23 30 19 2 4
24 30 13 0 4
102 30 14 2 4
103 30 25 6 4
105 30 22 2 4
107 30 15 0 4
111 30 22 8 4
115 30 17 0 4
118 30 28 4 4
121 30 16 3 4
125 30 14 0 4
129 30 25 7 4
30 48 15 5 4
30 52 15 0 4
30 54 14 0 4
30 58 16 0 4
30 61 28 8 4
30 63 26 2 4
30 65 13 0 4
30 77 18 7 4
30 80 17 1 4
30 86 12 1 4
30 87 23 7 4
30 89 26 5 4
30 93 14 0 4
30 95 13 0 4
31 7 52 7 4
12 31 17 0 4
22 31 18 0 4
24 31 15 0 4
27 31 30 5 4
102 31 20 0 4
103 31 33 3 4
107 31 17 0 4
115 31 19 0 4
118 31 28 5 4
125 31 16 0 4
31 46 51 7 4
31 52 17 0 4
31 54 16 0 4
31 56 22 1 4
31 58 18 0 4
31 65 15 0 4
31 80 19 1 4
31 86 16 0 4
31 93 16 0 4
31 95 15 0 4
12 32 29 0 4
22 32 30 0 4
24 32 27 0 4
102 32 26 3 4
107 32 29 0 4
118 32 36 7 4
119 32 28 11 4
125 32 28 0 4
129 32 31 11 4
32 52 25 2 4
32 54 28 0 4
32 58 30 0 4
32 65 27 0 4
32 70 37 14 4
32 80 27 3 4
32 86 28 0 4
32 89 36 7 4
32 93 28 0 4
32 95 27 0 4
12 33 35 1 4
25 33 45 8 4
119 33 44 7 4
121 33 40 2 4
33 47 49 12 4
33 50 37 4 4
33 60 50 11 4
33 61 50 8 4
33 75 42 6 4
33 96 44 5 4
34 4 50 12 4
28 34 48 11 4
30 34 38 3 4
121 34 34 3 4
34 53 51 13 4
34 78 41 6 4
34 83 44 8 4
34 93 30 1 4
34 96 38 6 4
34 99 46 10 4
35 9 43 16 4
15 35 40 6 4
16 35 38 5 4
24 35 32 0 4
105 35 39 3 4
125 35 31 1 4
35 54 33 0 4
35 58 33 1 4
35 63 39 5 4
35 65 32 0 4
35 86 33 0 4
35 93 33 0 4
35 95 32 0 4
35 96 39 6 4
35 99 39 14 4
37 8 35 9 4
30 37 31 3 4
102 37 27 1 4
103 37 38 5 4
105 37 31 3 4
118 37 37 5 4
129 37 34 8 4
37 48 28 4 4
37 55 35 5 4
37 77 33 5 4
37 80 28 1 4
37 81 40 10 4
37 87 36 6 4
37 89 35 6 4
38 88 73 23 4
116 39 64 14 4
39 48 60 7 4
39 77 55 13 4
123 40 87 28 4
126 40 62 11 4
40 83 68 12 4
41 64 51 26 4
43 5 48 11 4
22 43 44 2 4
120 43 50 10 4
43 56 44 5 4
44 81 50 17 4
44 88 54 19 4
24 45 38 0 4
119 45 45 8 4
125 45 39 0 4
129 45 40 12 4
45 48 40 5 4
45 54 39 0 4
45 65 38 0 4
45 86 39 0 4
45 93 39 0 4
45 95 38 0 4
11 46 53 2 4
31 46 51 7 4
104 46 39 14 4
115 46 48 3 4
46 56 51 4 4
46 82 53 6 4
46 91 56 8 4
10 47 37 5 4
33 47 49 12 4
104 47 43 6 4
108 47 43 3 4
113 47 36 5 4
115 47 40 1 4
47 50 36 6 4
47 56 43 2 4
47 60 51 12 4
47 75 45 6 4
47 80 40 2 4
47 91 44 8 4
48 8 27 7 4
10 48 21 0 4
11 48 19 0 4
12 48 14 0 4
16 48 22 3 4
17 48 21 0 4
22 48 15 0 4
24 48 12 0 4
30 48 15 5 4
102 48 11 3 4
103 48 18 9 4
105 48 19 3 4
107 48 14 0 4
113 48 20 0 4
115 48 16 0 4
118 48 23 6 4
121 48 17 2 4
125 48 13 0 4
129 48 20 9 4
48 52 14 0 4
48 54 13 0 4
48 56 21 0 4
48 58 15 0 4
48 63 25 2 4
48 65 12 0 4
48 77 19 6 4
48 80 16 1 4
48 86 11 1 4
48 89 21 7 4
48 93 13 0 4
48 95 12 0 4
10 50 17 1 4
11 50 15 1 4
12 50 8 2 4
22 50 11 1 4
24 50 10 0 4
102 50 15 0 4
107 50 12 0 4
108 50 9 6 4
113 50 16 1 4
115 50 12 1 4
119 50 25 4 4
125 50 11 0 4
50 52 12 0 4
50 54 11 0 4
50 56 17 1 4
50 58 13 0 4
50 65 10 0 4
50 75 17 6 4
50 80 14 1 4
50 86 11 0 4
50 93 11 0 4
50 95 10 0 4
51 8 49 13 4
48 51 46 6 4
103 51 40 15 4
118 51 43 13 4
129 51 44 14 4
10 52 11 0 4
11 52 9 0 4
12 52 4 0 4
17 52 11 0 4
22 52 5 0 4
24 52 2 0 4
32 52 25 2 4
102 52 5 1 4
107 52 4 0 4
113 52 10 0 4
115 52 6 0 4
121 52 11 0 4
125 52 3 0 4
52 54 3 0 4
52 56 11 0 4
52 58 5 0 4
52 65 2 0 4
52 80 8 0 4
52 86 3 0 4
52 87 22 2 4
52 93 3 0 4
52 95 2 0 4
53 9 51 19 4
16 53 44 9 4
34 53 51 13 4
48 53 48 5 4
53 96 51 7 4
10 54 10 0 4
11 54 8 0 4
12 54 3 0 4
17 54 10 0 4
22 54 4 0 4
23 54 11 0 4
24 54 1 0 4
50 54 11 0 4
52 54 3 0 4
102 54 6 0 4
103 54 23 1 4
107 54 3 0 4
108 54 12 0 4
113 54 9 0 4
115 54 5 0 4
121 54 10 0 4
125 54 2 0 4
54 56 10 0 4
54 58 4 0 4
54 65 1 0 4
54 80 7 0 4
54 86 2 0 4
54 93 2 0 4
54 95 1 0 4
54 96 18 1 4
11 55 26 1 4
12 55 21 1 4
17 55 18 6 4
20 55 35 10 4
22 55 22 1 4
24 55 21 0 4
30 55 28 3 4
37 55 35 5 4
48 55 27 3 4
54 55 22 0 4
102 55 22 2 4
103 55 33 6 4
111 55 30 8 4
113 55 25 2 4
115 55 23 1 4
121 55 24 3 4
125 55 22 0 4
126 55 28 7 4
129 55 35 6 4
55 65 21 0 4
55 77 28 6 4
55 80 23 2 4
55 86 22 0 4
55 93 22 0 4
55 95 21 0 4
10 56 16 1 4
11 56 12 2 4
12 56 9 1 4
14 56 27 4 4
22 56 10 1 4
24 56 9 0 4
31 56 22 1 4
50 56 17 1 4
52 56 11 0 4
54 56 10 0 4
102 56 14 0 4
107 56 11 0 4
113 56 15 1 4
115 56 11 1 4
116 56 31 4 4
121 56 16 1 4
125 56 10 0 4
56 58 12 0 4
56 65 9 0 4
56 78 27 2 4
56 79 17 3 4
56 80 13 1 4
56 82 18 3 4
56 86 10 0 4
56 93 10 0 4
56 95 9 0 4
16 57 36 7 4
27 57 39 10 4
48 57 30 8 4
102 57 33 3 4
103 57 34 12 4
105 57 33 7 4
118 57 31 13 4
129 57 40 10 4
57 78 42 7 4
57 80 36 2 4
57 86 33 1 4
10 58 12 0 4
11 58 10 0 4
12 58 5 0 4
14 58 23 3 4
15 58 17 3 4
17 58 12 0 4
22 58 6 0 4
24 58 3 0 4
52 58 5 0 4
54 58 4 0 4
56 58 12 0 4
102 58 8 0 4
107 58 5 0 4
113 58 11 0 4
115 58 7 0 4
121 58 12 0 4
125 58 4 0 4
58 65 3 0 4
58 80 9 0 4
58 86 4 0 4
58 93 4 0 4
58 95 3 0 4
58 96 20 1 4
22 59 33 2 4
27 59 37 11 4
32 59 45 8 4
50 59 38 3 4
103 59 42 8 4
108 59 39 3 4
115 59 32 3 4
118 59 39 9 4
119 59 35 11 4
129 59 44 8 4
59 67 44 8 4
14 60 49 7 4
30 60 42 4 4
33 60 50 11 4
104 60 42 6 4
113 60 35 5 4
116 60 51 8 4
125 60 36 1 4
60 79 43 4 4
60 82 28 12 4
60 96 42 7 4
24 61 31 0 4
30 61 28 8 4
48 61 31 6 4
54 61 30 1 4
102 61 32 2 4
103 61 27 14 4
105 61 38 3 4
121 61 30 5 4
61 65 31 0 4
61 86 30 1 4
61 95 31 0 4
61 96 34 8 4
23 62 44 9 4
62 72 63 14 4
62 78 58 8 4
62 99 65 11 4
63 8 34 6 4
16 63 27 3 4
21 63 38 4 4
24 63 17 0 4
30 63 26 2 4
32 63 36 4 4
35 63 39 5 4
48 63 25 2 4
54 63 18 0 4
102 63 18 2 4
125 63 18 0 4
129 63 33 5 4
63 65 17 0 4
63 76 41 5 4
63 77 26 5 4
63 80 17 3 4
63 86 18 0 4
63 87 33 4 4
63 93 18 0 4
63 95 17 0 4
63 99 40 6 4
27 64 37 14 4
52 64 40 1 4
54 64 39 1 4
102 64 37 4 4
103 64 38 13 4
118 64 37 13 4
129 64 40 13 4
64 86 39 1 4
15 66 59 9 4
62 66 71 19 4
101 66 62 21 4
22 67 25 2 4
24 67 26 0 4
25 67 38 7 4
59 67 44 8 4
65 67 26 0 4
104 67 33 5 4
113 67 28 3 4
115 67 24 3 4
116 67 42 7 4
120 67 41 5 4
67 79 30 5 4
67 91 34 7 4
67 95 26 0 4
16 68 44 7 4
48 68 38 8 4
103 68 38 14 4
105 68 43 6 4
118 68 41 12 4
129 68 40 14 4
68 77 41 10 4
63 69 46 5 4
105 69 40 6 4
117 69 49 9 4
125 69 38 1 4
69 78 45 8 4
69 85 59 13 4
69 99 48 13 4
32 70 37 14 4
48 70 42 4 4
52 70 38 1 4
102 70 39 2 4
70 80 34 5 4
70 89 45 8 4
64 71 85 22 4
124 71 75 30 4
16 72 45 5 4
30 72 44 4 4
52 72 39 1 4
54 72 38 1 4
72 78 45 8 4
72 86 38 1 4
72 96 40 9 4
25 73 58 11 4
50 73 54 5 4
63 73 55 8 4
104 73 53 9 4
115 73 50 4 4
15 74 37 8 4
54 74 32 1 4
58 74 34 1 4
118 74 42 7 4
121 74 38 2 4
125 74 32 1 4
74 80 37 1 4
74 89 40 8 4
74 96 34 9 4
10 75 24 2 4
11 75 24 1 4
12 75 17 2 4
16 75 29 3 4
22 75 20 1 4
33 75 42 6 4
47 75 45 6 4
50 75 17 6 4
108 75 24 3 4
113 75 25 1 4
115 75 21 1 4
119 75 32 5 4
126 75 34 3 4
75 80 23 1 4
75 82 28 3 4
75 91 33 4 4
76 8 39 12 4
30 76 33 7 4
37 76 44 7 4
48 76 34 6 4
63 76 41 5 4
102 76 31 4 4
103 76 36 11 4
111 76 39 10 4
118 76 43 7 4
121 76 35 4 4
129 76 36 12 4
76 77 31 11 4
76 80 34 3 4
76 86 33 1 4
76 87 40 9 4
76 89 33 12 4
77 8 26 11 4
12 77 21 0 4
24 77 19 0 4
30 77 18 7 4
37 77 33 5 4
48 77 19 6 4
50 77 27 1 4
52 77 21 0 4
54 77 20 0 4
55 77 28 6 4
63 77 26 5 4
65 77 19 0 4
102 77 16 4 4
103 77 25 9 4
105 77 26 3 4
107 77 21 0 4
108 77 28 1 4
111 77 26 9 4
113 77 25 1 4
118 77 32 5 4
121 77 22 3 4
125 77 20 0 4
129 77 23 11 4
77 80 19 3 4
77 84 26 13 4
77 86 18 1 4
77 87 27 8 4
77 89 30 6 4
77 93 20 0 4
77 95 19 0 4
11 78 25 2 4
12 78 22 1 4
22 78 23 1 4
56 78 27 2 4
57 78 42 7 4
69 78 45 8 4
72 78 45 8 4
105 78 27 4 4
115 78 24 1 4
78 80 26 1 4
78 99 41 8 4
12 79 16 0 4
13 79 39 6 4
14 79 32 4 4
22 79 17 0 4
24 79 14 0 4
52 79 16 0 4
54 79 15 0 4
56 79 17 3 4
58 79 17 0 4
65 79 14 0 4
67 79 30 5 4
107 79 16 0 4
108 79 21 2 4
116 79 22 11 4
117 79 34 4 4
120 79 27 6 4
125 79 15 0 4
79 82 23 3 4
79 86 15 0 4
79 93 15 0 4
79 95 14 0 4
10 80 13 1 4
11 80 11 1 4
12 80 6 1 4
22 80 7 1 4
24 80 6 0 4
30 80 17 1 4
31 80 19 1 4
48 80 16 1 4
50 80 14 1 4
52 80 8 0 4
54 80 7 0 4
55 80 23 2 4
56 80 13 1 4
58 80 9 0 4
63 80 17 3 4
65 80 6 0 4
75 80 23 1 4
77 80 19 3 4
102 80 9 1 4
107 80 8 0 4
113 80 12 1 4
115 80 8 1 4
125 80 7 0 4
80 86 7 0 4
80 93 7 0 4
80 95 6 0 4
15 81 40 8 4
58 81 37 1 4
105 81 41 4 4
11 82 22 0 4
12 82 17 0 4
13 82 40 6 4
14 82 33 4 4
22 82 18 0 4
24 82 15 0 4
52 82 17 0 4
54 82 16 0 4
56 82 18 3 4
58 82 18 0 4
60 82 28 12 4
65 82 15 0 4
75 82 28 3 4
79 82 23 3 4
80 82 21 0 4
102 82 20 0 4
107 82 17 0 4
115 82 19 0 4
116 82 33 6 4
125 82 16 0 4
82 86 16 0 4
82 93 16 0 4
82 95 15 0 4
82 96 28 3 4
4 83 42 15 4
12 83 29 1 4
17 83 30 4 4
22 83 30 1 4
34 83 44 8 4
55 83 38 6 4
115 83 29 2 4
126 83 34 8 4
128 83 43 10 4
8 84 44 9 4
26 84 40 12 4
30 84 38 4 4
48 84 37 4 4
77 84 26 13 4
80 84 31 4 4
102 84 34 2 4
103 84 43 7 4
116 84 47 8 4
121 84 34 4 4
129 84 43 8 4
84 86 32 1 4
84 89 42 7 4
22 85 45 2 4
31 85 51 5 4
69 85 59 13 4
106 85 53 12 4
116 85 52 12 4
117 85 48 13 4
120 85 55 8 4
10 86 10 0 4
11 86 8 0 4
12 86 3 0 4
17 86 10 0 4
22 86 4 0 4
23 86 11 0 4
24 86 1 0 4
30 86 12 1 4
48 86 11 1 4
50 86 11 0 4
52 86 3 0 4
54 86 2 0 4
56 86 10 0 4
58 86 4 0 4
65 86 1 0 4
77 86 18 1 4
80 86 7 0 4
102 86 4 1 4
103 86 23 1 4
105 86 12 1 4
107 86 3 0 4
108 86 12 0 4
113 86 9 0 4
115 86 5 0 4
118 86 22 1 4
121 86 10 0 4
125 86 2 0 4
86 87 23 1 4
86 89 22 1 4
86 93 2 0 4
86 95 1 0 4
12 87 26 0 4
15 87 34 5 4
24 87 24 0 4
30 87 23 7 4
48 87 26 5 4
52 87 22 2 4
54 87 25 0 4
58 87 25 1 4
63 87 33 4 4
65 87 24 0 4
77 87 27 8 4
80 87 28 1 4
86 87 23 1 4
102 87 21 4 4
103 87 34 7 4
105 87 31 3 4
107 87 26 0 4
111 87 35 7 4
121 87 25 4 4
125 87 23 1 4
129 87 32 9 4
87 89 33 7 4
87 93 25 0 4
87 95 24 0 4
87 96 33 5 4
15 88 40 12 4
52 88 44 1 4
58 88 41 3 4
74 88 37 20 4
81 88 30 25 4
102 88 45 2 4
121 88 47 3 4
125 88 43 1 4
88 89 45 11 4
88 96 41 11 4
12 89 25 0 4
22 89 26 0 4
24 89 23 0 4
30 89 26 5 4
32 89 36 7 4
48 89 21 7 4
52 89 25 0 4
54 89 24 0 4
58 89 24 1 4
65 89 23 0 4
76 89 33 12 4
77 89 30 6 4
80 89 27 1 4
86 89 22 1 4
87 89 33 7 4
102 89 22 3 4
103 89 29 9 4
105 89 30 3 4
107 89 25 0 4
118 89 34 6 4
119 89 36 5 4
121 89 26 3 4
125 89 22 1 4
129 89 31 9 4
89 93 24 0 4
89 95 23 0 4
10 91 23 4 4
11 91 23 3 4
12 91 22 1 4
22 91 21 2 4
24 91 22 0 4
47 91 44 8 4
50 91 28 2 4
56 91 29 1 4
65 91 22 0 4
67 91 34 7 4
75 91 33 4 4
80 91 26 1 4
108 91 29 2 4
112 91 46 14 4
113 91 24 3 4
115 91 24 1 4
91 95 22 0 4
17 92 61 6 4
56 92 63 5 4
82 92 65 7 4
10 93 10 0 4
11 93 8 0 4
12 93 3 0 4
17 93 10 0 4
22 93 4 0 4
23 93 11 0 4
24 93 1 0 4
30 93 14 0 4
34 93 30 1 4
48 93 13 0 4
50 93 11 0 4
52 93 3 0 4
54 93 2 0 4
56 93 10 0 4
58 93 4 0 4
65 93 1 0 4
80 93 7 0 4
86 93 2 0 4
102 93 6 0 4
105 93 14 0 4
107 93 3 0 4
108 93 12 0 4
113 93 9 0 4
115 93 5 0 4
121 93 10 0 4
125 93 2 0 4
93 95 1 0 4
21 94 43 12 4
23 94 34 7 4
30 94 39 6 4
48 94 36 7 4
55 94 45 7 4
61 94 47 11 4
76 94 46 13 4
77 94 39 9 4
102 94 35 4 4
103 94 34 14 4
111 94 45 9 4
121 94 41 3 4
129 94 40 12 4
11 96 26 0 4
12 96 21 0 4
15 96 21 9 4
22 96 22 0 4
24 96 19 0 4
30 96 26 3 4
48 96 29 1 4
52 96 21 0 4
54 96 18 1 4
58 96 20 1 4
61 96 34 8 4
65 96 19 0 4
80 96 25 0 4
82 96 28 3 4
86 96 20 0 4
87 96 33 5 4
93 96 20 0 4
95 96 19 0 4
102 96 24 0 4
107 96 21 0 4
113 96 27 0 4
115 96 23 0 4
121 96 24 2 4
125 96 18 1 4
50 97 62 7 4
9 99 34 22 4
12 99 37 0 4
16 99 39 6 4
24 99 35 0 4
35 99 39 14 4
52 99 37 0 4
54 99 36 0 4
58 99 36 1 4
63 99 40 6 4
65 99 35 0 4
78 99 41 8 4
86 99 36 0 4
93 99 36 0 4
95 99 35 0 4
107 99 37 0 4
125 99 34 1 4
100 21 51 16 4
100 94 64 14 4
100 120 43 18 4
101 25 45 14 4
101 48 45 7 4
101 66 62 21 4
101 77 52 7 4
102 11 12 0 4
102 12 7 0 4
102 17 14 0 4
102 22 8 0 4
102 23 15 0 4
102 24 5 0 4
102 30 14 2 4
102 48 11 3 4
102 50 15 0 4
102 52 5 1 4
102 54 6 0 4
102 55 22 2 4
102 56 14 0 4
102 58 8 0 4
102 63 18 2 4
102 65 5 0 4
102 77 16 4 4
102 80 9 1 4
102 86 4 1 4
102 93 6 0 4
102 95 5 0 4
10 102 14 0 4
102 105 14 2 4
102 107 7 0 4
102 108 16 0 4
102 113 13 0 4
102 115 9 0 4
102 121 14 0 4
102 125 6 0 4
103 8 25 14 4
103 12 26 0 4
103 16 32 4 4
103 22 27 0 4
103 24 24 0 4
103 30 25 6 4
103 48 18 9 4
103 52 26 0 4
103 54 23 1 4
103 58 27 0 4
103 65 24 0 4
103 77 25 9 4
103 80 28 1 4
103 86 23 1 4
103 93 25 0 4
103 95 24 0 4
102 103 21 4 4
103 105 31 3 4
103 107 26 0 4
103 115 28 0 4
103 118 19 14 4
103 121 27 3 4
103 125 25 0 4
103 129 12 19 4
104 11 24 0 4
104 12 19 0 4
104 22 20 0 4
104 24 17 0 4
104 25 35 4 4
104 46 39 14 4
104 52 19 0 4
104 54 18 0 4
104 58 20 0 4
104 65 17 0 4
104 67 33 5 4
104 80 23 0 4
104 86 18 0 4
104 93 18 0 4
104 95 17 0 4
10 104 24 1 4
102 104 22 0 4
104 107 19 0 4
104 113 15 5 4
104 115 15 3 4
104 125 18 0 4
105 12 15 0 4
105 22 16 0 4
105 24 13 0 4
105 27 28 5 4
105 30 22 2 4
105 48 19 3 4
105 52 15 0 4
105 54 14 0 4
105 57 33 7 4
105 58 16 0 4
105 65 13 0 4
105 69 40 6 4
105 77 26 3 4
105 78 27 4 4
105 86 12 1 4
105 89 30 3 4
105 93 14 0 4
105 95 13 0 4
102 105 14 2 4
105 107 15 0 4
105 118 30 3 4
105 119 30 3 4
105 125 14 0 4
105 129 31 4 4
106 22 32 1 4
106 24 31 0 4
106 31 40 3 4
106 65 31 0 4
106 67 45 6 4
106 91 43 5 4
106 95 31 0 4
106 113 29 5 4
106 117 37 11 4
106 120 40 8 4
107 11 9 0 4
107 12 4 0 4
107 17 11 0 4
107 21 29 1 4
107 22 5 0 4
107 23 10 1 4
107 24 2 0 4
107 27 25 1 4
107 48 14 0 4
107 50 12 0 4
107 52 4 0 4
107 54 3 0 4
107 56 11 0 4
107 58 5 0 4
107 65 2 0 4
107 80 8 0 4
107 86 3 0 4
107 93 3 0 4
107 95 2 0 4
10 107 11 0 4
102 107 7 0 4
107 108 13 0 4
107 113 10 0 4
107 115 6 0 4
107 120 25 1 4
107 121 11 0 4
107 125 3 0 4
108 11 12 3 4
108 12 11 1 4
108 22 14 0 4
108 24 11 0 4
108 50 9 6 4
108 52 13 0 4
108 54 12 0 4
108 58 14 0 4
108 65 11 0 4
108 75 24 3 4
108 79 21 2 4
108 80 17 0 4
108 86 12 0 4
108 91 29 2 4
108 93 12 0 4
108 95 11 0 4
102 108 16 0 4
107 108 13 0 4
108 113 19 0 4
108 115 15 0 4
108 119 30 2 4
108 125 12 0 4
109 4 79 26 4
109 83 79 19 4
109 128 80 21 4
110 50 66 7 4
110 79 68 8 4
110 91 66 13 4
110 113 64 7 4
111 8 36 9 4
111 12 25 1 4
111 22 22 3 4
111 26 32 12 4
111 30 22 8 4
111 48 25 6 4
111 55 30 8 4
111 76 39 10 4
111 77 26 9 4
111 80 27 2 4
111 86 24 1 4
111 87 35 7 4
111 89 36 6 4
102 111 22 4 4
103 111 31 9 4
111 115 27 1 4
111 121 28 3 4
111 129 33 9 4
112 13 61 14 4
112 56 51 5 4
112 67 52 13 4
112 82 53 7 4
112 91 46 14 4
113 12 8 1 4
113 17 17 0 4
113 22 9 1 4
113 24 8 0 4
113 50 16 1 4
113 52 10 0 4
113 54 9 0 4
113 55 25 2 4
113 56 15 1 4
113 58 11 0 4
113 65 8 0 4
113 67 28 3 4
113 80 12 1 4
113 86 9 0 4
113 91 24 3 4
113 93 9 0 4
113 95 8 0 4
10 113 15 1 4
11 113 13 1 4
102 113 13 0 4
104 113 15 5 4
106 113 29 5 4
107 113 10 0 4
113 115 10 1 4
113 121 17 0 4
113 125 9 0 4
115 12 4 1 4
115 17 13 0 4
115 22 5 1 4
115 23 14 0 4
115 24 4 0 4
115 25 22 4 4
115 30 17 0 4
115 48 16 0 4
115 50 12 1 4
115 52 6 0 4
115 54 5 0 4
115 56 11 1 4
115 58 7 0 4
115 65 4 0 4
115 67 24 3 4
115 80 8 1 4
115 86 5 0 4
115 93 5 0 4
115 95 4 0 4
10 115 11 1 4
11 115 9 1 4
102 115 9 0 4
104 115 15 3 4
105 115 17 0 4
107 115 6 0 4
108 115 15 0 4
113 115 10 1 4
115 121 13 0 4
115 125 5 0 4
116 12 32 0 4
116 14 42 7 4
116 22 31 1 4
116 24 30 0 4
116 26 43 9 4
116 52 32 0 4
116 54 31 0 4
116 56 31 4 4
116 58 33 0 4
116 65 30 0 4
116 67 42 7 4
116 79 22 11 4
116 82 33 6 4
116 86 31 0 4
116 91 42 5 4
116 93 31 0 4
116 95 30 0 4
107 116 32 0 4
108 116 37 2 4
116 117 32 13 4
116 120 37 9 4
116 125 31 0 4
117 12 30 0 4
117 22 29 1 4
117 24 28 0 4
117 26 39 10 4
117 52 30 0 4
117 54 29 0 4
117 56 33 2 4
117 58 31 0 4
117 65 28 0 4
117 79 34 4 4
117 86 29 0 4
117 93 29 0 4
117 95 28 0 4
102 117 33 0 4
106 117 37 11 4
107 117 30 0 4
108 117 35 2 4
115 117 32 0 4
116 117 32 13 4
117 120 33 10 4
117 125 29 0 4
118 8 30 11 4
118 12 25 0 4
118 22 26 0 4
118 24 23 0 4
118 27 24 12 4
118 30 28 4 4
118 31 28 5 4
118 48 23 6 4
118 52 23 1 4
118 54 24 0 4
118 58 26 0 4
118 65 23 0 4
118 80 27 1 4
118 86 22 1 4
118 93 24 0 4
118 95 23 0 4
102 118 24 2 4
103 118 19 14 4
105 118 30 3 4
107 118 25 0 4
115 118 27 0 4
118 121 28 2 4
118 125 24 0 4
118 129 21 14 4
119 12 25 0 4
119 22 26 0 4
119 24 23 0 4
119 27 34 7 4
119 32 28 11 4
119 48 29 3 4
119 50 25 4 4
119 52 25 0 4
119 54 24 0 4
119 58 26 0 4
119 59 35 11 4
119 65 23 0 4
119 75 32 5 4
119 80 27 1 4
119 86 24 0 4
119 93 24 0 4
119 95 23 0 4
103 119 35 6 4
105 119 30 3 4
107 119 25 0 4
118 119 32 7 4
119 125 24 0 4
119 129 33 8 4
120 21 40 7 4
120 22 26 1 4
120 26 40 8 4
120 79 27 6 4
100 120 43 18 4
106 120 40 8 4
107 120 25 1 4
108 120 32 2 4
116 120 37 9 4
117 120 33 10 4
121 22 12 0 4
121 24 9 0 4
121 30 16 3 4
121 48 17 2 4
121 52 11 0 4
121 54 10 0 4
121 55 24 3 4
121 56 16 1 4
121 58 12 0 4
121 61 30 5 4
121 65 9 0 4
121 77 22 3 4
121 80 15 0 4
121 86 10 0 4
121 87 25 4 4
121 89 26 3 4
121 93 10 0 4
121 95 9 0 4
121 96 24 2 4
11 121 16 0 4
12 121 11 0 4
102 121 14 0 4
103 121 27 3 4
107 121 11 0 4
111 121 28 3 4
115 121 13 0 4
121 125 10 0 4
121 129 29 3 4
122 85 88 26 4
116 122 82 21 4
124 4 55 17 4
124 17 43 6 4
124 55 51 8 4
124 93 45 1 4
124 126 39 14 4
125 15 19 1 4
125 17 10 0 4
125 22 4 0 4
125 23 11 0 4
125 24 1 0 4
125 48 13 0 4
125 50 11 0 4
125 52 3 0 4
125 54 2 0 4
125 56 10 0 4
125 58 4 0 4
125 65 1 0 4
125 80 7 0 4
125 86 2 0 4
125 87 23 1 4
125 89 22 1 4
125 93 2 0 4
125 95 1 0 4
125 96 18 1 4
10 125 10 0 4
11 125 8 0 4
12 125 3 0 4
102 125 6 0 4
107 125 3 0 4
108 125 12 0 4
113 125 9 0 4
115 125 5 0 4
121 125 10 0 4
126 4 38 13 4
126 17 20 5 4
126 20 39 8 4
126 22 24 0 4
126 24 21 0 4
126 52 23 0 4
126 54 22 0 4
126 55 28 7 4
126 58 24 0 4
126 65 21 0 4
126 83 34 8 4
126 86 22 0 4
126 93 22 0 4
126 95 21 0 4
12 126 23 0 4
102 126 26 0 4
107 126 23 0 4
115 126 25 0 4
124 126 39 14 4
125 126 22 0 4
127 20 73 21 4
127 68 75 24 4
128 17 29 7 4
128 23 34 5 4
128 83 43 10 4
129 24 26 0 4
129 27 27 12 4
129 30 25 7 4
129 48 20 9 4
129 52 26 1 4
129 54 25 1 4
129 63 33 5 4
129 65 26 0 4
129 77 23 11 4
129 80 26 3 4
129 86 25 1 4
129 93 27 0 4
129 95 26 0 4
12 129 28 0 4
102 129 21 5 4
103 129 12 19 4
107 129 28 0 4
118 129 21 14 4
119 129 33 8 4
121 129 29 3 4
125 129 27 0 4
130 73 82 27 4
113 130 74 8 4
120 130 69 19 4
