Res1 Res2 NSingle NDouble Method
14 17 6 11 4
35 8 10 6 4
2 35 10 3 4
39 8 5 10 4
35 39 9 6 4
11 41 12 15 4
32 52 9 5 4
35 52 8 5 4
39 52 11 5 4
53 8 10 9 4
2 54 8 3 4
33 55 9 26 4
11 57 13 14 4
58 9 11 11 4
10 64 8 16 4
51 76 19 20 4
35 84 9 6 4
5 85 9 15 4
43 89 19 15 4
2 90 10 3 4
54 90 4 6 4
2 91 10 3 4
54 91 4 6 4
90 91 0 9 4
5 92 13 11 4
75 92 14 7 4
85 92 10 11 4
14 93 10 12 4
17 93 12 10 4
67 95 0 20 4
6 96 4 11 4
3 98 13 8 4
2 99 10 3 4
32 99 9 5 4
54 99 10 3 4
100 6 6 10 4
100 96 8 10 4
101 32 8 6 4
101 99 9 5 4
102 2 11 3 4
102 52 11 4 4
102 99 7 6 4
101 102 10 5 4
106 59 5 11 4
102 107 8 8 4
108 32 4 8 4
108 52 11 4 4
108 99 9 5 4
101 108 4 8 4
109 59 7 11 4
106 109 2 14 4
102 110 8 8 4
107 110 0 14 4
111 8 10 7 4
111 52 10 5 4
111 99 8 6 4
102 111 11 5 4
107 111 11 7 4
110 111 11 7 4
112 58 10 12 4
112 86 11 11 4
113 115 0 16 4
116 98 11 7 4
117 2 4 5 4
117 54 10 2 4
117 90 12 2 4
117 91 12 2 4
117 99 10 3 4
101 117 5 6 4
118 58 10 11 4
118 86 7 12 4
100 118 11 9 4
112 118 4 14 4
122 8 3 11 4
122 35 11 5 4
122 39 6 9 4
111 122 7 8 4
123 6 4 10 4
100 123 2 12 4
100 124 10 9 4
118 124 11 9 4
123 124 8 9 4
125 59 7 10 4
106 125 4 12 4
109 125 6 12 4
126 2 4 5 4
126 54 10 2 4
126 99 10 3 4
101 126 5 6 4
108 126 9 4 4
117 126 0 7 4
127 2 11 3 4
127 32 6 7 4
127 84 12 5 4
127 99 7 6 4
101 127 10 5 4
102 127 0 10 4
107 127 8 8 4
110 127 8 8 4
111 127 11 5 4
128 4 4 14 4
129 2 10 3 4
129 32 9 5 4
129 35 10 4 4
129 59 12 5 4
129 84 7 7 4
101 129 9 5 4
102 129 9 5 4
107 129 9 7 4
108 129 7 6 4
110 129 9 7 4
117 129 10 3 4
126 129 10 3 4
127 129 9 5 4
