10	104
10	11
10	113
10	115
10	12
10	125
10	22
10	50
10	56
10	75
10	80
10	86
10	91
101	25
102	105
102	115
102	12
102	121
102	125
102	22
102	30
102	48
102	52
102	54
102	55
102	63
102	77
102	80
102	86
103	118
103	129
103	30
103	48
103	54
103	77
104	113
104	115
104	67
105	27
105	48
105	57
105	77
105	86
105	89
106	113
106	117
107	115
107	12
107	125
107	22
107	23
107	52
107	54
107	58
107	86
107	93
108	11
108	12
108	50
108	75
108	79
11	113
11	115
11	12
11	125
11	13
11	22
11	5
11	50
11	56
11	78
11	80
11	86
11	91
111	22
111	26
111	30
111	55
111	77
113	115
113	12
113	125
113	22
113	50
113	54
113	55
113	56
113	67
113	80
113	86
113	91
115	12
115	125
115	22
115	25
115	50
115	52
115	54
115	56
115	58
115	80
115	86
115	93
116	117
116	120
116	67
116	79
116	82
117	120
117	26
117	79
118	129
118	27
118	48
119	50
12	125
12	22
12	50
12	52
12	54
12	55
12	56
12	58
12	80
12	86
12	93
120	79
121	30
121	48
121	55
121	56
121	77
121	87
121	89
124	126
125	15
125	17
125	22
125	23
125	50
125	52
125	54
125	58
125	80
125	86
125	87
125	89
125	93
125	96
126	17
126	4
126	55
126	83
128	17
128	23
129	27
129	30
129	48
13	14
14	56
14	60
14	82
15	22
15	58
15	96
16	63
17	20
17	55
17	86
21	94
22	50
22	52
22	54
22	55
22	56
22	58
22	75
22	80
22	86
22	93
23	30
23	86
23	94
30	48
30	77
30	8
30	80
30	86
30	87
30	89
31	80
33	47
33	60
35	63
35	99
4	83
43	5
48	77
48	80
48	86
48	89
50	56
50	75
50	80
50	86
52	54
52	58
52	86
52	87
52	93
54	58
54	80
54	86
54	93
54	96
55	77
55	80
56	79
56	80
56	82
58	86
58	93
58	96
60	82
63	77
63	80
63	87
67	79
67	91
77	8
77	80
77	84
77	86
77	87
77	89
79	82
80	86
86	93
9	99
