Res1 Res2 NSingle NDouble Method
17 8 7 0 7
15 17 6 0 7
127 17 6 0 7
17 30 6 0 7
17 53 7 0 7
17 61 6 0 7
41 8 3 0 7
15 41 2 0 7
30 41 2 0 7
118 41 5 0 7
127 41 2 0 7
41 53 3 0 7
41 61 2 0 7
41 85 5 0 7
41 87 4 0 7
41 88 5 0 7
41 64 10 2 7
70 87 9 2 7
76 94 17 6 7
118 77 5 3 7
8 85 4 0 7
15 85 3 0 7
30 85 3 0 7
53 85 4 0 7
61 85 3 0 7
127 85 3 0 7
8 87 3 0 7
15 87 2 0 7
30 87 2 0 7
41 87 4 0 7
53 87 3 0 7
61 87 2 0 7
127 87 2 0 7
8 88 4 0 7
15 88 3 0 7
30 88 3 0 7
41 88 5 0 7
53 88 4 0 7
61 88 3 0 7
87 88 5 0 7
127 88 3 0 7
111 41 7 2 7
118 8 4 0 7
118 15 3 0 7
118 30 3 0 7
118 41 5 0 7
118 53 4 0 7
118 61 3 0 7
118 87 5 0 7
118 127 3 0 7
