Res1 Res2 NSingle NDouble Method
118 2 25 3 7
6 88 26 5 7
11 85 21 3 7
16 8 15 0 7
15 16 14 0 7
118 16 17 1 7
127 16 14 0 7
16 30 14 0 7
16 53 13 1 7
16 61 14 0 7
17 8 10 0 7
15 17 9 0 7
118 17 14 0 7
127 17 9 0 7
17 30 9 0 7
17 41 11 0 7
17 53 10 0 7
17 61 9 0 7
17 85 13 0 7
17 87 11 0 7
17 88 14 0 7
17 91 15 1 7
17 20 16 7 7
20 91 21 4 7
24 41 15 2 7
118 26 24 3 7
17 33 35 7 7
15 35 22 0 7
30 35 22 0 7
127 35 22 0 7
35 61 22 0 7
35 94 23 4 7
41 8 3 0 7
15 41 2 0 7
30 41 2 0 7
118 41 7 0 7
127 41 2 0 7
41 53 3 0 7
41 61 2 0 7
41 85 6 0 7
41 87 4 0 7
41 88 7 0 7
41 91 10 0 7
118 43 17 3 7
15 45 17 0 7
30 45 17 0 7
118 45 16 3 7
127 45 17 0 7
45 61 17 0 7
45 88 16 3 7
118 50 22 5 7
50 88 22 5 7
118 62 24 5 7
15 64 16 0 7
30 64 16 0 7
41 64 16 1 7
61 64 16 0 7
127 64 16 0 7
53 65 18 1 7
67 85 22 3 7
15 70 14 0 7
30 70 14 0 7
61 70 14 0 7
127 70 14 0 7
70 87 14 1 7
76 94 26 6 7
77 8 13 0 7
15 77 12 0 7
30 77 12 0 7
41 77 14 0 7
53 77 13 0 7
61 77 12 0 7
118 77 7 5 7
127 77 12 0 7
77 87 14 0 7
81 88 26 5 7
15 82 17 0 7
30 82 17 0 7
61 82 17 0 7
127 82 17 0 7
8 85 5 0 7
15 85 4 0 7
30 85 4 0 7
41 85 6 0 7
53 85 5 0 7
61 85 4 0 7
118 85 9 0 7
127 85 4 0 7
85 87 6 0 7
85 88 9 0 7
8 87 3 0 7
15 87 2 0 7
30 87 2 0 7
41 87 4 0 7
53 87 3 0 7
61 87 2 0 7
85 87 6 0 7
118 87 7 0 7
127 87 2 0 7
87 88 7 0 7
8 88 6 0 7
15 88 5 0 7
30 88 5 0 7
41 88 7 0 7
53 88 6 0 7
61 88 5 0 7
85 88 9 0 7
87 88 7 0 7
118 88 10 0 7
127 88 5 0 7
8 91 9 0 7
15 91 8 0 7
30 91 8 0 7
41 91 10 0 7
53 91 9 0 7
61 91 8 0 7
87 91 10 0 7
127 91 8 0 7
15 93 14 0 7
30 93 14 0 7
61 93 14 0 7
127 93 14 0 7
8 94 10 0 7
15 94 9 0 7
30 94 9 0 7
41 94 11 0 7
53 94 10 0 7
61 94 9 0 7
85 94 13 0 7
87 94 11 0 7
127 94 9 0 7
64 95 26 7 7
102 8 16 0 7
102 15 15 0 7
102 30 15 0 7
102 41 15 1 7
102 53 16 0 7
102 61 15 0 7
102 87 17 0 7
102 127 15 0 7
106 8 19 0 7
106 15 18 0 7
106 30 18 0 7
106 53 19 0 7
106 61 18 0 7
106 87 20 0 7
106 127 18 0 7
111 8 12 0 7
111 15 11 0 7
111 30 11 0 7
111 41 9 2 7
111 53 12 0 7
111 61 11 0 7
111 88 14 1 7
111 127 11 0 7
113 15 20 0 7
113 30 20 0 7
113 61 20 0 7
113 127 20 0 7
116 8 19 0 7
116 15 18 0 7
116 30 18 0 7
116 53 19 0 7
116 61 18 0 7
116 127 18 0 7
118 8 6 0 7
118 15 5 0 7
118 30 5 0 7
118 41 7 0 7
118 53 6 0 7
118 61 5 0 7
118 85 9 0 7
118 87 7 0 7
118 88 10 0 7
118 127 5 0 7
123 8 11 0 7
123 15 10 0 7
123 30 10 0 7
123 41 12 0 7
123 53 11 0 7
123 61 10 0 7
123 87 12 0 7
123 127 10 0 7
128 8 12 0 7
128 15 11 0 7
128 30 11 0 7
128 41 13 0 7
128 53 12 0 7
128 61 11 0 7
128 87 13 0 7
127 128 11 0 7
