Res1 Res2 NSingle NDouble Method
104 2 21 9 4
121 4 18 2 4
115 5 17 2 4
120 6 26 11 4
128 6 24 20 4
25 7 21 7 4
120 7 19 9 4
7 9 20 9 4
7 76 22 7 4
7 94 20 2 4
61 8 10 1 4
118 8 2 0 4
123 8 9 1 4
8 89 14 2 4
76 9 10 11 4
120 9 9 12 4
9 94 18 1 4
9 98 13 10 4
11 112 25 7 4
118 15 7 0 4
129 15 3 5 4
15 18 9 3 4
15 22 7 4 4
15 27 9 3 4
121 16 17 6 4
115 17 14 5 4
15 18 9 3 4
103 18 6 6 4
115 18 4 5 4
118 18 8 0 4
129 18 8 3 4
18 22 6 5 4
19 94 25 2 4
115 20 9 4 4
118 20 11 0 4
129 20 13 2 4
22 8 10 0 4
15 22 7 4 4
18 22 6 5 4
103 22 2 8 4
115 22 8 3 4
118 22 8 0 4
129 22 4 5 4
24 61 16 6 4
25 7 21 7 4
25 67 18 7 4
15 26 21 6 4
26 92 17 13 4
15 27 9 3 4
22 27 10 3 4
118 27 8 0 4
129 27 8 3 4
27 75 9 5 4
27 97 7 6 4
112 30 12 3 4
30 34 18 9 4
30 94 11 1 4
114 31 20 12 4
120 31 19 8 4
31 79 16 8 4
32 5 25 6 4
24 33 30 7 4
119 33 28 8 4
30 34 18 9 4
34 94 23 3 4
35 8 16 1 4
20 35 9 9 4
115 35 12 5 4
18 37 8 8 4
22 37 8 8 4
115 37 12 5 4
129 37 10 6 4
37 49 6 12 4
37 52 6 12 4
37 59 6 12 4
37 97 5 11 4
125 39 6 10 4
39 73 6 12 4
41 67 19 3 4
41 94 8 1 4
20 43 15 5 4
107 43 16 6 4
120 46 19 14 4
22 47 11 7 4
18 48 11 7 4
22 48 11 7 4
108 48 5 12 4
125 48 7 11 4
129 48 13 5 4
48 60 5 12 4
18 49 6 8 4
22 49 8 7 4
115 49 10 5 4
129 49 10 5 4
112 50 29 7 4
22 52 10 6 4
49 52 6 11 4
103 52 8 8 4
115 52 12 4 4
129 52 10 5 4
27 53 15 4 4
53 79 16 6 4
4 54 22 9 4
54 62 22 7 4
15 56 10 4 4
125 56 11 6 4
129 56 9 4 4
56 68 11 6 4
56 75 6 8 4
56 97 10 6 4
18 58 18 2 4
115 58 16 2 4
121 58 18 2 4
58 61 16 4 4
58 84 19 4 4
18 59 10 6 4
22 59 10 6 4
129 59 10 5 4
15 60 15 2 4
18 60 8 6 4
22 60 10 5 4
115 60 10 4 4
118 60 12 0 4
129 60 12 3 4
61 8 10 1 4
24 61 16 6 4
58 61 16 4 4
61 82 17 6 4
62 8 12 0 4
115 62 12 2 4
118 62 10 0 4
10 63 18 17 4
106 63 19 16 4
18 65 12 6 4
22 65 12 6 4
129 65 12 5 4
25 67 18 7 4
41 67 19 3 4
58 67 22 5 4
15 68 11 4 4
18 68 8 6 4
22 68 8 6 4
56 68 11 6 4
103 68 6 8 4
115 68 10 4 4
118 68 12 0 4
129 68 8 5 4
18 70 9 6 4
20 70 12 6 4
22 70 11 5 4
60 70 7 9 4
103 70 11 6 4
108 70 7 9 4
115 70 11 4 4
118 70 13 0 4
129 70 13 3 4
20 72 13 7 4
60 72 14 7 4
108 72 14 7 4
115 72 14 4 4
39 73 6 12 4
115 73 12 5 4
129 73 18 2 4
15 75 12 3 4
22 75 13 3 4
27 75 9 5 4
56 75 6 8 4
129 75 11 3 4
76 9 10 11 4
120 76 9 11 4
76 94 16 1 4
18 77 11 6 4
115 77 13 4 4
118 77 15 0 4
129 77 11 5 4
78 8 15 1 4
20 78 16 5 4
35 78 15 8 4
60 78 15 6 4
108 78 15 6 4
31 79 16 8 4
53 79 16 6 4
120 79 17 6 4
79 98 17 6 4
20 80 14 6 4
60 80 11 8 4
115 80 13 4 4
125 80 11 8 4
30 81 18 4 4
81 88 20 5 4
24 82 23 7 4
41 82 20 3 4
58 82 21 6 4
61 82 17 6 4
22 83 14 6 4
56 84 10 7 4
75 84 10 7 4
115 84 15 2 4
118 84 13 0 4
129 84 13 3 4
8 86 10 0 4
18 86 12 2 4
22 86 10 3 4
115 86 10 2 4
118 86 8 0 4
121 86 12 2 4
129 86 12 1 4
86 94 11 0 4
18 87 8 7 4
22 87 10 6 4
27 87 12 5 4
103 87 10 7 4
115 87 10 5 4
129 87 14 3 4
8 88 14 1 4
23 88 24 8 4
30 88 18 3 4
123 88 17 3 4
8 89 14 2 4
35 89 16 8 4
56 89 17 5 4
73 89 18 7 4
22 91 11 7 4
60 91 5 12 4
109 91 2 16 4
115 91 15 4 4
129 91 13 5 4
15 92 14 5 4
27 92 15 5 4
129 92 15 4 4
125 93 9 10 4
8 94 5 0 4
30 94 11 1 4
41 94 8 1 4
112 94 7 2 4
118 94 3 0 4
60 96 7 11 4
125 96 7 11 4
129 96 13 5 4
15 97 8 5 4
18 97 9 5 4
27 97 7 6 4
103 97 5 8 4
115 97 13 2 4
118 97 11 0 4
129 97 5 6 4
60 98 14 7 4
70 98 15 7 4
108 98 14 7 4
115 98 14 4 4
125 98 16 6 4
102 116 30 12 4
103 8 12 0 4
103 15 7 5 4
103 18 6 6 4
103 22 2 8 4
103 68 6 8 4
103 97 5 8 4
103 108 6 8 4
103 115 10 3 4
103 118 10 0 4
103 121 14 2 4
103 129 4 6 4
10 106 19 11 4
106 119 22 8 4
107 18 10 6 4
107 115 14 3 4
107 118 14 0 4
108 8 14 0 4
108 18 6 7 4
108 20 9 7 4
108 22 6 7 4
108 97 9 7 4
103 108 6 8 4
108 115 10 4 4
108 118 12 0 4
108 129 8 5 4
109 15 14 5 4
109 22 11 7 4
109 27 15 5 4
109 60 7 11 4
109 91 2 16 4
108 109 7 11 4
109 118 17 0 4
109 129 11 6 4
110 120 23 14 4
112 8 10 0 4
112 30 12 3 4
112 41 13 1 4
112 94 7 2 4
112 118 8 0 4
114 31 20 12 4
114 79 24 7 4
114 94 24 2 4
115 8 8 0 4
115 18 4 5 4
115 22 8 3 4
115 86 10 2 4
115 94 9 0 4
115 118 6 0 4
115 121 8 3 4
115 116 17 3 4
117 4 20 5 4
117 118 16 0 4
117 121 20 2 4
106 119 22 8 4
119 127 22 6 4
120 9 9 12 4
120 76 9 11 4
120 79 17 6 4
121 8 10 0 4
121 22 12 2 4
121 86 12 2 4
121 94 11 0 4
115 121 8 3 4
118 121 8 0 4
121 129 12 1 4
123 8 9 1 4
123 80 18 3 4
123 88 17 3 4
124 15 15 5 4
124 56 13 8 4
124 75 17 6 4
124 97 17 6 4
125 8 14 0 4
125 18 12 4 4
125 20 7 8 4
125 22 10 5 4
125 60 4 10 4
118 125 12 0 4
125 129 14 2 4
126 2 26 12 4
126 8 26 2 4
127 61 20 3 4
119 127 22 6 4
120 128 20 14 4
129 8 8 0 4
129 15 3 5 4
129 22 4 5 4
129 86 12 1 4
129 94 9 0 4
129 97 5 6 4
103 129 4 6 4
118 129 6 0 4
121 129 12 1 4
130 22 16 4 4
130 68 16 6 4
130 94 17 1 4
115 130 18 2 4
129 130 18 2 4
