Res1 Res2 NSingle NDouble Method
15 18 14 3 4
15 22 11 5 4
18 22 11 7 4
25 7 36 6 4
15 27 11 3 4
18 27 19 1 4
22 27 16 3 4
30 34 30 14 4
30 41 24 2 4
15 56 15 4 4
27 56 16 4 4
25 58 30 4 4
61 8 14 2 4
24 61 30 5 4
58 61 24 5 4
25 67 27 9 4
41 67 26 5 4
58 67 31 7 4
15 68 15 4 4
27 68 16 4 4
15 75 15 3 4
27 75 12 5 4
56 75 8 10 4
68 75 18 5 4
76 9 17 13 4
43 76 26 7 4
78 8 18 1 4
23 79 31 8 4
31 79 29 8 4
53 79 20 9 4
30 81 27 5 4
41 82 28 4 4
61 82 25 8 4
75 84 12 9 4
18 86 17 3 4
8 88 18 2 4
34 88 39 10 4
61 88 26 4 4
8 94 8 0 4
15 94 13 0 4
30 94 19 2 4
41 94 11 2 4
15 97 9 6 4
18 97 15 5 4
27 97 8 7 4
56 97 16 6 4
75 97 16 5 4
86 97 20 2 4
9 98 20 10 4
41 98 24 2 4
103 15 12 5 4
103 22 5 11 4
103 56 19 5 4
103 97 11 8 4
104 2 34 13 4
104 31 35 8 4
106 63 29 17 4
10 106 33 14 4
107 48 8 16 4
107 75 18 6 4
108 15 14 4 4
108 18 12 7 4
108 22 15 6 4
108 60 8 11 4
108 75 21 3 4
108 97 17 5 4
103 108 14 7 4
109 91 5 19 4
109 96 12 14 4
112 30 21 4 4
112 41 19 1 4
112 94 14 1 4
114 31 38 12 4
115 18 5 8 4
115 20 12 6 4
115 22 12 5 4
115 60 13 6 4
115 86 14 3 4
115 97 18 2 4
103 115 13 5 4
108 115 15 4 4
120 43 28 8 4
108 121 23 2 4
115 121 18 2 4
112 122 38 8 4
123 8 12 2 4
123 61 24 2 4
123 88 24 4 4
102 123 54 7 4
125 60 11 11 4
125 75 18 6 4
127 61 32 5 4
119 127 34 11 4
129 15 3 6 4
129 22 8 6 4
129 27 10 3 4
129 68 12 5 4
129 86 16 1 4
129 94 12 0 4
129 97 8 6 4
103 129 9 6 4
108 129 11 5 4
112 129 18 0 4
115 129 16 0 4
121 129 18 1 4
