Res1 Res2 NSingle NDouble Method
1 15 46 7 4
104 2 34 13 4
118 4 21 0 4
4 8 24 0 4
18 5 27 2 4
108 5 25 4 4
115 5 24 2 4
118 5 19 0 4
120 6 37 16 4
6 98 48 7 4
25 7 36 6 4
43 7 34 7 4
120 7 36 9 4
7 9 33 9 4
7 76 34 8 4
7 79 34 6 4
7 94 28 3 4
61 8 14 2 4
78 8 18 1 4
118 8 3 0 4
123 8 12 2 4
8 88 18 2 4
8 94 8 0 4
41 9 28 2 4
76 9 17 13 4
86 9 27 3 4
118 9 22 0 4
129 9 27 1 4
9 94 25 1 4
9 98 20 10 4
10 41 34 5 4
10 106 33 14 4
10 118 34 0 4
11 112 41 7 4
14 7 36 16 4
120 14 38 13 4
14 27 38 5 4
14 53 34 13 4
15 8 11 0 4
103 15 12 5 4
108 15 14 4 4
118 15 8 0 4
129 15 3 6 4
15 18 14 3 4
15 22 11 5 4
15 27 11 3 4
15 56 15 4 4
15 68 15 4 4
15 75 15 3 4
15 94 13 0 4
15 97 9 6 4
115 16 36 2 4
129 16 36 1 4
15 17 32 1 4
103 17 26 7 4
108 17 26 7 4
115 17 19 8 4
129 17 31 1 4
17 18 22 8 4
17 22 25 7 4
18 8 15 0 4
15 18 14 3 4
108 18 12 7 4
115 18 5 8 4
118 18 12 0 4
129 18 13 3 4
18 22 11 7 4
18 27 19 1 4
18 86 17 3 4
18 97 15 5 4
19 79 40 7 4
19 81 40 8 4
19 94 36 3 4
20 8 18 0 4
15 20 21 1 4
18 20 13 7 4
108 20 17 6 4
115 20 12 6 4
118 20 15 0 4
129 20 20 1 4
20 22 16 6 4
20 27 20 2 4
20 86 22 2 4
21 8 40 3 4
21 78 38 11 4
22 8 16 0 4
15 22 11 5 4
18 22 11 7 4
103 22 5 11 4
108 22 15 6 4
115 22 12 5 4
118 22 13 0 4
129 22 8 6 4
22 27 16 3 4
22 86 14 5 4
22 94 18 0 4
23 79 31 8 4
118 24 25 0 4
24 41 31 2 4
24 61 30 5 4
25 7 36 6 4
25 9 33 4 4
115 25 26 1 4
25 58 30 4 4
25 67 27 9 4
25 76 32 4 4
15 26 28 6 4
129 26 31 4 4
26 75 31 7 4
26 92 25 14 4
27 8 12 0 4
15 27 11 3 4
18 27 19 1 4
22 27 16 3 4
118 27 9 0 4
129 27 10 3 4
27 56 16 4 4
27 68 16 4 4
27 75 12 5 4
27 97 8 7 4
120 29 47 14 4
112 30 21 4 4
118 30 18 0 4
30 34 30 14 4
30 41 24 2 4
30 81 27 5 4
30 94 19 2 4
104 31 35 8 4
114 31 38 12 4
120 31 35 9 4
31 76 35 7 4
31 79 29 8 4
31 98 32 7 4
10 33 43 14 4
119 33 44 11 4
30 34 30 14 4
34 81 45 7 4
34 88 39 10 4
34 94 41 2 4
35 8 26 1 4
18 35 23 7 4
20 35 18 11 4
22 35 24 7 4
27 35 28 3 4
103 35 25 7 4
115 35 20 7 4
118 35 25 0 4
35 86 26 5 4
37 8 25 0 4
15 37 20 5 4
18 37 12 11 4
20 37 11 13 4
22 37 13 11 4
27 37 19 6 4
103 37 12 12 4
115 37 15 8 4
118 37 22 0 4
129 37 17 6 4
37 86 23 5 4
37 97 13 11 4
39 8 22 0 4
18 39 21 5 4
27 39 22 3 4
108 39 19 7 4
115 39 18 5 4
118 39 19 0 4
125 39 10 13 4
129 39 24 1 4
39 86 20 5 4
41 8 13 0 4
30 41 24 2 4
112 41 19 1 4
118 41 10 0 4
41 67 26 5 4
41 82 28 4 4
41 94 11 2 4
41 98 24 2 4
129 42 45 5 4
107 43 24 6 4
120 43 28 8 4
43 76 26 7 4
43 84 26 5 4
43 94 22 1 4
41 44 52 5 4
46 9 36 15 4
41 46 44 5 4
120 46 35 17 4
46 76 39 13 4
15 47 25 3 4
18 47 21 7 4
27 47 18 7 4
115 47 20 6 4
118 47 23 0 4
129 47 22 4 4
47 68 16 11 4
47 86 24 5 4
48 8 26 0 4
15 48 23 4 4
20 48 14 12 4
27 48 24 4 4
103 48 15 11 4
107 48 8 16 4
109 48 9 17 4
115 48 20 6 4
118 48 23 0 4
129 48 20 5 4
49 8 23 0 4
15 49 20 4 4
18 49 10 11 4
27 49 21 4 4
103 49 10 12 4
108 49 12 11 4
115 49 13 8 4
118 49 20 0 4
129 49 17 5 4
49 68 11 12 4
49 86 21 5 4
100 50 41 29 4
50 94 46 4 4
27 51 39 6 4
51 75 41 7 4
52 8 22 0 4
15 52 19 4 4
18 52 15 8 4
22 52 16 8 4
27 52 20 4 4
103 52 11 11 4
115 52 18 5 4
118 52 19 0 4
129 52 16 5 4
52 68 12 11 4
52 75 20 6 4
52 86 20 5 4
52 97 16 8 4
27 53 22 4 4
53 75 26 4 4
53 79 20 9 4
53 97 26 4 4
41 54 38 5 4
54 62 38 7 4
54 86 43 3 4
27 55 33 5 4
129 55 37 2 4
56 8 18 0 4
15 56 15 4 4
18 56 19 4 4
27 56 16 4 4
103 56 19 5 4
108 56 17 6 4
115 56 22 1 4
118 56 15 0 4
125 56 18 7 4
129 56 14 4 4
56 75 8 10 4
56 97 16 6 4
116 57 45 11 4
57 94 46 2 4
25 58 30 4 4
118 58 19 0 4
121 58 26 3 4
58 61 24 5 4
58 67 31 7 4
58 84 28 4 4
59 8 23 0 4
15 59 20 4 4
18 59 16 8 4
27 59 17 6 4
115 59 17 6 4
118 59 20 0 4
129 59 17 5 4
59 86 27 2 4
60 8 19 0 4
15 60 20 2 4
18 60 12 8 4
22 60 17 6 4
103 60 16 7 4
108 60 8 11 4
115 60 13 6 4
118 60 16 0 4
121 60 25 2 4
125 60 11 11 4
129 60 17 3 4
60 86 21 3 4
60 94 21 0 4
61 8 14 2 4
24 61 30 5 4
41 61 23 1 4
58 61 24 5 4
118 61 15 0 4
123 61 24 2 4
127 61 32 5 4
61 82 25 8 4
61 88 26 4 4
62 8 17 0 4
118 62 14 0 4
62 94 19 0 4
41 63 36 5 4
106 63 29 17 4
27 64 47 7 4
15 65 22 4 4
18 65 18 8 4
22 65 21 7 4
27 65 27 2 4
108 65 14 11 4
115 65 21 5 4
118 65 22 0 4
121 65 25 5 4
129 65 19 5 4
65 70 14 13 4
65 77 14 13 4
25 67 27 9 4
41 67 26 5 4
58 67 31 7 4
68 8 18 0 4
15 68 15 4 4
18 68 13 7 4
22 68 12 8 4
27 68 16 4 4
103 68 9 10 4
108 68 17 6 4
115 68 14 5 4
118 68 15 0 4
121 68 20 4 4
129 68 12 5 4
68 75 18 5 4
68 86 16 5 4
68 94 20 0 4
68 97 14 7 4
15 69 41 5 4
56 69 36 11 4
129 69 40 5 4
69 97 42 7 4
70 8 21 0 4
15 70 22 2 4
18 70 16 7 4
20 70 21 6 4
22 70 19 6 4
103 70 18 7 4
108 70 16 8 4
115 70 17 5 4
118 70 18 0 4
129 70 19 3 4
70 86 19 5 4
70 94 23 0 4
71 8 41 2 4
72 8 22 0 4
18 72 19 6 4
20 72 16 9 4
41 72 25 2 4
60 72 19 8 4
108 72 21 6 4
115 72 16 6 4
118 72 19 0 4
72 86 26 2 4
72 98 19 9 4
73 8 25 0 4
15 73 28 1 4
18 73 18 8 4
27 73 23 4 4
115 73 15 8 4
118 73 22 0 4
129 73 25 2 4
73 86 23 5 4
73 97 21 7 4
112 74 62 7 4
75 8 16 0 4
15 75 15 3 4
22 75 20 3 4
27 75 12 5 4
41 75 21 1 4
56 75 8 10 4
68 75 18 5 4
107 75 18 6 4
108 75 21 3 4
118 75 13 0 4
125 75 18 6 4
129 75 14 3 4
75 84 12 9 4
75 97 16 5 4
76 9 17 13 4
22 76 24 5 4
43 76 26 7 4
103 76 25 5 4
115 76 24 3 4
118 76 21 0 4
129 76 26 1 4
76 86 22 5 4
76 94 24 1 4
77 8 21 0 4
15 77 16 5 4
18 77 18 6 4
22 77 15 8 4
27 77 19 4 4
75 77 21 5 4
103 77 16 8 4
115 77 19 4 4
118 77 18 0 4
129 77 13 6 4
77 86 23 3 4
77 94 23 0 4
78 8 18 1 4
20 78 22 5 4
35 78 26 8 4
60 78 23 5 4
72 78 24 6 4
77 78 25 5 4
108 78 23 4 4
115 78 22 2 4
118 78 17 0 4
125 78 24 5 4
79 9 27 6 4
23 79 31 8 4
31 79 29 8 4
53 79 20 9 4
118 79 17 0 4
79 98 23 6 4
18 80 19 6 4
20 80 20 7 4
22 80 22 5 4
27 80 26 1 4
60 80 15 10 4
75 80 22 5 4
103 80 23 5 4
115 80 16 6 4
118 80 19 0 4
125 80 16 10 4
80 86 24 3 4
18 81 25 3 4
22 81 24 4 4
30 81 27 5 4
60 81 27 4 4
62 81 27 3 4
103 81 25 4 4
115 81 22 3 4
81 86 26 2 4
81 94 22 1 4
41 82 28 4 4
58 82 29 8 4
61 82 25 8 4
67 82 38 7 4
72 82 35 5 4
82 94 27 2 4
15 83 27 2 4
18 83 23 6 4
22 83 22 7 4
27 83 24 4 4
75 83 22 7 4
115 83 20 6 4
118 83 23 0 4
129 83 26 2 4
83 97 22 7 4
8 84 20 0 4
15 84 19 3 4
22 84 22 4 4
27 84 18 4 4
56 84 12 10 4
75 84 12 9 4
115 84 24 1 4
118 84 17 0 4
121 84 22 4 4
129 84 18 3 4
84 86 24 2 4
84 94 22 0 4
84 97 18 6 4
8 86 14 0 4
15 86 19 0 4
18 86 17 3 4
27 86 20 0 4
115 86 14 3 4
118 86 11 0 4
129 86 16 1 4
86 94 16 0 4
86 97 20 2 4
8 87 23 0 4
15 87 22 3 4
18 87 12 10 4
22 87 15 9 4
27 87 19 5 4
86 87 25 3 4
108 87 20 7 4
115 87 15 7 4
118 87 20 0 4
129 87 21 3 4
87 97 17 8 4
8 88 18 2 4
34 88 39 10 4
61 88 26 4 4
118 88 19 0 4
123 88 24 4 4
8 89 20 1 4
20 89 26 4 4
27 89 24 2 4
56 89 20 7 4
73 89 25 8 4
75 89 22 5 4
84 89 22 7 4
118 89 19 0 4
8 91 26 0 4
15 91 23 4 4
18 91 19 8 4
27 91 24 4 4
60 91 9 15 4
75 91 22 7 4
86 91 24 5 4
108 91 15 11 4
109 91 5 19 4
115 91 20 6 4
118 91 23 0 4
129 91 20 5 4
91 94 28 0 4
8 92 24 0 4
15 92 19 5 4
18 92 25 4 4
27 92 18 6 4
56 92 20 8 4
68 92 22 7 4
75 92 20 7 4
118 92 21 0 4
129 92 20 4 4
92 94 26 0 4
92 97 20 7 4
8 93 26 0 4
27 93 28 2 4
60 93 17 11 4
86 93 24 5 4
108 93 21 8 4
115 93 22 5 4
118 93 23 0 4
129 93 28 1 4
8 94 8 0 4
15 94 13 0 4
30 94 19 2 4
41 94 11 2 4
112 94 14 1 4
118 94 5 0 4
129 94 12 0 4
15 95 45 7 4
27 95 50 5 4
32 95 52 13 4
124 95 50 11 4
129 95 48 5 4
8 96 23 0 4
15 96 18 5 4
18 96 22 5 4
20 96 21 7 4
27 96 21 4 4
60 96 10 13 4
75 96 15 9 4
86 96 27 2 4
103 96 20 7 4
108 96 12 11 4
109 96 12 14 4
115 96 23 3 4
118 96 20 0 4
129 96 17 5 4
96 97 19 7 4
8 97 16 0 4
15 97 9 6 4
18 97 15 5 4
22 97 10 8 4
27 97 8 7 4
56 97 16 6 4
75 97 16 5 4
86 97 20 2 4
94 97 18 0 4
103 97 11 8 4
108 97 17 5 4
115 97 18 2 4
118 97 13 0 4
129 97 8 6 4
9 98 20 10 4
18 98 22 4 4
22 98 23 4 4
39 98 21 8 4
41 98 24 2 4
49 98 24 7 4
60 98 20 7 4
70 98 22 7 4
77 98 20 8 4
86 98 23 3 4
103 98 24 4 4
108 98 18 7 4
115 98 19 4 4
118 98 18 0 4
121 98 23 4 4
125 98 21 7 4
129 98 23 1 4
100 94 45 5 4
101 24 43 13 4
101 41 48 3 4
101 67 46 12 4
102 18 53 7 4
102 115 50 7 4
102 116 53 12 4
102 123 54 7 4
103 8 17 0 4
103 15 12 5 4
103 18 10 8 4
103 20 19 5 4
103 22 5 11 4
103 27 17 3 4
103 56 19 5 4
103 86 15 5 4
103 94 19 0 4
103 97 11 8 4
103 108 14 7 4
103 115 13 5 4
103 118 14 0 4
103 129 9 6 4
104 2 34 13 4
104 31 35 8 4
104 70 31 5 4
104 72 32 5 4
104 118 23 0 4
106 41 31 3 4
106 63 29 17 4
10 106 33 14 4
107 8 20 0 4
107 15 17 4 4
107 18 15 7 4
107 27 18 4 4
107 48 8 16 4
107 52 14 11 4
107 56 12 10 4
107 68 16 8 4
107 75 18 6 4
107 94 22 0 4
107 97 16 7 4
103 107 19 6 4
107 108 13 9 4
107 115 18 4 4
107 118 17 0 4
107 129 16 4 4
108 8 17 0 4
108 15 14 4 4
108 18 12 7 4
108 22 15 6 4
108 27 19 2 4
108 60 8 11 4
108 75 21 3 4
108 86 21 2 4
108 94 19 0 4
108 97 17 5 4
103 108 14 7 4
108 115 15 4 4
108 118 14 0 4
108 121 23 2 4
108 129 11 5 4
109 8 23 0 4
109 15 18 5 4
109 18 20 6 4
109 22 17 8 4
109 27 19 5 4
109 52 11 14 4
109 60 14 11 4
109 75 17 8 4
109 77 10 14 4
109 91 5 19 4
109 94 25 0 4
109 96 12 14 4
109 97 17 8 4
103 109 12 11 4
107 109 15 11 4
108 109 12 11 4
109 115 23 3 4
109 118 20 0 4
109 125 15 11 4
109 129 15 6 4
110 9 44 12 4
110 97 45 7 4
110 120 39 16 4
110 124 43 12 4
112 8 14 0 4
112 30 21 4 4
112 41 19 1 4
112 94 14 1 4
112 118 11 0 4
112 122 38 8 4
112 129 18 0 4
113 88 45 11 4
113 94 45 4 4
114 8 33 2 4
114 30 36 8 4
114 31 38 12 4
104 114 41 8 4
112 114 37 4 4
114 118 34 0 4
115 8 12 0 4
115 15 17 0 4
115 18 5 8 4
115 20 12 6 4
115 22 12 5 4
115 27 18 0 4
115 41 19 0 4
115 60 13 6 4
115 86 14 3 4
115 94 14 0 4
115 97 18 2 4
103 115 13 5 4
108 115 15 4 4
115 118 9 0 4
115 121 18 2 4
115 129 16 0 4
116 5 25 8 4
116 8 25 0 4
116 18 26 4 4
115 116 23 4 4
116 118 22 0 4
117 4 27 7 4
117 8 23 0 4
117 58 31 4 4
117 86 29 1 4
117 94 25 0 4
117 118 20 0 4
117 121 29 2 4
117 129 27 0 4
118 119 29 0 4
119 127 34 11 4
120 9 23 12 4
120 41 31 2 4
120 43 28 8 4
120 76 18 14 4
120 79 30 6 4
120 94 28 1 4
120 98 31 6 4
118 120 25 0 4
121 8 16 0 4
121 15 21 0 4
121 18 21 2 4
121 27 22 0 4
121 94 18 0 4
108 121 23 2 4
115 121 18 2 4
118 121 13 0 4
121 129 18 1 4
122 94 40 4 4
112 122 38 8 4
123 8 12 2 4
123 61 24 2 4
123 80 26 3 4
123 88 24 4 4
102 123 54 7 4
118 123 13 0 4
124 8 24 0 4
124 15 19 5 4
124 18 29 2 4
124 27 22 4 4
124 56 20 8 4
124 60 27 5 4
124 75 22 6 4
124 97 22 6 4
107 124 22 8 4
118 124 21 0 4
124 129 22 3 4
125 8 20 0 4
125 15 23 1 4
125 18 17 6 4
125 22 16 7 4
125 27 22 2 4
125 60 11 11 4
125 75 18 6 4
125 86 18 5 4
125 94 22 0 4
125 97 20 5 4
103 125 19 6 4
108 125 15 8 4
115 125 16 5 4
118 125 17 0 4
121 125 22 4 4
125 129 20 2 4
126 8 37 2 4
104 126 45 8 4
124 126 43 8 4
127 61 32 5 4
117 127 39 4 4
118 127 27 0 4
119 127 34 11 4
128 6 45 22 4
128 79 44 9 4
120 128 38 16 4
129 8 10 0 4
129 15 3 6 4
129 22 8 6 4
129 27 10 3 4
129 41 17 0 4
129 68 12 5 4
129 86 16 1 4
129 94 12 0 4
129 97 8 6 4
103 129 9 6 4
108 129 11 5 4
112 129 18 0 4
115 129 16 0 4
118 129 7 0 4
121 129 18 1 4
130 8 25 0 4
130 15 28 1 4
130 22 23 6 4
130 27 25 3 4
130 86 23 5 4
130 94 23 2 4
103 130 22 7 4
115 130 25 3 4
118 130 22 0 4
129 130 25 2 4
