Res1 Res2 NSingle NDouble Method
15 18 9 3 4
15 22 7 4 4
18 22 6 5 4
25 7 21 7 4
15 27 9 3 4
30 34 18 9 4
61 8 10 1 4
24 61 16 6 4
58 61 16 4 4
25 67 18 7 4
41 67 19 3 4
56 68 11 6 4
39 73 6 12 4
27 75 9 5 4
56 75 6 8 4
76 9 10 11 4
31 79 16 8 4
53 79 16 6 4
61 82 17 6 4
8 89 14 2 4
30 94 11 1 4
41 94 8 1 4
27 97 7 6 4
103 18 6 6 4
103 22 2 8 4
103 68 6 8 4
103 97 5 8 4
103 108 6 8 4
109 91 2 16 4
112 30 12 3 4
112 94 7 2 4
114 31 20 12 4
115 18 4 5 4
115 22 8 3 4
115 86 10 2 4
106 119 22 8 4
120 9 9 12 4
120 76 9 11 4
120 79 17 6 4
121 86 12 2 4
115 121 8 3 4
123 8 9 1 4
123 88 17 3 4
119 127 22 6 4
129 15 3 5 4
129 22 4 5 4
129 86 12 1 4
129 97 5 6 4
103 129 4 6 4
121 129 12 1 4
