Res1 Res2 NSingle NDouble Method
12 27 13 9 1
12 42 15 15 1
12 97 14 9 1
113 26 10 7 1
122 26 12 7 1
125 26 13 11 1
26 30 4 7 1
26 88 11 5 1
12 27 13 9 1
27 86 9 9 1
27 97 13 9 1
28 86 11 3 1
26 30 4 7 1
113 30 8 6 1
36 6 12 4 1
36 73 25 7 1
36 77 15 4 1
48 88 6 9 1
24 52 10 7 1
44 52 16 9 1
6 69 20 12 1
75 97 26 16 1
82 9 7 2 1
6 82 10 2 1
27 86 9 9 1
108 86 11 5 1
86 97 10 9 1
48 88 6 9 1
27 97 13 9 1
86 97 10 9 1
125 97 14 13 1
100 33 14 8 1
113 30 8 6 1
116 125 6 21 1
118 27 15 4 1
118 28 9 2 1
118 61 7 1 1
118 124 23 8 1
122 88 11 7 1
