Res1 Res2 NSingle NDouble Method
14 24 7 16 4
18 29 5 2 4
18 30 2 5 4
29 30 5 2 4
13 34 8 8 4
22 34 8 8 4
13 39 7 8 4
46 49 3 6 4
36 56 8 4 4
31 58 6 8 4
18 61 2 5 4
29 61 5 2 4
30 61 4 4 4
22 63 8 6 4
34 63 8 8 4
57 65 9 6 4
30 68 6 3 4
29 74 4 2 4
49 74 5 4 4
69 74 3 4 4
69 78 4 3 4
74 78 5 2 4
68 80 4 5 4
29 81 5 2 4
68 81 4 4 4
83 84 4 15 4
80 85 1 8 4
18 86 2 5 4
29 86 5 2 4
30 86 4 4 4
61 86 2 5 4
69 86 4 4 4
78 86 4 3 4
22 89 6 8 4
72 90 9 8 4
89 91 7 7 4
93 97 11 11 4
18 99 4 3 4
29 99 5 1 4
30 99 4 3 4
61 99 4 3 4
68 99 4 3 4
69 99 4 3 4
86 99 4 3 4
100 58 4 10 4
100 72 5 10 4
101 98 5 10 4
100 101 5 9 4
102 46 5 5 4
101 103 6 10 4
104 38 7 8 4
104 58 6 8 4
106 78 3 3 4
106 99 3 3 4
107 29 4 2 4
107 46 4 4 4
107 49 5 4 4
107 74 2 4 4
102 107 5 4 4
106 107 4 3 4
108 98 5 10 4
100 108 5 9 4
101 108 0 12 4
109 78 5 2 4
110 29 5 2 4
110 81 6 3 4
109 110 5 3 4
109 111 2 4 4
110 111 3 4 4
113 29 4 1 4
113 78 3 2 4
113 99 5 1 4
106 113 4 2 4
107 113 4 2 4
111 113 4 2 4
109 114 4 4 4
111 114 6 3 4
109 115 3 4 4
110 115 4 4 4
111 115 1 5 4
109 116 3 3 4
111 116 3 3 4
115 116 2 4 4
117 38 6 9 4
117 58 5 9 4
100 117 5 8 4
104 117 1 9 4
118 56 6 3 4
118 96 6 4 4
114 119 6 5 4
103 120 3 12 4
105 120 5 11 4
105 121 0 14 4
120 121 5 11 4
109 122 3 3 4
111 122 3 3 4
115 122 2 4 4
116 122 0 4 4
124 18 2 5 4
124 29 5 2 4
124 30 4 4 4
124 61 2 5 4
124 69 4 4 4
124 78 4 3 4
124 86 2 5 4
124 99 4 3 4
106 124 1 5 4
107 124 3 4 4
125 18 4 3 4
125 29 5 1 4
125 30 4 3 4
125 61 4 3 4
125 68 4 3 4
125 69 4 3 4
125 86 4 3 4
125 99 0 4 4
106 125 3 3 4
113 125 5 1 4
124 125 4 3 4
109 126 4 3 4
110 126 5 3 4
111 126 2 4 4
115 126 1 5 4
116 126 1 4 4
122 126 1 4 4
127 49 5 5 4
127 69 3 5 4
104 127 6 5 4
112 127 3 7 4
129 69 1 5 4
129 99 3 3 4
106 129 2 4 4
124 129 3 4 4
125 129 3 3 4
127 129 2 5 4
130 39 7 9 4
