Res1 Res2 NSingle NDouble Method
120 3 9 11 4
11 40 12 12 4
12 96 8 5 4
13 34 8 8 4
13 39 7 8 4
14 24 7 16 4
106 18 3 4 4
107 18 5 3 4
113 18 3 3 4
124 18 2 5 4
125 18 4 3 4
129 18 5 3 4
18 29 5 2 4
18 30 2 5 4
18 61 2 5 4
18 86 2 5 4
18 99 4 3 4
21 87 13 15 4
22 34 8 8 4
22 63 8 6 4
22 89 6 8 4
14 24 7 16 4
12 26 9 6 4
119 26 7 7 4
18 29 5 2 4
107 29 4 2 4
110 29 5 2 4
113 29 4 1 4
124 29 5 2 4
125 29 5 1 4
29 30 5 2 4
29 61 5 2 4
29 74 4 2 4
29 81 5 2 4
29 86 5 2 4
29 99 5 1 4
18 30 2 5 4
29 30 5 2 4
106 30 5 3 4
113 30 5 2 4
124 30 4 4 4
125 30 4 3 4
129 30 5 3 4
30 61 4 4 4
30 68 6 3 4
30 69 6 3 4
30 86 4 4 4
30 99 4 3 4
100 31 8 6 4
31 58 6 8 4
33 39 8 10 4
13 34 8 8 4
22 34 8 8 4
34 63 8 8 4
36 56 8 4 4
37 92 12 7 4
104 38 7 8 4
117 38 6 9 4
13 39 7 8 4
130 39 7 9 4
39 71 7 9 4
45 62 14 22 4
102 46 5 5 4
107 46 4 4 4
46 49 3 6 4
46 49 3 6 4
107 49 5 4 4
127 49 5 5 4
49 74 5 4 4
50 93 14 11 4
36 56 8 4 4
53 56 9 6 4
110 56 7 3 4
118 56 6 3 4
57 65 9 6 4
31 58 6 8 4
38 58 5 11 4
100 58 4 10 4
104 58 6 8 4
117 58 5 9 4
18 61 2 5 4
29 61 5 2 4
30 61 4 4 4
106 61 3 4 4
107 61 5 3 4
113 61 3 3 4
124 61 2 5 4
125 61 4 3 4
129 61 5 3 4
61 78 6 2 4
61 86 2 5 4
61 99 4 3 4
13 63 10 5 4
22 63 8 6 4
34 63 8 8 4
63 84 11 8 4
57 65 9 6 4
18 68 6 3 4
30 68 6 3 4
61 68 6 3 4
106 68 5 3 4
124 68 6 3 4
125 68 4 3 4
127 68 7 3 4
129 68 5 3 4
68 69 6 3 4
68 80 4 5 4
68 81 4 4 4
68 86 6 3 4
68 99 4 3 4
106 69 3 4 4
107 69 5 3 4
124 69 4 4 4
125 69 4 3 4
127 69 3 5 4
129 69 1 5 4
69 74 3 4 4
69 78 4 3 4
69 86 4 4 4
69 99 4 3 4
58 72 7 10 4
100 72 5 10 4
72 90 9 8 4
29 74 4 2 4
49 74 5 4 4
69 74 3 4 4
107 74 2 4 4
124 74 5 3 4
129 74 4 3 4
74 78 5 2 4
74 86 5 3 4
71 75 7 10 4
75 84 10 11 4
69 78 4 3 4
74 78 5 2 4
106 78 3 3 4
107 78 5 2 4
109 78 5 2 4
113 78 3 2 4
124 78 4 3 4
125 78 6 1 4
129 78 5 2 4
78 86 4 3 4
78 99 6 1 4
68 80 4 5 4
106 80 7 3 4
125 80 6 3 4
129 80 5 4 4
80 85 1 8 4
80 99 6 3 4
18 81 6 3 4
29 81 5 2 4
61 81 6 3 4
68 81 4 4 4
107 81 5 3 4
110 81 6 3 4
113 81 5 2 4
124 81 6 3 4
81 86 6 3 4
71 83 5 12 4
83 84 4 15 4
34 84 9 11 4
39 84 8 11 4
53 84 9 11 4
71 84 5 12 4
83 84 4 15 4
68 85 5 5 4
69 85 5 5 4
80 85 1 8 4
106 85 6 4 4
129 85 4 5 4
18 86 2 5 4
29 86 5 2 4
30 86 4 4 4
61 86 2 5 4
69 86 4 4 4
78 86 4 3 4
106 86 3 4 4
113 86 3 3 4
124 86 2 5 4
125 86 4 3 4
86 99 4 3 4
82 87 12 12 4
22 89 6 8 4
34 89 12 7 4
57 89 9 7 4
89 91 7 7 4
72 90 9 8 4
89 91 7 7 4
109 91 8 3 4
93 97 11 11 4
86 94 9 4 4
118 96 6 4 4
93 97 11 11 4
101 98 5 10 4
108 98 5 10 4
18 99 4 3 4
29 99 5 1 4
30 99 4 3 4
61 99 4 3 4
68 99 4 3 4
69 99 4 3 4
86 99 4 3 4
106 99 3 3 4
113 99 5 1 4
124 99 4 3 4
125 99 0 4 4
127 99 5 3 4
129 99 3 3 4
100 38 5 10 4
100 58 4 10 4
100 72 5 10 4
100 101 5 9 4
100 108 5 9 4
100 117 5 8 4
101 38 6 10 4
101 98 5 10 4
100 101 5 9 4
101 103 6 10 4
101 105 6 10 4
101 108 0 12 4
101 121 6 10 4
102 46 5 5 4
102 107 5 4 4
102 110 6 4 4
100 103 7 9 4
101 103 6 10 4
103 108 6 10 4
103 120 3 12 4
104 38 7 8 4
104 58 6 8 4
104 117 1 9 4
104 127 6 5 4
105 120 5 11 4
105 121 0 14 4
106 29 6 1 4
106 78 3 3 4
106 99 3 3 4
106 107 4 3 4
106 113 4 2 4
106 124 1 5 4
106 125 3 3 4
106 129 2 4 4
107 29 4 2 4
107 46 4 4 4
107 49 5 4 4
107 74 2 4 4
102 107 5 4 4
106 107 4 3 4
107 113 4 2 4
107 124 3 4 4
107 129 4 3 4
108 98 5 10 4
100 108 5 9 4
101 108 0 12 4
109 78 5 2 4
106 109 6 2 4
107 109 6 2 4
109 110 5 3 4
109 111 2 4 4
109 114 4 4 4
109 115 3 4 4
109 116 3 3 4
109 122 3 3 4
109 126 4 3 4
110 18 6 3 4
110 29 5 2 4
110 61 6 3 4
110 81 6 3 4
110 86 6 3 4
107 110 5 3 4
109 110 5 3 4
110 111 3 4 4
110 113 5 2 4
110 115 4 4 4
110 124 6 3 4
110 126 5 3 4
109 111 2 4 4
110 111 3 4 4
111 113 4 2 4
111 114 6 3 4
111 115 1 5 4
111 116 3 3 4
111 122 3 3 4
111 126 2 4 4
112 46 7 5 4
112 69 6 5 4
104 112 7 6 4
106 112 5 5 4
112 117 6 7 4
112 124 6 5 4
112 127 3 7 4
112 129 5 5 4
113 29 4 1 4
113 74 6 1 4
113 78 3 2 4
113 99 5 1 4
106 113 4 2 4
107 113 4 2 4
109 113 6 1 4
111 113 4 2 4
113 118 6 1 4
113 125 5 1 4
113 126 6 1 4
113 129 6 1 4
107 114 6 3 4
109 114 4 4 4
111 114 6 3 4
114 119 6 5 4
115 18 6 3 4
115 61 6 3 4
115 86 6 3 4
109 115 3 4 4
110 115 4 4 4
111 115 1 5 4
113 115 5 2 4
115 116 2 4 4
115 122 2 4 4
115 124 6 3 4
115 126 1 5 4
109 116 3 3 4
111 116 3 3 4
115 116 2 4 4
116 122 0 4 4
116 126 1 4 4
117 38 6 9 4
117 58 5 9 4
100 117 5 8 4
104 117 1 9 4
118 12 8 3 4
118 31 8 3 4
118 56 6 3 4
118 96 6 4 4
107 119 6 4 4
114 119 6 5 4
103 120 3 12 4
105 120 5 11 4
120 121 5 11 4
105 121 0 14 4
120 121 5 11 4
109 122 3 3 4
110 122 6 2 4
111 122 3 3 4
115 122 2 4 4
116 122 0 4 4
122 126 1 4 4
124 18 2 5 4
124 29 5 2 4
124 30 4 4 4
124 61 2 5 4
124 69 4 4 4
124 78 4 3 4
124 86 2 5 4
124 99 4 3 4
106 124 1 5 4
107 124 3 4 4
113 124 3 3 4
124 125 4 3 4
124 129 3 4 4
125 18 4 3 4
125 29 5 1 4
125 30 4 3 4
125 61 4 3 4
125 68 4 3 4
125 69 4 3 4
125 86 4 3 4
125 99 0 4 4
106 125 3 3 4
113 125 5 1 4
124 125 4 3 4
125 127 5 3 4
125 129 3 3 4
109 126 4 3 4
110 126 5 3 4
111 126 2 4 4
115 126 1 5 4
116 126 1 4 4
122 126 1 4 4
127 49 5 5 4
127 69 3 5 4
127 85 6 5 4
104 127 6 5 4
106 127 4 4 4
112 127 3 7 4
124 127 5 4 4
127 129 2 5 4
129 69 1 5 4
129 99 3 3 4
106 129 2 4 4
124 129 3 4 4
125 129 3 3 4
127 129 2 5 4
130 39 7 9 4
130 71 8 8 4
