Res1 Res2 NSingle NDouble Method
54 8 5 9 4
107 12 4 5 4
119 12 5 6 4
13 34 6 8 4
13 39 6 8 4
14 24 6 14 4
106 18 3 3 4
107 18 4 3 4
111 18 4 3 4
113 18 2 3 4
115 18 3 4 4
124 18 2 4 4
126 18 4 3 4
18 30 2 4 4
18 61 2 4 4
18 86 2 4 4
22 34 8 6 4
22 89 6 6 4
14 24 6 14 4
114 26 5 6 4
18 30 2 4 4
29 30 4 2 4
106 30 5 2 4
113 30 4 2 4
116 30 5 2 4
122 30 5 2 4
124 30 4 3 4
125 30 4 2 4
126 30 4 3 4
129 30 5 2 4
30 61 4 3 4
30 86 4 3 4
30 99 4 2 4
31 58 6 7 4
102 46 3 6 4
46 49 2 6 4
12 47 6 6 4
46 49 2 6 4
127 49 3 5 4
54 8 5 9 4
40 54 6 9 4
53 56 7 5 4
118 56 5 3 4
18 61 2 4 4
106 61 3 3 4
113 61 2 3 4
124 61 2 4 4
61 86 2 4 4
13 63 8 5 4
34 63 8 6 4
39 63 8 6 4
63 84 9 6 4
60 64 4 12 4
37 65 9 6 4
57 65 8 5 4
125 68 4 2 4
68 81 3 4 4
68 99 4 2 4
106 69 3 3 4
127 69 3 4 4
129 69 1 4 4
69 74 2 4 4
69 78 3 3 4
71 83 2 11 4
71 84 2 11 4
49 74 4 4 4
69 74 2 4 4
107 74 2 4 4
127 74 3 4 4
129 74 3 3 4
34 75 5 10 4
69 78 3 3 4
106 78 2 3 4
109 78 3 3 4
113 78 3 2 4
124 78 3 3 4
78 86 3 3 4
68 80 4 4 4
80 85 1 7 4
68 81 3 4 4
71 83 2 11 4
83 84 2 12 4
71 84 2 11 4
83 84 2 12 4
80 85 1 7 4
129 85 4 4 4
18 86 2 4 4
30 86 4 3 4
61 86 2 4 4
69 86 4 3 4
74 86 4 3 4
78 86 3 3 4
106 86 3 3 4
107 86 4 3 4
111 86 4 3 4
113 86 2 3 4
115 86 3 4 4
124 86 2 4 4
126 86 4 3 4
22 89 6 6 4
89 91 5 7 4
100 90 4 8 4
101 98 2 9 4
108 98 2 9 4
106 99 3 2 4
116 99 3 2 4
122 99 3 2 4
125 99 0 3 4
129 99 3 2 4
100 101 2 9 4
100 108 2 9 4
100 120 2 9 4
101 98 2 9 4
100 101 2 9 4
101 108 0 10 4
101 120 2 9 4
102 46 3 6 4
100 103 4 8 4
101 103 4 8 4
103 108 4 8 4
103 120 2 9 4
104 117 1 9 4
105 121 0 10 4
106 78 2 3 4
106 99 3 2 4
106 113 3 2 4
106 124 1 4 4
106 125 3 2 4
106 129 2 3 4
107 74 2 4 4
107 124 2 4 4
101 108 0 10 4
109 78 3 3 4
106 109 3 3 4
109 111 2 4 4
109 114 4 4 4
109 115 3 4 4
109 116 3 3 4
109 122 3 3 4
110 111 3 4 4
110 115 2 5 4
110 126 3 4 4
109 111 2 4 4
110 111 3 4 4
111 113 2 3 4
111 114 4 4 4
111 115 1 5 4
111 116 3 3 4
111 122 3 3 4
111 126 2 4 4
112 117 3 8 4
112 128 3 8 4
113 18 2 3 4
113 61 2 3 4
113 78 3 2 4
113 86 2 3 4
106 113 3 2 4
111 113 2 3 4
113 115 3 3 4
113 124 2 3 4
114 119 3 6 4
115 18 3 4 4
115 61 3 4 4
115 86 3 4 4
109 115 3 4 4
110 115 2 5 4
111 115 1 5 4
115 116 2 4 4
115 122 2 4 4
115 124 3 4 4
115 126 1 5 4
109 116 3 3 4
110 116 4 3 4
111 116 3 3 4
115 116 2 4 4
116 122 0 4 4
116 126 1 4 4
100 117 4 8 4
101 117 4 8 4
104 117 1 9 4
108 117 4 8 4
112 117 3 8 4
117 128 4 8 4
119 26 4 7 4
103 119 4 7 4
114 119 3 6 4
100 120 2 9 4
101 120 2 9 4
103 120 2 9 4
108 120 2 9 4
105 121 0 10 4
122 99 3 2 4
109 122 3 3 4
111 122 3 3 4
115 122 2 4 4
116 122 0 4 4
122 125 3 2 4
122 126 1 4 4
124 18 2 4 4
124 61 2 4 4
124 86 2 4 4
106 124 1 4 4
107 124 2 4 4
113 124 2 3 4
125 18 4 2 4
125 30 4 2 4
125 61 4 2 4
125 68 4 2 4
125 69 4 2 4
125 86 4 2 4
125 99 0 3 4
106 125 3 2 4
116 125 3 2 4
122 125 3 2 4
124 125 4 2 4
125 126 4 2 4
125 129 3 2 4
126 18 4 3 4
126 29 4 2 4
126 30 4 3 4
126 61 4 3 4
126 86 4 3 4
126 99 4 2 4
109 126 4 3 4
110 126 3 4 4
111 126 2 4 4
113 126 4 2 4
115 126 1 5 4
116 126 1 4 4
122 126 1 4 4
124 126 4 3 4
125 126 4 2 4
112 127 3 6 4
127 129 2 4 4
112 128 3 8 4
129 69 1 4 4
129 99 3 2 4
125 129 3 2 4
127 129 2 4 4
