Res1 Res2 NSingle NDouble Method
14 24 6 14 4
18 30 2 4 4
46 49 2 6 4
54 8 5 9 4
18 61 2 4 4
69 74 2 4 4
69 78 3 3 4
68 81 3 4 4
71 83 2 11 4
71 84 2 11 4
83 84 2 12 4
80 85 1 7 4
18 86 2 4 4
30 86 4 3 4
61 86 2 4 4
78 86 3 3 4
22 89 6 6 4
101 98 2 9 4
100 101 2 9 4
102 46 3 6 4
106 78 2 3 4
106 99 3 2 4
107 74 2 4 4
101 108 0 10 4
109 78 3 3 4
109 111 2 4 4
110 111 3 4 4
113 18 2 3 4
113 61 2 3 4
113 78 3 2 4
113 86 2 3 4
106 113 3 2 4
111 113 2 3 4
115 18 3 4 4
115 86 3 4 4
109 115 3 4 4
110 115 2 5 4
111 115 1 5 4
109 116 3 3 4
111 116 3 3 4
115 116 2 4 4
104 117 1 9 4
112 117 3 8 4
114 119 3 6 4
100 120 2 9 4
101 120 2 9 4
103 120 2 9 4
105 121 0 10 4
122 99 3 2 4
109 122 3 3 4
111 122 3 3 4
115 122 2 4 4
116 122 0 4 4
124 18 2 4 4
124 61 2 4 4
124 86 2 4 4
106 124 1 4 4
107 124 2 4 4
113 124 2 3 4
125 30 4 2 4
125 68 4 2 4
125 99 0 3 4
106 125 3 2 4
122 125 3 2 4
126 18 4 3 4
126 30 4 3 4
126 86 4 3 4
110 126 3 4 4
111 126 2 4 4
115 126 1 5 4
116 126 1 4 4
122 126 1 4 4
125 126 4 2 4
112 128 3 8 4
129 69 1 4 4
129 99 3 2 4
125 129 3 2 4
127 129 2 4 4
