10	97
100	40
100	63
100	70
100	96
102	118
102	127
102	20
102	34
102	8
102	85
102	94
104	105
104	107
104	112
104	113
104	114
104	122
104	123
104	127
104	15
104	18
104	53
104	60
104	67
104	68
104	8
104	82
104	87
104	94
105	107
105	111
105	112
105	113
105	114
105	122
105	127
105	15
105	34
105	52
105	53
105	60
105	68
105	8
105	82
105	87
105	94
107	112
107	113
107	114
107	122
107	123
107	127
107	15
107	52
107	53
107	60
107	68
107	76
107	8
107	82
107	87
107	88
107	94
109	113
109	124
109	35
111	22
111	34
111	36
111	65
112	114
112	122
112	123
112	127
112	52
112	60
112	68
112	8
112	94
113	127
113	129
113	15
113	18
113	20
113	34
113	53
113	8
113	82
113	88
113	94
114	122
114	123
114	127
114	15
114	53
114	60
114	67
114	68
114	8
114	82
118	126
118	30
119	96
120	20
122	127
122	15
122	18
122	22
122	50
122	52
122	53
122	60
122	67
122	68
122	8
123	127
123	15
123	35
123	41
123	42
123	53
123	63
123	70
123	8
123	82
123	88
123	94
123	97
125	46
125	50
125	59
127	15
127	25
127	30
127	34
127	41
127	50
127	52
127	53
127	59
127	60
127	8
127	82
127	87
127	88
127	94
129	41
15	41
15	52
15	53
15	8
15	82
15	87
15	88
15	94
15	96
17	24
17	74
18	20
18	48
18	67
18	68
20	40
20	49
20	85
22	52
22	75
24	28
24	37
24	46
24	87
25	56
25	88
28	36
28	45
28	52
28	87
29	41
29	59
30	52
30	53
30	60
30	70
30	8
30	88
30	97
33	80
34	36
34	50
34	65
34	94
35	42
35	63
36	87
37	50
37	87
40	70
41	50
41	53
41	67
41	70
41	8
41	82
41	94
42	53
42	63
42	90
45	87
46	59
46	87
46	88
49	87
50	56
50	59
50	65
52	53
52	59
52	60
52	8
52	85
52	87
52	88
52	94
53	59
53	60
53	8
53	82
53	88
53	94
56	76
59	60
59	8
59	88
60	68
60	8
60	88
67	68
67	85
67	87
68	87
70	94
72	74
74	89
8	82
8	87
8	88
8	94
82	85
82	88
82	94
87	94
88	94
88	96
