Res1 Res2 NSingle NDouble Method
15 8 11 1 5
18 20 34 6 5
17 24 46 12 5
24 28 40 11 5
30 8 19 1 5
28 36 45 7 5
34 36 39 4 5
24 37 40 13 5
20 40 42 5 5
41 8 24 1 5
15 41 23 1 5
29 41 40 6 5
35 42 39 7 5
28 45 43 11 5
24 46 35 14 5
18 48 47 7 5
20 49 46 7 5
34 50 33 3 5
37 50 39 8 5
41 50 36 2 5
52 8 13 2 5
15 52 16 0 5
22 52 33 3 5
28 52 34 3 5
30 52 20 2 5
53 8 15 2 5
15 53 16 1 5
30 53 24 1 5
41 53 25 3 5
42 53 27 5 5
52 53 20 1 5
25 56 46 7 5
50 56 39 8 5
59 8 22 1 5
29 59 36 7 5
46 59 32 8 5
50 59 30 4 5
52 59 23 2 5
53 59 27 1 5
60 8 20 1 5
30 60 27 1 5
52 60 23 1 5
53 60 23 2 5
59 60 26 3 5
35 63 35 12 5
42 63 42 7 5
34 65 44 5 5
50 65 43 7 5
18 67 37 3 5
41 67 34 2 5
18 68 35 4 5
60 68 24 5 5
67 68 26 6 5
30 70 31 2 5
40 70 33 9 5
41 70 36 2 5
17 74 52 17 5
72 74 47 15 5
22 75 60 16 5
56 76 44 8 5
33 80 51 12 5
8 82 17 1 5
15 82 16 1 5
41 82 29 1 5
53 82 22 1 5
20 85 37 3 5
52 85 27 2 5
67 85 34 3 5
82 85 27 3 5
8 87 13 0 5
15 87 12 0 5
24 87 32 3 5
28 87 30 3 5
36 87 27 4 5
37 87 34 3 5
45 87 35 3 5
46 87 31 3 5
49 87 36 4 5
52 87 16 0 5
67 87 21 2 5
68 87 21 2 5
8 88 16 2 5
15 88 17 1 5
25 88 33 3 5
30 88 23 2 5
46 88 38 3 5
52 88 21 1 5
53 88 21 2 5
59 88 28 1 5
60 88 26 1 5
82 88 23 1 5
74 89 54 20 5
42 90 51 10 5
8 94 13 1 5
15 94 12 1 5
34 94 24 1 5
41 94 19 4 5
52 94 18 0 5
53 94 18 1 5
70 94 27 1 5
82 94 18 1 5
87 94 14 0 5
88 94 19 1 5
15 96 32 2 5
88 96 37 3 5
10 97 43 6 5
30 97 30 3 5
100 40 40 11 5
100 63 43 10 5
100 70 37 8 5
100 96 44 9 5
102 8 23 1 5
102 20 34 3 5
102 34 30 3 5
102 85 33 3 5
102 94 24 1 5
104 8 18 0 5
104 15 17 0 5
104 18 27 4 5
104 53 23 0 5
104 60 20 3 5
104 67 24 3 5
104 68 20 5 5
104 82 21 1 5
104 87 17 0 5
104 94 19 0 5
105 8 16 0 5
105 15 15 0 5
105 34 25 1 5
105 52 19 0 5
105 53 21 0 5
105 60 18 3 5
105 68 20 4 5
105 82 21 0 5
105 87 15 0 5
105 94 15 1 5
104 105 18 1 5
107 8 14 0 5
107 15 13 0 5
107 52 17 0 5
107 53 19 0 5
107 60 20 1 5
107 68 22 2 5
107 76 29 2 5
107 82 19 0 5
107 87 13 0 5
107 88 20 0 5
107 94 15 0 5
104 107 16 1 5
105 107 14 1 5
109 35 42 10 5
111 22 43 5 5
111 34 36 3 5
111 36 43 5 5
111 65 46 7 5
105 111 29 2 5
112 8 23 0 5
112 52 24 1 5
112 60 25 3 5
112 68 23 6 5
112 94 20 2 5
104 112 21 3 5
105 112 15 5 5
107 112 15 4 5
113 8 19 0 5
113 15 18 0 5
113 18 32 2 5
113 20 32 1 5
113 34 26 2 5
113 53 24 0 5
113 82 24 0 5
113 88 21 2 5
113 94 20 0 5
104 113 23 0 5
105 113 21 0 5
107 113 19 0 5
109 113 38 4 5
114 8 20 0 5
114 15 19 0 5
114 53 25 0 5
114 60 24 2 5
114 67 26 3 5
114 68 18 7 5
114 82 25 0 5
104 114 14 5 5
105 114 16 3 5
107 114 12 4 5
112 114 17 6 5
118 30 31 4 5
102 118 35 4 5
119 96 48 12 5
120 20 45 9 5
122 8 20 0 5
122 15 19 0 5
122 18 29 4 5
122 22 32 5 5
122 50 30 2 5
122 52 19 2 5
122 53 23 1 5
122 60 18 5 5
122 67 26 3 5
122 68 22 5 5
104 122 16 4 5
105 122 20 1 5
107 122 20 0 5
112 122 27 1 5
114 122 20 3 5
123 8 22 1 5
123 15 21 1 5
123 35 33 6 5
123 41 30 3 5
123 42 34 4 5
123 53 19 5 5
123 63 38 5 5
123 70 34 2 5
123 82 27 1 5
123 88 28 1 5
123 94 23 1 5
123 97 35 2 5
104 123 26 1 5
107 123 20 2 5
112 123 31 1 5
114 123 26 2 5
109 124 41 19 5
125 46 39 11 5
125 50 37 7 5
125 59 33 7 5
118 126 49 7 5
127 8 8 2 5
127 15 9 1 5
127 25 23 4 5
127 30 17 1 5
127 34 21 1 5
127 41 20 2 5
127 50 24 1 5
127 52 13 1 5
127 53 13 2 5
127 59 20 1 5
127 60 18 1 5
127 82 15 1 5
127 87 11 0 5
127 88 14 2 5
127 94 11 1 5
102 127 23 0 5
104 127 16 0 5
105 127 14 0 5
107 127 12 0 5
112 127 21 0 5
113 127 17 0 5
114 127 18 0 5
122 127 18 0 5
123 127 20 1 5
129 41 36 3 5
113 129 31 2 5
