Res1 Res2 NSingle NDouble Method
1 117 27 11 5
15 2 10 2 5
19 2 4 6 5
112 2 11 4 5
118 2 8 3 5
120 2 10 2 5
127 2 8 0 5
2 8 13 1 5
2 23 7 4 5
2 30 9 0 5
2 53 9 0 5
2 57 15 3 5
2 59 15 4 5
2 61 8 0 5
2 77 13 1 5
2 82 14 1 5
2 83 14 3 5
108 4 25 19 5
4 63 22 24 5
5 77 29 5 5
5 83 30 7 5
5 90 32 12 5
6 68 25 3 5
6 82 24 4 5
6 88 24 2 5
108 7 32 14 5
2 8 13 1 5
19 8 13 1 5
23 8 12 1 5
30 8 8 0 5
53 8 8 0 5
61 8 7 0 5
106 8 17 4 5
118 8 11 1 5
127 8 7 0 5
8 82 13 1 5
8 94 9 0 5
67 9 35 16 5
82 9 24 3 5
107 9 27 5 5
110 9 26 3 5
118 13 19 1 5
123 13 19 1 5
13 94 13 2 5
13 130 28 8 5
15 2 10 2 5
101 15 6 4 5
111 15 12 4 5
112 15 5 6 5
116 15 7 5 5
120 15 8 2 5
127 15 6 0 5
128 15 10 4 5
15 19 10 2 5
15 23 7 3 5
15 30 7 0 5
15 53 7 0 5
15 61 6 0 5
15 75 12 2 5
15 77 7 3 5
15 78 10 3 5
15 83 6 6 5
15 88 10 0 5
15 94 8 0 5
15 96 6 4 5
17 50 23 14 5
17 69 21 15 5
17 87 25 7 5
108 18 29 15 5
18 68 31 5 5
19 2 4 6 5
19 8 13 1 5
15 19 10 2 5
101 19 14 1 5
112 19 13 3 5
118 19 8 3 5
127 19 8 0 5
19 23 5 5 5
19 30 9 0 5
19 48 16 4 5
19 53 9 0 5
19 59 15 4 5
19 61 8 0 5
19 75 14 2 5
19 77 13 1 5
19 82 14 1 5
19 94 10 0 5
19 96 14 1 5
2 20 21 7 5
15 20 21 6 5
19 20 21 7 5
112 20 18 10 5
20 23 22 6 5
20 83 19 10 5
19 21 25 4 5
111 21 23 8 5
117 21 28 8 5
21 23 24 4 5
21 57 24 7 5
21 59 24 8 5
21 82 23 5 5
21 96 25 4 5
23 8 12 1 5
2 23 7 4 5
15 23 7 3 5
19 23 5 5 5
101 23 11 2 5
112 23 12 3 5
116 23 12 3 5
118 23 9 2 5
120 23 11 1 5
127 23 7 0 5
128 23 15 2 5
23 30 8 0 5
23 53 8 0 5
23 59 14 4 5
23 61 7 0 5
23 77 10 2 5
23 78 13 2 5
23 83 13 3 5
23 94 9 0 5
23 96 11 2 5
121 25 24 11 5
25 69 25 15 5
27 8 36 5 5
27 57 32 10 5
27 71 28 15 5
15 29 29 5 5
20 29 16 22 5
120 29 29 5 5
15 30 7 0 5
118 30 7 0 5
120 30 7 0 5
123 30 7 0 5
127 30 1 0 5
30 36 21 1 5
30 49 16 1 5
30 53 2 0 5
30 61 1 0 5
30 73 19 1 5
30 88 5 0 5
30 94 3 0 5
30 99 20 1 5
15 31 22 6 5
112 31 21 9 5
114 31 20 11 5
116 31 21 9 5
120 31 24 5 5
126 31 18 13 5
31 54 20 18 5
31 74 21 12 5
31 83 20 10 5
102 32 26 7 5
32 99 23 14 5
15 33 20 6 5
112 33 17 10 5
114 33 18 11 5
116 33 17 10 5
126 33 18 12 5
33 74 19 12 5
108 36 25 11 5
128 36 22 6 5
36 68 19 5 5
36 77 23 3 5
36 88 20 3 5
114 38 23 11 5
126 38 25 11 5
2 39 27 7 5
19 39 25 8 5
23 39 26 7 5
101 39 25 8 5
120 39 29 5 5
30 41 13 0 5
102 41 18 2 5
118 41 16 1 5
123 41 14 2 5
124 41 15 8 5
127 41 12 0 5
41 53 13 0 5
41 61 12 0 5
41 75 18 2 5
41 94 14 0 5
15 42 26 5 5
102 42 26 7 5
42 49 25 11 5
2 43 25 3 5
15 43 19 5 5
19 43 23 4 5
23 43 20 5 5
101 43 21 5 5
112 43 24 5 5
116 43 24 5 5
118 43 25 2 5
120 43 25 2 5
123 43 25 2 5
43 77 24 3 5
43 96 21 5 5
23 44 32 7 5
114 44 29 12 5
126 44 25 15 5
45 77 30 7 5
2 48 18 3 5
19 48 16 4 5
23 48 17 3 5
118 48 18 2 5
123 48 18 2 5
48 57 19 5 5
48 71 17 9 5
15 49 13 5 5
30 49 16 1 5
101 49 13 6 5
112 49 18 5 5
116 49 18 5 5
128 49 17 6 5
49 83 17 6 5
49 96 17 4 5
114 50 19 9 5
116 50 20 7 5
120 50 21 4 5
126 50 19 10 5
15 53 7 0 5
30 53 2 0 5
102 53 9 1 5
118 53 7 0 5
120 53 7 0 5
123 53 7 0 5
127 53 1 0 5
128 53 11 1 5
53 61 1 0 5
53 88 5 0 5
53 94 3 0 5
31 54 20 18 5
112 54 19 10 5
128 54 26 7 5
54 83 20 10 5
54 96 26 5 5
15 55 18 5 5
101 55 20 5 5
110 55 24 4 5
112 55 17 8 5
120 55 24 2 5
55 83 18 8 5
55 96 22 4 5
108 56 25 12 5
56 68 17 7 5
56 73 22 11 5
56 78 22 6 5
56 88 20 4 5
2 57 15 3 5
19 57 15 3 5
23 57 16 2 5
48 57 19 5 5
111 57 19 4 5
118 57 11 4 5
127 57 13 0 5
57 61 13 0 5
57 71 16 8 5
57 82 17 2 5
110 58 36 8 5
112 58 39 7 5
2 59 15 4 5
15 59 11 5 5
19 59 15 4 5
23 59 14 4 5
101 59 15 4 5
111 59 19 5 5
112 59 14 6 5
116 59 18 4 5
120 59 17 2 5
126 59 21 5 5
59 77 18 2 5
59 82 15 4 5
59 83 15 6 5
59 96 17 3 5
60 8 29 6 5
106 60 28 12 5
111 60 34 7 5
108 62 22 10 5
121 62 15 8 5
62 69 22 9 5
62 73 19 9 5
62 87 12 8 5
108 63 19 19 5
63 73 24 14 5
114 65 17 11 5
126 65 19 11 5
65 97 22 11 5
114 66 21 7 5
121 66 13 11 5
66 68 20 4 5
66 73 19 11 5
66 97 8 16 5
30 68 8 0 5
36 68 19 5 5
53 68 8 0 5
56 68 17 7 5
61 68 7 0 5
123 68 9 2 5
127 68 7 0 5
68 77 8 3 5
68 78 7 5 5
68 86 10 5 5
68 88 3 4 5
68 94 9 0 5
66 69 20 12 5
121 69 17 10 5
69 73 19 12 5
69 87 18 8 5
69 97 20 11 5
15 70 20 4 5
49 70 25 7 5
101 70 18 6 5
112 70 21 6 5
116 70 21 6 5
126 70 22 8 5
70 96 20 5 5
2 71 23 2 5
19 71 21 3 5
23 71 22 2 5
48 71 17 9 5
57 71 16 8 5
118 71 19 3 5
72 82 27 5 5
72 96 29 4 5
56 73 22 11 5
62 73 19 9 5
66 73 19 11 5
68 73 19 4 5
121 73 14 10 5
73 87 15 8 5
15 74 13 5 5
23 74 20 2 5
101 74 11 7 5
112 74 10 9 5
114 74 15 8 5
116 74 10 9 5
120 74 13 5 5
123 74 19 2 5
126 74 11 11 5
74 77 20 2 5
74 83 13 8 5
74 96 17 4 5
15 75 12 2 5
19 75 14 2 5
30 75 11 0 5
53 75 11 0 5
61 75 10 0 5
101 75 14 2 5
110 75 14 3 5
112 75 13 4 5
118 75 12 2 5
120 75 14 1 5
123 75 14 1 5
127 75 10 0 5
75 78 14 3 5
75 83 16 3 5
75 88 12 1 5
75 96 14 2 5
117 76 28 5 5
120 76 21 2 5
76 82 23 2 5
76 91 27 5 5
15 77 7 3 5
23 77 10 2 5
30 77 8 0 5
53 77 8 0 5
61 77 7 0 5
68 77 8 3 5
101 77 11 2 5
112 77 12 3 5
116 77 12 3 5
120 77 11 1 5
127 77 7 0 5
128 77 13 3 5
77 78 7 5 5
77 83 9 5 5
77 86 12 4 5
77 88 9 1 5
77 94 9 0 5
77 96 11 2 5
15 78 10 3 5
19 78 16 1 5
23 78 13 2 5
61 78 10 0 5
68 78 7 5 5
75 78 14 3 5
77 78 7 5 5
101 78 12 3 5
120 78 14 1 5
123 78 14 1 5
127 78 10 0 5
78 83 12 5 5
78 86 9 7 5
78 88 10 2 5
78 96 12 3 5
66 80 19 10 5
101 80 20 3 5
114 80 18 7 5
116 80 17 6 5
120 80 18 3 5
126 80 20 7 5
80 94 16 2 5
80 97 19 9 5
8 81 35 5 5
113 81 30 12 5
2 82 14 1 5
8 82 13 1 5
19 82 14 1 5
21 82 23 5 5
23 82 13 1 5
30 82 9 0 5
53 82 9 0 5
57 82 17 2 5
59 82 15 4 5
61 82 8 0 5
107 82 17 3 5
117 82 15 6 5
118 82 12 1 5
127 82 8 0 5
82 94 10 0 5
2 83 14 3 5
15 83 6 6 5
19 83 16 2 5
23 83 13 3 5
30 83 13 0 5
53 83 13 0 5
61 83 12 0 5
77 83 9 5 5
78 83 12 5 5
101 83 10 5 5
111 83 14 6 5
112 83 7 8 5
116 83 13 5 5
120 83 12 3 5
127 83 12 0 5
83 94 14 0 5
83 96 12 4 5
32 84 31 12 5
108 85 30 14 5
15 86 13 3 5
23 86 14 3 5
68 86 10 5 5
77 86 12 4 5
78 86 9 7 5
83 86 17 4 5
101 86 15 3 5
123 86 15 2 5
86 88 11 3 5
86 96 15 3 5
61 87 11 0 5
62 87 12 8 5
69 87 18 8 5
73 87 15 8 5
108 87 22 7 5
121 87 11 7 5
127 87 11 0 5
87 97 16 7 5
30 88 5 0 5
53 88 5 0 5
61 88 4 0 5
68 88 3 4 5
75 88 12 1 5
77 88 9 1 5
78 88 10 2 5
86 88 11 3 5
123 88 8 1 5
127 88 4 0 5
88 94 6 0 5
101 89 31 7 5
116 89 28 10 5
126 89 29 12 5
15 90 22 4 5
83 90 20 8 5
112 90 21 7 5
121 90 24 7 5
2 91 20 3 5
102 91 20 4 5
19 92 28 4 5
23 92 27 4 5
118 92 28 3 5
82 93 23 3 5
114 93 21 7 5
126 93 23 7 5
8 94 9 0 5
13 94 13 2 5
15 94 8 0 5
23 94 9 0 5
30 94 3 0 5
53 94 3 0 5
61 94 2 0 5
68 94 9 0 5
77 94 9 0 5
80 94 16 2 5
88 94 6 0 5
117 94 17 2 5
118 94 8 0 5
120 94 8 0 5
123 94 8 0 5
127 94 2 0 5
15 96 6 4 5
19 96 14 1 5
23 96 11 2 5
30 96 9 0 5
53 96 9 0 5
61 96 8 0 5
75 96 14 2 5
77 96 11 2 5
78 96 12 3 5
83 96 12 4 5
86 96 15 3 5
94 96 10 0 5
101 96 8 4 5
111 96 16 3 5
112 96 11 4 5
116 96 11 4 5
120 96 12 1 5
126 96 16 4 5
127 96 8 0 5
66 97 8 16 5
87 97 16 7 5
114 97 17 8 5
121 97 11 11 5
28 99 25 11 5
32 99 23 14 5
102 99 21 5 5
100 65 31 17 5
100 80 34 12 5
101 15 6 4 5
101 19 14 1 5
101 23 11 2 5
101 30 9 0 5
101 53 9 0 5
101 61 8 0 5
101 74 11 7 5
101 75 14 2 5
101 77 11 2 5
101 78 12 3 5
101 83 10 5 5
101 88 12 0 5
101 94 10 0 5
101 96 8 4 5
101 112 9 5 5
101 116 5 7 5
101 120 8 3 5
101 127 8 0 5
102 53 9 1 5
102 61 10 0 5
102 99 21 5 5
102 110 16 2 5
102 120 12 2 5
102 127 10 0 5
102 128 16 3 5
104 56 25 14 5
104 68 24 6 5
104 78 23 8 5
104 86 28 7 5
106 8 17 4 5
106 113 22 6 5
107 7 32 9 5
107 9 27 5 5
107 82 17 3 5
107 117 24 5 5
108 63 19 19 5
108 68 22 5 5
108 88 23 3 5
108 121 21 9 5
109 71 26 14 5
110 15 14 1 5
110 30 11 0 5
110 53 11 0 5
110 61 10 0 5
110 75 14 3 5
110 83 16 3 5
110 94 12 0 5
102 110 16 2 5
110 112 15 3 5
110 118 14 1 5
110 120 12 2 5
110 123 14 1 5
110 124 19 5 5
110 127 10 0 5
111 2 18 2 5
111 15 12 4 5
111 23 15 3 5
111 59 19 5 5
111 61 14 0 5
111 77 17 2 5
111 83 14 6 5
111 96 16 3 5
101 111 16 3 5
111 112 13 6 5
111 116 17 4 5
111 119 11 10 5
111 120 14 3 5
111 126 20 5 5
111 127 14 0 5
112 2 11 4 5
112 15 5 6 5
112 19 13 3 5
112 23 12 3 5
112 30 12 0 5
112 53 12 0 5
112 61 11 0 5
112 75 13 4 5
112 77 12 3 5
112 83 7 8 5
112 94 13 0 5
112 96 11 4 5
101 112 9 5 5
112 116 10 6 5
112 119 14 7 5
112 120 9 4 5
112 126 11 8 5
112 127 11 0 5
113 30 17 0 5
113 53 17 0 5
113 61 16 0 5
111 113 18 6 5
113 123 20 1 5
113 127 16 0 5
114 2 16 3 5
114 15 16 2 5
114 19 18 2 5
114 61 14 0 5
114 74 15 8 5
114 83 16 5 5
101 114 16 3 5
112 114 15 5 5
114 116 13 6 5
114 120 14 3 5
114 126 8 11 5
114 127 14 0 5
116 15 7 5 5
116 23 12 3 5
116 30 12 0 5
116 53 12 0 5
116 61 11 0 5
116 74 10 9 5
116 77 12 3 5
116 83 13 5 5
116 96 11 4 5
101 116 5 7 5
112 116 10 6 5
116 120 7 5 5
116 126 9 9 5
116 127 11 0 5
116 128 13 5 5
117 61 19 0 5
117 82 15 6 5
117 94 17 2 5
117 127 19 0 5
118 2 8 3 5
118 8 11 1 5
118 19 8 3 5
118 23 9 2 5
118 30 7 0 5
118 53 7 0 5
118 57 11 4 5
118 61 6 0 5
118 75 12 2 5
118 82 12 1 5
118 88 10 0 5
118 94 8 0 5
110 118 14 1 5
118 127 6 0 5
119 15 15 4 5
119 74 14 10 5
119 75 19 4 5
119 83 15 7 5
119 96 17 4 5
101 119 17 4 5
111 119 11 10 5
112 119 14 7 5
119 120 19 2 5
120 2 10 2 5
120 15 8 2 5
120 23 11 1 5
120 30 7 0 5
120 53 7 0 5
120 61 6 0 5
120 74 13 5 5
120 77 11 1 5
120 83 12 3 5
120 94 8 0 5
120 96 12 1 5
101 120 8 3 5
102 120 12 2 5
110 120 12 2 5
111 120 14 3 5
112 120 9 4 5
114 120 14 3 5
116 120 7 5 5
120 126 12 5 5
120 127 6 0 5
121 62 15 8 5
121 66 13 11 5
121 69 17 10 5
121 73 14 10 5
121 87 11 7 5
121 97 11 11 5
108 122 39 21 5
123 30 7 0 5
123 41 14 2 5
123 48 18 2 5
123 53 7 0 5
123 61 6 0 5
123 68 9 2 5
123 74 19 2 5
123 75 14 1 5
123 78 14 1 5
123 86 15 2 5
123 88 8 1 5
123 94 8 0 5
110 123 14 1 5
123 124 19 3 5
123 127 6 0 5
124 30 20 0 5
124 41 15 8 5
124 53 20 0 5
124 61 19 0 5
124 75 21 4 5
124 94 21 0 5
110 124 19 5 5
118 124 21 2 5
123 124 19 3 5
124 127 19 0 5
125 69 22 16 5
101 125 25 7 5
126 2 18 3 5
126 15 14 4 5
126 74 11 11 5
126 77 17 3 5
126 83 12 8 5
126 96 16 4 5
101 126 12 6 5
112 126 11 8 5
114 126 8 11 5
116 126 9 9 5
120 126 12 5 5
126 128 18 5 5
128 2 16 2 5
128 15 10 4 5
128 19 16 2 5
128 23 15 2 5
128 30 13 0 5
128 49 17 6 5
128 53 11 1 5
128 61 12 0 5
128 74 19 5 5
128 77 13 3 5
128 83 16 4 5
128 96 16 2 5
101 128 14 3 5
102 128 16 3 5
112 128 15 4 5
116 128 13 5 5
126 128 18 5 5
127 128 12 0 5
130 62 26 10 5
13 130 28 8 5
121 130 29 7 5
