Res1 Res2 NSingle NDouble Method
1 36 53 13 5
1 53 46 1 5
1 102 48 7 5
1 117 49 14 5
1 128 50 7 5
15 2 18 1 5
19 2 5 9 5
110 2 23 1 5
112 2 19 5 5
118 2 11 4 5
120 2 16 1 5
127 2 11 0 5
128 2 24 2 5
2 8 21 1 5
2 23 11 5 5
2 30 12 0 5
2 48 26 2 5
2 53 12 0 5
2 57 25 3 5
2 59 25 4 5
2 61 11 0 5
2 77 21 1 5
2 82 21 1 5
2 83 24 3 5
2 87 23 1 5
2 94 13 0 5
3 7 66 23 5
108 4 47 19 5
4 63 46 29 5
4 77 49 7 5
4 78 47 9 5
4 86 51 9 5
108 5 54 11 5
110 5 46 5 5
5 66 52 10 5
5 77 42 6 5
5 78 46 5 5
5 83 45 8 5
5 87 44 6 5
5 97 52 9 5
21 6 46 15 5
53 6 35 1 5
107 6 40 9 5
117 6 44 11 5
123 6 38 3 5
6 68 37 5 5
6 76 44 8 5
6 82 34 7 5
6 88 37 3 5
56 7 61 12 5
68 7 50 6 5
107 7 47 13 5
7 78 51 7 5
2 8 21 1 5
19 8 22 1 5
23 8 20 1 5
30 8 13 0 5
53 8 13 0 5
61 8 12 0 5
106 8 30 4 5
118 8 18 1 5
120 8 19 0 5
123 8 20 0 5
127 8 12 0 5
8 82 22 1 5
8 88 19 0 5
8 94 14 0 5
30 9 31 0 5
53 9 31 0 5
61 9 30 0 5
67 9 56 18 5
75 9 36 3 5
82 9 36 3 5
110 9 36 4 5
118 9 36 1 5
127 9 30 0 5
9 90 43 9 5
9 96 39 1 5
10 8 52 8 5
10 68 49 9 5
10 88 49 7 5
13 2 31 1 5
13 8 32 1 5
118 13 28 1 5
123 13 28 1 5
127 13 22 0 5
13 19 32 1 5
13 23 30 1 5
13 30 23 0 5
13 49 33 4 5
13 53 23 0 5
13 61 22 0 5
13 82 32 1 5
13 94 20 2 5
13 130 43 11 5
14 8 49 10 5
14 80 50 16 5
14 87 53 9 5
15 2 18 1 5
15 8 21 0 5
101 15 12 4 5
102 15 22 1 5
110 15 21 1 5
111 15 21 5 5
112 15 11 8 5
116 15 15 7 5
118 15 17 0 5
120 15 14 1 5
123 15 17 0 5
126 15 22 5 5
127 15 9 0 5
128 15 18 4 5
15 19 17 2 5
15 23 13 3 5
15 30 10 0 5
15 49 20 4 5
15 53 10 0 5
15 59 21 5 5
15 61 9 0 5
15 68 20 0 5
15 75 17 2 5
15 77 15 3 5
15 78 17 3 5
15 82 21 0 5
15 83 14 7 5
15 86 17 5 5
15 88 16 0 5
15 94 11 0 5
15 96 6 7 5
16 17 49 25 5
16 19 52 8 5
16 66 52 17 5
16 97 50 17 5
102 17 38 10 5
118 17 43 4 5
17 19 45 5 5
17 80 40 14 5
17 87 43 7 5
108 18 49 16 5
18 56 47 17 5
18 68 42 8 5
18 78 45 8 5
18 86 43 11 5
18 88 40 7 5
19 2 5 9 5
19 8 22 1 5
15 19 17 2 5
112 19 22 4 5
118 19 12 4 5
120 19 19 0 5
123 19 20 0 5
127 19 12 0 5
128 19 25 2 5
19 23 8 7 5
19 30 13 0 5
19 48 25 3 5
19 53 13 0 5
19 57 26 3 5
19 61 12 0 5
19 75 22 1 5
19 77 22 1 5
19 82 22 1 5
19 83 27 2 5
19 86 26 2 5
19 87 24 1 5
19 88 19 0 5
19 94 14 0 5
19 96 21 1 5
2 20 39 9 5
15 20 39 8 5
19 20 40 9 5
101 20 47 5 5
112 20 30 17 5
118 20 42 6 5
127 20 46 0 5
20 23 42 7 5
20 30 47 0 5
20 53 47 0 5
20 61 46 0 5
20 83 33 16 5
20 94 48 0 5
20 96 43 7 5
21 6 46 15 5
15 21 39 5 5
107 21 44 9 5
111 21 38 12 5
117 21 44 13 5
118 21 44 2 5
21 57 42 9 5
21 59 46 8 5
21 82 38 7 5
21 96 39 6 5
22 8 53 5 5
19 22 55 4 5
22 28 60 12 5
23 8 20 1 5
2 23 11 5 5
15 23 13 3 5
19 23 8 7 5
101 23 19 1 5
111 23 24 4 5
112 23 20 4 5
116 23 22 4 5
118 23 14 2 5
120 23 15 1 5
123 23 18 0 5
127 23 10 0 5
128 23 23 2 5
23 30 11 0 5
23 48 25 2 5
23 53 11 0 5
23 61 10 0 5
23 75 20 1 5
23 77 18 2 5
23 78 22 1 5
23 82 20 1 5
23 83 21 4 5
23 86 20 4 5
23 88 17 0 5
23 94 12 0 5
23 96 15 3 5
13 24 75 11 5
19 25 49 7 5
23 25 49 6 5
114 25 49 11 5
121 25 38 18 5
25 33 50 17 5
25 69 51 17 5
25 87 47 9 5
25 97 49 15 5
27 8 60 7 5
2 27 63 5 5
19 27 60 7 5
23 27 62 5 5
118 27 60 5 5
27 48 59 11 5
27 57 58 12 5
27 71 48 22 5
27 94 60 2 5
19 28 37 4 5
23 28 35 4 5
102 28 40 4 5
118 28 37 2 5
28 29 41 17 5
28 71 41 11 5
28 99 41 8 5
20 29 38 25 5
23 29 42 5 5
28 29 41 17 5
101 29 41 6 5
112 29 42 9 5
116 29 42 10 5
120 29 39 5 5
29 70 42 14 5
29 83 41 10 5
29 86 46 7 5
30 8 13 0 5
2 30 12 0 5
15 30 10 0 5
19 30 13 0 5
23 30 11 0 5
101 30 12 0 5
110 30 15 0 5
118 30 9 0 5
120 30 8 0 5
123 30 9 0 5
127 30 1 0 5
30 36 31 1 5
30 53 2 0 5
30 61 1 0 5
30 68 12 0 5
30 73 27 1 5
30 75 13 0 5
30 77 13 0 5
30 78 15 0 5
30 82 13 0 5
30 87 15 0 5
30 88 8 0 5
30 94 3 0 5
30 96 12 0 5
30 99 23 1 5
15 31 40 5 5
112 31 41 9 5
114 31 39 11 5
116 31 39 11 5
120 31 38 5 5
126 31 30 17 5
31 49 46 7 5
31 74 41 13 5
31 83 44 8 5
102 32 38 9 5
128 32 40 9 5
32 84 46 12 5
32 99 39 13 5
15 33 32 5 5
101 33 24 10 5
112 33 31 10 5
114 33 31 11 5
116 33 29 12 5
126 33 32 12 5
33 74 29 15 5
33 75 35 5 5
33 83 34 9 5
33 96 36 4 5
13 35 56 12 5
28 35 65 13 5
109 35 65 22 5
35 94 56 2 5
30 36 31 1 5
102 36 39 4 5
127 36 32 0 5
128 36 31 9 5
36 53 31 1 5
36 61 32 0 5
36 68 37 3 5
36 77 38 3 5
36 78 38 4 5
36 88 35 2 5
36 99 42 7 5
2 37 46 7 5
15 37 48 5 5
20 37 43 26 5
23 37 49 5 5
112 37 41 13 5
37 74 45 15 5
37 83 44 12 5
100 38 51 21 5
101 38 41 4 5
114 38 36 11 5
126 38 41 10 5
38 74 46 9 5
38 80 45 9 5
15 39 40 5 5
23 39 41 5 5
101 39 32 10 5
112 39 43 8 5
116 39 37 12 5
118 39 43 3 5
120 39 38 5 5
39 74 41 13 5
39 83 46 7 5
39 86 45 7 5
121 40 46 14 5
40 63 42 31 5
40 88 50 4 5
30 41 17 0 5
102 41 25 3 5
110 41 28 1 5
120 41 23 0 5
123 41 20 2 5
124 41 24 7 5
127 41 16 0 5
41 53 17 0 5
41 61 16 0 5
41 75 26 1 5
41 88 23 0 5
41 94 18 0 5
102 42 41 8 5
128 42 45 7 5
42 83 39 11 5
42 96 43 5 5
2 43 42 3 5
15 43 30 8 5
19 43 39 5 5
23 43 33 7 5
30 43 38 0 5
101 43 36 6 5
112 43 37 9 5
116 43 39 9 5
118 43 39 3 5
120 43 40 2 5
123 43 39 3 5
127 43 37 0 5
128 43 44 5 5
43 53 38 0 5
43 57 39 9 5
43 61 37 0 5
43 75 43 3 5
43 77 39 5 5
43 78 45 3 5
43 83 38 9 5
43 94 39 0 5
43 96 32 8 5
23 44 45 9 5
33 44 52 17 5
15 45 53 9 5
101 45 51 11 5
112 45 50 15 5
116 45 54 14 5
45 77 50 12 5
45 78 52 12 5
45 83 51 15 5
46 68 59 11 5
46 88 63 7 5
47 99 71 11 5
2 48 26 2 5
19 48 25 3 5
23 48 25 2 5
30 48 20 0 5
111 48 35 3 5
118 48 23 2 5
127 48 19 0 5
48 53 20 0 5
48 57 29 5 5
48 61 19 0 5
48 71 25 12 5
48 94 21 0 5
13 49 33 4 5
15 49 20 4 5
23 49 27 1 5
30 49 20 0 5
101 49 20 5 5
102 49 30 2 5
112 49 27 5 5
116 49 29 5 5
127 49 19 0 5
128 49 26 5 5
49 53 20 0 5
49 59 29 6 5
49 61 19 0 5
49 74 35 5 5
49 77 27 2 5
49 78 29 2 5
49 83 28 5 5
49 94 21 0 5
49 96 24 3 5
15 50 37 3 5
19 50 38 4 5
23 50 36 4 5
30 50 35 0 5
33 50 39 14 5
101 50 33 6 5
102 50 39 5 5
114 50 36 9 5
116 50 30 12 5
118 50 36 3 5
120 50 33 4 5
126 50 31 13 5
127 50 34 0 5
50 53 35 0 5
50 61 34 0 5
50 74 36 12 5
50 96 37 4 5
52 62 77 19 5
53 8 13 0 5
2 53 12 0 5
15 53 10 0 5
19 53 13 0 5
23 53 11 0 5
30 53 2 0 5
101 53 12 0 5
102 53 14 1 5
110 53 15 0 5
118 53 9 0 5
120 53 8 0 5
123 53 9 0 5
127 53 1 0 5
128 53 16 1 5
53 61 1 0 5
53 68 12 0 5
53 75 13 0 5
53 77 13 0 5
53 78 15 0 5
53 82 13 0 5
53 87 15 0 5
53 88 8 0 5
53 94 3 0 5
53 96 12 0 5
2 54 43 5 5
15 54 35 8 5
23 54 44 4 5
101 54 43 5 5
112 54 26 17 5
114 54 38 12 5
126 54 41 12 5
127 54 42 0 5
54 61 42 0 5
54 83 29 16 5
54 86 46 7 5
54 96 37 8 5
2 55 40 4 5
15 55 30 8 5
19 55 41 4 5
23 55 41 3 5
30 55 38 0 5
53 55 38 0 5
101 55 38 5 5
112 55 33 11 5
116 55 43 7 5
126 55 46 7 5
127 55 37 0 5
55 61 37 0 5
55 83 34 11 5
55 96 34 7 5
18 56 47 17 5
108 56 44 12 5
123 56 36 3 5
56 62 40 10 5
56 68 27 9 5
56 73 40 11 5
56 77 38 4 5
56 78 34 7 5
56 86 38 7 5
56 88 31 5 5
2 57 25 3 5
19 57 26 3 5
23 57 28 1 5
30 57 21 0 5
48 57 29 5 5
53 57 21 0 5
118 57 18 5 5
120 57 27 0 5
127 57 20 0 5
57 61 20 0 5
57 71 30 10 5
57 82 30 1 5
57 88 27 0 5
57 94 22 0 5
58 8 62 7 5
58 9 68 13 5
110 58 58 10 5
58 75 62 7 5
2 59 25 4 5
15 59 21 5 5
19 59 28 3 5
23 59 28 2 5
30 59 23 0 5
49 59 29 6 5
53 59 23 0 5
101 59 27 3 5
112 59 26 7 5
114 59 32 5 5
116 59 34 4 5
120 59 27 1 5
127 59 22 0 5
59 61 22 0 5
59 74 38 5 5
59 77 30 2 5
59 78 32 2 5
59 82 26 4 5
59 83 29 6 5
59 94 24 0 5
59 96 27 3 5
60 8 42 6 5
106 60 44 12 5
111 60 50 7 5
113 60 49 7 5
127 60 42 0 5
60 61 42 0 5
61 62 26 0 5
108 62 36 12 5
121 62 27 11 5
125 62 40 13 5
127 62 26 0 5
62 66 38 9 5
62 73 36 9 5
62 80 37 7 5
62 87 22 9 5
62 90 37 10 5
62 97 38 8 5
36 63 47 19 5
40 63 42 31 5
102 63 54 7 5
108 63 39 24 5
63 68 48 8 5
63 77 51 7 5
63 78 43 12 5
63 87 53 7 5
63 88 50 5 5
54 64 42 23 5
112 64 36 14 5
114 64 42 12 5
64 68 43 7 5
64 74 40 16 5
64 86 42 11 5
100 65 45 22 5
114 65 30 12 5
65 97 38 12 5
108 66 34 15 5
114 66 34 8 5
121 66 31 11 5
66 68 31 5 5
66 73 36 11 5
66 77 32 5 5
66 78 30 7 5
66 80 31 12 5
66 87 30 7 5
66 88 29 4 5
66 97 18 20 5
62 67 60 14 5
67 87 58 9 5
30 68 12 0 5
53 68 12 0 5
56 68 27 9 5
61 68 11 0 5
118 68 19 0 5
120 68 18 0 5
123 68 13 3 5
127 68 11 0 5
68 73 29 5 5
68 75 21 1 5
68 77 17 3 5
68 78 13 6 5
68 86 19 5 5
68 88 4 7 5
68 94 13 0 5
66 69 40 12 5
68 69 37 4 5
116 69 38 8 5
120 69 35 3 5
121 69 27 15 5
69 73 34 14 5
69 80 37 11 5
69 87 34 7 5
69 88 35 3 5
69 97 38 12 5
15 70 29 4 5
29 70 42 14 5
101 70 25 7 5
112 70 32 7 5
116 70 34 7 5
120 70 31 2 5
70 96 31 4 5
2 71 35 3 5
19 71 34 4 5
23 71 36 2 5
30 71 31 0 5
48 71 25 12 5
53 71 31 0 5
57 71 30 10 5
61 71 30 0 5
118 71 28 5 5
123 71 36 1 5
127 71 30 0 5
71 94 32 0 5
15 72 45 3 5
23 72 46 3 5
30 72 43 0 5
53 72 43 0 5
61 72 42 0 5
107 72 50 7 5
127 72 42 0 5
72 82 40 7 5
72 96 45 4 5
30 73 27 1 5
53 73 29 0 5
56 73 40 11 5
61 73 28 0 5
62 73 36 9 5
66 73 36 11 5
68 73 29 5 5
69 73 34 14 5
108 73 38 12 5
121 73 29 11 5
127 73 28 0 5
73 78 34 4 5
73 87 26 8 5
73 88 29 3 5
2 74 29 4 5
15 74 23 6 5
19 74 30 4 5
23 74 30 3 5
30 74 27 0 5
53 74 27 0 5
61 74 26 0 5
101 74 19 9 5
110 74 32 4 5
112 74 16 14 5
116 74 18 14 5
120 74 21 6 5
123 74 32 1 5
126 74 27 11 5
127 74 26 0 5
128 74 33 5 5
74 75 30 4 5
74 77 34 2 5
74 83 21 12 5
74 88 31 1 5
74 94 28 0 5
74 96 27 5 5
15 75 17 2 5
19 75 22 1 5
23 75 20 1 5
30 75 13 0 5
53 75 13 0 5
61 75 12 0 5
68 75 21 1 5
101 75 21 1 5
110 75 18 4 5
112 75 22 4 5
114 75 24 4 5
118 75 16 2 5
120 75 17 1 5
123 75 18 1 5
124 75 28 3 5
126 75 27 4 5
127 75 12 0 5
75 77 22 1 5
75 78 22 2 5
75 83 25 3 5
75 86 26 2 5
75 88 17 1 5
75 94 14 0 5
75 96 19 2 5
6 76 44 8 5
21 76 46 9 5
30 76 25 0 5
53 76 25 0 5
61 76 24 0 5
101 76 33 1 5
107 76 36 5 5
113 76 39 3 5
117 76 42 6 5
120 76 29 1 5
127 76 24 0 5
76 82 34 1 5
76 91 40 4 5
76 94 26 0 5
2 77 21 1 5
15 77 15 3 5
19 77 22 1 5
23 77 18 2 5
30 77 13 0 5
49 77 27 2 5
53 77 13 0 5
61 77 12 0 5
68 77 17 3 5
75 77 22 1 5
101 77 19 2 5
112 77 20 5 5
116 77 22 5 5
118 77 20 0 5
120 77 17 1 5
123 77 20 0 5
127 77 12 0 5
128 77 19 5 5
77 78 10 8 5
77 83 15 8 5
77 86 18 6 5
77 88 17 1 5
77 94 14 0 5
77 96 17 3 5
15 78 17 3 5
23 78 22 1 5
30 78 15 0 5
53 78 15 0 5
61 78 14 0 5
66 78 30 7 5
68 78 13 6 5
75 78 22 2 5
77 78 10 8 5
101 78 21 2 5
120 78 19 1 5
123 78 20 1 5
127 78 14 0 5
78 83 21 6 5
78 86 18 7 5
78 88 15 3 5
78 94 16 0 5
78 96 19 3 5
8 80 33 2 5
17 80 40 14 5
30 80 26 0 5
50 80 37 11 5
53 80 26 0 5
61 80 25 0 5
62 80 37 7 5
66 80 31 12 5
69 80 37 11 5
101 80 32 2 5
114 80 31 7 5
116 80 31 7 5
121 80 32 8 5
126 80 28 10 5
127 80 25 0 5
80 87 31 4 5
80 94 25 1 5
80 97 33 10 5
8 81 57 7 5
13 81 57 12 5
27 81 63 29 5
106 81 63 11 5
113 81 54 13 5
2 82 21 1 5
8 82 22 1 5
15 82 21 0 5
19 82 22 1 5
23 82 20 1 5
30 82 13 0 5
53 82 13 0 5
59 82 26 4 5
61 82 12 0 5
107 82 24 5 5
117 82 26 8 5
118 82 18 1 5
120 82 19 0 5
123 82 20 0 5
127 82 12 0 5
82 86 28 1 5
82 88 19 0 5
82 94 14 0 5
2 83 24 3 5
15 83 14 7 5
19 83 27 2 5
23 83 21 4 5
30 83 20 0 5
49 83 28 5 5
53 83 20 0 5
61 83 19 0 5
68 83 28 1 5
75 83 25 3 5
77 83 15 8 5
78 83 21 6 5
101 83 20 5 5
102 83 30 2 5
110 83 25 4 5
112 83 11 13 5
114 83 29 5 5
116 83 21 9 5
118 83 27 0 5
120 83 20 3 5
123 83 27 0 5
126 83 28 7 5
127 83 19 0 5
128 83 26 5 5
83 88 26 0 5
83 94 21 0 5
83 96 16 7 5
32 84 46 12 5
36 84 47 7 5
48 84 38 5 5
61 84 29 0 5
127 84 29 0 5
84 99 37 8 5
36 85 51 12 5
68 85 44 5 5
102 85 46 6 5
108 85 47 15 5
85 88 44 3 5
15 86 17 5 5
19 86 26 2 5
23 86 20 4 5
30 86 19 0 5
53 86 19 0 5
61 86 18 0 5
68 86 19 5 5
75 86 26 2 5
77 86 18 6 5
78 86 18 7 5
83 86 25 6 5
101 86 23 3 5
111 86 30 5 5
112 86 26 5 5
116 86 28 5 5
118 86 24 1 5
120 86 23 1 5
123 86 24 1 5
127 86 18 0 5
86 88 19 3 5
86 94 20 0 5
86 96 19 5 5
2 87 23 1 5
30 87 15 0 5
53 87 15 0 5
61 87 14 0 5
62 87 22 9 5
66 87 30 7 5
69 87 34 7 5
73 87 26 8 5
121 87 21 8 5
127 87 14 0 5
87 94 16 0 5
87 97 28 7 5
15 88 16 0 5
23 88 17 0 5
30 88 8 0 5
53 88 8 0 5
61 88 7 0 5
68 88 4 7 5
75 88 17 1 5
77 88 17 1 5
78 88 15 3 5
86 88 19 3 5
118 88 15 0 5
120 88 14 0 5
123 88 13 1 5
127 88 7 0 5
88 94 9 0 5
15 89 55 5 5
74 89 44 19 5
83 89 53 11 5
101 89 49 9 5
112 89 52 11 5
116 89 42 17 5
120 89 51 6 5
126 89 49 15 5
89 96 53 7 5
62 90 37 10 5
87 90 35 5 5
101 90 34 4 5
112 90 39 5 5
121 90 38 8 5
2 91 31 2 5
30 91 25 0 5
53 91 25 0 5
61 91 24 0 5
74 91 36 7 5
75 91 32 2 5
83 91 33 5 5
102 91 33 3 5
110 91 32 3 5
112 91 32 5 5
114 91 34 5 5
119 91 38 8 5
120 91 29 1 5
126 91 37 5 5
127 91 24 0 5
91 93 39 9 5
91 94 26 0 5
2 92 50 5 5
15 92 52 3 5
19 92 47 7 5
23 92 47 6 5
57 92 53 8 5
101 92 54 3 5
118 92 47 5 5
92 96 54 3 5
2 93 40 2 5
74 93 43 8 5
75 93 37 4 5
82 93 37 4 5
83 93 42 5 5
91 93 39 9 5
114 93 33 10 5
126 93 36 10 5
2 94 13 0 5
8 94 14 0 5
13 94 20 2 5
15 94 11 0 5
19 94 14 0 5
23 94 12 0 5
30 94 3 0 5
53 94 3 0 5
61 94 2 0 5
68 94 13 0 5
75 94 14 0 5
77 94 14 0 5
78 94 16 0 5
80 94 25 1 5
82 94 14 0 5
87 94 16 0 5
88 94 9 0 5
101 94 13 0 5
102 94 17 0 5
110 94 16 0 5
117 94 28 2 5
118 94 10 0 5
120 94 9 0 5
123 94 10 0 5
127 94 2 0 5
94 96 13 0 5
15 96 6 7 5
19 96 21 1 5
23 96 15 3 5
30 96 12 0 5
49 96 24 3 5
53 96 12 0 5
61 96 11 0 5
75 96 19 2 5
77 96 17 3 5
78 96 19 3 5
86 96 19 5 5
88 96 18 0 5
94 96 13 0 5
101 96 14 4 5
102 96 24 1 5
110 96 23 1 5
111 96 23 5 5
112 96 15 7 5
118 96 19 0 5
120 96 16 1 5
123 96 19 0 5
127 96 11 0 5
128 96 22 3 5
61 97 28 0 5
66 97 18 20 5
77 97 30 5 5
78 97 32 5 5
80 97 33 10 5
87 97 28 7 5
114 97 28 10 5
121 97 23 14 5
127 97 28 0 5
87 98 62 9 5
121 98 59 15 5
28 99 41 8 5
30 99 23 1 5
32 99 39 13 5
36 99 42 7 5
49 99 35 4 5
53 99 25 0 5
61 99 24 0 5
84 99 37 8 5
86 99 34 4 5
88 99 29 1 5
94 99 26 0 5
102 99 29 5 5
127 99 24 0 5
100 38 51 21 5
100 65 45 22 5
100 66 57 14 5
100 80 54 13 5
100 97 55 14 5
101 2 22 0 5
101 8 23 0 5
101 15 12 4 5
101 19 23 0 5
101 23 19 1 5
101 30 12 0 5
101 49 20 5 5
101 53 12 0 5
101 61 11 0 5
101 68 22 0 5
101 75 21 1 5
101 77 19 2 5
101 78 21 2 5
101 82 23 0 5
101 83 20 5 5
101 86 23 3 5
101 88 18 0 5
101 94 13 0 5
101 96 14 4 5
101 102 24 1 5
101 110 23 1 5
101 112 17 6 5
101 116 11 10 5
101 118 19 0 5
101 120 12 3 5
101 123 19 0 5
101 126 24 5 5
101 127 11 0 5
101 128 22 3 5
102 15 22 1 5
102 17 38 10 5
102 30 16 0 5
102 41 25 3 5
102 53 14 1 5
102 61 15 0 5
102 94 17 0 5
102 99 29 5 5
102 110 25 2 5
102 120 18 2 5
102 127 15 0 5
102 128 24 4 5
103 39 50 17 5
103 83 48 7 5
103 126 44 11 5
104 49 47 7 5
104 68 41 6 5
104 78 42 7 5
104 86 46 7 5
106 8 30 4 5
106 30 27 0 5
106 53 27 0 5
106 60 44 12 5
106 61 26 0 5
106 94 28 0 5
106 113 37 5 5
106 127 26 0 5
107 6 40 9 5
107 7 47 13 5
107 21 44 9 5
107 30 23 0 5
107 53 23 0 5
107 61 22 0 5
107 76 36 5 5
107 82 24 5 5
107 94 24 0 5
107 117 34 9 5
107 127 22 0 5
108 30 35 0 5
108 53 35 0 5
108 61 34 0 5
108 62 36 12 5
108 66 34 15 5
108 68 35 5 5
108 73 38 12 5
108 77 32 7 5
108 78 32 8 5
108 87 36 6 5
108 88 35 3 5
108 94 36 0 5
108 97 36 13 5
102 108 39 5 5
108 121 37 10 5
108 127 34 0 5
109 2 50 6 5
109 19 51 6 5
109 57 53 9 5
109 71 47 17 5
106 109 53 12 5
109 113 52 10 5
109 118 47 6 5
110 2 23 1 5
110 15 21 1 5
110 30 15 0 5
110 53 15 0 5
110 61 14 0 5
110 74 32 4 5
110 75 18 4 5
110 78 26 1 5
110 83 25 4 5
110 88 21 0 5
110 94 16 0 5
110 96 23 1 5
101 110 23 1 5
102 110 25 2 5
110 111 28 4 5
110 112 24 4 5
110 118 20 1 5
110 120 17 2 5
110 123 20 1 5
110 124 28 4 5
110 127 14 0 5
111 2 29 2 5
111 15 21 5 5
111 23 24 4 5
111 30 23 0 5
111 53 23 0 5
111 57 28 7 5
111 61 22 0 5
111 75 30 2 5
111 77 30 2 5
111 83 23 9 5
111 86 30 5 5
111 94 24 0 5
111 96 23 5 5
101 111 27 3 5
110 111 28 4 5
111 112 22 9 5
111 119 20 16 5
111 120 23 3 5
111 127 22 0 5
112 2 19 5 5
112 15 11 8 5
112 19 22 4 5
112 23 20 4 5
112 30 19 0 5
112 49 27 5 5
112 53 19 0 5
112 61 18 0 5
112 74 16 14 5
112 75 22 4 5
112 77 20 5 5
112 78 26 3 5
112 83 11 13 5
112 86 26 5 5
112 88 25 0 5
112 94 20 0 5
112 96 15 7 5
101 112 17 6 5
110 112 24 4 5
112 116 18 10 5
112 118 26 0 5
112 120 17 4 5
112 123 26 0 5
112 127 18 0 5
113 30 22 0 5
113 53 22 0 5
113 61 21 0 5
113 88 28 0 5
113 94 23 0 5
106 113 37 5 5
111 113 33 5 5
113 119 37 7 5
113 120 28 0 5
113 127 21 0 5
114 2 27 2 5
114 15 25 2 5
114 30 21 0 5
114 53 21 0 5
114 61 20 0 5
114 74 30 8 5
114 75 24 4 5
114 83 29 5 5
114 94 22 0 5
114 97 28 10 5
101 114 25 3 5
112 114 28 5 5
114 120 23 2 5
114 126 21 11 5
114 127 20 0 5
116 2 29 1 5
116 15 15 7 5
116 23 22 4 5
116 30 21 0 5
116 49 29 5 5
116 53 21 0 5
116 61 20 0 5
116 74 18 14 5
116 75 28 2 5
116 77 22 5 5
116 78 28 3 5
116 83 21 9 5
116 86 28 5 5
116 88 27 0 5
116 94 22 0 5
116 96 17 7 5
101 116 11 10 5
112 116 18 10 5
116 120 15 6 5
116 126 19 12 5
116 127 20 0 5
116 128 23 7 5
117 30 31 0 5
117 53 31 0 5
117 61 30 0 5
117 82 26 8 5
117 94 28 2 5
107 117 34 9 5
117 127 30 0 5
118 2 11 4 5
118 8 18 1 5
118 15 17 0 5
118 19 12 4 5
118 23 14 2 5
118 30 9 0 5
118 48 23 2 5
118 53 9 0 5
118 57 18 5 5
118 61 8 0 5
118 68 19 0 5
118 71 28 5 5
118 75 16 2 5
118 77 20 0 5
118 82 18 1 5
118 86 24 1 5
118 88 15 0 5
118 94 10 0 5
118 96 19 0 5
101 118 19 0 5
110 118 20 1 5
118 120 15 0 5
118 123 16 0 5
118 127 8 0 5
119 15 25 7 5
119 23 34 3 5
119 30 31 0 5
119 53 31 0 5
119 61 30 0 5
119 75 34 4 5
119 77 36 3 5
119 83 25 12 5
119 94 32 0 5
119 96 27 7 5
101 119 33 4 5
110 119 36 4 5
111 119 20 16 5
112 119 24 12 5
119 120 33 2 5
119 123 36 1 5
119 126 37 8 5
119 127 30 0 5
120 2 16 1 5
120 8 19 0 5
120 15 14 1 5
120 19 19 0 5
120 23 15 1 5
120 30 8 0 5
120 53 8 0 5
120 61 7 0 5
120 68 18 0 5
120 75 17 1 5
120 77 17 1 5
120 78 19 1 5
120 82 19 0 5
120 83 20 3 5
120 88 14 0 5
120 94 9 0 5
120 96 16 1 5
101 120 12 3 5
102 120 18 2 5
110 120 17 2 5
111 120 23 3 5
112 120 17 4 5
114 120 23 2 5
116 120 15 6 5
118 120 15 0 5
120 123 15 0 5
120 127 7 0 5
120 128 22 1 5
121 30 24 0 5
121 53 24 0 5
121 61 23 0 5
121 62 27 11 5
121 66 31 11 5
121 69 27 15 5
121 73 29 11 5
121 80 32 8 5
121 87 21 8 5
121 94 25 0 5
121 97 23 14 5
121 127 23 0 5
108 122 69 21 5
123 15 17 0 5
123 23 18 0 5
123 30 9 0 5
123 41 20 2 5
123 53 9 0 5
123 61 8 0 5
123 68 13 3 5
123 75 18 1 5
123 78 20 1 5
123 86 24 1 5
123 88 13 1 5
123 94 10 0 5
110 123 20 1 5
118 123 16 0 5
120 123 15 0 5
123 124 22 4 5
123 127 8 0 5
124 15 31 0 5
124 23 32 0 5
124 30 23 0 5
124 41 24 7 5
124 53 23 0 5
124 61 22 0 5
124 75 28 3 5
124 88 29 0 5
124 94 24 0 5
110 124 28 4 5
118 124 28 1 5
120 124 29 0 5
123 124 22 4 5
124 127 22 0 5
125 62 40 13 5
125 66 42 14 5
125 68 41 5 5
125 69 46 14 5
125 87 38 8 5
125 88 41 3 5
101 125 39 6 5
126 2 32 1 5
126 15 22 5 5
126 19 31 2 5
126 23 31 1 5
126 30 24 0 5
126 53 24 0 5
126 61 23 0 5
126 75 27 4 5
126 77 29 3 5
126 80 28 10 5
126 83 28 7 5
126 94 25 0 5
126 96 24 5 5
101 126 24 5 5
112 126 25 8 5
114 126 21 11 5
120 126 22 4 5
126 127 23 0 5
126 128 30 5 5
128 2 24 2 5
128 15 18 4 5
128 19 25 2 5
128 23 23 2 5
128 30 18 0 5
128 49 26 5 5
128 53 16 1 5
128 61 17 0 5
128 77 19 5 5
128 83 26 5 5
128 88 24 0 5
128 94 19 0 5
128 96 22 3 5
101 128 22 3 5
102 128 24 4 5
112 128 23 6 5
116 128 23 7 5
118 128 25 0 5
120 128 22 1 5
123 128 25 0 5
126 128 30 5 5
127 128 17 0 5
129 19 57 7 5
129 39 52 24 5
130 56 51 13 5
130 62 51 9 5
130 68 44 5 5
130 69 55 11 5
130 73 53 9 5
130 88 40 5 5
130 94 41 2 5
13 130 43 11 5
121 130 50 8 5
