Res1 Res2 NSingle NDouble Method
2 8 21 1 5
15 2 18 1 5
19 2 5 9 5
19 8 22 1 5
15 19 17 2 5
21 6 46 15 5
23 8 20 1 5
2 23 11 5 5
15 23 13 3 5
19 23 8 7 5
28 29 41 17 5
30 8 13 0 5
2 30 12 0 5
15 30 10 0 5
19 30 13 0 5
23 30 11 0 5
30 36 31 1 5
2 48 26 2 5
19 48 25 3 5
23 48 25 2 5
13 49 33 4 5
15 49 20 4 5
53 8 13 0 5
2 53 12 0 5
15 53 10 0 5
19 53 13 0 5
23 53 11 0 5
30 53 2 0 5
18 56 47 17 5
2 57 25 3 5
19 57 26 3 5
48 57 29 5 5
2 59 25 4 5
15 59 21 5 5
49 59 29 6 5
40 63 42 31 5
30 68 12 0 5
53 68 12 0 5
56 68 27 9 5
29 70 42 14 5
48 71 25 12 5
57 71 30 10 5
30 73 27 1 5
56 73 40 11 5
62 73 36 9 5
66 73 36 11 5
68 73 29 5 5
69 73 34 14 5
15 75 17 2 5
19 75 22 1 5
23 75 20 1 5
30 75 13 0 5
53 75 13 0 5
68 75 21 1 5
6 76 44 8 5
2 77 21 1 5
15 77 15 3 5
19 77 22 1 5
23 77 18 2 5
30 77 13 0 5
49 77 27 2 5
53 77 13 0 5
68 77 17 3 5
75 77 22 1 5
15 78 17 3 5
23 78 22 1 5
30 78 15 0 5
53 78 15 0 5
66 78 30 7 5
68 78 13 6 5
75 78 22 2 5
77 78 10 8 5
17 80 40 14 5
62 80 37 7 5
66 80 31 12 5
69 80 37 11 5
2 82 21 1 5
8 82 22 1 5
15 82 21 0 5
19 82 22 1 5
23 82 20 1 5
30 82 13 0 5
53 82 13 0 5
59 82 26 4 5
2 83 24 3 5
15 83 14 7 5
19 83 27 2 5
23 83 21 4 5
49 83 28 5 5
75 83 25 3 5
77 83 15 8 5
78 83 21 6 5
32 84 46 12 5
15 86 17 5 5
19 86 26 2 5
23 86 20 4 5
68 86 19 5 5
75 86 26 2 5
77 86 18 6 5
78 86 18 7 5
2 87 23 1 5
30 87 15 0 5
53 87 15 0 5
62 87 22 9 5
66 87 30 7 5
69 87 34 7 5
73 87 26 8 5
15 88 16 0 5
23 88 17 0 5
30 88 8 0 5
53 88 8 0 5
68 88 4 7 5
75 88 17 1 5
77 88 17 1 5
78 88 15 3 5
86 88 19 3 5
62 90 37 10 5
91 93 39 9 5
2 94 13 0 5
8 94 14 0 5
13 94 20 2 5
15 94 11 0 5
19 94 14 0 5
23 94 12 0 5
30 94 3 0 5
53 94 3 0 5
68 94 13 0 5
75 94 14 0 5
77 94 14 0 5
78 94 16 0 5
80 94 25 1 5
82 94 14 0 5
87 94 16 0 5
88 94 9 0 5
15 96 6 7 5
19 96 21 1 5
23 96 15 3 5
30 96 12 0 5
49 96 24 3 5
53 96 12 0 5
75 96 19 2 5
77 96 17 3 5
78 96 19 3 5
86 96 19 5 5
94 96 13 0 5
66 97 18 20 5
80 97 33 10 5
87 97 28 7 5
28 99 41 8 5
30 99 23 1 5
32 99 39 13 5
36 99 42 7 5
84 99 37 8 5
100 38 51 21 5
100 65 45 22 5
101 15 12 4 5
101 23 19 1 5
101 30 12 0 5
101 49 20 5 5
101 53 12 0 5
101 75 21 1 5
101 77 19 2 5
101 78 21 2 5
101 83 20 5 5
101 86 23 3 5
101 94 13 0 5
101 96 14 4 5
102 15 22 1 5
102 17 38 10 5
102 41 25 3 5
102 53 14 1 5
102 94 17 0 5
102 99 29 5 5
106 8 30 4 5
106 60 44 12 5
107 6 40 9 5
107 7 47 13 5
107 21 44 9 5
107 76 36 5 5
107 82 24 5 5
108 62 36 12 5
108 66 34 15 5
108 73 38 12 5
110 2 23 1 5
110 15 21 1 5
110 30 15 0 5
110 53 15 0 5
110 74 32 4 5
110 75 18 4 5
110 83 25 4 5
110 94 16 0 5
110 96 23 1 5
101 110 23 1 5
102 110 25 2 5
111 15 21 5 5
111 23 24 4 5
111 86 30 5 5
111 96 23 5 5
110 111 28 4 5
112 2 19 5 5
112 15 11 8 5
112 19 22 4 5
112 23 20 4 5
112 49 27 5 5
112 74 16 14 5
112 75 22 4 5
112 77 20 5 5
112 83 11 13 5
112 86 26 5 5
112 96 15 7 5
101 112 17 6 5
110 112 24 4 5
106 113 37 5 5
114 75 24 4 5
114 83 29 5 5
114 97 28 10 5
116 15 15 7 5
116 23 22 4 5
116 49 29 5 5
116 74 18 14 5
116 77 22 5 5
116 83 21 9 5
116 86 28 5 5
101 116 11 10 5
112 116 18 10 5
117 82 26 8 5
117 94 28 2 5
107 117 34 9 5
118 2 11 4 5
118 8 18 1 5
118 15 17 0 5
118 19 12 4 5
118 23 14 2 5
118 30 9 0 5
118 48 23 2 5
118 53 9 0 5
118 57 18 5 5
118 68 19 0 5
118 71 28 5 5
118 75 16 2 5
118 77 20 0 5
118 82 18 1 5
118 86 24 1 5
118 88 15 0 5
118 94 10 0 5
118 96 19 0 5
101 118 19 0 5
110 118 20 1 5
111 119 20 16 5
120 2 16 1 5
120 8 19 0 5
120 15 14 1 5
120 19 19 0 5
120 23 15 1 5
120 30 8 0 5
120 53 8 0 5
120 68 18 0 5
120 75 17 1 5
120 77 17 1 5
120 78 19 1 5
120 82 19 0 5
120 83 20 3 5
120 88 14 0 5
120 94 9 0 5
120 96 16 1 5
101 120 12 3 5
102 120 18 2 5
110 120 17 2 5
111 120 23 3 5
112 120 17 4 5
114 120 23 2 5
116 120 15 6 5
118 120 15 0 5
121 62 27 11 5
121 66 31 11 5
121 69 27 15 5
121 73 29 11 5
121 80 32 8 5
121 87 21 8 5
121 97 23 14 5
123 15 17 0 5
123 23 18 0 5
123 30 9 0 5
123 41 20 2 5
123 53 9 0 5
123 68 13 3 5
123 75 18 1 5
123 78 20 1 5
123 86 24 1 5
123 88 13 1 5
123 94 10 0 5
110 123 20 1 5
118 123 16 0 5
120 123 15 0 5
124 41 24 7 5
124 75 28 3 5
110 124 28 4 5
123 124 22 4 5
125 62 40 13 5
126 15 22 5 5
126 75 27 4 5
126 80 28 10 5
126 83 28 7 5
101 126 24 5 5
114 126 21 11 5
128 2 24 2 5
128 15 18 4 5
128 19 25 2 5
128 23 23 2 5
128 49 26 5 5
128 53 16 1 5
128 77 19 5 5
128 83 26 5 5
128 96 22 3 5
101 128 22 3 5
102 128 24 4 5
116 128 23 7 5
120 128 22 1 5
126 128 30 5 5
13 130 43 11 5
