101	112
101	116
101	120
101	15
101	23
101	75
101	77
101	78
101	83
101	96
102	110
102	120
102	128
102	53
102	99
106	8
107	82
110	118
110	120
110	123
110	124
110	75
111	119
111	120
111	15
111	96
112	116
112	120
112	15
112	19
112	2
112	23
112	75
112	77
112	83
112	96
114	120
114	126
116	120
116	128
116	15
116	23
116	74
116	77
116	83
117	82
117	94
118	19
118	2
118	23
118	30
118	53
118	57
118	75
118	8
118	82
118	94
120	15
120	2
120	23
120	30
120	53
120	77
120	83
120	94
120	96
121	62
121	66
121	69
121	73
121	87
121	97
123	124
123	30
123	41
123	53
123	68
123	75
123	78
123	86
123	88
123	94
124	41
126	128
128	15
128	23
128	49
128	53
128	77
13	130
13	94
15	19
15	2
15	23
15	30
15	53
15	75
15	77
15	78
15	83
15	94
15	96
19	2
19	23
19	48
19	75
19	8
19	82
19	96
2	23
2	57
2	59
2	8
2	82
2	83
23	77
23	78
23	8
23	83
23	94
23	96
30	53
30	88
30	94
32	99
48	57
48	71
53	88
53	94
56	68
56	73
57	71
59	82
62	73
62	87
66	73
66	97
68	77
68	78
68	86
68	88
68	94
69	87
73	87
75	78
75	88
75	96
77	78
77	83
77	86
77	88
77	94
77	96
78	83
78	86
78	88
78	96
8	82
8	94
80	94
86	88
86	96
87	97
88	94
