Res1 Res2 NSingle NDouble Method
16 3 18 8 6
127 3 15 1 6
22 8 22 2 6
41 8 7 0 6
61 8 7 0 6
118 8 7 0 6
8 82 7 0 6
8 94 7 0 6
19 30 14 3 6
33 37 11 2 6
118 37 4 0 6
37 41 4 0 6
37 55 6 2 6
37 61 4 0 6
37 63 10 1 6
37 82 4 0 6
37 94 4 0 6
127 44 9 1 6
41 53 3 0 6
100 53 4 2 6
101 53 9 2 6
110 53 9 2 6
118 53 3 0 6
127 53 4 0 6
53 61 3 0 6
53 82 3 0 6
53 94 3 0 6
37 55 6 2 6
41 55 6 0 6
118 55 6 0 6
127 55 5 1 6
55 61 6 0 6
55 63 8 3 6
55 82 6 0 6
55 94 6 0 6
19 56 14 5 6
26 56 14 4 6
121 57 32 11 6
55 63 8 3 6
33 88 20 7 6
44 88 19 7 6
117 90 11 3 6
41 98 5 0 6
61 98 5 0 6
82 98 5 0 6
94 98 5 0 6
118 98 5 0 6
127 98 6 0 6
110 99 3 9 6
100 41 5 0 6
100 53 4 2 6
100 61 5 0 6
100 82 5 0 6
100 94 5 0 6
100 111 9 2 6
100 115 7 2 6
100 117 8 2 6
100 118 5 0 6
100 127 6 0 6
101 41 10 0 6
101 61 10 0 6
101 82 10 0 6
101 94 10 0 6
101 118 10 0 6
103 83 11 7 6
104 110 10 6 6
104 114 7 9 6
105 107 5 11 6
105 114 8 10 6
107 111 6 7 6
110 41 10 0 6
110 61 10 0 6
110 82 10 0 6
110 94 10 0 6
110 99 3 9 6
110 114 5 9 6
110 118 10 0 6
111 41 8 0 6
111 61 8 0 6
111 82 8 0 6
111 94 8 0 6
107 111 6 7 6
111 117 5 5 6
111 118 8 0 6
111 127 9 0 6
113 41 7 0 6
113 61 7 0 6
113 82 7 0 6
113 94 7 0 6
113 118 7 0 6
104 114 7 9 6
110 114 5 9 6
115 41 6 0 6
115 53 7 1 6
115 61 6 0 6
115 82 6 0 6
115 87 5 5 6
115 94 6 0 6
115 98 5 3 6
113 115 7 3 6
115 118 6 0 6
115 127 7 0 6
117 41 7 0 6
117 53 4 3 6
117 61 7 0 6
117 82 7 0 6
117 94 7 0 6
117 118 7 0 6
117 127 8 0 6
120 41 7 0 6
120 61 7 0 6
120 82 7 0 6
120 94 7 0 6
110 120 5 6 6
115 120 5 4 6
118 120 7 0 6
120 127 8 0 6
123 41 7 0 6
123 61 7 0 6
123 82 7 0 6
123 94 7 0 6
118 123 7 0 6
106 124 12 6 6
126 41 10 0 6
126 61 10 0 6
126 82 10 0 6
126 94 10 0 6
118 126 10 0 6
126 127 11 0 6
