Res1 Res2 NSingle NDouble Method
15 2 26 0 6
118 2 25 3 6
127 2 26 0 6
2 30 26 0 6
2 60 36 5 6
2 61 26 0 6
15 4 28 0 6
30 4 28 0 6
121 4 26 12 6
127 4 28 0 6
4 61 28 0 6
15 6 31 0 6
30 6 31 0 6
53 6 32 0 6
102 6 26 10 6
127 6 31 0 6
6 8 32 0 6
6 61 31 0 6
6 88 26 5 6
41 7 25 1 6
11 8 24 0 6
11 15 23 0 6
11 30 23 0 6
11 41 25 0 6
11 53 24 0 6
11 61 23 0 6
11 85 21 3 6
11 87 25 0 6
11 88 24 2 6
11 127 23 0 6
16 8 15 0 6
15 16 14 0 6
123 16 20 2 6
127 16 14 0 6
16 17 19 2 6
16 30 14 0 6
16 41 16 0 6
16 53 13 1 6
16 61 14 0 6
16 65 21 6 6
16 85 18 0 6
16 87 16 0 6
16 88 19 0 6
17 8 10 0 6
15 17 9 0 6
118 17 14 0 6
123 17 19 0 6
127 17 9 0 6
17 30 9 0 6
17 41 11 0 6
17 53 10 0 6
17 61 9 0 6
17 82 20 3 6
17 85 13 0 6
17 87 11 0 6
17 88 14 0 6
17 94 18 0 6
20 8 22 0 6
15 20 21 0 6
17 20 16 7 6
127 20 21 0 6
20 30 21 0 6
20 41 23 0 6
20 53 22 0 6
20 61 21 0 6
20 87 23 0 6
23 88 34 5 6
116 24 27 4 6
123 24 25 1 6
24 41 15 2 6
24 85 19 1 6
24 91 23 1 6
24 94 24 1 6
118 26 24 3 6
123 26 27 4 6
26 45 28 7 6
26 53 24 1 6
27 88 28 2 6
33 94 43 3 6
35 8 23 0 6
15 35 22 0 6
30 35 22 0 6
127 35 22 0 6
35 41 24 0 6
35 53 23 0 6
35 61 22 0 6
35 85 26 0 6
35 87 24 0 6
35 94 23 4 6
102 39 34 5 6
39 41 27 2 6
17 40 32 7 6
41 8 3 0 6
15 41 2 0 6
17 41 11 0 6
24 41 15 2 6
30 41 2 0 6
102 41 15 1 6
111 41 9 2 6
118 41 7 0 6
123 41 12 0 6
127 41 2 0 6
128 41 13 0 6
41 53 3 0 6
41 61 2 0 6
41 64 16 1 6
41 77 14 0 6
41 85 6 0 6
41 87 4 0 6
41 88 7 0 6
41 91 10 0 6
41 94 11 0 6
106 42 35 9 6
43 8 19 0 6
15 43 18 0 6
30 43 18 0 6
41 43 20 0 6
118 43 17 3 6
127 43 18 0 6
43 53 19 0 6
43 61 18 0 6
43 87 20 0 6
45 8 18 0 6
15 45 17 0 6
30 45 17 0 6
41 45 19 0 6
102 45 22 5 6
106 45 25 5 6
118 45 16 3 6
127 45 17 0 6
45 53 18 0 6
45 61 17 0 6
45 85 21 0 6
45 87 19 0 6
45 88 16 3 6
15 46 32 0 6
30 46 32 0 6
127 46 32 0 6
46 61 32 0 6
47 8 28 0 6
15 47 27 0 6
30 47 27 0 6
127 47 27 0 6
47 53 28 0 6
47 61 27 0 6
50 8 28 0 6
15 50 27 0 6
30 50 27 0 6
106 50 31 7 6
127 50 27 0 6
50 53 28 0 6
50 61 27 0 6
55 87 26 1 6
56 65 32 8 6
57 77 34 7 6
60 8 21 0 6
15 60 20 0 6
30 60 20 0 6
41 60 22 0 6
53 60 21 0 6
127 60 20 0 6
60 61 20 0 6
60 87 22 0 6
15 62 29 0 6
30 62 29 0 6
61 62 29 0 6
118 62 24 5 6
127 62 29 0 6
64 8 17 0 6
15 64 16 0 6
30 64 16 0 6
35 64 28 5 6
41 64 16 1 6
53 64 17 0 6
61 64 16 0 6
127 64 16 0 6
64 85 20 0 6
64 87 18 0 6
15 65 19 0 6
30 65 19 0 6
53 65 18 1 6
56 65 32 8 6
61 65 19 0 6
118 65 22 1 6
127 65 19 0 6
65 87 19 1 6
64 67 28 6 6
67 85 22 3 6
69 8 29 0 6
15 69 28 0 6
30 69 28 0 6
41 69 30 0 6
53 69 29 0 6
61 69 28 0 6
127 69 28 0 6
69 87 30 0 6
70 8 15 0 6
15 70 14 0 6
30 70 14 0 6
41 70 16 0 6
53 70 15 0 6
61 70 14 0 6
127 70 14 0 6
70 85 18 0 6
70 87 14 1 6
70 91 20 1 6
112 71 41 16 6
72 8 37 0 6
15 72 36 0 6
30 72 36 0 6
53 72 37 0 6
61 72 36 0 6
127 72 36 0 6
72 88 31 5 6
15 75 34 0 6
30 75 34 0 6
61 75 34 0 6
127 75 34 0 6
17 76 32 3 6
35 76 37 7 6
76 91 31 3 6
76 94 26 6 6
77 8 13 0 6
15 77 12 0 6
30 77 12 0 6
41 77 14 0 6
53 77 13 0 6
61 77 12 0 6
118 77 7 5 6
123 77 18 2 6
127 77 12 0 6
77 85 16 0 6
77 87 14 0 6
77 88 17 0 6
79 88 30 5 6
8 80 28 0 6
15 80 27 0 6
30 80 27 0 6
41 80 29 0 6
53 80 28 0 6
61 80 27 0 6
127 80 27 0 6
17 81 34 3 6
81 85 33 1 6
8 82 18 0 6
15 82 17 0 6
16 82 21 5 6
17 82 20 3 6
30 82 17 0 6
41 82 19 0 6
53 82 18 0 6
61 82 17 0 6
127 82 17 0 6
82 85 21 0 6
82 87 19 0 6
82 94 24 1 6
8 85 5 0 6
15 85 4 0 6
17 85 13 0 6
30 85 4 0 6
41 85 6 0 6
53 85 5 0 6
61 85 4 0 6
111 85 15 0 6
118 85 9 0 6
123 85 14 0 6
127 85 4 0 6
128 85 15 0 6
85 87 6 0 6
85 88 9 0 6
85 91 12 0 6
85 94 13 0 6
8 87 3 0 6
15 87 2 0 6
17 87 11 0 6
30 87 2 0 6
41 87 4 0 6
53 87 3 0 6
61 87 2 0 6
65 87 19 1 6
70 87 14 1 6
85 87 6 0 6
111 87 13 0 6
118 87 7 0 6
123 87 12 0 6
127 87 2 0 6
128 87 13 0 6
87 88 7 0 6
87 91 10 0 6
87 94 11 0 6
8 88 6 0 6
15 88 5 0 6
17 88 14 0 6
30 88 5 0 6
41 88 7 0 6
53 88 6 0 6
61 88 5 0 6
77 88 17 0 6
85 88 9 0 6
87 88 7 0 6
102 88 16 2 6
111 88 14 1 6
118 88 10 0 6
123 88 15 0 6
127 88 5 0 6
128 88 16 0 6
88 91 13 0 6
88 94 14 0 6
8 89 30 0 6
15 89 29 0 6
30 89 29 0 6
41 89 29 1 6
53 89 30 0 6
61 89 29 0 6
87 89 31 0 6
127 89 29 0 6
8 91 9 0 6
15 91 8 0 6
17 91 15 1 6
30 91 8 0 6
41 91 10 0 6
53 91 9 0 6
61 91 8 0 6
70 91 20 1 6
85 91 12 0 6
87 91 10 0 6
88 91 13 0 6
118 91 13 0 6
127 91 8 0 6
91 93 20 1 6
8 93 15 0 6
15 93 14 0 6
30 93 14 0 6
41 93 16 0 6
53 93 15 0 6
61 93 14 0 6
85 93 18 0 6
87 93 16 0 6
88 93 19 0 6
118 93 19 0 6
127 93 14 0 6
8 94 10 0 6
15 94 9 0 6
24 94 24 1 6
30 94 9 0 6
41 94 11 0 6
53 94 10 0 6
61 94 9 0 6
82 94 24 1 6
85 94 13 0 6
87 94 11 0 6
88 94 14 0 6
91 94 17 0 6
118 94 14 0 6
127 94 9 0 6
64 95 26 7 6
113 96 41 15 6
102 8 16 0 6
102 15 15 0 6
102 17 24 0 6
102 30 15 0 6
102 41 15 1 6
102 53 16 0 6
102 61 15 0 6
102 85 19 0 6
102 87 17 0 6
102 91 23 0 6
102 94 24 0 6
102 118 20 0 6
102 127 15 0 6
105 123 36 7 6
106 8 19 0 6
106 15 18 0 6
106 17 27 0 6
106 30 18 0 6
106 41 16 2 6
106 53 19 0 6
106 61 18 0 6
106 87 20 0 6
106 91 26 0 6
106 94 27 0 6
106 118 23 0 6
106 127 18 0 6
108 15 28 0 6
108 30 28 0 6
108 61 28 0 6
108 88 27 3 6
108 127 28 0 6
111 8 12 0 6
111 15 11 0 6
111 30 11 0 6
111 41 9 2 6
111 53 12 0 6
111 61 11 0 6
111 85 15 0 6
111 87 13 0 6
111 88 14 1 6
106 111 23 3 6
111 115 29 4 6
111 116 23 3 6
111 118 16 0 6
111 127 11 0 6
112 15 29 0 6
112 30 29 0 6
112 61 29 0 6
112 127 29 0 6
113 8 21 0 6
113 15 20 0 6
113 30 20 0 6
113 41 22 0 6
113 53 21 0 6
113 61 20 0 6
113 87 22 0 6
113 127 20 0 6
113 128 23 4 6
115 8 27 0 6
115 15 26 0 6
115 30 26 0 6
115 53 27 0 6
115 61 26 0 6
115 87 28 0 6
106 115 18 13 6
115 118 31 0 6
115 127 26 0 6
116 8 19 0 6
116 15 18 0 6
116 30 18 0 6
116 41 18 1 6
116 53 19 0 6
116 61 18 0 6
116 87 20 0 6
116 91 26 0 6
116 118 23 0 6
116 127 18 0 6
118 8 6 0 6
118 15 5 0 6
118 16 17 1 6
118 17 14 0 6
118 30 5 0 6
118 41 7 0 6
118 53 6 0 6
118 61 5 0 6
118 65 22 1 6
118 77 7 5 6
118 85 9 0 6
118 87 7 0 6
118 88 10 0 6
118 91 13 0 6
118 94 14 0 6
111 118 16 0 6
118 123 15 0 6
118 127 5 0 6
118 128 16 0 6
121 15 22 0 6
121 30 22 0 6
121 61 22 0 6
121 127 22 0 6
123 8 11 0 6
123 15 10 0 6
123 26 27 4 6
123 30 10 0 6
123 41 12 0 6
123 53 11 0 6
123 61 10 0 6
123 65 21 4 6
123 85 14 0 6
123 87 12 0 6
123 88 15 0 6
118 123 15 0 6
123 127 10 0 6
125 15 39 0 6
125 30 39 0 6
125 61 39 0 6
125 127 39 0 6
126 8 23 0 6
126 15 22 0 6
126 30 22 0 6
126 41 24 0 6
126 53 23 0 6
126 61 22 0 6
126 87 22 1 6
126 127 22 0 6
128 8 12 0 6
128 15 11 0 6
128 16 23 1 6
128 30 11 0 6
128 41 13 0 6
128 53 12 0 6
128 61 11 0 6
128 85 15 0 6
128 87 13 0 6
128 88 16 0 6
128 93 23 1 6
118 128 16 0 6
127 128 11 0 6
129 8 20 0 6
129 15 19 0 6
129 30 19 0 6
129 53 20 0 6
129 61 19 0 6
129 85 21 1 6
127 129 19 0 6
130 82 36 6 6
130 94 34 3 6
126 130 39 7 6
128 130 34 4 6
