Res1 Res2 NSingle NDouble Method
11 88 13 3 6
16 8 12 0 6
15 16 11 0 6
123 16 11 3 6
127 16 11 0 6
16 30 11 0 6
16 61 11 0 6
17 8 7 0 6
15 17 6 0 6
118 17 9 0 6
127 17 6 0 6
17 30 6 0 6
17 41 8 0 6
17 53 7 0 6
17 61 6 0 6
17 85 9 0 6
17 87 8 0 6
17 88 9 0 6
24 41 11 2 6
118 26 15 2 6
26 65 15 7 6
41 8 3 0 6
15 41 2 0 6
17 41 8 0 6
30 41 2 0 6
102 41 8 2 6
111 41 7 2 6
118 41 5 0 6
123 41 8 0 6
127 41 2 0 6
41 53 3 0 6
41 61 2 0 6
41 85 5 0 6
41 87 4 0 6
41 88 5 0 6
41 91 8 0 6
45 8 13 0 6
15 45 12 0 6
30 45 12 0 6
127 45 12 0 6
45 53 13 0 6
45 61 12 0 6
45 87 14 0 6
46 65 18 9 6
53 65 12 1 6
118 65 14 1 6
65 87 11 2 6
70 91 15 1 6
112 71 26 11 6
76 94 17 6 6
77 8 9 0 6
15 77 8 0 6
30 77 8 0 6
41 77 10 0 6
53 77 9 0 6
61 77 8 0 6
118 77 5 3 6
123 77 10 2 6
127 77 8 0 6
77 87 10 0 6
15 82 11 0 6
17 82 11 3 6
30 82 11 0 6
61 82 11 0 6
127 82 11 0 6
128 82 10 5 6
82 94 15 2 6
8 85 4 0 6
15 85 3 0 6
30 85 3 0 6
41 85 5 0 6
53 85 4 0 6
61 85 3 0 6
118 85 6 0 6
127 85 3 0 6
85 87 5 0 6
85 88 6 0 6
8 87 3 0 6
15 87 2 0 6
30 87 2 0 6
41 87 4 0 6
53 87 3 0 6
61 87 2 0 6
65 87 11 2 6
70 87 9 2 6
85 87 5 0 6
118 87 5 0 6
127 87 2 0 6
87 88 5 0 6
8 88 4 0 6
15 88 3 0 6
17 88 9 0 6
30 88 3 0 6
41 88 5 0 6
53 88 4 0 6
61 88 3 0 6
85 88 6 0 6
87 88 5 0 6
118 88 6 0 6
123 88 9 0 6
127 88 3 0 6
88 91 9 0 6
8 91 7 0 6
15 91 6 0 6
17 91 10 1 6
20 91 14 4 6
30 91 6 0 6
53 91 7 0 6
61 91 6 0 6
127 91 6 0 6
15 93 12 0 6
30 93 12 0 6
61 93 12 0 6
127 93 12 0 6
8 94 9 0 6
15 94 8 0 6
30 94 8 0 6
53 94 9 0 6
61 94 8 0 6
82 94 15 2 6
127 94 8 0 6
102 8 11 0 6
102 15 10 0 6
102 30 10 0 6
102 53 11 0 6
102 61 10 0 6
102 85 13 0 6
102 87 12 0 6
102 118 13 0 6
102 127 10 0 6
106 8 13 0 6
106 15 12 0 6
106 30 12 0 6
106 53 13 0 6
106 61 12 0 6
106 87 14 0 6
106 115 8 10 6
106 118 15 0 6
106 127 12 0 6
111 8 10 0 6
111 15 9 0 6
111 30 9 0 6
111 53 10 0 6
111 61 9 0 6
102 111 13 3 6
106 111 15 3 6
111 127 9 0 6
113 123 16 2 6
115 8 17 0 6
115 15 16 0 6
115 30 16 0 6
115 53 17 0 6
115 61 16 0 6
115 87 18 0 6
115 127 16 0 6
116 8 16 0 6
116 15 15 0 6
116 30 15 0 6
116 41 15 1 6
116 53 16 0 6
116 61 15 0 6
116 127 15 0 6
118 8 4 0 6
118 15 3 0 6
118 30 3 0 6
118 41 5 0 6
118 53 4 0 6
118 61 3 0 6
118 77 5 3 6
118 85 6 0 6
118 87 5 0 6
118 88 6 0 6
118 127 3 0 6
123 8 7 0 6
123 15 6 0 6
123 16 11 3 6
123 30 6 0 6
123 53 7 0 6
123 61 6 0 6
123 77 10 2 6
123 127 6 0 6
126 15 14 0 6
126 30 14 0 6
126 61 14 0 6
126 127 14 0 6
128 8 10 0 6
128 15 9 0 6
128 30 9 0 6
128 53 10 0 6
128 61 9 0 6
127 128 9 0 6
129 85 14 2 6
