Res1 Res2 NSingle NDouble Method
17 41 11 0 6
24 41 15 2 6
41 64 16 1 6
56 65 32 8 6
41 77 14 0 6
17 82 20 3 6
17 85 13 0 6
41 85 6 0 6
17 87 11 0 6
41 87 4 0 6
65 87 19 1 6
70 87 14 1 6
85 87 6 0 6
17 88 14 0 6
41 88 7 0 6
77 88 17 0 6
85 88 9 0 6
87 88 7 0 6
41 91 10 0 6
70 91 20 1 6
85 91 12 0 6
87 91 10 0 6
88 91 13 0 6
24 94 24 1 6
41 94 11 0 6
82 94 24 1 6
85 94 13 0 6
87 94 11 0 6
88 94 14 0 6
102 41 15 1 6
111 41 9 2 6
111 85 15 0 6
111 87 13 0 6
111 88 14 1 6
118 17 14 0 6
118 41 7 0 6
118 65 22 1 6
118 77 7 5 6
118 85 9 0 6
118 87 7 0 6
118 88 10 0 6
118 91 13 0 6
118 94 14 0 6
111 118 16 0 6
123 26 27 4 6
123 41 12 0 6
123 85 14 0 6
123 87 12 0 6
123 88 15 0 6
118 123 15 0 6
128 41 13 0 6
128 85 15 0 6
128 87 13 0 6
128 88 16 0 6
118 128 16 0 6
