Res1 Res2 NSingle NDouble Method
10 26 8 5 4
33 37 7 3 4
44 54 9 7 4
37 55 2 3 4
19 56 9 5 4
55 63 6 2 4
15 73 6 6 4
69 75 6 5 4
74 75 6 4 4
22 80 9 4 4
69 83 4 6 4
74 83 6 4 4
69 85 6 6 4
83 85 4 6 4
74 87 5 5 4
44 88 8 8 4
84 91 3 16 4
98 99 5 4 4
100 53 2 2 4
100 98 5 1 4
101 75 6 4 4
101 99 4 6 4
100 101 4 3 4
103 83 5 6 4
103 85 7 6 4
104 87 5 5 4
104 99 4 6 4
100 104 4 3 4
101 104 4 5 4
105 53 6 3 4
105 98 5 4 4
105 99 2 8 4
100 105 6 3 4
101 105 4 6 4
104 105 4 6 4
107 53 6 3 4
107 99 2 8 4
100 107 6 3 4
101 107 4 6 4
104 107 2 7 4
105 107 2 8 4
110 87 5 6 4
110 98 5 4 4
110 99 0 9 4
101 110 4 6 4
104 110 4 6 4
105 110 2 8 4
107 110 2 8 4
111 53 5 3 4
111 99 3 7 4
101 111 5 5 4
104 111 3 6 4
105 111 3 7 4
107 111 3 7 4
110 111 3 7 4
113 99 4 6 4
107 113 4 6 4
110 113 4 6 4
111 113 5 5 4
114 53 6 3 4
114 99 2 8 4
100 114 6 3 4
101 114 4 6 4
104 114 2 7 4
105 114 2 8 4
107 114 0 9 4
110 114 2 8 4
111 114 3 7 4
113 114 4 6 4
115 87 2 6 4
115 99 3 6 4
100 115 5 2 4
101 115 5 4 4
104 115 3 5 4
107 115 3 6 4
110 115 3 6 4
111 115 6 4 4
114 115 3 6 4
117 53 3 3 4
100 117 5 2 4
101 117 3 5 4
104 117 5 4 4
111 117 2 6 4
120 87 4 5 4
120 98 2 4 4
120 99 3 6 4
101 120 5 4 4
104 120 5 4 4
110 120 3 6 4
115 120 2 5 4
106 124 9 5 4
126 99 4 6 4
104 126 4 5 4
105 126 4 6 4
107 126 2 7 4
110 126 4 6 4
111 126 3 6 4
113 126 2 6 4
114 126 2 7 4
115 126 5 4 4
117 126 5 4 4
120 126 5 4 4
127 37 3 1 4
127 53 4 0 4
127 55 3 1 4
100 127 4 0 4
