Res1 Res2 NSingle NDouble Method
1 126 8 6 4
16 3 12 6 4
27 3 12 6 4
3 37 8 3 4
3 55 8 3 4
3 63 10 3 4
3 88 12 6 4
60 8 17 4 4
123 8 10 1 4
8 80 10 1 4
10 26 8 5 4
10 113 7 5 4
10 126 7 5 4
12 91 8 16 4
100 15 7 2 4
15 73 6 6 4
16 19 11 7 4
10 19 11 5 4
19 37 9 3 4
19 56 9 5 4
22 8 13 2 4
22 80 9 4 4
25 54 11 7 4
25 74 11 4 4
25 83 11 4 4
10 26 8 5 4
118 26 8 0 4
26 41 8 0 4
26 61 8 0 4
26 82 8 0 4
26 94 8 0 4
16 27 8 10 4
19 27 11 7 4
27 37 10 4 4
27 55 10 4 4
15 29 8 5 4
33 37 7 3 4
33 37 7 3 4
127 37 3 1 4
37 55 2 3 4
104 39 7 7 4
107 39 7 8 4
114 39 7 8 4
115 39 8 6 4
43 69 13 5 4
43 85 13 5 4
33 44 9 5 4
44 54 9 7 4
44 88 8 8 4
26 48 11 6 4
41 53 3 0 4
100 53 2 2 4
105 53 6 3 4
107 53 6 3 4
111 53 5 3 4
114 53 6 3 4
117 53 3 3 4
118 53 3 0 4
127 53 4 0 4
53 61 3 0 4
53 82 3 0 4
53 94 3 0 4
33 54 12 5 4
44 54 9 7 4
37 55 2 3 4
41 55 4 0 4
118 55 4 0 4
127 55 3 1 4
55 61 4 0 4
55 63 6 2 4
55 82 4 0 4
55 94 4 0 4
19 56 9 5 4
56 90 9 3 4
44 59 16 8 4
123 60 15 5 4
55 63 6 2 4
115 64 10 5 4
120 64 10 5 4
15 67 8 6 4
103 67 8 7 4
67 73 8 7 4
67 83 9 5 4
69 75 6 5 4
69 83 4 6 4
69 85 6 6 4
117 72 13 5 4
15 73 6 6 4
73 83 7 5 4
115 74 7 3 4
120 74 7 3 4
74 75 6 4 4
74 83 6 4 4
74 87 5 5 4
69 75 6 5 4
74 75 6 4 4
101 75 6 4 4
117 75 7 3 4
120 75 7 3 4
75 98 7 2 4
15 80 10 2 4
22 80 9 4 4
80 83 9 2 4
69 83 4 6 4
74 83 6 4 4
103 83 5 6 4
83 85 4 6 4
84 91 3 16 4
69 85 6 6 4
83 85 4 6 4
103 85 7 6 4
121 86 14 7 4
74 87 5 5 4
104 87 5 5 4
107 87 5 6 4
110 87 5 6 4
114 87 5 6 4
115 87 2 6 4
120 87 4 5 4
87 98 6 3 4
87 99 5 6 4
33 88 11 6 4
44 88 8 8 4
113 90 8 3 4
117 90 7 3 4
126 90 8 3 4
84 91 3 16 4
100 98 5 1 4
105 98 5 4 4
110 98 5 4 4
120 98 2 4 4
98 99 5 4 4
98 99 5 4 4
101 99 4 6 4
104 99 4 6 4
105 99 2 8 4
107 99 2 8 4
110 99 0 9 4
111 99 3 7 4
113 99 4 6 4
114 99 2 8 4
115 99 3 6 4
120 99 3 6 4
126 99 4 6 4
100 41 3 0 4
100 53 2 2 4
100 61 3 0 4
100 82 3 0 4
100 94 3 0 4
100 98 5 1 4
100 101 4 3 4
100 104 4 3 4
100 105 6 3 4
100 107 6 3 4
100 114 6 3 4
100 115 5 2 4
100 117 5 2 4
100 118 3 0 4
100 127 4 0 4
101 53 6 2 4
101 75 6 4 4
101 98 5 3 4
101 99 4 6 4
100 101 4 3 4
101 104 4 5 4
101 105 4 6 4
101 107 4 6 4
101 110 4 6 4
101 111 5 5 4
101 114 4 6 4
101 115 5 4 4
101 117 3 5 4
101 120 5 4 4
101 126 6 4 4
102 124 18 5 4
103 83 5 6 4
103 85 7 6 4
104 53 6 2 4
104 87 5 5 4
104 99 4 6 4
100 104 4 3 4
101 104 4 5 4
104 105 4 6 4
104 107 2 7 4
104 110 4 6 4
104 111 3 6 4
104 114 2 7 4
104 115 3 5 4
104 117 5 4 4
104 120 5 4 4
104 126 4 5 4
105 53 6 3 4
105 98 5 4 4
105 99 2 8 4
100 105 6 3 4
101 105 4 6 4
104 105 4 6 4
105 107 2 8 4
105 110 2 8 4
105 111 3 7 4
105 113 6 5 4
105 114 2 8 4
105 115 5 5 4
105 117 5 5 4
105 120 5 5 4
105 126 4 6 4
104 106 10 3 4
106 113 10 3 4
106 124 9 5 4
106 126 10 3 4
107 53 6 3 4
107 98 7 3 4
107 99 2 8 4
100 107 6 3 4
101 107 4 6 4
104 107 2 7 4
105 107 2 8 4
107 110 2 8 4
107 111 3 7 4
107 113 4 6 4
107 114 0 9 4
107 115 3 6 4
107 117 5 5 4
107 120 5 5 4
107 126 2 7 4
109 99 6 8 4
105 109 6 8 4
107 109 6 8 4
109 110 6 8 4
109 114 6 8 4
109 120 7 6 4
110 87 5 6 4
110 98 5 4 4
110 99 0 9 4
101 110 4 6 4
104 110 4 6 4
105 110 2 8 4
107 110 2 8 4
110 111 3 7 4
110 113 4 6 4
110 114 2 8 4
110 115 3 6 4
110 120 3 6 4
110 126 4 6 4
111 53 5 3 4
111 99 3 7 4
100 111 7 2 4
101 111 5 5 4
104 111 3 6 4
105 111 3 7 4
107 111 3 7 4
110 111 3 7 4
111 113 5 5 4
111 114 3 7 4
111 115 6 4 4
111 117 2 6 4
111 120 6 4 4
111 126 3 6 4
102 112 16 10 4
113 99 4 6 4
107 113 4 6 4
110 113 4 6 4
111 113 5 5 4
113 114 4 6 4
113 126 2 6 4
114 53 6 3 4
114 98 7 3 4
114 99 2 8 4
100 114 6 3 4
101 114 4 6 4
104 114 2 7 4
105 114 2 8 4
107 114 0 9 4
110 114 2 8 4
111 114 3 7 4
113 114 4 6 4
114 115 3 6 4
114 117 5 5 4
114 120 5 5 4
114 126 2 7 4
115 87 2 6 4
115 98 4 3 4
115 99 3 6 4
100 115 5 2 4
101 115 5 4 4
104 115 3 5 4
107 115 3 6 4
110 115 3 6 4
111 115 6 4 4
113 115 5 4 4
114 115 3 6 4
115 120 2 5 4
115 126 5 4 4
117 53 3 3 4
100 117 5 2 4
101 117 3 5 4
104 117 5 4 4
111 117 2 6 4
117 126 5 4 4
120 41 6 0 4
120 61 6 0 4
120 82 6 0 4
120 87 4 5 4
120 94 6 0 4
120 98 2 4 4
120 99 3 6 4
100 120 7 1 4
101 120 5 4 4
104 120 5 4 4
110 120 3 6 4
113 120 5 4 4
115 120 2 5 4
118 120 6 0 4
120 126 5 4 4
120 127 7 0 4
122 124 18 7 4
106 124 9 5 4
126 41 7 0 4
126 53 6 2 4
126 61 7 0 4
126 82 7 0 4
126 94 7 0 4
126 98 7 2 4
126 99 4 6 4
100 126 8 1 4
104 126 4 5 4
105 126 4 6 4
107 126 2 7 4
110 126 4 6 4
111 126 3 6 4
113 126 2 6 4
114 126 2 7 4
115 126 5 4 4
117 126 5 4 4
118 126 7 0 4
120 126 5 4 4
127 33 8 1 4
127 37 3 1 4
127 41 1 0 4
127 53 4 0 4
127 55 3 1 4
127 61 1 0 4
127 82 1 0 4
127 94 1 0 4
127 98 5 0 4
100 127 4 0 4
118 127 1 0 4
