10	49
100	123
100	124
100	6
101	108
101	117
101	126
101	127
101	129
101	32
102	107
102	111
102	127
102	50
103	114
103	121
104	115
104	119
106	109
106	120
106	125
106	59
107	110
107	32
107	99
108	126
108	129
108	32
109	120
109	125
109	4
109	59
109	77
11	62
110	32
111	127
111	52
111	99
112	118
113	115
113	119
114	118
116	98
117	126
117	2
118	58
118	86
120	125
120	59
120	85
122	39
122	56
122	8
123	124
123	6
123	96
124	58
125	59
126	2
127	32
127	50
128	129
128	32
128	4
128	86
14	17
14	72
14	93
16	3
16	62
16	70
17	93
19	89
2	54
21	53
25	45
25	65
25	8
3	62
32	52
32	84
32	99
33	55
35	50
35	52
39	53
39	8
4	86
45	56
47	50
5	64
5	85
50	84
53	8
54	6
54	90
54	91
57	62
58	6
58	75
58	86
58	9
58	96
59	77
6	75
6	86
6	9
6	96
62	93
67	95
68	95
71	82
72	73
85	86
85	92
90	91
90	99
91	99
92	96
92	99
