Res1 Res2 NSingle NDouble Method
6 9 11 7 5
16 3 15 9 5
14 17 5 7 5
25 8 13 6 5
39 8 5 6 5
25 45 15 8 5
10 49 16 12 5
35 50 8 5 5
47 50 14 8 5
32 52 8 4 5
35 52 8 4 5
53 8 10 4 5
21 53 16 9 5
39 53 9 5 5
54 6 9 4 5
2 54 7 3 5
33 55 18 21 5
45 56 6 12 5
58 6 9 7 5
58 9 8 10 5
3 62 12 9 5
11 62 16 12 5
16 62 13 10 5
57 62 11 12 5
5 64 14 11 5
25 65 17 12 5
16 70 13 12 5
14 72 16 8 5
72 73 16 14 5
6 75 10 5 5
58 75 11 6 5
59 77 10 10 5
71 82 12 21 5
32 84 9 5 5
50 84 11 5 5
5 85 11 9 5
4 86 7 9 5
6 86 10 6 5
58 86 11 7 5
85 86 8 8 5
19 89 17 14 5
54 90 7 4 5
54 91 5 5 5
90 91 2 7 5
85 92 11 7 5
14 93 10 6 5
17 93 11 5 5
62 93 15 6 5
67 95 5 16 5
68 95 17 11 5
6 96 4 9 5
58 96 11 7 5
92 96 11 7 5
32 99 9 4 5
90 99 7 5 5
91 99 9 4 5
92 99 12 5 5
100 6 9 7 5
101 32 10 4 5
102 50 11 5 5
106 59 5 10 5
107 32 9 5 5
107 99 10 5 5
102 107 8 7 5
108 32 7 6 5
101 108 3 9 5
109 4 10 9 5
109 59 10 9 5
109 77 10 11 5
106 109 5 11 5
110 32 7 6 5
107 110 2 10 5
111 52 8 5 5
111 99 9 5 5
102 111 11 5 5
103 114 11 11 5
104 115 11 10 5
113 115 4 12 5
116 98 1 12 5
117 2 8 3 5
101 117 8 5 5
118 58 8 9 5
118 86 9 8 5
112 118 9 9 5
114 118 9 10 5
104 119 7 13 5
113 119 12 9 5
120 59 11 8 5
120 85 10 8 5
106 120 8 9 5
109 120 7 11 5
103 121 10 11 5
122 8 6 5 5
122 39 9 4 5
122 56 12 6 5
123 6 5 9 5
123 96 7 9 5
100 123 4 11 5
124 58 8 9 5
100 124 8 9 5
123 124 6 10 5
125 59 6 10 5
106 125 1 12 5
109 125 6 11 5
120 125 9 9 5
126 2 6 4 5
101 126 6 6 5
108 126 9 5 5
117 126 2 7 5
127 32 9 5 5
127 50 11 5 5
101 127 11 5 5
102 127 2 10 5
111 127 11 5 5
128 4 5 11 5
128 32 12 5 5
128 86 10 8 5
101 129 8 7 5
108 129 7 8 5
128 129 8 9 5
