Res1 Res2 NSingle NDouble Method
61 8 10 1 6
118 8 2 0 6
123 8 9 1 6
8 94 5 0 6
15 8 9 0 6
118 15 7 0 6
129 15 3 5 6
18 8 10 0 6
115 18 4 5 6
118 18 8 0 6
118 20 11 0 6
22 8 10 0 6
15 22 7 4 6
118 22 8 0 6
24 61 16 6 6
118 27 8 0 6
35 37 10 11 6
41 94 8 1 6
118 49 14 0 6
118 56 11 0 6
118 59 14 0 6
118 60 12 0 6
61 8 10 1 6
62 8 12 0 6
118 62 10 0 6
18 68 8 6 6
22 68 8 6 6
118 70 13 0 6
56 75 6 8 6
83 91 5 15 6
8 86 10 0 6
118 86 8 0 6
8 94 5 0 6
41 94 8 1 6
112 94 7 2 6
118 94 3 0 6
22 97 5 7 6
118 97 11 0 6
103 118 10 0 6
103 129 4 6 6
107 48 5 13 6
108 118 12 0 6
112 94 7 2 6
115 8 8 0 6
115 18 4 5 6
115 94 9 0 6
115 118 6 0 6
117 4 20 5 6
121 8 10 0 6
118 121 8 0 6
123 8 9 1 6
118 125 12 0 6
129 8 8 0 6
129 15 3 5 6
129 22 4 5 6
118 129 6 0 6
