Res1 Res2 NSingle NDouble Method
118 4 21 0 6
4 86 30 1 6
118 5 19 0 6
7 94 28 3 6
78 8 18 1 6
118 8 3 0 6
129 8 10 0 6
8 89 20 1 6
8 94 8 0 6
118 9 22 0 6
120 9 23 12 6
9 98 20 10 6
14 7 36 16 6
15 8 11 0 6
118 15 8 0 6
129 15 3 6 6
15 94 13 0 6
15 97 9 6 6
118 17 26 0 6
18 8 15 0 6
115 18 5 8 6
118 18 12 0 6
18 94 17 0 6
20 8 18 0 6
18 20 13 7 6
118 20 15 0 6
20 94 20 0 6
22 8 16 0 6
18 22 11 7 6
118 22 13 0 6
22 27 16 3 6
22 94 18 0 6
25 67 27 9 6
27 8 12 0 6
118 27 9 0 6
27 75 12 5 6
27 94 14 0 6
27 97 8 7 6
118 30 18 0 6
30 34 30 14 6
118 35 25 0 6
37 8 25 0 6
115 37 15 8 6
118 37 22 0 6
39 8 22 0 6
108 39 19 7 6
118 39 19 0 6
39 68 20 7 6
112 41 19 1 6
118 41 10 0 6
41 75 21 1 6
41 94 11 2 6
107 43 24 6 6
120 43 28 8 6
27 47 18 7 6
118 47 23 0 6
48 8 26 0 6
118 48 23 0 6
49 8 23 0 6
118 49 20 0 6
129 49 17 5 6
49 75 21 6 6
52 8 22 0 6
103 52 11 11 6
118 52 19 0 6
53 79 20 9 6
56 8 18 0 6
115 56 22 1 6
118 56 15 0 6
118 58 19 0 6
59 8 23 0 6
118 59 20 0 6
60 8 19 0 6
18 60 12 8 6
103 60 16 7 6
115 60 13 6 6
118 60 16 0 6
60 94 21 0 6
60 96 10 13 6
60 98 20 7 6
61 8 14 2 6
118 61 15 0 6
62 8 17 0 6
118 62 14 0 6
62 94 19 0 6
41 63 36 5 6
65 8 25 0 6
18 65 18 8 6
118 65 22 0 6
25 67 27 9 6
41 67 26 5 6
68 8 18 0 6
115 68 14 5 6
118 68 15 0 6
129 68 12 5 6
70 8 21 0 6
118 70 18 0 6
17 71 38 15 6
118 72 19 0 6
118 73 22 0 6
75 8 16 0 6
56 75 8 10 6
118 75 13 0 6
129 75 14 3 6
118 76 21 0 6
120 76 18 14 6
77 8 21 0 6
18 77 18 6 6
118 77 18 0 6
129 77 13 6 6
118 78 17 0 6
118 80 19 0 6
80 91 18 12 6
41 82 28 4 6
8 83 26 0 6
109 83 11 16 6
118 83 23 0 6
8 84 20 0 6
56 84 12 10 6
118 84 17 0 6
84 97 18 6 6
8 86 14 0 6
118 86 11 0 6
86 94 16 0 6
8 87 23 0 6
115 87 15 7 6
118 87 20 0 6
123 88 24 4 6
56 89 20 7 6
8 91 26 0 6
118 91 23 0 6
8 92 24 0 6
118 92 21 0 6
118 93 23 0 6
8 94 8 0 6
41 94 11 2 6
112 94 14 1 6
118 94 5 0 6
8 96 23 0 6
91 96 11 16 6
118 96 20 0 6
8 97 16 0 6
22 97 10 8 6
27 97 8 7 6
94 97 18 0 6
103 97 11 8 6
118 97 13 0 6
9 98 20 10 6
118 98 18 0 6
103 8 17 0 6
103 94 19 0 6
103 118 14 0 6
103 129 9 6 6
106 41 31 3 6
107 8 20 0 6
107 118 17 0 6
108 8 17 0 6
108 94 19 0 6
108 118 14 0 6
108 129 11 5 6
109 8 23 0 6
109 52 11 14 6
109 77 10 14 6
109 118 20 0 6
112 8 14 0 6
112 118 11 0 6
115 8 12 0 6
115 15 17 0 6
115 18 5 8 6
115 94 14 0 6
115 118 9 0 6
115 129 16 0 6
116 8 25 0 6
116 118 22 0 6
117 118 20 0 6
120 9 23 12 6
120 76 18 14 6
121 8 16 0 6
121 94 18 0 6
118 121 13 0 6
123 8 12 2 6
123 80 26 3 6
123 88 24 4 6
118 123 13 0 6
118 124 21 0 6
125 8 20 0 6
125 94 22 0 6
118 125 17 0 6
129 8 10 0 6
129 56 14 4 6
129 92 20 4 6
129 94 12 0 6
107 129 16 4 6
118 129 7 0 6
118 130 22 0 6
