Res1 Res2 NSingle NDouble Method
11 9 61 53 5
12 5 27 0 5
15 5 12 7 5
12 15 25 0 5
10 16 49 7 5
14 16 60 13 5
19 3 111 32 5
20 5 26 0 5
12 20 13 6 5
15 20 24 0 5
16 20 34 2 5
24 8 43 10 5
14 26 57 26 5
16 26 49 13 5
20 26 47 7 5
29 5 17 0 5
12 29 16 0 5
15 29 15 0 5
16 29 29 0 5
20 29 15 0 5
24 29 30 0 5
12 30 36 2 5
20 30 33 3 5
25 30 67 11 5
29 30 30 0 5
33 8 53 10 5
34 5 38 1 5
14 34 54 16 5
15 34 36 1 5
16 34 28 12 5
20 34 32 3 5
26 34 43 16 5
29 34 29 0 5
12 37 45 5 5
26 37 67 12 5
34 37 54 7 5
38 5 31 0 5
10 38 36 9 5
12 38 30 0 5
15 38 27 1 5
16 38 33 5 5
20 38 29 0 5
29 38 20 0 5
30 38 42 1 5
39 4 69 26 5
12 39 33 10 5
20 39 34 9 5
41 5 24 0 5
2 41 43 8 5
12 41 23 0 5
15 41 22 0 5
20 41 22 0 5
29 41 13 0 5
30 41 35 1 5
38 41 27 0 5
12 42 25 5 5
20 42 32 1 5
21 42 71 18 5
29 42 25 0 5
30 42 43 3 5
39 42 38 12 5
43 5 29 7 5
11 43 89 14 5
15 43 37 2 5
41 43 35 2 5
33 45 54 12 5
47 5 31 0 5
12 47 30 0 5
18 47 43 8 5
20 47 29 0 5
29 47 20 0 5
38 47 34 0 5
41 47 27 0 5
10 48 73 20 5
45 48 65 26 5
5 50 16 0 5
12 50 15 0 5
15 50 14 0 5
16 50 24 2 5
20 50 14 0 5
29 50 5 0 5
38 50 19 0 5
41 50 12 0 5
42 50 24 0 5
47 50 19 0 5
51 8 62 11 5
29 51 45 3 5
30 51 59 8 5
37 51 62 14 5
14 52 56 20 5
16 52 48 7 5
24 52 51 6 5
34 52 48 7 5
23 53 80 11 5
29 53 29 0 5
47 53 39 2 5
2 55 52 13 5
12 55 30 6 5
16 55 35 10 5
20 55 27 7 5
26 55 54 12 5
30 55 48 4 5
34 55 37 9 5
39 55 47 11 5
42 55 43 4 5
50 55 27 2 5
12 56 41 11 5
37 56 66 13 5
39 56 62 14 5
42 56 52 10 5
53 56 60 8 5
5 57 18 0 5
12 57 17 0 5
15 57 16 0 5
16 57 30 0 5
20 57 16 0 5
24 57 31 0 5
29 57 7 0 5
30 57 31 0 5
34 57 30 0 5
38 57 21 0 5
41 57 14 0 5
42 57 26 0 5
47 57 21 0 5
50 57 6 0 5
52 57 34 3 5
53 57 30 0 5
2 58 47 5 5
5 58 22 0 5
12 58 21 0 5
15 58 20 0 5
16 58 20 7 5
20 58 20 0 5
29 58 11 0 5
34 58 24 5 5
38 58 25 0 5
41 58 18 0 5
42 58 30 0 5
47 58 25 0 5
50 58 8 1 5
52 58 36 4 5
55 58 23 7 5
57 58 12 0 5
16 59 23 16 5
20 59 33 4 5
26 59 32 23 5
34 59 23 16 5
37 59 55 8 5
50 59 27 2 5
52 59 49 8 5
53 59 47 4 5
55 59 28 15 5
58 59 25 6 5
18 60 66 14 5
47 60 51 9 5
53 60 64 7 5
54 60 51 29 5
61 8 56 6 5
10 61 47 11 5
24 61 47 6 5
25 61 76 9 5
38 61 39 5 5
44 61 85 14 5
30 62 67 9 5
38 64 43 7 5
53 64 48 9 5
66 8 74 18 5
11 67 63 44 5
25 67 67 29 5
15 69 52 5 5
30 69 59 9 5
38 69 53 7 5
64 69 46 22 5
1 70 69 27 5
6 70 38 32 5
37 70 74 14 5
71 8 48 3 5
5 71 32 0 5
12 71 31 0 5
18 71 40 10 5
20 71 30 0 5
24 71 39 3 5
29 71 21 0 5
41 71 28 0 5
47 71 25 5 5
50 71 20 0 5
57 71 22 0 5
58 71 26 0 5
6 72 62 9 5
29 72 37 2 5
43 72 55 6 5
51 72 60 13 5
70 72 68 15 5
10 73 47 5 5
12 73 33 0 5
16 73 40 3 5
20 73 32 0 5
24 73 37 5 5
29 73 23 0 5
41 73 30 0 5
50 73 22 0 5
57 73 24 0 5
58 73 28 0 5
62 73 64 7 5
18 75 55 31 5
25 75 79 29 5
62 75 87 23 5
12 76 42 11 5
20 76 41 11 5
37 76 59 17 5
39 76 49 21 5
42 76 47 13 5
53 76 63 7 5
56 76 67 17 5
2 77 77 21 5
37 77 74 19 5
5 78 41 4 5
12 78 26 11 5
15 78 41 3 5
20 78 29 9 5
39 78 39 18 5
42 78 33 12 5
55 78 48 8 5
56 78 57 14 5
76 78 40 23 5
5 81 41 2 5
41 81 37 2 5
45 81 58 7 5
57 81 29 3 5
5 82 31 0 5
12 82 30 0 5
18 82 49 5 5
20 82 29 0 5
29 82 20 0 5
41 82 25 1 5
47 82 30 2 5
50 82 19 0 5
52 82 47 3 5
53 82 39 2 5
57 82 21 0 5
58 82 25 0 5
71 82 33 1 5
73 82 33 2 5
45 83 64 32 5
47 85 46 12 5
52 85 67 11 5
26 86 61 26 5
30 86 65 13 5
34 86 58 16 5
37 86 66 20 5
55 86 51 21 5
56 86 70 22 5
2 88 49 2 5
5 88 18 0 5
12 88 17 0 5
15 88 16 0 5
16 88 30 0 5
20 88 16 0 5
29 88 7 0 5
34 88 30 0 5
38 88 21 0 5
41 88 14 0 5
42 88 26 0 5
47 88 21 0 5
50 88 6 0 5
53 88 28 1 5
57 88 8 0 5
58 88 12 0 5
61 88 34 1 5
71 88 18 2 5
73 88 24 0 5
81 88 33 1 5
82 88 21 0 5
18 89 52 8 5
25 89 64 12 5
29 89 29 0 5
30 89 45 4 5
42 89 40 4 5
47 89 25 9 5
53 89 42 5 5
54 89 57 13 5
57 89 30 0 5
60 89 48 15 5
61 89 48 5 5
76 89 51 13 5
85 89 63 8 5
88 89 30 0 5
5 90 5 13 5
12 90 30 0 5
15 90 17 6 5
20 90 29 0 5
29 90 20 0 5
34 90 41 1 5
41 90 27 0 5
43 90 32 7 5
50 90 19 0 5
57 90 21 0 5
58 90 25 0 5
73 90 35 1 5
78 90 36 8 5
88 90 21 0 5
25 91 74 24 5
30 91 67 10 5
38 91 61 8 5
61 91 74 9 5
5 92 22 5 5
12 92 31 0 5
15 92 22 4 5
20 92 30 0 5
24 92 29 8 5
29 92 21 0 5
34 92 42 1 5
36 92 41 16 5
41 92 28 0 5
50 92 20 0 5
57 92 22 0 5
58 92 26 0 5
62 92 50 13 5
71 92 32 2 5
73 92 26 6 5
78 92 39 7 5
88 92 22 0 5
90 92 19 8 5
5 93 28 0 5
6 93 46 5 5
12 93 27 0 5
15 93 20 3 5
18 93 46 5 5
20 93 26 0 5
29 93 17 0 5
41 93 24 0 5
47 93 21 5 5
50 93 16 0 5
57 93 18 0 5
58 93 22 0 5
71 93 22 5 5
82 93 29 1 5
88 93 18 0 5
5 94 30 0 5
12 94 29 0 5
15 94 28 0 5
20 94 28 0 5
29 94 19 0 5
30 94 41 1 5
41 94 24 1 5
50 94 18 0 5
53 94 34 4 5
56 94 52 7 5
57 94 20 0 5
58 94 24 0 5
64 94 42 7 5
71 94 30 2 5
72 94 48 3 5
82 94 29 2 5
88 94 20 0 5
93 94 30 0 5
33 95 64 22 5
45 95 52 30 5
6 96 53 5 5
10 96 52 3 5
12 96 34 0 5
18 96 49 7 5
20 96 33 0 5
29 96 24 0 5
38 96 36 1 5
41 96 31 0 5
47 96 34 2 5
50 96 23 0 5
57 96 25 0 5
58 96 29 0 5
61 96 47 3 5
64 96 51 5 5
71 96 25 7 5
78 96 48 4 5
88 96 23 1 5
93 96 33 1 5
94 96 35 1 5
100 31 85 41 5
101 15 49 5 5
101 81 62 8 5
101 93 51 5 5
102 23 72 26 5
102 26 69 14 5
102 53 58 8 5
102 56 52 23 5
102 64 64 12 5
102 69 70 14 5
102 94 48 8 5
103 8 52 8 5
103 16 50 4 5
103 27 74 19 5
103 33 43 13 5
103 52 52 8 5
103 57 34 1 5
103 64 56 8 5
104 15 32 4 5
104 29 31 0 5
104 38 39 3 5
104 69 60 9 5
104 81 51 4 5
104 93 28 7 5
101 104 43 16 5
102 104 54 11 5
105 5 35 5 5
105 8 57 5 5
105 34 49 4 5
105 43 48 6 5
105 61 55 4 5
105 90 38 5 5
105 94 41 3 5
105 96 42 5 5
103 105 53 5 5
106 6 43 13 5
106 8 47 8 5
106 29 30 0 5
106 33 46 9 5
106 42 45 2 5
106 57 31 0 5
106 60 59 10 5
106 70 65 11 5
103 106 45 7 5
107 8 70 12 5
107 33 59 18 5
107 52 60 17 5
103 107 58 16 5
108 27 88 44 5
110 5 45 7 5
110 15 47 5 5
110 18 57 15 5
110 73 47 9 5
110 78 56 12 5
110 82 48 7 5
110 90 44 9 5
110 92 33 15 5
110 93 49 5 5
113 83 54 67 5
114 5 36 11 5
114 24 29 21 5
114 43 59 7 5
114 66 44 37 5
114 73 52 6 5
114 90 33 14 5
114 92 38 12 5
115 5 18 0 5
115 12 17 0 5
115 15 16 0 5
115 16 30 0 5
115 20 16 0 5
115 24 31 0 5
115 29 7 0 5
115 30 31 0 5
115 34 30 0 5
115 38 21 0 5
115 41 14 0 5
115 42 26 0 5
115 43 33 0 5
115 47 21 0 5
115 50 6 0 5
115 53 30 0 5
115 55 33 0 5
115 57 8 0 5
115 58 12 0 5
115 59 33 0 5
115 71 22 0 5
115 73 24 0 5
115 81 29 3 5
115 82 21 0 5
115 88 8 0 5
115 89 30 0 5
115 90 21 0 5
115 92 22 0 5
115 93 18 0 5
115 94 20 0 5
115 96 25 0 5
101 115 43 4 5
104 115 24 4 5
106 115 31 0 5
117 78 60 22 5
117 86 63 35 5
118 5 27 0 5
118 12 26 0 5
118 15 25 0 5
118 20 25 0 5
118 29 16 0 5
118 38 30 0 5
118 41 23 0 5
118 42 35 0 5
118 47 30 0 5
118 50 15 0 5
118 51 49 6 5
118 57 17 0 5
118 58 21 0 5
118 71 31 0 5
118 73 25 4 5
118 82 20 5 5
118 88 17 0 5
118 90 30 0 5
118 92 31 0 5
118 93 27 0 5
118 94 29 0 5
118 96 34 0 5
106 118 34 3 5
110 118 46 6 5
115 118 17 0 5
106 119 57 14 5
121 5 29 0 5
121 15 27 0 5
121 20 27 0 5
121 29 18 0 5
121 30 36 3 5
121 38 26 3 5
121 41 25 0 5
121 42 35 1 5
121 47 32 0 5
121 50 17 0 5
121 53 33 4 5
121 57 19 0 5
121 58 23 0 5
121 64 31 12 5
121 69 41 12 5
121 71 33 0 5
121 88 19 0 5
121 90 32 0 5
121 92 33 0 5
121 93 29 0 5
121 94 31 0 5
121 96 26 5 5
12 121 28 0 5
115 121 19 0 5
118 121 28 0 5
122 51 81 19 5
122 72 67 21 5
123 5 39 1 5
123 29 30 0 5
123 41 35 1 5
123 47 40 2 5
123 53 41 6 5
123 57 31 0 5
123 64 57 5 5
123 71 39 3 5
123 90 42 1 5
123 94 41 1 5
123 96 40 4 5
103 123 45 7 5
105 123 36 11 5
115 123 31 0 5
121 123 34 4 5
124 5 22 3 5
124 15 22 2 5
124 20 26 0 5
124 29 15 1 5
124 30 31 5 5
124 37 48 4 5
124 38 31 0 5
124 41 24 0 5
124 47 31 0 5
124 50 16 0 5
124 51 48 7 5
124 57 18 0 5
124 58 22 0 5
124 62 58 7 5
124 78 41 4 5
124 82 31 0 5
124 88 18 0 5
124 90 23 4 5
124 92 24 4 5
124 93 28 0 5
124 94 30 0 5
12 124 27 0 5
110 124 47 6 5
115 124 18 0 5
118 124 27 0 5
121 124 29 0 5
125 31 86 36 5
1 125 82 31 5
126 5 28 0 5
126 15 26 0 5
126 20 26 0 5
126 26 51 6 5
126 29 17 0 5
126 41 24 0 5
126 50 16 0 5
126 52 44 3 5
126 57 18 0 5
126 58 22 0 5
126 73 30 2 5
126 82 29 1 5
126 88 18 0 5
126 93 26 1 5
126 94 30 0 5
10 126 39 6 5
12 126 27 0 5
101 126 53 4 5
102 126 46 8 5
104 126 32 5 5
106 126 39 1 5
115 126 18 0 5
118 126 27 0 5
121 126 29 0 5
124 126 28 0 5
127 5 21 0 5
127 15 19 0 5
127 20 19 0 5
127 29 10 0 5
127 30 24 5 5
127 38 24 0 5
127 41 15 1 5
127 47 24 0 5
127 50 9 0 5
127 57 11 0 5
127 58 15 0 5
127 61 37 1 5
127 71 25 0 5
127 81 36 1 5
127 82 20 2 5
127 88 11 0 5
127 89 27 3 5
127 90 24 0 5
127 92 25 0 5
127 93 21 0 5
127 94 21 1 5
12 127 20 0 5
115 127 11 0 5
118 127 20 0 5
121 127 22 0 5
124 127 21 0 5
126 127 21 0 5
130 31 87 24 5
130 53 64 10 5
1 130 81 20 5
104 130 60 13 5
