Res1 Res2 NSingle NDouble Method
11 9 131 56 5
12 5 44 0 5
15 5 23 8 5
12 15 35 0 5
16 5 52 0 5
10 16 69 8 5
12 16 48 0 5
14 16 89 12 5
15 16 43 0 5
19 3 179 41 5
20 5 42 0 5
12 20 24 7 5
15 20 33 0 5
16 20 42 2 5
24 8 68 8 5
14 26 95 28 5
16 26 70 12 5
20 26 68 8 5
29 5 27 0 5
12 29 23 0 5
15 29 18 0 5
16 29 31 0 5
20 29 21 0 5
24 29 42 0 5
12 30 51 2 5
20 30 45 4 5
25 30 94 14 5
29 30 38 0 5
33 8 76 11 5
34 5 55 1 5
34 8 68 5 5
12 34 53 0 5
14 34 80 19 5
15 34 46 1 5
16 34 37 12 5
20 34 47 2 5
26 34 57 21 5
29 34 36 0 5
30 34 66 1 5
24 36 84 13 5
37 8 87 7 5
2 37 104 11 5
12 37 64 6 5
16 37 74 5 5
20 37 68 3 5
26 37 98 12 5
29 37 55 2 5
34 37 73 8 5
38 5 46 0 5
10 38 59 10 5
12 38 42 0 5
15 38 37 0 5
16 38 44 3 5
20 38 40 0 5
29 38 25 0 5
30 38 55 1 5
31 38 114 10 5
12 39 59 9 5
20 39 57 9 5
41 5 36 0 5
2 41 66 8 5
12 41 32 0 5
15 41 27 0 5
16 41 40 0 5
20 41 30 0 5
29 41 15 0 5
30 41 47 0 5
34 41 45 0 5
38 41 34 0 5
42 5 55 0 5
12 42 41 5 5
15 42 46 0 5
20 42 49 0 5
29 42 34 0 5
30 42 60 3 5
39 42 60 14 5
41 42 43 0 5
43 5 44 9 5
12 43 58 0 5
15 43 49 2 5
29 43 41 0 5
36 43 95 7 5
39 43 85 5 5
41 43 48 1 5
33 45 72 17 5
47 5 45 0 5
12 47 41 0 5
15 47 36 0 5
16 47 49 0 5
18 47 68 7 5
20 47 39 0 5
25 47 82 13 5
29 47 24 0 5
30 47 56 0 5
34 47 54 0 5
38 47 43 0 5
41 47 33 0 5
42 47 52 0 5
43 47 59 0 5
45 48 103 28 5
5 50 26 0 5
12 50 22 0 5
15 50 17 0 5
16 50 26 2 5
20 50 20 0 5
24 50 41 0 5
29 50 5 0 5
30 50 37 0 5
34 50 35 0 5
38 50 24 0 5
41 50 14 0 5
42 50 33 0 5
43 50 40 0 5
47 50 23 0 5
51 8 79 15 5
29 51 61 3 5
30 51 81 9 5
33 51 93 12 5
37 51 86 17 5
52 8 83 5 5
14 52 87 23 5
16 52 64 6 5
33 52 83 9 5
34 52 67 7 5
45 52 81 10 5
47 52 65 2 5
12 53 51 0 5
15 53 46 0 5
16 53 57 1 5
20 53 49 0 5
29 53 34 0 5
33 53 76 4 5
38 53 51 1 5
41 53 43 0 5
47 53 52 0 5
50 53 33 0 5
17 54 120 29 5
2 55 80 17 5
12 55 52 6 5
14 55 91 19 5
16 55 56 8 5
20 55 46 8 5
26 55 88 11 5
29 55 47 0 5
30 55 69 5 5
34 55 61 8 5
39 55 79 11 5
42 55 67 4 5
50 55 42 2 5
12 56 60 16 5
26 56 106 16 5
37 56 100 14 5
39 56 97 16 5
42 56 85 9 5
53 56 89 7 5
57 8 50 0 5
5 57 29 0 5
12 57 25 0 5
15 57 20 0 5
16 57 33 0 5
20 57 23 0 5
24 57 44 0 5
29 57 8 0 5
30 57 40 0 5
34 57 38 0 5
38 57 27 0 5
41 57 17 0 5
42 57 36 0 5
43 57 43 0 5
47 57 26 0 5
50 57 7 0 5
52 57 47 3 5
53 57 36 0 5
55 57 49 0 5
2 58 68 5 5
5 58 32 0 5
12 58 28 0 5
15 58 23 0 5
16 58 24 6 5
20 58 26 0 5
26 58 68 3 5
29 58 11 0 5
30 58 43 0 5
34 58 33 4 5
38 58 30 0 5
41 58 20 0 5
42 58 39 0 5
47 58 29 0 5
50 58 8 1 5
52 58 50 3 5
53 58 39 0 5
55 58 42 5 5
57 58 13 0 5
12 59 56 1 5
14 59 69 27 5
16 59 44 11 5
20 59 46 5 5
26 59 58 23 5
29 59 41 0 5
30 59 69 2 5
34 59 41 15 5
37 59 78 8 5
38 59 58 1 5
41 59 50 0 5
47 59 59 0 5
50 59 36 2 5
53 59 61 4 5
55 59 48 17 5
57 59 43 0 5
58 59 38 4 5
17 60 127 25 5
54 60 97 31 5
61 8 74 5 5
10 61 70 13 5
16 61 65 1 5
24 61 70 4 5
25 61 100 13 5
29 61 42 0 5
38 61 55 3 5
47 61 58 1 5
50 61 41 0 5
57 61 44 0 5
51 62 114 20 5
17 64 115 19 5
38 64 61 8 5
53 64 64 11 5
66 8 108 19 5
11 67 112 50 5
41 67 88 8 5
15 69 70 7 5
38 69 79 6 5
53 69 88 6 5
64 69 80 22 5
1 70 119 24 5
6 70 78 34 5
37 70 108 16 5
42 70 93 11 5
71 8 65 2 5
5 71 48 0 5
12 71 44 0 5
15 71 39 0 5
16 71 52 0 5
20 71 42 0 5
24 71 55 4 5
29 71 27 0 5
30 71 59 0 5
34 71 57 0 5
38 71 46 0 5
41 71 36 0 5
42 71 55 0 5
43 71 62 0 5
47 71 37 4 5
50 71 26 0 5
57 71 29 0 5
58 71 32 0 5
59 71 62 0 5
72 8 83 5 5
6 72 88 11 5
29 72 49 1 5
43 72 74 6 5
51 72 86 13 5
70 72 106 13 5
5 73 50 0 5
7 73 140 15 5
10 73 67 8 5
12 73 46 0 5
15 73 41 0 5
16 73 48 3 5
20 73 44 0 5
24 73 55 5 5
29 73 29 0 5
38 73 48 0 5
41 73 38 0 5
47 73 47 0 5
50 73 28 0 5
53 73 55 1 5
57 73 31 0 5
58 73 34 0 5
71 73 50 0 5
75 9 141 44 5
18 75 99 34 5
62 75 144 26 5
12 76 70 14 5
20 76 70 13 5
39 76 79 28 5
42 76 75 17 5
55 76 88 17 5
56 76 98 26 5
2 77 135 21 5
37 77 121 21 5
5 78 66 5 5
12 78 40 16 5
15 78 61 3 5
20 78 52 9 5
37 78 90 9 5
39 78 73 18 5
42 78 55 14 5
55 78 78 9 5
56 78 86 19 5
71 78 70 3 5
76 78 74 28 5
5 81 57 3 5
23 81 120 17 5
29 81 42 0 5
41 81 49 1 5
43 81 71 3 5
45 81 82 5 5
50 81 41 0 5
57 81 38 3 5
75 81 117 14 5
5 82 46 0 5
12 82 42 0 5
15 82 37 0 5
16 82 50 0 5
18 82 65 9 5
20 82 40 0 5
29 82 25 0 5
38 82 44 0 5
41 82 32 1 5
47 82 41 1 5
48 82 106 11 5
50 82 24 0 5
51 82 78 4 5
52 82 64 3 5
57 82 27 0 5
58 82 30 0 5
61 82 59 1 5
71 82 46 0 5
73 82 46 1 5
61 83 141 15 5
66 84 118 49 5
2 85 114 16 5
24 85 77 19 5
47 85 73 12 5
84 85 133 29 5
26 86 108 26 5
30 86 99 15 5
55 86 82 28 5
59 86 82 25 5
24 87 85 23 5
66 87 123 35 5
85 87 126 21 5
5 88 28 0 5
12 88 24 0 5
15 88 19 0 5
16 88 32 0 5
20 88 22 0 5
24 88 43 0 5
29 88 7 0 5
30 88 39 0 5
34 88 37 0 5
38 88 26 0 5
41 88 16 0 5
42 88 35 0 5
43 88 42 0 5
47 88 25 0 5
50 88 6 0 5
53 88 33 1 5
57 88 9 0 5
58 88 12 0 5
59 88 42 0 5
61 88 41 1 5
71 88 26 1 5
73 88 30 0 5
81 88 43 0 5
82 88 26 0 5
12 89 49 0 5
15 89 44 0 5
18 89 76 7 5
20 89 47 0 5
25 89 96 10 5
29 89 32 0 5
30 89 56 4 5
36 89 86 7 5
38 89 51 0 5
41 89 41 0 5
42 89 54 3 5
47 89 36 7 5
50 89 31 0 5
52 89 69 4 5
53 89 52 4 5
54 89 89 10 5
57 89 34 0 5
58 89 37 0 5
60 89 82 13 5
61 89 60 4 5
62 89 101 9 5
76 89 85 11 5
85 89 87 9 5
88 89 33 0 5
5 90 12 20 5
12 90 48 0 5
15 90 33 5 5
16 90 56 0 5
20 90 46 0 5
29 90 31 0 5
38 90 50 0 5
41 90 40 0 5
43 90 48 9 5
47 90 49 0 5
50 90 30 0 5
57 90 33 0 5
58 90 36 0 5
71 90 52 0 5
78 90 56 12 5
81 90 61 3 5
82 90 50 0 5
88 90 32 0 5
16 91 86 17 5
25 91 115 32 5
30 91 99 14 5
38 91 96 9 5
5 92 35 5 5
8 92 64 1 5
12 92 41 0 5
15 92 30 3 5
16 92 49 0 5
20 92 39 0 5
24 92 48 6 5
29 92 24 0 5
34 92 52 1 5
38 92 43 0 5
41 92 33 0 5
47 92 42 0 5
50 92 23 0 5
57 92 26 0 5
58 92 29 0 5
71 92 41 2 5
73 92 39 4 5
78 92 55 9 5
82 92 43 0 5
88 92 25 0 5
89 92 50 0 5
90 92 31 9 5
5 93 45 0 5
12 93 41 0 5
15 93 28 4 5
16 93 49 0 5
18 93 72 5 5
20 93 39 0 5
29 93 24 0 5
38 93 43 0 5
41 93 33 0 5
47 93 30 6 5
50 93 23 0 5
57 93 26 0 5
58 93 29 0 5
69 93 72 9 5
71 93 33 6 5
73 93 47 0 5
82 93 43 0 5
88 93 25 0 5
89 93 50 0 5
90 93 49 0 5
92 93 42 0 5
5 94 43 0 5
12 94 39 0 5
15 94 34 0 5
16 94 47 0 5
20 94 37 0 5
29 94 22 0 5
38 94 41 0 5
41 94 29 1 5
42 94 50 0 5
47 94 40 0 5
50 94 21 0 5
51 94 77 3 5
53 94 44 3 5
56 94 73 9 5
57 94 24 0 5
58 94 27 0 5
64 94 62 6 5
71 94 39 2 5
73 94 45 0 5
82 94 39 1 5
88 94 23 0 5
89 94 48 0 5
90 94 47 0 5
92 94 40 0 5
93 94 40 0 5
45 95 96 27 5
48 95 143 30 5
5 96 52 0 5
6 96 78 6 5
10 96 75 5 5
12 96 48 0 5
15 96 43 0 5
16 96 56 0 5
18 96 79 5 5
20 96 46 0 5
29 96 31 0 5
30 96 61 1 5
38 96 48 1 5
41 96 40 0 5
47 96 47 1 5
50 96 30 0 5
53 96 57 1 5
57 96 33 0 5
58 96 36 0 5
61 96 57 5 5
64 96 75 4 5
71 96 42 5 5
78 96 68 6 5
82 96 50 0 5
88 96 30 1 5
90 96 56 0 5
92 96 49 0 5
93 96 49 0 5
94 96 45 1 5
65 97 180 55 5
100 31 156 40 5
101 15 65 7 5
101 69 103 15 5
101 81 91 6 5
101 93 71 7 5
1 101 111 18 5
100 101 126 31 5
102 23 123 30 5
102 53 85 7 5
102 56 100 20 5
102 69 105 16 5
102 73 84 5 5
102 94 69 9 5
103 8 71 9 5
103 14 101 14 5
103 16 64 4 5
103 29 47 0 5
103 33 65 16 5
103 45 67 15 5
103 52 70 11 5
103 53 67 4 5
103 57 47 1 5
103 64 83 8 5
103 73 66 2 5
104 12 53 0 5
104 15 42 3 5
104 20 51 0 5
104 26 85 7 5
104 29 36 0 5
104 38 51 2 5
104 41 45 0 5
104 47 54 0 5
104 50 35 0 5
104 53 58 3 5
104 57 38 0 5
104 58 41 0 5
104 71 57 0 5
104 81 68 2 5
104 88 37 0 5
104 93 42 6 5
101 104 69 14 5
102 104 79 11 5
105 5 57 6 5
105 8 80 5 5
105 43 73 5 5
105 57 50 0 5
105 61 76 4 5
105 90 61 6 5
105 94 60 2 5
105 96 63 5 5
103 105 77 6 5
106 2 90 10 5
106 6 74 14 5
106 8 61 12 5
106 29 43 0 5
106 33 71 11 5
106 37 78 9 5
106 42 65 3 5
106 50 42 0 5
106 51 84 10 5
106 52 80 4 5
106 57 45 0 5
106 88 44 0 5
103 106 68 8 5
107 33 93 23 5
107 52 96 19 5
103 107 90 20 5
108 27 157 44 5
110 5 68 7 5
110 6 98 11 5
110 15 61 6 5
110 18 85 17 5
110 73 68 8 5
110 78 82 14 5
110 82 68 6 5
110 90 68 9 5
110 92 59 10 5
110 93 67 6 5
110 96 76 5 5
112 31 174 47 5
114 5 55 13 5
114 24 50 23 5
114 36 92 18 5
114 43 81 7 5
114 52 91 7 5
114 57 58 2 5
114 73 69 7 5
114 87 89 30 5
114 90 55 15 5
114 92 60 9 5
105 114 86 8 5
110 114 93 11 5
115 5 28 0 5
115 8 49 0 5
115 12 24 0 5
115 15 19 0 5
115 16 32 0 5
115 20 22 0 5
115 24 43 0 5
115 29 7 0 5
115 30 39 0 5
115 34 37 0 5
115 38 26 0 5
115 41 16 0 5
115 42 35 0 5
115 43 42 0 5
115 47 25 0 5
115 50 6 0 5
115 53 35 0 5
115 55 48 0 5
115 57 9 0 5
115 58 12 0 5
115 59 42 0 5
115 61 43 0 5
115 71 28 0 5
115 73 30 0 5
115 81 39 2 5
115 82 26 0 5
115 88 8 0 5
115 89 33 0 5
115 90 32 0 5
115 92 25 0 5
115 93 25 0 5
115 94 23 0 5
115 96 32 0 5
103 115 48 0 5
104 115 29 4 5
105 115 49 0 5
106 115 44 0 5
117 20 84 13 5
117 72 114 13 5
117 78 86 29 5
117 86 118 34 5
118 5 45 0 5
118 12 41 0 5
118 15 36 0 5
118 16 49 0 5
118 20 39 0 5
118 29 24 0 5
118 30 56 0 5
118 34 54 0 5
118 38 43 0 5
118 41 33 0 5
118 42 52 0 5
118 47 42 0 5
118 50 23 0 5
118 51 69 8 5
118 53 52 0 5
118 57 26 0 5
118 58 29 0 5
118 71 45 0 5
118 73 39 4 5
118 82 33 5 5
118 88 25 0 5
118 89 50 0 5
118 90 49 0 5
118 92 42 0 5
118 93 42 0 5
118 94 40 0 5
118 95 96 11 5
118 96 49 0 5
104 118 54 0 5
106 118 57 2 5
110 118 67 6 5
115 118 25 0 5
119 33 98 19 5
119 82 93 6 5
103 119 99 14 5
121 5 44 0 5
121 15 35 0 5
121 16 48 0 5
121 20 38 0 5
121 29 23 0 5
121 30 49 3 5
121 34 53 0 5
121 38 36 3 5
121 41 32 0 5
121 42 49 1 5
121 43 58 0 5
121 47 41 0 5
121 50 22 0 5
121 53 43 4 5
121 57 25 0 5
121 58 28 0 5
121 59 58 0 5
121 64 51 12 5
121 69 65 12 5
121 71 44 0 5
121 73 46 0 5
121 82 42 0 5
121 88 24 0 5
121 89 49 0 5
121 90 48 0 5
121 92 41 0 5
121 93 41 0 5
121 94 39 0 5
121 96 32 8 5
12 121 40 0 5
104 121 53 0 5
115 121 24 0 5
118 121 41 0 5
122 33 101 25 5
122 72 108 19 5
123 29 41 0 5
123 34 67 2 5
123 41 50 0 5
123 47 55 2 5
123 50 40 0 5
123 53 51 9 5
123 57 43 0 5
123 59 72 2 5
123 64 81 6 5
123 71 56 3 5
123 88 42 0 5
123 94 55 1 5
123 96 60 3 5
12 123 58 0 5
101 123 92 5 5
103 123 66 8 5
105 123 61 11 5
115 123 42 0 5
121 123 52 3 5
124 5 39 2 5
124 15 32 1 5
124 16 47 0 5
124 20 37 0 5
124 29 22 0 5
124 30 42 6 5
124 37 67 4 5
124 38 41 0 5
124 41 31 0 5
124 47 40 0 5
124 50 21 0 5
124 51 69 7 5
124 57 24 0 5
124 58 27 0 5
124 71 43 0 5
124 73 45 0 5
124 78 59 6 5
124 82 41 0 5
124 88 23 0 5
124 89 48 0 5
124 90 35 6 5
124 91 93 9 5
124 92 32 4 5
124 93 40 0 5
124 94 38 0 5
124 96 47 0 5
12 124 39 0 5
110 124 63 7 5
115 124 23 0 5
118 124 40 0 5
121 124 39 0 5
125 95 141 34 5
1 125 141 27 5
126 5 42 0 5
126 15 33 0 5
126 16 46 0 5
126 20 36 0 5
126 26 68 8 5
126 29 21 0 5
126 38 40 0 5
126 41 30 0 5
126 47 39 0 5
126 50 20 0 5
126 52 60 3 5
126 56 80 5 5
126 57 23 0 5
126 58 26 0 5
126 71 42 0 5
126 73 40 2 5
126 82 38 1 5
126 88 22 0 5
126 89 47 0 5
126 90 46 0 5
126 92 39 0 5
126 93 39 0 5
126 94 37 0 5
126 96 46 0 5
10 126 65 5 5
12 126 38 0 5
102 126 72 7 5
104 126 37 7 5
106 126 56 1 5
115 126 22 0 5
118 126 39 0 5
121 126 38 0 5
124 126 37 0 5
127 5 31 0 5
127 15 22 0 5
127 16 35 0 5
127 20 25 0 5
127 29 10 0 5
127 30 34 4 5
127 34 40 0 5
127 38 29 0 5
127 41 17 1 5
127 42 38 0 5
127 45 58 1 5
127 47 28 0 5
127 50 9 0 5
127 53 38 0 5
127 57 12 0 5
127 58 15 0 5
127 61 44 1 5
127 71 31 0 5
127 73 33 0 5
127 81 44 1 5
127 82 25 2 5
127 88 11 0 5
127 89 30 3 5
127 90 35 0 5
127 92 28 0 5
127 93 28 0 5
127 94 24 1 5
127 96 35 0 5
12 127 27 0 5
104 127 40 0 5
115 127 11 0 5
118 127 28 0 5
121 127 27 0 5
124 127 26 0 5
126 127 25 0 5
130 53 88 8 5
130 99 149 23 5
1 130 120 18 5
104 130 80 13 5
112 130 175 27 5
125 130 143 21 5
