Res1 Res2 NSingle NDouble Method
1 6 111 17 5
1 15 98 0 5
1 29 86 0 5
1 30 106 6 5
1 41 93 1 5
1 46 83 0 5
1 50 85 0 5
1 53 106 4 5
1 57 88 0 5
1 58 91 0 5
1 67 131 22 5
1 70 119 24 5
1 72 111 10 5
1 81 106 8 5
1 88 85 1 5
1 89 106 3 5
1 93 100 2 5
1 101 111 18 5
1 104 98 9 5
1 106 103 10 5
1 115 79 4 5
1 118 100 2 5
1 124 90 6 5
1 125 141 27 5
1 127 88 1 5
1 130 120 18 5
12 2 84 3 5
16 2 86 6 5
106 2 90 10 5
115 2 74 0 5
127 2 75 1 5
2 8 99 8 5
2 20 84 2 5
2 29 73 0 5
2 33 99 12 5
2 37 104 11 5
2 41 66 8 5
2 46 70 0 5
2 47 87 2 5
2 50 68 2 5
2 55 80 17 5
2 57 75 0 5
2 58 68 5 5
2 59 94 7 5
2 71 84 5 5
2 77 135 21 5
2 85 114 16 5
2 88 74 0 5
2 93 87 2 5
2 94 87 1 5
2 96 90 4 5
19 3 179 41 5
24 3 133 10 5
26 3 140 20 5
106 3 118 18 5
121 3 100 17 5
3 34 129 9 5
3 43 126 13 5
3 46 114 0 5
3 53 129 8 5
3 59 134 9 5
3 64 137 16 5
3 72 132 15 5
3 96 126 8 5
12 4 108 7 5
20 4 104 8 5
33 4 125 15 5
39 4 115 22 5
117 4 144 25 5
4 41 110 2 5
4 42 113 10 5
4 55 116 15 5
4 57 97 5 5
4 58 106 2 5
4 76 124 28 5
4 78 124 15 5
4 89 115 8 5
12 5 44 0 5
15 5 23 8 5
16 5 52 0 5
20 5 42 0 5
29 5 27 0 5
34 5 55 1 5
38 5 46 0 5
41 5 36 0 5
42 5 55 0 5
43 5 44 9 5
46 5 24 0 5
47 5 45 0 5
105 5 57 6 5
110 5 68 7 5
114 5 55 13 5
115 5 28 0 5
118 5 45 0 5
121 5 44 0 5
124 5 39 2 5
126 5 42 0 5
127 5 31 0 5
5 50 26 0 5
5 53 55 0 5
5 57 29 0 5
5 58 32 0 5
5 71 48 0 5
5 73 50 0 5
5 78 66 5 5
5 81 57 3 5
5 82 46 0 5
5 88 28 0 5
5 89 53 0 5
5 90 12 20 5
5 92 35 5 5
5 93 45 0 5
5 94 43 0 5
5 96 52 0 5
29 6 65 0 5
41 6 74 0 5
42 6 89 2 5
46 6 62 0 5
47 6 81 1 5
50 6 64 0 5
57 6 67 0 5
58 6 70 0 5
104 6 85 5 5
106 6 74 14 5
110 6 98 11 5
115 6 66 0 5
118 6 79 2 5
123 6 96 2 5
126 6 78 1 5
127 6 69 0 5
6 70 78 34 5
6 71 74 6 5
6 72 88 11 5
6 78 100 7 5
6 88 66 0 5
6 93 77 3 5
6 96 78 6 5
10 7 139 31 5
16 7 158 7 5
36 7 163 26 5
38 7 144 11 5
43 7 160 11 5
61 7 159 12 5
105 7 155 17 5
126 7 150 6 5
7 73 140 15 5
15 8 60 0 5
20 8 63 0 5
24 8 68 8 5
29 8 48 0 5
33 8 76 11 5
34 8 68 5 5
37 8 87 7 5
41 8 57 0 5
46 8 45 0 5
50 8 47 0 5
51 8 79 15 5
52 8 83 5 5
57 8 50 0 5
58 8 53 0 5
61 8 74 5 5
66 8 108 19 5
71 8 65 2 5
72 8 83 5 5
73 8 69 1 5
103 8 71 9 5
105 8 80 5 5
106 8 61 12 5
115 8 49 0 5
126 8 63 0 5
127 8 52 0 5
8 88 49 0 5
8 92 64 1 5
11 9 131 56 5
16 9 139 6 5
29 9 120 3 5
30 9 136 11 5
34 9 132 12 5
37 9 141 19 5
41 9 123 6 5
46 9 123 0 5
50 9 125 0 5
51 9 133 27 5
53 9 138 8 5
57 9 128 0 5
59 9 135 13 5
67 9 129 43 5
75 9 141 44 5
86 9 127 45 5
88 9 125 1 5
115 9 127 0 5
124 9 124 9 5
127 9 126 2 5
9 94 124 9 5
10 5 81 0 5
10 12 77 0 5
10 15 72 0 5
10 16 69 8 5
10 20 75 0 5
10 29 60 0 5
10 34 90 0 5
10 38 59 10 5
10 41 69 0 5
10 42 88 0 5
10 46 57 0 5
10 47 76 1 5
10 50 59 0 5
10 57 62 0 5
10 58 65 0 5
10 61 70 13 5
10 71 81 0 5
10 73 67 8 5
10 82 77 1 5
10 88 61 0 5
10 89 80 3 5
10 90 85 0 5
10 92 78 0 5
10 93 78 0 5
10 94 76 0 5
10 96 75 5 5
10 103 93 4 5
10 104 90 0 5
10 105 94 4 5
10 115 61 0 5
10 118 78 0 5
10 121 77 0 5
10 124 76 0 5
10 126 65 5 5
10 127 64 0 5
11 9 131 56 5
11 29 121 1 5
11 30 131 12 5
11 41 116 8 5
11 46 120 0 5
11 50 122 0 5
11 51 144 20 5
11 57 125 0 5
11 67 112 50 5
11 72 142 13 5
11 88 122 1 5
11 94 133 3 5
11 115 124 0 5
11 124 123 8 5
11 127 123 2 5
12 5 44 0 5
104 12 53 0 5
115 12 24 0 5
118 12 41 0 5
12 15 35 0 5
12 16 48 0 5
12 20 24 7 5
12 29 23 0 5
12 30 51 2 5
12 34 53 0 5
12 37 64 6 5
12 38 42 0 5
12 39 59 9 5
12 41 32 0 5
12 42 41 5 5
12 43 58 0 5
12 46 20 0 5
12 47 41 0 5
12 50 22 0 5
12 53 51 0 5
12 55 52 6 5
12 56 60 16 5
12 57 25 0 5
12 58 28 0 5
12 59 56 1 5
12 71 44 0 5
12 73 46 0 5
12 76 70 14 5
12 78 40 16 5
12 82 42 0 5
12 88 24 0 5
12 89 49 0 5
12 90 48 0 5
12 92 41 0 5
12 93 41 0 5
12 94 39 0 5
12 96 48 0 5
12 121 40 0 5
12 123 58 0 5
12 124 39 0 5
12 126 38 0 5
12 127 27 0 5
13 9 180 49 5
115 13 159 0 5
122 13 171 41 5
127 13 156 3 5
13 14 172 34 5
13 24 166 14 5
13 29 152 3 5
13 33 160 24 5
13 34 162 13 5
13 45 166 21 5
13 46 155 0 5
13 50 157 0 5
13 52 165 19 5
13 58 153 5 5
13 83 175 56 5
13 88 159 0 5
13 94 160 7 5
103 14 101 14 5
106 14 109 8 5
115 14 89 0 5
127 14 92 0 5
14 16 89 12 5
14 20 93 5 5
14 26 95 28 5
14 29 88 0 5
14 33 110 14 5
14 34 80 19 5
14 45 106 16 5
14 46 85 0 5
14 50 83 2 5
14 52 87 23 5
14 53 104 6 5
14 55 91 19 5
14 57 84 3 5
14 58 83 5 5
14 59 69 27 5
14 88 89 0 5
14 94 94 5 5
15 5 23 8 5
12 15 35 0 5
101 15 65 7 5
104 15 42 3 5
110 15 61 6 5
115 15 19 0 5
118 15 36 0 5
121 15 35 0 5
124 15 32 1 5
126 15 33 0 5
127 15 22 0 5
15 16 43 0 5
15 20 33 0 5
15 29 18 0 5
15 34 46 1 5
15 38 37 0 5
15 41 27 0 5
15 42 46 0 5
15 43 49 2 5
15 46 15 0 5
15 47 36 0 5
15 50 17 0 5
15 53 46 0 5
15 57 20 0 5
15 58 23 0 5
15 69 70 7 5
15 71 39 0 5
15 73 41 0 5
15 78 61 3 5
15 82 37 0 5
15 88 19 0 5
15 89 44 0 5
15 90 33 5 5
15 92 30 3 5
15 93 28 4 5
15 94 34 0 5
15 96 43 0 5
16 5 52 0 5
10 16 69 8 5
12 16 48 0 5
14 16 89 12 5
15 16 43 0 5
103 16 64 4 5
115 16 32 0 5
118 16 49 0 5
121 16 48 0 5
124 16 47 0 5
126 16 46 0 5
127 16 35 0 5
16 20 42 2 5
16 26 70 12 5
16 29 31 0 5
16 34 37 12 5
16 37 74 5 5
16 38 44 3 5
16 41 40 0 5
16 46 28 0 5
16 47 49 0 5
16 50 26 2 5
16 52 64 6 5
16 53 57 1 5
16 55 56 8 5
16 57 33 0 5
16 58 24 6 5
16 59 44 11 5
16 61 65 1 5
16 71 52 0 5
16 73 48 3 5
16 82 50 0 5
16 88 32 0 5
16 89 57 0 5
16 90 56 0 5
16 91 86 17 5
16 92 49 0 5
16 93 49 0 5
16 94 47 0 5
16 96 56 0 5
17 8 117 13 5
103 17 112 15 5
106 17 106 16 5
115 17 102 0 5
118 17 111 4 5
121 17 102 8 5
17 18 121 19 5
17 29 101 0 5
17 33 125 13 5
17 38 110 5 5
17 42 119 5 5
17 46 98 0 5
17 50 100 0 5
17 53 119 5 5
17 54 120 29 5
17 57 103 0 5
17 60 127 25 5
17 64 115 19 5
17 88 102 0 5
17 89 119 4 5
12 18 81 0 5
15 18 76 0 5
110 18 85 17 5
115 18 65 0 5
118 18 82 0 5
121 18 81 0 5
124 18 80 0 5
126 18 79 0 5
127 18 68 0 5
18 20 79 0 5
18 29 64 0 5
18 38 83 0 5
18 39 98 10 5
18 41 73 0 5
18 46 61 0 5
18 47 68 7 5
18 50 63 0 5
18 52 99 5 5
18 53 86 3 5
18 57 66 0 5
18 58 69 0 5
18 71 69 8 5
18 75 99 34 5
18 81 90 5 5
18 82 65 9 5
18 88 65 0 5
18 89 76 7 5
18 92 82 0 5
18 93 72 5 5
18 94 78 1 5
18 96 79 5 5
19 3 179 41 5
10 19 148 28 5
12 19 147 10 5
121 19 145 11 5
123 19 149 18 5
19 34 158 11 5
19 37 159 22 5
19 47 148 10 5
19 53 150 14 5
19 56 163 28 5
19 82 149 10 5
20 5 42 0 5
12 20 24 7 5
15 20 33 0 5
16 20 42 2 5
104 20 51 0 5
115 20 22 0 5
117 20 84 13 5
118 20 39 0 5
121 20 38 0 5
124 20 37 0 5
126 20 36 0 5
127 20 25 0 5
20 26 68 8 5
20 29 21 0 5
20 30 45 4 5
20 34 47 2 5
20 37 68 3 5
20 38 40 0 5
20 39 57 9 5
20 41 30 0 5
20 42 49 0 5
20 46 18 0 5
20 47 39 0 5
20 50 20 0 5
20 53 49 0 5
20 55 46 8 5
20 57 23 0 5
20 58 26 0 5
20 59 46 5 5
20 71 42 0 5
20 73 44 0 5
20 76 70 13 5
20 78 52 9 5
20 82 40 0 5
20 88 22 0 5
20 89 47 0 5
20 90 46 0 5
20 92 39 0 5
20 93 39 0 5
20 94 37 0 5
20 96 46 0 5
2 21 148 27 5
12 21 124 14 5
16 21 142 9 5
20 21 126 12 5
121 21 140 6 5
127 21 137 1 5
21 39 137 26 5
21 42 117 23 5
21 50 130 2 5
21 53 147 8 5
21 58 138 1 5
21 76 154 28 5
21 78 132 26 5
22 36 156 36 5
22 42 164 12 5
22 43 159 18 5
22 72 163 21 5
22 83 187 51 5
22 92 152 13 5
15 23 118 6 5
101 23 127 26 5
102 23 123 30 5
104 23 114 17 5
115 23 111 4 5
118 23 122 7 5
124 23 124 5 5
126 23 119 7 5
127 23 122 0 5
23 26 129 26 5
23 29 118 0 5
23 34 134 7 5
23 46 115 0 5
23 50 117 0 5
23 53 124 11 5
23 57 120 0 5
23 59 129 12 5
23 81 120 17 5
23 82 127 5 5
23 88 119 0 5
23 90 133 5 5
23 92 122 7 5
23 93 122 7 5
23 94 124 5 5
24 5 63 0 5
24 8 68 8 5
12 24 59 0 5
15 24 54 0 5
16 24 67 0 5
20 24 57 0 5
103 24 79 2 5
114 24 50 23 5
115 24 43 0 5
118 24 60 0 5
121 24 59 0 5
124 24 58 0 5
126 24 57 0 5
127 24 46 0 5
24 29 42 0 5
24 36 84 13 5
24 38 61 0 5
24 41 51 0 5
24 46 39 0 5
24 47 60 0 5
24 50 41 0 5
24 57 44 0 5
24 58 47 0 5
24 61 70 4 5
24 71 55 4 5
24 73 55 5 5
24 82 61 0 5
24 85 77 19 5
24 87 85 23 5
24 88 43 0 5
24 89 68 0 5
24 90 67 0 5
24 92 48 6 5
24 93 60 0 5
24 94 58 0 5
24 96 67 0 5
12 25 99 4 5
18 25 120 14 5
20 25 97 4 5
105 25 114 9 5
115 25 91 0 5
124 25 92 7 5
127 25 90 2 5
25 29 88 1 5
25 30 94 14 5
25 41 95 2 5
25 46 87 0 5
25 47 82 13 5
25 50 89 0 5
25 57 92 0 5
25 58 95 0 5
25 61 100 13 5
25 67 127 26 5
25 71 103 4 5
25 81 108 9 5
25 82 103 3 5
25 88 89 1 5
25 89 96 10 5
25 91 115 32 5
25 93 96 6 5
25 96 103 6 5
12 26 76 5 5
14 26 95 28 5
15 26 81 0 5
16 26 70 12 5
20 26 68 8 5
104 26 85 7 5
115 26 70 0 5
126 26 68 8 5
127 26 73 0 5
26 29 69 0 5
26 30 95 3 5
26 34 57 21 5
26 37 98 12 5
26 41 78 0 5
26 46 66 0 5
26 50 68 0 5
26 52 100 7 5
26 53 87 5 5
26 55 88 11 5
26 56 106 16 5
26 57 71 0 5
26 58 68 3 5
26 59 58 23 5
26 82 86 1 5
26 86 108 26 5
26 88 70 0 5
26 94 81 2 5
27 8 130 13 5
12 27 113 9 5
16 27 123 8 5
20 27 107 11 5
24 27 116 17 5
103 27 113 21 5
108 27 157 44 5
114 27 136 16 5
121 27 113 9 5
27 33 136 14 5
27 50 109 2 5
27 55 113 21 5
27 58 107 6 5
27 59 119 15 5
27 64 124 21 5
27 69 136 22 5
12 28 106 12 5
16 28 118 10 5
20 28 108 10 5
115 28 108 3 5
117 28 146 28 5
126 28 116 6 5
28 29 113 0 5
28 34 125 9 5
28 39 131 18 5
28 42 117 12 5
28 43 130 9 5
28 46 110 0 5
28 50 110 1 5
28 52 130 14 5
28 55 96 29 5
28 58 106 6 5
28 59 118 15 5
28 76 136 26 5
28 78 122 20 5
28 88 114 0 5
29 5 27 0 5
12 29 23 0 5
15 29 18 0 5
16 29 31 0 5
20 29 21 0 5
24 29 42 0 5
103 29 47 0 5
104 29 36 0 5
106 29 43 0 5
115 29 7 0 5
118 29 24 0 5
121 29 23 0 5
123 29 41 0 5
124 29 22 0 5
126 29 21 0 5
127 29 10 0 5
29 30 38 0 5
29 34 36 0 5
29 37 55 2 5
29 38 25 0 5
29 41 15 0 5
29 42 34 0 5
29 43 41 0 5
29 46 3 0 5
29 47 24 0 5
29 50 5 0 5
29 51 61 3 5
29 53 34 0 5
29 55 47 0 5
29 57 8 0 5
29 58 11 0 5
29 59 41 0 5
29 61 42 0 5
29 71 27 0 5
29 72 49 1 5
29 73 29 0 5
29 81 42 0 5
29 82 25 0 5
29 88 7 0 5
29 89 32 0 5
29 90 31 0 5
29 92 24 0 5
29 93 24 0 5
29 94 22 0 5
29 96 31 0 5
30 5 59 0 5
12 30 51 2 5
15 30 50 0 5
20 30 45 4 5
25 30 94 14 5
29 30 38 0 5
115 30 39 0 5
118 30 56 0 5
121 30 49 3 5
124 30 42 6 5
126 30 53 0 5
127 30 34 4 5
30 34 66 1 5
30 38 55 1 5
30 41 47 0 5
30 42 60 3 5
30 46 35 0 5
30 47 56 0 5
30 50 37 0 5
30 51 81 9 5
30 55 69 5 5
30 57 40 0 5
30 58 43 0 5
30 59 69 2 5
30 71 59 0 5
30 73 61 0 5
30 82 57 0 5
30 86 99 15 5
30 88 39 0 5
30 89 56 4 5
30 91 99 14 5
30 92 56 0 5
30 93 56 0 5
30 94 54 0 5
30 96 61 1 5
12 31 128 2 5
16 31 130 5 5
20 31 126 2 5
23 31 153 37 5
24 31 133 9 5
29 31 115 0 5
100 31 156 40 5
101 31 132 22 5
104 31 115 15 5
112 31 174 47 5
115 31 112 2 5
118 31 105 14 5
126 31 116 7 5
127 31 119 0 5
130 31 147 19 5
31 38 114 10 5
31 41 114 5 5
31 46 112 0 5
31 49 177 45 5
31 50 114 0 5
31 57 117 0 5
31 61 133 9 5
31 73 126 6 5
31 81 131 10 5
31 82 124 5 5
31 88 116 0 5
31 92 129 2 5
15 32 157 5 5
29 32 151 2 5
30 32 163 12 5
102 32 156 32 5
118 32 155 9 5
121 32 152 10 5
124 32 157 7 5
127 32 153 3 5
32 51 164 26 5
32 53 161 11 5
32 56 180 22 5
32 64 159 24 5
32 69 149 36 5
32 72 162 19 5
32 94 153 9 5
33 8 76 11 5
12 33 73 0 5
15 33 68 0 5
20 33 71 0 5
29 33 56 0 5
103 33 65 16 5
106 33 71 11 5
107 33 93 23 5
115 33 57 0 5
119 33 98 19 5
121 33 69 2 5
122 33 101 25 5
124 33 72 0 5
126 33 71 0 5
127 33 60 0 5
33 41 61 2 5
33 42 80 2 5
33 45 72 17 5
33 46 53 0 5
33 50 55 0 5
33 51 93 12 5
33 52 83 9 5
33 53 76 4 5
33 57 58 0 5
33 58 61 0 5
33 81 84 4 5
33 88 57 0 5
33 94 72 0 5
34 5 55 1 5
34 8 68 5 5
12 34 53 0 5
14 34 80 19 5
15 34 46 1 5
16 34 37 12 5
20 34 47 2 5
26 34 57 21 5
29 34 36 0 5
30 34 66 1 5
115 34 37 0 5
118 34 54 0 5
121 34 53 0 5
123 34 67 2 5
124 34 52 0 5
126 34 51 0 5
127 34 40 0 5
34 37 73 8 5
34 38 55 0 5
34 41 45 0 5
34 46 33 0 5
34 47 54 0 5
34 50 35 0 5
34 52 67 7 5
34 53 62 1 5
34 55 61 8 5
34 57 38 0 5
34 58 33 4 5
34 59 41 15 5
34 71 57 0 5
34 73 59 0 5
34 82 55 0 5
34 88 37 0 5
34 90 61 0 5
34 92 52 1 5
34 93 54 0 5
34 94 52 0 5
34 96 61 0 5
27 35 293 73 5
35 45 295 43 5
36 5 71 12 5
15 36 78 4 5
24 36 84 13 5
29 36 74 0 5
110 36 103 13 5
114 36 92 18 5
115 36 75 0 5
124 36 78 6 5
127 36 78 0 5
36 41 83 0 5
36 42 92 5 5
36 43 95 7 5
36 46 71 0 5
36 47 86 3 5
36 50 73 0 5
36 53 96 3 5
36 57 76 0 5
36 58 79 0 5
36 71 87 4 5
36 73 91 3 5
36 78 109 7 5
36 88 75 0 5
36 89 86 7 5
36 90 69 15 5
36 92 64 14 5
37 8 87 7 5
2 37 104 11 5
12 37 64 6 5
15 37 71 0 5
16 37 74 5 5
20 37 68 3 5
26 37 98 12 5
29 37 55 2 5
33 37 95 7 5
34 37 73 8 5
106 37 78 9 5
115 37 60 0 5
124 37 67 4 5
126 37 70 2 5
127 37 63 0 5
37 41 68 0 5
37 46 56 0 5
37 47 69 4 5
37 50 58 0 5
37 51 86 17 5
37 56 100 14 5
37 57 61 0 5
37 58 64 0 5
37 59 78 8 5
37 70 108 16 5
37 76 102 16 5
37 77 121 21 5
37 78 90 9 5
37 88 60 0 5
37 89 79 3 5
38 5 46 0 5
10 38 59 10 5
12 38 42 0 5
15 38 37 0 5
16 38 44 3 5
20 38 40 0 5
29 38 25 0 5
30 38 55 1 5
31 38 114 10 5
104 38 51 2 5
115 38 26 0 5
118 38 43 0 5
121 38 36 3 5
124 38 41 0 5
126 38 40 0 5
127 38 29 0 5
38 41 34 0 5
38 46 22 0 5
38 47 43 0 5
38 50 24 0 5
38 53 51 1 5
38 57 27 0 5
38 58 30 0 5
38 59 58 1 5
38 61 55 3 5
38 64 61 8 5
38 69 79 6 5
38 71 46 0 5
38 73 48 0 5
38 82 44 0 5
38 88 26 0 5
38 89 51 0 5
38 90 50 0 5
38 91 96 9 5
38 92 43 0 5
38 93 43 0 5
38 94 41 0 5
38 96 48 1 5
12 39 59 9 5
15 39 72 0 5
20 39 57 9 5
29 39 60 0 5
34 39 84 3 5
115 39 61 0 5
118 39 78 0 5
121 39 77 0 5
124 39 76 0 5
126 39 75 0 5
127 39 64 0 5
39 41 69 0 5
39 42 60 14 5
39 43 85 5 5
39 46 57 0 5
39 47 78 0 5
39 50 59 0 5
39 55 79 11 5
39 56 97 16 5
39 57 62 0 5
39 58 65 0 5
39 76 79 28 5
39 78 73 18 5
39 88 61 0 5
39 89 82 2 5
39 92 78 0 5
39 93 78 0 5
39 94 76 0 5
14 40 174 43 5
16 40 173 15 5
23 40 188 51 5
29 40 174 2 5
34 40 182 13 5
115 40 173 3 5
118 40 178 9 5
119 40 188 35 5
124 40 172 11 5
40 50 173 2 5
40 51 165 37 5
40 52 183 20 5
40 53 180 13 5
40 57 174 3 5
40 58 173 5 5
40 59 169 22 5
40 86 167 51 5
41 5 36 0 5
2 41 66 8 5
12 41 32 0 5
15 41 27 0 5
16 41 40 0 5
20 41 30 0 5
29 41 15 0 5
30 41 47 0 5
34 41 45 0 5
38 41 34 0 5
104 41 45 0 5
115 41 16 0 5
118 41 33 0 5
121 41 32 0 5
123 41 50 0 5
124 41 31 0 5
126 41 30 0 5
127 41 17 1 5
41 42 43 0 5
41 43 48 1 5
41 46 12 0 5
41 47 33 0 5
41 50 14 0 5
41 53 43 0 5
41 57 17 0 5
41 58 20 0 5
41 59 50 0 5
41 67 88 8 5
41 71 36 0 5
41 73 38 0 5
41 81 49 1 5
41 82 32 1 5
41 88 16 0 5
41 89 41 0 5
41 90 40 0 5
41 92 33 0 5
41 93 33 0 5
41 94 29 1 5
41 96 40 0 5
42 5 55 0 5
12 42 41 5 5
15 42 46 0 5
16 42 59 0 5
20 42 49 0 5
29 42 34 0 5
30 42 60 3 5
38 42 53 0 5
39 42 60 14 5
41 42 43 0 5
106 42 65 3 5
115 42 35 0 5
118 42 52 0 5
121 42 49 1 5
124 42 50 0 5
126 42 49 0 5
127 42 38 0 5
42 46 31 0 5
42 47 52 0 5
42 50 33 0 5
42 53 60 1 5
42 55 67 4 5
42 56 85 9 5
42 57 36 0 5
42 58 39 0 5
42 70 93 11 5
42 71 55 0 5
42 73 57 0 5
42 76 75 17 5
42 78 55 14 5
42 82 53 0 5
42 88 35 0 5
42 89 54 3 5
42 90 59 0 5
42 92 52 0 5
42 93 52 0 5
42 94 50 0 5
42 96 59 0 5
43 5 44 9 5
12 43 58 0 5
15 43 49 2 5
20 43 56 0 5
29 43 41 0 5
36 43 95 7 5
38 43 60 0 5
39 43 85 5 5
41 43 48 1 5
105 43 73 5 5
114 43 81 7 5
115 43 42 0 5
118 43 59 0 5
121 43 58 0 5
124 43 57 0 5
126 43 56 0 5
127 43 45 0 5
43 46 38 0 5
43 47 59 0 5
43 50 40 0 5
43 57 43 0 5
43 58 46 0 5
43 71 62 0 5
43 72 74 6 5
43 81 71 3 5
43 82 60 0 5
43 88 42 0 5
43 90 48 9 5
43 92 59 0 5
43 93 59 0 5
43 94 57 0 5
17 44 158 26 5
25 44 145 27 5
41 44 116 4 5
121 44 114 9 5
123 44 130 10 5
44 47 121 6 5
44 53 125 9 5
44 61 131 10 5
44 64 125 21 5
44 69 143 19 5
44 89 125 8 5
44 96 126 7 5
45 8 88 5 5
12 45 73 0 5
15 45 68 0 5
20 45 71 0 5
29 45 56 0 5
33 45 72 17 5
34 45 82 2 5
38 45 75 0 5
41 45 65 0 5
43 45 87 2 5
103 45 67 15 5
106 45 85 4 5
115 45 57 0 5
118 45 74 0 5
121 45 73 0 5
124 45 72 0 5
126 45 71 0 5
127 45 58 1 5
45 46 53 0 5
45 47 74 0 5
45 48 103 28 5
45 50 55 0 5
45 52 81 10 5
45 57 58 0 5
45 58 61 0 5
45 81 82 5 5
45 82 75 0 5
45 88 57 0 5
45 92 74 0 5
45 93 74 0 5
45 94 72 0 5
45 95 96 27 5
47 5 45 0 5
12 47 41 0 5
15 47 36 0 5
16 47 49 0 5
18 47 68 7 5
20 47 39 0 5
25 47 82 13 5
29 47 24 0 5
30 47 56 0 5
34 47 54 0 5
38 47 43 0 5
41 47 33 0 5
42 47 52 0 5
43 47 59 0 5
46 47 21 0 5
104 47 54 0 5
115 47 25 0 5
118 47 42 0 5
121 47 41 0 5
123 47 55 2 5
124 47 40 0 5
126 47 39 0 5
127 47 28 0 5
47 50 23 0 5
47 52 65 2 5
47 53 52 0 5
47 57 26 0 5
47 58 29 0 5
47 59 59 0 5
47 61 58 1 5
47 71 37 4 5
47 73 47 0 5
47 82 41 1 5
47 85 73 12 5
47 88 25 0 5
47 89 36 7 5
47 90 49 0 5
47 92 42 0 5
47 93 30 6 5
47 94 40 0 5
47 96 47 1 5
10 48 109 27 5
16 48 118 8 5
18 48 135 16 5
29 48 109 0 5
33 48 129 15 5
38 48 114 7 5
45 48 103 28 5
46 48 106 0 5
103 48 124 13 5
107 48 136 28 5
115 48 110 0 5
126 48 112 6 5
127 48 111 1 5
48 50 108 0 5
48 57 111 0 5
48 73 122 5 5
48 81 119 13 5
48 82 106 11 5
48 88 110 0 5
48 95 143 30 5
49 5 155 12 5
15 49 164 3 5
24 49 142 26 5
105 49 146 27 5
114 49 154 29 5
115 49 155 2 5
118 49 152 12 5
123 49 171 11 5
124 49 164 5 5
126 49 167 3 5
49 87 147 50 5
49 90 151 16 5
49 92 154 11 5
5 50 26 0 5
12 50 22 0 5
15 50 17 0 5
16 50 26 2 5
20 50 20 0 5
24 50 41 0 5
29 50 5 0 5
30 50 37 0 5
34 50 35 0 5
38 50 24 0 5
41 50 14 0 5
42 50 33 0 5
43 50 40 0 5
46 50 2 0 5
47 50 23 0 5
104 50 35 0 5
106 50 42 0 5
115 50 6 0 5
118 50 23 0 5
121 50 22 0 5
123 50 40 0 5
124 50 21 0 5
126 50 20 0 5
127 50 9 0 5
50 53 33 0 5
50 55 42 2 5
50 57 7 0 5
50 58 8 1 5
50 59 36 2 5
50 61 41 0 5
50 71 26 0 5
50 73 28 0 5
50 81 41 0 5
50 82 24 0 5
50 88 6 0 5
50 89 31 0 5
50 90 30 0 5
50 92 23 0 5
50 93 23 0 5
50 94 21 0 5
50 96 30 0 5
51 8 79 15 5
12 51 84 0 5
15 51 79 0 5
20 51 82 0 5
29 51 61 3 5
30 51 81 9 5
33 51 93 12 5
34 51 89 4 5
37 51 86 17 5
41 51 76 0 5
46 51 64 0 5
50 51 66 0 5
106 51 84 10 5
115 51 68 0 5
118 51 69 8 5
121 51 84 0 5
124 51 69 7 5
126 51 82 0 5
127 51 71 0 5
51 57 69 0 5
51 58 72 0 5
51 62 114 20 5
51 72 86 13 5
51 82 78 4 5
51 88 68 0 5
51 94 77 3 5
52 8 83 5 5
14 52 87 23 5
15 52 63 0 5
16 52 64 6 5
20 52 66 0 5
24 52 79 4 5
29 52 51 0 5
33 52 83 9 5
34 52 67 7 5
41 52 60 0 5
45 52 81 10 5
46 52 48 0 5
47 52 65 2 5
50 52 50 0 5
103 52 70 11 5
106 52 80 4 5
107 52 96 19 5
114 52 91 7 5
115 52 52 0 5
124 52 67 0 5
126 52 60 3 5
127 52 55 0 5
52 57 47 3 5
52 58 50 3 5
52 59 78 4 5
52 82 64 3 5
52 88 52 0 5
52 89 69 4 5
52 94 67 0 5
12 53 51 0 5
15 53 46 0 5
16 53 57 1 5
20 53 49 0 5
29 53 34 0 5
33 53 76 4 5
38 53 51 1 5
41 53 43 0 5
46 53 31 0 5
47 53 52 0 5
50 53 33 0 5
102 53 85 7 5
103 53 67 4 5
104 53 58 3 5
115 53 35 0 5
118 53 52 0 5
121 53 43 4 5
123 53 51 9 5
124 53 50 0 5
126 53 49 0 5
127 53 38 0 5
130 53 88 8 5
53 56 89 7 5
53 57 36 0 5
53 58 39 0 5
53 59 61 4 5
53 64 64 11 5
53 69 88 6 5
53 73 55 1 5
53 82 53 0 5
53 88 33 1 5
53 89 52 4 5
53 92 52 0 5
53 93 52 0 5
53 94 44 3 5
53 96 57 1 5
54 6 102 20 5
5 54 80 12 5
12 54 94 3 5
15 54 81 7 5
17 54 120 29 5
18 54 113 14 5
20 54 86 6 5
29 54 83 0 5
30 54 105 5 5
41 54 92 0 5
42 54 103 4 5
46 54 80 0 5
47 54 81 10 5
50 54 82 0 5
106 54 94 13 5
115 54 84 0 5
118 54 93 4 5
126 54 96 1 5
127 54 87 0 5
54 57 85 0 5
54 58 88 0 5
54 60 97 31 5
54 88 84 0 5
54 89 89 10 5
54 90 92 8 5
54 92 95 3 5
2 55 80 17 5
5 55 68 0 5
12 55 52 6 5
14 55 91 19 5
15 55 59 0 5
16 55 56 8 5
20 55 46 8 5
26 55 88 11 5
29 55 47 0 5
30 55 69 5 5
34 55 61 8 5
38 55 66 0 5
39 55 79 11 5
41 55 56 0 5
42 55 67 4 5
46 55 44 0 5
47 55 65 0 5
50 55 42 2 5
115 55 48 0 5
118 55 65 0 5
121 55 64 0 5
124 55 63 0 5
126 55 62 0 5
127 55 51 0 5
55 57 49 0 5
55 58 42 5 5
55 59 48 17 5
55 71 68 0 5
55 73 70 0 5
55 76 88 17 5
55 78 78 9 5
55 82 66 0 5
55 86 82 28 5
55 88 48 0 5
55 92 65 0 5
55 93 65 0 5
55 94 63 0 5
12 56 60 16 5
15 56 83 2 5
16 56 94 3 5
20 56 80 5 5
26 56 106 16 5
29 56 75 0 5
37 56 100 14 5
38 56 86 4 5
39 56 97 16 5
41 56 84 0 5
42 56 85 9 5
46 56 72 0 5
50 56 74 0 5
53 56 89 7 5
55 56 96 10 5
102 56 100 20 5
104 56 85 10 5
115 56 76 0 5
121 56 90 1 5
126 56 80 5 5
127 56 79 0 5
56 57 77 0 5
56 58 74 3 5
56 64 105 11 5
56 76 98 26 5
56 78 86 19 5
56 88 76 0 5
56 93 87 3 5
56 94 73 9 5
57 8 50 0 5
5 57 29 0 5
12 57 25 0 5
15 57 20 0 5
16 57 33 0 5
20 57 23 0 5
24 57 44 0 5
29 57 8 0 5
30 57 40 0 5
34 57 38 0 5
38 57 27 0 5
41 57 17 0 5
42 57 36 0 5
43 57 43 0 5
46 57 5 0 5
47 57 26 0 5
50 57 7 0 5
52 57 47 3 5
53 57 36 0 5
55 57 49 0 5
103 57 47 1 5
104 57 38 0 5
105 57 50 0 5
106 57 45 0 5
114 57 58 2 5
115 57 9 0 5
118 57 26 0 5
121 57 25 0 5
123 57 43 0 5
124 57 24 0 5
126 57 23 0 5
127 57 12 0 5
57 58 13 0 5
57 59 43 0 5
57 61 44 0 5
57 71 29 0 5
57 73 31 0 5
57 81 38 3 5
57 82 27 0 5
57 88 9 0 5
57 89 34 0 5
57 90 33 0 5
57 92 26 0 5
57 93 26 0 5
57 94 24 0 5
57 96 33 0 5
2 58 68 5 5
5 58 32 0 5
12 58 28 0 5
15 58 23 0 5
16 58 24 6 5
20 58 26 0 5
26 58 68 3 5
29 58 11 0 5
30 58 43 0 5
34 58 33 4 5
38 58 30 0 5
41 58 20 0 5
42 58 39 0 5
46 58 8 0 5
47 58 29 0 5
50 58 8 1 5
52 58 50 3 5
53 58 39 0 5
55 58 42 5 5
57 58 13 0 5
104 58 41 0 5
115 58 12 0 5
118 58 29 0 5
121 58 28 0 5
124 58 27 0 5
126 58 26 0 5
127 58 15 0 5
58 59 38 4 5
58 71 32 0 5
58 73 34 0 5
58 82 30 0 5
58 88 12 0 5
58 89 37 0 5
58 90 36 0 5
58 92 29 0 5
58 93 29 0 5
58 94 27 0 5
58 96 36 0 5
5 59 62 0 5
12 59 56 1 5
14 59 69 27 5
15 59 53 0 5
16 59 44 11 5
20 59 46 5 5
26 59 58 23 5
29 59 41 0 5
30 59 69 2 5
34 59 41 15 5
37 59 78 8 5
38 59 58 1 5
41 59 50 0 5
46 59 38 0 5
47 59 59 0 5
50 59 36 2 5
53 59 61 4 5
55 59 48 17 5
57 59 43 0 5
58 59 38 4 5
115 59 42 0 5
118 59 59 0 5
121 59 58 0 5
123 59 72 2 5
124 59 57 0 5
126 59 56 0 5
127 59 45 0 5
59 71 62 0 5
59 73 64 0 5
59 82 60 0 5
59 86 82 25 5
59 88 42 0 5
59 89 67 0 5
59 90 66 0 5
59 92 59 0 5
59 93 59 0 5
59 94 57 0 5
59 96 66 0 5
16 60 97 5 5
17 60 127 25 5
18 60 106 17 5
26 60 117 14 5
29 60 82 0 5
34 60 94 9 5
37 60 109 13 5
39 60 106 15 5
42 60 98 6 5
46 60 79 0 5
47 60 78 11 5
50 60 81 0 5
53 60 102 4 5
54 60 97 31 5
57 60 84 0 5
58 60 87 0 5
59 60 99 9 5
106 60 99 10 5
115 60 83 0 5
118 60 90 5 5
126 60 93 2 5
127 60 86 0 5
60 88 83 0 5
60 89 82 13 5
61 8 74 5 5
10 61 70 13 5
15 61 54 0 5
16 61 65 1 5
24 61 70 4 5
25 61 100 13 5
29 61 42 0 5
38 61 55 3 5
41 61 51 0 5
46 61 39 0 5
47 61 58 1 5
50 61 41 0 5
57 61 44 0 5
58 61 47 0 5
105 61 76 4 5
115 61 43 0 5
127 61 44 1 5
61 82 59 1 5
61 83 141 15 5
61 88 41 1 5
61 89 60 4 5
61 96 57 5 5
5 62 100 7 5
15 62 97 4 5
30 62 105 10 5
36 62 129 16 5
39 62 115 16 5
42 62 105 8 5
46 62 90 0 5
51 62 114 20 5
110 62 112 18 5
118 62 93 9 5
124 62 93 8 5
127 62 91 3 5
62 73 106 5 5
62 75 144 26 5
62 78 110 16 5
62 82 104 4 5
62 87 132 25 5
62 89 101 9 5
62 90 94 12 5
62 92 83 14 5
62 94 99 5 5
5 63 146 15 5
10 63 149 30 5
15 63 157 5 5
18 63 177 18 5
38 63 156 9 5
46 63 152 0 5
47 63 153 10 5
61 63 167 12 5
105 63 141 28 5
118 63 155 9 5
123 63 168 11 5
63 73 160 9 5
63 87 176 34 5
63 89 147 17 5
63 90 140 20 5
12 64 75 0 5
15 64 70 0 5
17 64 115 19 5
20 64 73 0 5
29 64 58 0 5
38 64 61 8 5
41 64 67 0 5
46 64 55 0 5
50 64 57 0 5
53 64 64 11 5
57 64 60 0 5
58 64 63 0 5
103 64 83 8 5
104 64 80 4 5
115 64 59 0 5
121 64 51 12 5
123 64 81 6 5
124 64 72 1 5
126 64 73 0 5
127 64 62 0 5
64 69 80 22 5
64 82 75 1 5
64 88 59 0 5
64 94 62 6 5
64 96 75 4 5
5 65 154 11 5
12 65 152 10 5
39 65 159 25 5
41 65 158 3 5
42 65 157 13 5
123 65 162 14 5
65 78 156 24 5
65 92 153 10 5
65 97 180 55 5
66 8 108 19 5
5 66 91 17 5
15 66 104 6 5
24 66 100 20 5
29 66 104 0 5
36 66 122 25 5
41 66 103 5 5
46 66 101 0 5
50 66 103 0 5
52 66 121 14 5
57 66 100 3 5
58 66 109 0 5
61 66 124 8 5
103 66 121 12 5
114 66 92 33 5
115 66 105 0 5
124 66 108 6 5
127 66 108 0 5
66 71 121 2 5
66 73 115 6 5
66 84 118 49 5
66 87 123 35 5
66 88 105 0 5
66 90 93 18 5
66 92 92 15 5
11 67 112 50 5
18 67 121 16 5
29 67 91 2 5
41 67 88 8 5
46 67 92 0 5
47 67 103 5 5
50 67 94 0 5
57 67 97 0 5
115 67 96 0 5
124 67 95 8 5
126 67 108 1 5
127 67 99 0 5
67 71 100 8 5
67 82 104 5 5
67 88 96 0 5
67 89 117 2 5
67 93 101 6 5
67 96 112 4 5
15 68 119 7 5
23 68 159 37 5
57 68 113 5 5
64 68 141 16 5
100 68 174 34 5
110 68 148 14 5
121 68 114 12 5
124 68 123 7 5
68 69 133 27 5
68 81 129 14 5
68 90 126 10 5
68 92 123 8 5
15 69 70 7 5
20 69 81 3 5
29 69 72 0 5
30 69 92 6 5
38 69 79 6 5
41 69 77 2 5
46 69 69 0 5
50 69 71 0 5
53 69 88 6 5
56 69 115 13 5
57 69 74 0 5
58 69 77 0 5
64 69 80 22 5
101 69 103 15 5
102 69 105 16 5
104 69 86 8 5
115 69 73 0 5
121 69 65 12 5
123 69 97 5 5
127 69 74 1 5
69 88 73 0 5
69 93 72 9 5
69 94 82 3 5
69 96 89 4 5
1 70 119 24 5
6 70 78 34 5
12 70 86 9 5
20 70 98 2 5
29 70 81 3 5
37 70 108 16 5
42 70 93 11 5
46 70 84 0 5
50 70 86 0 5
51 70 114 17 5
57 70 89 0 5
58 70 92 0 5
104 70 107 5 5
106 70 100 12 5
115 70 88 0 5
124 70 93 5 5
127 70 91 0 5
70 71 104 2 5
70 72 106 13 5
70 76 118 22 5
70 78 102 17 5
70 88 88 0 5
70 93 101 2 5
70 96 106 3 5
71 8 65 2 5
5 71 48 0 5
12 71 44 0 5
15 71 39 0 5
16 71 52 0 5
20 71 42 0 5
24 71 55 4 5
29 71 27 0 5
30 71 59 0 5
34 71 57 0 5
38 71 46 0 5
41 71 36 0 5
42 71 55 0 5
43 71 62 0 5
46 71 24 0 5
47 71 37 4 5
50 71 26 0 5
53 71 55 0 5
57 71 29 0 5
58 71 32 0 5
59 71 62 0 5
104 71 57 0 5
115 71 28 0 5
118 71 45 0 5
121 71 44 0 5
123 71 56 3 5
124 71 43 0 5
126 71 42 0 5
127 71 31 0 5
71 73 50 0 5
71 78 70 3 5
71 82 46 0 5
71 88 26 1 5
71 89 53 0 5
71 90 52 0 5
71 92 41 2 5
71 93 33 6 5
71 94 39 2 5
71 96 42 5 5
72 8 83 5 5
6 72 88 11 5
15 72 63 0 5
20 72 66 0 5
29 72 49 1 5
33 72 89 6 5
34 72 75 3 5
41 72 60 0 5
43 72 74 6 5
46 72 48 0 5
50 72 50 0 5
51 72 86 13 5
57 72 53 0 5
58 72 56 0 5
70 72 106 13 5
115 72 52 0 5
117 72 114 13 5
122 72 108 19 5
124 72 67 0 5
126 72 66 0 5
127 72 55 0 5
72 88 52 0 5
72 94 65 1 5
5 73 50 0 5
7 73 140 15 5
10 73 67 8 5
12 73 46 0 5
15 73 41 0 5
16 73 48 3 5
20 73 44 0 5
24 73 55 5 5
29 73 29 0 5
38 73 48 0 5
41 73 38 0 5
46 73 26 0 5
47 73 47 0 5
50 73 28 0 5
53 73 55 1 5
57 73 31 0 5
58 73 34 0 5
71 73 50 0 5
102 73 84 5 5
103 73 66 2 5
110 73 68 8 5
114 73 69 7 5
115 73 30 0 5
118 73 39 4 5
121 73 46 0 5
124 73 45 0 5
126 73 40 2 5
127 73 33 0 5
73 82 46 1 5
73 88 30 0 5
73 92 39 4 5
73 93 47 0 5
73 94 45 0 5
74 8 147 16 5
24 74 151 11 5
26 74 162 19 5
29 74 133 2 5
43 74 142 15 5
72 74 146 18 5
104 74 145 11 5
105 74 135 22 5
124 74 137 8 5
126 74 138 7 5
75 9 141 44 5
18 75 99 34 5
25 75 141 26 5
29 75 109 0 5
30 75 125 8 5
41 75 106 6 5
46 75 106 0 5
47 75 111 8 5
50 75 108 0 5
62 75 144 26 5
67 75 132 33 5
71 75 116 7 5
115 75 106 2 5
127 75 109 2 5
75 81 117 14 5
75 82 116 6 5
75 88 108 1 5
75 89 113 11 5
75 93 113 7 5
75 94 113 6 5
12 76 70 14 5
20 76 70 13 5
29 76 77 2 5
39 76 79 28 5
41 76 90 0 5
42 76 75 17 5
46 76 78 0 5
47 76 87 6 5
50 76 80 0 5
53 76 99 5 5
55 76 88 17 5
56 76 98 26 5
57 76 83 0 5
58 76 86 0 5
71 76 98 2 5
115 76 82 0 5
124 76 93 2 5
127 76 85 0 5
76 78 74 28 5
76 88 82 0 5
76 89 85 11 5
76 94 87 5 5
76 96 100 3 5
77 9 162 34 5
2 77 135 21 5
12 77 113 7 5
33 77 120 20 5
34 77 124 8 5
37 77 121 21 5
41 77 103 8 5
42 77 112 13 5
56 77 133 23 5
59 77 119 13 5
67 77 149 25 5
106 77 121 13 5
77 78 133 13 5
77 81 122 12 5
77 88 109 1 5
5 78 66 5 5
12 78 40 16 5
15 78 61 3 5
20 78 52 9 5
29 78 55 0 5
30 78 81 3 5
34 78 79 3 5
37 78 90 9 5
39 78 73 18 5
41 78 64 0 5
42 78 55 14 5
46 78 52 0 5
47 78 71 1 5
50 78 54 0 5
55 78 78 9 5
56 78 86 19 5
57 78 57 0 5
58 78 60 0 5
71 78 70 3 5
76 78 74 28 5
110 78 82 14 5
115 78 56 0 5
117 78 86 29 5
121 78 72 0 5
124 78 59 6 5
126 78 70 0 5
127 78 59 0 5
78 88 56 0 5
78 89 77 2 5
78 90 56 12 5
78 92 55 9 5
78 94 71 0 5
78 96 68 6 5
39 79 175 26 5
47 79 173 9 5
55 79 166 24 5
58 79 164 7 5
76 79 186 31 5
126 79 170 9 5
79 89 173 13 5
2 80 193 34 5
20 80 183 13 5
33 80 188 28 5
39 80 192 28 5
45 80 188 28 5
80 81 188 21 5
5 81 57 3 5
12 81 59 0 5
15 81 54 0 5
20 81 57 0 5
23 81 120 17 5
29 81 42 0 5
41 81 49 1 5
43 81 71 3 5
45 81 82 5 5
46 81 39 0 5
50 81 41 0 5
57 81 38 3 5
58 81 47 0 5
75 81 117 14 5
101 81 91 6 5
104 81 68 2 5
115 81 39 2 5
121 81 59 0 5
124 81 58 0 5
126 81 57 0 5
127 81 44 1 5
81 88 43 0 5
81 90 61 3 5
81 94 58 0 5
5 82 46 0 5
12 82 42 0 5
15 82 37 0 5
16 82 50 0 5
18 82 65 9 5
20 82 40 0 5
29 82 25 0 5
38 82 44 0 5
41 82 32 1 5
46 82 22 0 5
47 82 41 1 5
48 82 106 11 5
50 82 24 0 5
51 82 78 4 5
52 82 64 3 5
57 82 27 0 5
58 82 30 0 5
61 82 59 1 5
71 82 46 0 5
73 82 46 1 5
110 82 68 6 5
115 82 26 0 5
118 82 33 5 5
119 82 93 6 5
121 82 42 0 5
124 82 41 0 5
126 82 38 1 5
127 82 25 2 5
82 88 26 0 5
82 90 50 0 5
82 92 43 0 5
82 93 43 0 5
82 94 39 1 5
82 96 50 0 5
8 83 139 19 5
24 83 141 15 5
29 83 135 0 5
33 83 113 36 5
41 83 132 6 5
45 83 113 36 5
46 83 132 0 5
50 83 134 0 5
52 83 142 19 5
57 83 127 5 5
58 83 140 0 5
61 83 141 15 5
103 83 140 18 5
115 83 136 0 5
127 83 139 0 5
83 88 134 1 5
5 84 123 8 5
8 84 134 13 5
15 84 118 6 5
24 84 112 21 5
29 84 118 0 5
41 84 115 6 5
46 84 115 0 5
50 84 117 0 5
57 84 116 2 5
61 84 136 9 5
66 84 118 49 5
81 84 136 9 5
103 84 129 15 5
114 84 118 27 5
127 84 120 1 5
84 85 133 29 5
84 88 117 1 5
84 90 127 8 5
2 85 114 16 5
8 85 103 9 5
16 85 94 5 5
24 85 77 19 5
29 85 79 0 5
34 85 99 5 5
41 85 84 2 5
46 85 76 0 5
47 85 73 12 5
50 85 76 1 5
52 85 104 10 5
55 85 102 9 5
57 85 81 0 5
58 85 72 6 5
71 85 88 6 5
84 85 133 29 5
114 85 105 14 5
115 85 80 0 5
127 85 81 1 5
85 87 126 21 5
85 88 80 0 5
85 89 87 9 5
85 92 93 2 5
85 93 91 3 5
12 86 102 6 5
14 86 111 34 5
16 86 98 12 5
20 86 92 10 5
26 86 108 26 5
29 86 91 3 5
30 86 99 15 5
34 86 93 17 5
46 86 94 0 5
50 86 92 2 5
55 86 82 28 5
57 86 99 0 5
58 86 92 5 5
59 86 82 25 5
76 86 126 23 5
115 86 98 0 5
117 86 118 34 5
124 86 103 5 5
127 86 95 3 5
86 88 98 0 5
86 89 115 4 5
86 94 109 2 5
5 87 94 11 5
8 87 113 12 5
15 87 103 2 5
24 87 85 23 5
29 87 95 0 5
36 87 123 20 5
46 87 92 0 5
47 87 109 2 5
50 87 94 0 5
57 87 97 0 5
58 87 100 0 5
61 87 115 8 5
66 87 123 35 5
71 87 108 4 5
73 87 110 4 5
85 87 126 21 5
105 87 105 16 5
110 87 122 14 5
114 87 89 30 5
115 87 96 0 5
123 87 114 8 5
124 87 101 5 5
127 87 99 0 5
87 88 96 0 5
87 89 111 5 5
87 90 88 16 5
87 92 95 9 5
87 94 101 5 5
5 88 28 0 5
12 88 24 0 5
15 88 19 0 5
16 88 32 0 5
20 88 22 0 5
24 88 43 0 5
29 88 7 0 5
30 88 39 0 5
34 88 37 0 5
38 88 26 0 5
41 88 16 0 5
42 88 35 0 5
43 88 42 0 5
46 88 4 0 5
47 88 25 0 5
50 88 6 0 5
53 88 33 1 5
57 88 9 0 5
58 88 12 0 5
59 88 42 0 5
61 88 41 1 5
71 88 26 1 5
73 88 30 0 5
81 88 43 0 5
82 88 26 0 5
104 88 37 0 5
106 88 44 0 5
115 88 8 0 5
118 88 25 0 5
121 88 24 0 5
123 88 42 0 5
124 88 23 0 5
126 88 22 0 5
127 88 11 0 5
88 89 33 0 5
88 90 32 0 5
88 92 25 0 5
88 93 25 0 5
88 94 23 0 5
88 96 30 1 5
12 89 49 0 5
15 89 44 0 5
18 89 76 7 5
20 89 47 0 5
25 89 96 10 5
29 89 32 0 5
30 89 56 4 5
36 89 86 7 5
38 89 51 0 5
41 89 41 0 5
42 89 54 3 5
46 89 29 0 5
47 89 36 7 5
50 89 31 0 5
52 89 69 4 5
53 89 52 4 5
54 89 89 10 5
57 89 34 0 5
58 89 37 0 5
60 89 82 13 5
61 89 60 4 5
62 89 101 9 5
76 89 85 11 5
82 89 51 0 5
85 89 87 9 5
88 89 33 0 5
115 89 33 0 5
118 89 50 0 5
121 89 49 0 5
124 89 48 0 5
126 89 47 0 5
127 89 30 3 5
89 92 50 0 5
89 93 50 0 5
89 94 48 0 5
5 90 12 20 5
12 90 48 0 5
15 90 33 5 5
16 90 56 0 5
20 90 46 0 5
29 90 31 0 5
38 90 50 0 5
41 90 40 0 5
43 90 48 9 5
46 90 28 0 5
47 90 49 0 5
50 90 30 0 5
57 90 33 0 5
58 90 36 0 5
71 90 52 0 5
73 90 54 0 5
78 90 56 12 5
81 90 61 3 5
82 90 50 0 5
88 90 32 0 5
105 90 61 6 5
110 90 68 9 5
114 90 55 15 5
115 90 32 0 5
118 90 49 0 5
121 90 48 0 5
124 90 35 6 5
126 90 46 0 5
127 90 35 0 5
90 92 31 9 5
90 93 49 0 5
90 94 47 0 5
90 96 56 0 5
10 91 117 16 5
16 91 86 17 5
18 91 121 16 5
20 91 106 2 5
25 91 115 32 5
29 91 95 0 5
30 91 99 14 5
34 91 111 7 5
38 91 96 9 5
46 91 92 0 5
47 91 99 7 5
50 91 94 0 5
55 91 114 11 5
57 91 97 0 5
58 91 88 6 5
59 91 114 8 5
61 91 117 7 5
71 91 104 6 5
73 91 110 4 5
82 91 102 6 5
88 91 96 0 5
89 91 115 3 5
115 91 96 0 5
124 91 93 9 5
127 91 95 2 5
91 93 99 7 5
91 96 114 3 5
5 92 35 5 5
8 92 64 1 5
12 92 41 0 5
15 92 30 3 5
16 92 49 0 5
20 92 39 0 5
24 92 48 6 5
29 92 24 0 5
34 92 52 1 5
38 92 43 0 5
41 92 33 0 5
46 92 21 0 5
47 92 42 0 5
50 92 23 0 5
57 92 26 0 5
58 92 29 0 5
71 92 41 2 5
73 92 39 4 5
78 92 55 9 5
82 92 43 0 5
88 92 25 0 5
89 92 50 0 5
90 92 31 9 5
110 92 59 10 5
114 92 60 9 5
115 92 25 0 5
118 92 42 0 5
121 92 41 0 5
124 92 32 4 5
126 92 39 0 5
127 92 28 0 5
92 93 42 0 5
92 94 40 0 5
92 96 49 0 5
5 93 45 0 5
12 93 41 0 5
15 93 28 4 5
16 93 49 0 5
18 93 72 5 5
20 93 39 0 5
29 93 24 0 5
38 93 43 0 5
41 93 33 0 5
46 93 21 0 5
47 93 30 6 5
50 93 23 0 5
57 93 26 0 5
58 93 29 0 5
69 93 72 9 5
71 93 33 6 5
73 93 47 0 5
82 93 43 0 5
88 93 25 0 5
89 93 50 0 5
90 93 49 0 5
92 93 42 0 5
101 93 71 7 5
104 93 42 6 5
110 93 67 6 5
115 93 25 0 5
118 93 42 0 5
121 93 41 0 5
124 93 40 0 5
126 93 39 0 5
127 93 28 0 5
93 94 40 0 5
93 96 49 0 5
5 94 43 0 5
12 94 39 0 5
15 94 34 0 5
16 94 47 0 5
20 94 37 0 5
29 94 22 0 5
38 94 41 0 5
41 94 29 1 5
42 94 50 0 5
46 94 19 0 5
47 94 40 0 5
50 94 21 0 5
51 94 77 3 5
53 94 44 3 5
56 94 73 9 5
57 94 24 0 5
58 94 27 0 5
64 94 62 6 5
71 94 39 2 5
73 94 45 0 5
82 94 39 1 5
88 94 23 0 5
89 94 48 0 5
90 94 47 0 5
92 94 40 0 5
93 94 40 0 5
102 94 69 9 5
105 94 60 2 5
115 94 23 0 5
118 94 40 0 5
121 94 39 0 5
123 94 55 1 5
124 94 38 0 5
126 94 37 0 5
127 94 24 1 5
94 96 45 1 5
33 95 104 23 5
41 95 105 2 5
45 95 96 27 5
46 95 97 0 5
48 95 143 30 5
82 95 113 3 5
83 95 135 47 5
89 95 114 6 5
93 95 112 3 5
118 95 96 11 5
125 95 141 34 5
127 95 102 1 5
5 96 52 0 5
6 96 78 6 5
10 96 75 5 5
12 96 48 0 5
15 96 43 0 5
16 96 56 0 5
18 96 79 5 5
20 96 46 0 5
29 96 31 0 5
30 96 61 1 5
38 96 48 1 5
41 96 40 0 5
46 96 28 0 5
47 96 47 1 5
50 96 30 0 5
53 96 57 1 5
57 96 33 0 5
58 96 36 0 5
61 96 57 5 5
64 96 75 4 5
71 96 42 5 5
73 96 54 0 5
78 96 68 6 5
82 96 50 0 5
88 96 30 1 5
89 96 57 0 5
90 96 56 0 5
92 96 49 0 5
93 96 49 0 5
94 96 45 1 5
105 96 63 5 5
110 96 76 5 5
115 96 32 0 5
118 96 49 0 5
121 96 32 8 5
123 96 60 3 5
124 96 47 0 5
126 96 46 0 5
127 96 35 0 5
5 97 132 15 5
12 97 138 10 5
15 97 133 10 5
20 97 134 11 5
39 97 133 31 5
41 97 138 6 5
42 97 137 16 5
65 97 180 55 5
69 97 141 33 5
78 97 146 22 5
90 97 140 13 5
93 97 141 9 5
121 97 136 11 5
5 98 194 19 5
10 98 191 37 5
90 98 196 20 5
105 98 209 22 5
126 98 208 9 5
15 99 125 6 5
18 99 131 26 5
29 99 125 0 5
38 99 132 6 5
41 99 126 4 5
46 99 122 0 5
47 99 127 8 5
50 99 124 0 5
57 99 127 0 5
58 99 130 0 5
71 99 116 15 5
82 99 122 11 5
88 99 124 1 5
93 99 115 14 5
94 99 137 2 5
96 99 128 11 5
101 99 130 28 5
104 99 129 13 5
110 99 122 29 5
115 99 122 2 5
118 99 127 8 5
121 99 128 7 5
124 99 137 2 5
126 99 132 4 5
127 99 129 0 5
130 99 149 23 5
100 15 131 4 5
100 29 127 0 5
100 31 156 40 5
100 38 134 6 5
100 46 124 0 5
100 50 126 0 5
100 53 135 10 5
100 57 125 2 5
100 64 139 20 5
100 69 145 24 5
100 81 143 10 5
100 88 128 0 5
100 93 127 9 5
100 101 126 31 5
100 104 109 24 5
100 115 120 4 5
100 118 129 8 5
100 121 120 12 5
100 126 134 4 5
101 12 84 0 5
101 15 65 7 5
101 20 82 0 5
101 29 67 0 5
101 38 84 1 5
101 41 76 0 5
101 46 64 0 5
101 47 85 0 5
101 50 66 0 5
101 53 89 3 5
101 57 69 0 5
101 58 72 0 5
101 64 105 7 5
101 69 103 15 5
101 73 88 1 5
101 81 91 6 5
101 82 86 0 5
101 88 68 0 5
101 92 85 0 5
101 93 71 7 5
101 94 83 0 5
101 96 90 1 5
1 101 111 18 5
100 101 126 31 5
101 104 69 14 5
101 115 66 1 5
101 118 83 1 5
101 121 78 3 5
101 123 92 5 5
101 124 83 0 5
101 126 76 3 5
101 127 71 0 5
102 8 101 6 5
102 15 77 3 5
102 23 123 30 5
102 26 110 12 5
102 29 71 0 5
102 38 82 4 5
102 41 80 0 5
102 46 68 0 5
102 50 70 0 5
102 53 85 7 5
102 56 100 20 5
102 57 73 0 5
102 58 76 0 5
102 61 95 6 5
102 64 103 10 5
102 69 105 16 5
102 73 84 5 5
102 88 72 0 5
102 93 81 4 5
102 94 69 9 5
102 104 79 11 5
102 115 72 0 5
102 126 72 7 5
102 127 75 0 5
103 8 71 9 5
103 12 64 0 5
103 14 101 14 5
103 15 59 0 5
103 16 64 4 5
103 20 62 0 5
103 29 47 0 5
103 33 65 16 5
103 38 64 1 5
103 41 56 0 5
103 45 67 15 5
103 46 44 0 5
103 47 65 0 5
103 50 46 0 5
103 52 70 11 5
103 53 67 4 5
103 57 47 1 5
103 58 52 0 5
103 64 83 8 5
103 73 66 2 5
103 82 66 0 5
103 88 48 0 5
103 92 65 0 5
103 93 65 0 5
103 94 63 0 5
103 105 77 6 5
103 106 68 8 5
103 107 90 20 5
103 115 48 0 5
103 118 65 0 5
103 119 99 14 5
103 121 62 1 5
103 123 66 8 5
103 124 63 0 5
103 126 62 0 5
103 127 51 0 5
104 5 57 0 5
104 12 53 0 5
104 15 42 3 5
104 16 61 0 5
104 20 51 0 5
104 26 85 7 5
104 29 36 0 5
104 38 51 2 5
104 41 45 0 5
104 46 33 0 5
104 47 54 0 5
104 50 35 0 5
104 53 58 3 5
104 57 38 0 5
104 58 41 0 5
104 71 57 0 5
104 73 59 0 5
104 81 68 2 5
104 82 55 0 5
104 88 37 0 5
104 89 62 0 5
104 90 61 0 5
104 92 54 0 5
104 93 42 6 5
104 94 52 0 5
104 96 61 0 5
101 104 69 14 5
102 104 79 11 5
104 115 29 4 5
104 118 54 0 5
104 121 53 0 5
104 124 52 0 5
104 126 37 7 5
104 127 40 0 5
104 130 80 13 5
105 5 57 6 5
105 8 80 5 5
105 12 65 0 5
105 15 60 0 5
105 20 63 0 5
105 29 48 0 5
105 34 74 2 5
105 38 67 0 5
105 41 57 0 5
105 43 73 5 5
105 46 45 0 5
105 47 66 0 5
105 50 47 0 5
105 57 50 0 5
105 58 53 0 5
105 61 76 4 5
105 71 69 0 5
105 72 85 4 5
105 73 71 0 5
105 82 67 0 5
105 88 49 0 5
105 89 72 1 5
105 90 61 6 5
105 92 66 0 5
105 93 66 0 5
105 94 60 2 5
105 96 63 5 5
103 105 77 6 5
105 114 86 8 5
105 115 49 0 5
105 118 66 0 5
105 121 65 0 5
105 123 61 11 5
105 124 64 0 5
105 126 63 0 5
105 127 52 0 5
106 2 90 10 5
106 6 74 14 5
106 8 61 12 5
106 12 60 0 5
106 15 55 0 5
106 20 58 0 5
106 29 43 0 5
106 30 73 1 5
106 33 71 11 5
106 37 78 9 5
106 38 62 0 5
106 41 52 0 5
106 42 65 3 5
106 46 40 0 5
106 47 61 0 5
106 50 42 0 5
106 51 84 10 5
106 52 80 4 5
106 57 45 0 5
106 58 48 0 5
106 82 62 0 5
106 88 44 0 5
106 92 61 0 5
106 93 61 0 5
106 94 59 0 5
103 106 68 8 5
106 115 44 0 5
106 118 57 2 5
106 121 60 0 5
106 124 59 0 5
106 126 56 1 5
106 127 47 0 5
107 8 107 12 5
107 15 101 0 5
107 16 106 4 5
107 29 89 0 5
107 33 93 23 5
107 41 98 0 5
107 42 105 6 5
107 45 107 16 5
107 46 86 0 5
107 50 88 0 5
107 52 96 19 5
107 57 81 5 5
107 58 94 0 5
107 73 100 6 5
107 81 113 6 5
107 88 90 0 5
10 107 107 18 5
103 107 90 20 5
106 107 100 13 5
107 115 90 0 5
107 121 104 1 5
107 126 96 4 5
107 127 93 0 5
108 12 132 11 5
108 20 128 12 5
108 24 119 27 5
108 27 157 44 5
108 39 143 24 5
108 42 147 9 5
108 57 137 1 5
108 64 149 20 5
108 78 142 22 5
108 87 156 35 5
108 92 133 11 5
108 114 137 27 5
108 121 136 9 5
109 5 117 18 5
109 15 132 6 5
109 24 130 19 5
109 41 135 3 5
109 57 128 3 5
109 66 136 47 5
109 73 141 7 5
109 85 155 25 5
109 87 153 34 5
109 90 119 19 5
109 92 128 11 5
109 114 104 41 5
110 5 68 7 5
110 6 98 11 5
110 12 78 0 5
110 15 61 6 5
110 18 85 17 5
110 20 76 0 5
110 24 89 4 5
110 29 61 0 5
110 34 89 1 5
110 38 80 0 5
110 41 70 0 5
110 46 58 0 5
110 47 71 4 5
110 50 60 0 5
110 57 63 0 5
110 58 66 0 5
110 71 68 7 5
110 73 68 8 5
110 78 82 14 5
110 82 68 6 5
110 88 62 0 5
110 90 68 9 5
110 92 59 10 5
110 93 67 6 5
110 94 77 0 5
110 96 76 5 5
110 114 93 11 5
110 115 62 0 5
110 118 67 6 5
110 121 78 0 5
110 124 63 7 5
110 126 76 0 5
110 127 65 0 5
111 20 206 9 5
111 39 207 28 5
10 111 195 34 5
111 121 202 12 5
111 126 200 12 5
112 5 162 9 5
112 20 158 8 5
112 23 173 49 5
112 31 174 47 5
112 55 160 20 5
104 112 157 16 5
112 115 156 2 5
112 126 158 8 5
112 130 175 27 5
113 8 152 19 5
113 24 142 21 5
113 29 148 0 5
113 33 156 21 5
113 41 149 4 5
113 45 134 32 5
113 46 145 0 5
113 50 147 0 5
113 52 165 14 5
113 57 142 4 5
113 58 153 0 5
113 81 150 17 5
113 83 117 80 5
113 88 147 1 5
113 115 149 0 5
113 127 150 1 5
114 5 55 13 5
114 8 90 6 5
114 12 77 0 5
114 15 68 2 5
114 16 85 0 5
114 20 75 0 5
114 24 50 23 5
114 29 60 0 5
114 36 92 18 5
114 38 79 0 5
114 41 69 0 5
114 43 81 7 5
114 46 57 0 5
114 47 78 0 5
114 50 59 0 5
114 52 91 7 5
114 57 58 2 5
114 58 65 0 5
114 71 75 3 5
114 73 69 7 5
114 81 88 4 5
114 82 79 0 5
114 87 89 30 5
114 88 61 0 5
114 90 55 15 5
114 92 60 9 5
114 93 78 0 5
114 94 76 0 5
114 96 85 0 5
105 114 86 8 5
110 114 93 11 5
114 115 61 0 5
114 118 78 0 5
114 121 77 0 5
114 124 70 3 5
114 126 75 0 5
114 127 64 0 5
115 5 28 0 5
115 8 49 0 5
115 12 24 0 5
115 15 19 0 5
115 16 32 0 5
115 20 22 0 5
115 24 43 0 5
115 29 7 0 5
115 30 39 0 5
115 34 37 0 5
115 38 26 0 5
115 41 16 0 5
115 42 35 0 5
115 43 42 0 5
115 46 4 0 5
115 47 25 0 5
115 50 6 0 5
115 53 35 0 5
115 55 48 0 5
115 57 9 0 5
115 58 12 0 5
115 59 42 0 5
115 61 43 0 5
115 71 28 0 5
115 73 30 0 5
115 81 39 2 5
115 82 26 0 5
115 88 8 0 5
115 89 33 0 5
115 90 32 0 5
115 92 25 0 5
115 93 25 0 5
115 94 23 0 5
115 96 32 0 5
103 115 48 0 5
104 115 29 4 5
105 115 49 0 5
106 115 44 0 5
115 118 25 0 5
115 121 24 0 5
115 123 42 0 5
115 124 23 0 5
115 126 22 0 5
115 127 11 0 5
116 20 185 13 5
116 54 187 43 5
116 60 200 36 5
10 116 194 28 5
117 12 88 12 5
117 16 98 11 5
117 20 84 13 5
117 34 101 12 5
117 37 118 15 5
117 46 92 0 5
117 50 90 2 5
117 55 100 18 5
117 58 88 6 5
117 59 98 16 5
117 72 114 13 5
117 76 132 19 5
117 78 86 29 5
117 86 118 34 5
117 90 96 12 5
117 92 91 11 5
117 124 87 12 5
118 5 45 0 5
118 12 41 0 5
118 15 36 0 5
118 16 49 0 5
118 20 39 0 5
118 29 24 0 5
118 30 56 0 5
118 34 54 0 5
118 38 43 0 5
118 41 33 0 5
118 42 52 0 5
118 46 21 0 5
118 47 42 0 5
118 50 23 0 5
118 51 69 8 5
118 53 52 0 5
118 57 26 0 5
118 58 29 0 5
118 71 45 0 5
118 73 39 4 5
118 82 33 5 5
118 88 25 0 5
118 89 50 0 5
118 90 49 0 5
118 92 42 0 5
118 93 42 0 5
118 94 40 0 5
118 95 96 11 5
118 96 49 0 5
104 118 54 0 5
106 118 57 2 5
110 118 67 6 5
115 118 25 0 5
118 121 41 0 5
118 124 40 0 5
118 126 39 0 5
118 127 28 0 5
119 6 93 26 5
119 12 103 0 5
119 15 98 0 5
119 18 114 15 5
119 20 101 0 5
119 29 86 0 5
119 33 98 19 5
119 41 95 0 5
119 45 110 13 5
119 46 83 0 5
119 47 94 5 5
119 50 85 0 5
119 57 78 5 5
119 58 91 0 5
119 71 93 7 5
119 72 113 9 5
119 81 110 6 5
119 82 93 6 5
119 88 87 0 5
119 92 104 0 5
119 93 94 5 5
119 94 102 0 5
119 96 103 4 5
103 119 99 14 5
106 119 99 12 5
110 119 109 16 5
115 119 87 0 5
119 121 103 0 5
119 124 102 0 5
119 126 99 1 5
119 127 90 0 5
120 20 183 12 5
120 36 198 31 5
120 55 191 21 5
120 90 181 18 5
120 92 184 13 5
12 120 185 12 5
121 5 44 0 5
121 15 35 0 5
121 16 48 0 5
121 20 38 0 5
121 29 23 0 5
121 30 49 3 5
121 34 53 0 5
121 38 36 3 5
121 41 32 0 5
121 42 49 1 5
121 43 58 0 5
121 46 20 0 5
121 47 41 0 5
121 50 22 0 5
121 53 43 4 5
121 57 25 0 5
121 58 28 0 5
121 59 58 0 5
121 64 51 12 5
121 69 65 12 5
121 71 44 0 5
121 73 46 0 5
121 82 42 0 5
121 88 24 0 5
121 89 49 0 5
121 90 48 0 5
121 92 41 0 5
121 93 41 0 5
121 94 39 0 5
121 96 32 8 5
12 121 40 0 5
104 121 53 0 5
115 121 24 0 5
118 121 41 0 5
121 123 52 3 5
121 124 39 0 5
121 126 38 0 5
121 127 27 0 5
122 8 119 12 5
122 29 97 2 5
122 33 101 25 5
122 37 124 15 5
122 41 106 2 5
122 43 116 10 5
122 45 127 12 5
122 46 98 0 5
122 50 100 0 5
122 51 120 21 5
122 52 118 14 5
122 57 97 3 5
122 58 106 0 5
122 72 108 19 5
122 88 102 0 5
103 122 118 12 5
106 122 114 12 5
115 122 102 0 5
119 122 137 22 5
122 126 110 3 5
122 127 105 0 5
123 5 62 0 5
123 15 53 0 5
123 20 56 0 5
123 29 41 0 5
123 34 67 2 5
123 38 60 0 5
123 41 50 0 5
123 46 38 0 5
123 47 55 2 5
123 50 40 0 5
123 53 51 9 5
123 57 43 0 5
123 58 46 0 5
123 59 72 2 5
123 64 81 6 5
123 71 56 3 5
123 82 60 0 5
123 88 42 0 5
123 89 65 1 5
123 92 59 0 5
123 93 59 0 5
123 94 55 1 5
123 96 60 3 5
12 123 58 0 5
101 123 92 5 5
103 123 66 8 5
105 123 61 11 5
106 123 74 2 5
115 123 42 0 5
118 123 59 0 5
121 123 52 3 5
123 124 57 0 5
123 126 56 0 5
123 127 45 0 5
124 5 39 2 5
124 15 32 1 5
124 16 47 0 5
124 20 37 0 5
124 29 22 0 5
124 30 42 6 5
124 37 67 4 5
124 38 41 0 5
124 41 31 0 5
124 46 19 0 5
124 47 40 0 5
124 50 21 0 5
124 51 69 7 5
124 57 24 0 5
124 58 27 0 5
124 71 43 0 5
124 73 45 0 5
124 78 59 6 5
124 82 41 0 5
124 88 23 0 5
124 89 48 0 5
124 90 35 6 5
124 91 93 9 5
124 92 32 4 5
124 93 40 0 5
124 94 38 0 5
124 96 47 0 5
12 124 39 0 5
110 124 63 7 5
115 124 23 0 5
118 124 40 0 5
121 124 39 0 5
124 126 37 0 5
124 127 26 0 5
125 6 120 27 5
125 41 118 3 5
125 46 112 0 5
125 50 114 0 5
125 70 136 30 5
125 81 135 8 5
125 82 128 3 5
125 93 127 3 5
125 95 141 34 5
1 125 141 27 5
101 125 124 26 5
104 125 119 13 5
106 125 128 12 5
115 125 114 1 5
118 125 109 12 5
125 126 122 4 5
125 130 143 21 5
126 5 42 0 5
126 15 33 0 5
126 16 46 0 5
126 20 36 0 5
126 26 68 8 5
126 29 21 0 5
126 38 40 0 5
126 41 30 0 5
126 46 18 0 5
126 47 39 0 5
126 50 20 0 5
126 52 60 3 5
126 56 80 5 5
126 57 23 0 5
126 58 26 0 5
126 71 42 0 5
126 73 40 2 5
126 82 38 1 5
126 88 22 0 5
126 89 47 0 5
126 90 46 0 5
126 92 39 0 5
126 93 39 0 5
126 94 37 0 5
126 96 46 0 5
10 126 65 5 5
12 126 38 0 5
102 126 72 7 5
104 126 37 7 5
106 126 56 1 5
115 126 22 0 5
118 126 39 0 5
121 126 38 0 5
124 126 37 0 5
126 127 25 0 5
127 5 31 0 5
127 15 22 0 5
127 16 35 0 5
127 20 25 0 5
127 29 10 0 5
127 30 34 4 5
127 34 40 0 5
127 38 29 0 5
127 41 17 1 5
127 42 38 0 5
127 45 58 1 5
127 46 7 0 5
127 47 28 0 5
127 50 9 0 5
127 53 38 0 5
127 57 12 0 5
127 58 15 0 5
127 61 44 1 5
127 71 31 0 5
127 73 33 0 5
127 81 44 1 5
127 82 25 2 5
127 88 11 0 5
127 89 30 3 5
127 90 35 0 5
127 92 28 0 5
127 93 28 0 5
127 94 24 1 5
127 96 35 0 5
12 127 27 0 5
104 127 40 0 5
115 127 11 0 5
118 127 28 0 5
121 127 27 0 5
124 127 26 0 5
126 127 25 0 5
128 38 168 15 5
128 39 171 31 5
128 72 184 20 5
10 128 165 34 5
12 128 168 14 5
129 20 160 8 5
129 25 169 38 5
129 37 172 21 5
129 41 160 5 5
129 51 164 29 5
129 67 156 47 5
129 71 166 8 5
129 72 168 19 5
129 76 170 33 5
11 129 172 53 5
12 129 160 9 5
124 129 159 9 5
130 29 76 0 5
130 30 96 6 5
130 38 83 6 5
130 41 85 0 5
130 46 73 0 5
130 50 75 0 5
130 53 88 8 5
130 57 78 0 5
130 58 81 0 5
130 64 114 7 5
130 81 100 6 5
130 88 75 1 5
130 93 90 2 5
130 94 88 2 5
130 99 149 23 5
1 130 120 18 5
12 130 89 2 5
100 130 155 21 5
104 130 80 13 5
112 130 175 27 5
115 130 69 4 5
118 130 88 3 5
123 130 101 5 5
124 130 90 1 5
125 130 143 21 5
126 130 89 1 5
127 130 78 1 5
