Res1 Res2 NSingle NDouble Method
3 74 14 11 3
36 6 19 6 3
6 82 16 3 3
10 43 0 13 3
12 97 19 12 3
17 92 0 17 3
130 20 25 8 3
20 41 22 8 3
20 52 27 8 3
26 30 12 6 3
27 86 19 7 3
26 30 12 6 3
113 30 11 8 3
10 43 0 13 3
113 48 19 9 3
48 88 12 11 3
24 52 13 8 3
55 78 0 14 3
55 93 0 14 3
57 77 19 14 3
113 67 19 11 3
3 69 36 13 3
6 69 34 13 3
3 77 17 15 3
74 77 17 12 3
55 78 0 14 3
78 93 0 14 3
8 80 2 0 3
15 80 2 0 3
53 80 2 0 3
123 80 2 0 3
127 80 2 0 3
48 88 12 11 3
17 92 0 17 3
55 93 0 14 3
78 93 0 14 3
12 97 19 12 3
113 30 11 8 3
113 67 19 11 3
116 125 24 20 3
122 88 17 8 3
124 57 38 12 3
116 125 24 20 3
