Res1 Res2 NSingle NDouble Method
3 74 5 10 3
3 77 7 11 3
36 6 12 4 3
6 82 10 2 3
12 26 15 6 3
12 27 13 9 3
12 28 15 3 3
12 30 15 4 3
12 42 15 15 3
12 48 16 7 3
12 86 14 7 3
12 88 14 6 3
12 97 14 9 3
12 125 16 12 3
13 89 1 5 3
17 92 0 9 3
130 20 18 7 3
20 28 17 3 3
20 41 16 5 3
20 52 19 7 3
25 35 22 37 3
113 26 10 7 3
122 26 12 7 3
125 26 13 11 3
26 30 4 7 3
26 88 11 5 3
12 27 13 9 3
27 28 14 3 3
27 86 9 9 3
27 97 13 9 3
28 8 5 0 3
15 28 5 0 3
123 28 5 0 3
127 28 5 0 3
28 53 5 0 3
109 29 0 8 3
26 30 4 7 3
113 30 8 6 3
32 71 0 8 3
32 72 0 8 3
35 50 16 32 3
128 39 14 22 3
40 45 0 9 3
40 45 0 9 3
122 48 13 8 3
48 88 6 9 3
24 52 10 7 3
33 52 15 5 3
41 52 13 5 3
44 52 16 9 3
3 57 9 10 3
57 74 10 8 3
57 77 10 10 3
104 58 0 9 3
105 63 0 8 3
111 66 0 8 3
117 66 0 8 3
113 67 13 10 3
6 69 20 12 3
57 69 21 13 3
69 74 23 10 3
32 71 0 8 3
71 72 0 8 3
32 72 0 8 3
71 72 0 8 3
3 74 5 10 3
74 77 8 9 3
3 77 7 11 3
74 77 8 9 3
8 80 2 0 3
15 80 2 0 3
53 80 2 0 3
123 80 2 0 3
127 80 2 0 3
82 9 7 2 3
27 86 9 9 3
28 86 11 3 3
108 86 11 5 3
86 97 10 9 3
48 88 6 9 3
13 89 1 5 3
17 92 0 9 3
8 94 3 0 3
15 94 3 0 3
53 94 3 0 3
123 94 3 0 3
127 94 3 0 3
12 97 14 9 3
27 97 13 9 3
86 97 10 9 3
125 97 14 13 3
100 33 14 8 3
104 58 0 9 3
105 63 0 8 3
107 8 4 0 3
107 15 4 0 3
107 53 4 0 3
107 80 2 2 3
107 123 4 0 3
107 127 4 0 3
109 29 0 8 3
111 66 0 8 3
111 117 0 8 3
113 26 10 7 3
113 30 8 6 3
116 125 6 21 3
117 66 0 8 3
111 117 0 8 3
118 8 8 0 3
118 15 8 0 3
118 28 9 2 3
118 53 8 0 3
118 61 7 1 3
118 82 8 1 3
118 123 8 0 3
118 127 8 0 3
122 26 12 7 3
122 48 13 8 3
122 88 11 7 3
124 69 19 22 3
118 124 23 8 3
116 125 6 21 3
