102	104
102	121
102	35
102	37
102	53
102	94
104	108
104	116
104	119
104	12
104	129
104	13
104	16
104	20
104	21
104	29
104	38
104	5
104	53
104	55
104	75
104	92
104	94
104	98
106	109
106	21
106	39
106	55
106	60
106	61
106	85
106	88
106	90
108	109
108	114
108	116
108	123
108	13
108	16
108	29
108	42
108	53
108	75
108	77
108	86
108	90
108	98
109	114
109	12
109	123
109	129
109	13
109	21
109	29
109	38
109	41
109	5
109	75
109	90
109	92
11	118
11	73
11	80
11	86
11	88
111	44
111	46
112	14
112	98
114	118
114	119
114	12
114	123
114	129
114	14
114	15
114	16
114	21
114	29
114	38
114	41
114	42
114	5
114	53
114	58
114	61
114	73
114	75
114	77
114	92
115	56
115	7
116	13
116	14
116	42
116	90
116	98
118	123
118	5
118	59
118	73
118	75
118	79
118	80
118	82
118	86
119	12
119	129
119	14
119	21
119	29
119	38
119	90
119	98
12	129
12	16
12	20
12	21
12	38
12	42
12	5
12	75
12	77
12	86
12	90
12	98
120	124
120	69
121	125
121	37
121	53
121	94
123	129
123	16
123	20
123	29
123	41
123	5
123	74
123	82
123	88
123	90
124	125
124	51
125	63
125	65
127	63
127	65
127	73
129	16
129	20
129	21
129	29
129	38
129	42
129	5
129	75
129	77
129	92
13	15
13	30
13	38
13	42
13	86
13	90
13	92
14	31
14	5
14	92
14	98
15	30
15	41
15	5
15	55
15	61
15	74
15	78
15	88
15	94
16	20
16	21
16	29
16	38
16	5
16	75
16	77
16	90
16	92
16	98
17	89
20	29
20	75
20	77
20	92
21	29
21	38
21	41
21	42
21	5
21	58
21	75
21	77
21	92
21	98
25	30
25	58
25	67
27	30
27	75
27	98
29	38
29	41
29	5
29	75
29	92
3	45
3	58
3	67
3	92
30	41
30	55
30	61
30	78
30	82
30	88
30	94
31	75
35	45
36	43
36	73
36	78
36	85
36	88
36	90
37	43
37	53
37	59
37	82
37	94
38	41
38	42
38	5
38	58
38	75
38	77
38	92
38	98
39	88
41	49
41	5
41	60
41	61
41	90
41	92
41	96
42	5
42	57
42	60
42	75
42	77
42	82
42	86
42	92
42	98
43	53
43	78
43	85
43	88
43	94
44	46
44	67
49	60
49	86
49	90
49	96
5	53
5	61
5	73
5	75
5	77
5	88
5	92
5	94
51	59
51	65
51	82
53	86
53	92
53	94
54	63
54	7
55	82
55	90
57	98
58	67
59	74
59	82
59	84
60	86
61	88
61	92
61	94
63	65
63	7
63	73
73	86
73	88
73	90
73	92
74	82
74	84
75	77
75	80
75	86
75	92
75	98
77	90
77	92
77	98
78	85
79	90
82	86
85	88
85	90
86	96
87	91
88	94
92	98
