Res1 Res2 NSingle NDouble Method
3 5 31 0 5
12 5 29 1 5
13 5 34 0 5
14 5 24 0 5
15 5 23 0 5
13 15 37 2 5
14 15 31 0 5
16 3 41 1 5
16 5 18 5 5
12 16 37 3 5
13 16 38 4 5
14 16 34 1 5
12 20 33 7 5
13 20 44 3 5
16 20 20 12 5
21 3 39 1 5
21 5 20 3 5
12 21 25 8 5
15 21 33 0 5
16 21 28 5 5
13 27 40 7 5
29 5 10 6 5
14 29 30 0 5
15 29 29 0 5
16 29 14 10 5
20 29 12 13 5
21 29 22 5 5
30 5 26 0 5
13 30 38 3 5
15 30 31 1 5
25 30 51 4 5
27 30 40 3 5
14 31 41 5 5
3 35 47 6 5
38 5 14 4 5
12 38 29 4 5
13 38 32 4 5
14 38 30 0 5
15 38 29 0 5
16 38 24 5 5
21 38 8 12 5
29 38 14 7 5
41 5 19 0 5
14 41 27 0 5
15 41 24 1 5
16 41 31 0 5
21 41 29 0 5
29 41 25 0 5
30 41 27 1 5
38 41 25 0 5
42 5 27 0 5
12 42 28 7 5
13 42 31 7 5
21 42 35 1 5
29 42 33 0 5
37 42 41 2 5
38 42 31 1 5
41 42 30 0 5
11 43 50 5 5
36 43 49 6 5
37 43 42 6 5
3 44 59 16 5
3 45 43 14 5
35 45 48 18 5
10 46 74 38 5
44 46 78 32 5
12 49 46 2 5
30 49 39 3 5
41 49 24 7 5
40 50 88 19 5
15 51 50 3 5
5 53 15 0 5
15 53 22 0 5
29 53 21 0 5
37 53 21 6 5
38 53 21 0 5
41 53 18 0 5
43 53 27 4 5
54 7 50 26 5
13 55 41 7 5
15 55 38 3 5
16 55 43 3 5
30 55 35 6 5
14 57 39 2 5
20 57 35 8 5
29 57 31 5 5
38 57 37 2 5
42 57 34 6 5
3 58 29 4 5
5 58 22 0 5
12 58 35 1 5
21 58 30 1 5
25 58 43 6 5
38 58 26 1 5
41 58 25 0 5
43 58 36 3 5
53 58 21 0 5
15 59 41 3 5
37 59 48 5 5
51 59 51 11 5
41 60 32 3 5
42 60 34 6 5
49 60 42 6 5
57 60 42 6 5
5 61 20 0 5
14 61 28 0 5
15 61 25 1 5
29 61 26 0 5
30 61 26 2 5
38 61 26 0 5
41 61 21 1 5
53 61 19 0 5
58 61 26 0 5
63 7 47 29 5
54 63 59 19 5
51 65 38 17 5
59 65 51 6 5
63 65 61 10 5
3 67 46 10 5
25 67 26 29 5
44 67 65 23 5
58 67 45 6 5
5 73 22 0 5
11 73 38 4 5
15 73 29 0 5
29 73 28 0 5
36 73 41 3 5
38 73 28 0 5
41 73 25 0 5
53 73 21 0 5
61 73 26 0 5
63 73 50 7 5
15 74 43 7 5
59 74 52 11 5
3 75 37 2 5
5 75 24 1 5
12 75 31 5 5
13 75 38 3 5
16 75 32 3 5
20 75 38 2 5
21 75 28 4 5
27 75 22 12 5
29 75 30 1 5
31 75 31 11 5
38 75 30 1 5
41 75 29 0 5
42 75 19 9 5
60 75 39 3 5
5 77 22 4 5
12 77 31 7 5
16 77 28 7 5
20 77 26 10 5
21 77 24 8 5
38 77 16 10 5
42 77 27 7 5
75 77 28 6 5
15 78 45 6 5
30 78 48 6 5
36 78 53 11 5
43 78 48 11 5
36 79 53 7 5
11 80 45 10 5
75 80 39 6 5
5 82 30 0 5
30 82 38 1 5
37 82 40 4 5
42 82 35 3 5
51 82 49 7 5
55 82 41 5 5
59 82 44 5 5
73 82 34 1 5
74 82 48 8 5
59 84 60 12 5
74 84 60 17 5
36 85 36 14 5
39 85 46 9 5
43 85 41 9 5
78 85 51 11 5
5 86 30 0 5
11 86 44 5 5
12 86 39 3 5
13 86 42 3 5
27 86 44 3 5
42 86 35 3 5
49 86 39 5 5
53 86 27 1 5
60 86 41 4 5
73 86 30 3 5
75 86 34 3 5
82 86 38 3 5
5 88 20 0 5
11 88 30 7 5
14 88 28 0 5
15 88 27 0 5
21 88 30 0 5
29 88 26 0 5
30 88 28 1 5
36 88 39 3 5
38 88 26 0 5
39 88 37 4 5
41 88 23 0 5
43 88 26 7 5
53 88 19 0 5
58 88 26 0 5
61 88 22 1 5
73 88 24 1 5
85 88 33 5 5
17 89 78 30 5
5 90 22 0 5
12 90 33 2 5
13 90 36 2 5
16 90 30 2 5
36 90 41 3 5
41 90 23 1 5
49 90 37 2 5
53 90 21 0 5
55 90 37 3 5
60 90 37 2 5
73 90 26 1 5
77 90 32 2 5
79 90 40 4 5
85 90 39 3 5
87 91 83 23 5
3 92 31 1 5
5 92 16 1 5
13 92 32 2 5
14 92 26 0 5
15 92 25 0 5
16 92 26 2 5
20 92 22 6 5
21 92 8 10 5
29 92 24 0 5
30 92 28 0 5
38 92 16 4 5
41 92 21 0 5
42 92 27 1 5
53 92 17 0 5
58 92 24 0 5
61 92 22 0 5
73 92 24 0 5
75 92 20 4 5
77 92 28 2 5
88 92 22 0 5
90 92 24 0 5
5 94 20 0 5
15 94 27 0 5
29 94 26 0 5
30 94 28 1 5
37 94 22 8 5
38 94 26 0 5
41 94 23 0 5
43 94 34 3 5
53 94 11 4 5
58 94 26 0 5
61 94 22 1 5
73 94 26 0 5
88 94 22 1 5
92 94 22 0 5
41 96 36 7 5
49 96 36 15 5
86 96 47 7 5
5 98 27 0 5
12 98 34 4 5
14 98 27 4 5
16 98 37 1 5
21 98 31 3 5
27 98 39 4 5
38 98 31 1 5
41 98 30 0 5
42 98 34 2 5
57 98 38 4 5
75 98 31 3 5
77 98 37 2 5
92 98 23 3 5
100 25 63 17 5
100 70 74 14 5
102 35 50 10 5
102 37 34 13 5
102 53 35 3 5
102 59 52 7 5
102 65 55 5 5
102 94 30 8 5
103 32 96 34 5
104 5 27 1 5
104 11 43 5 5
104 12 34 5 5
104 13 43 2 5
104 16 31 5 5
104 20 25 10 5
104 21 25 7 5
104 29 29 3 5
104 37 39 4 5
104 38 31 2 5
104 53 26 1 5
104 55 42 4 5
104 75 35 2 5
104 92 17 7 5
104 94 25 4 5
104 98 36 2 5
102 104 37 9 5
106 5 33 0 5
106 16 39 3 5
106 20 43 3 5
106 21 35 4 5
106 38 31 4 5
106 39 30 14 5
106 42 40 2 5
106 43 45 4 5
106 55 42 6 5
106 57 38 7 5
106 60 44 4 5
106 61 35 1 5
106 85 40 8 5
106 88 31 3 5
106 90 35 2 5
106 92 31 2 5
106 98 40 2 5
104 106 42 2 5
107 43 62 14 5
108 13 36 7 5
108 14 38 1 5
108 16 30 7 5
108 20 34 7 5
108 29 28 5 5
108 42 37 3 5
108 53 29 1 5
108 60 37 7 5
108 75 38 2 5
108 77 40 3 5
108 86 40 3 5
108 90 32 3 5
108 98 35 4 5
104 108 35 5 5
106 108 41 4 5
109 5 11 4 5
109 12 28 3 5
109 13 33 2 5
109 14 27 0 5
109 15 26 0 5
109 16 17 7 5
109 21 21 4 5
109 29 11 7 5
109 38 13 6 5
109 41 22 0 5
109 53 18 0 5
109 57 30 4 5
109 58 25 0 5
109 60 34 2 5
109 61 23 0 5
109 73 25 0 5
109 75 27 1 5
109 88 23 0 5
109 90 23 1 5
109 92 19 1 5
109 94 23 0 5
106 109 32 2 5
108 109 31 2 5
111 44 63 29 5
111 46 67 30 5
112 14 44 4 5
112 80 41 14 5
112 98 45 5 5
114 3 31 0 5
114 5 8 4 5
114 12 29 1 5
114 13 32 1 5
114 14 24 0 5
114 15 23 0 5
114 16 20 4 5
114 21 14 6 5
114 29 12 5 5
114 30 26 0 5
114 38 8 7 5
114 41 19 0 5
114 42 27 0 5
114 53 15 0 5
114 57 31 2 5
114 58 22 0 5
114 61 20 0 5
114 73 22 0 5
114 75 24 1 5
114 77 18 6 5
114 82 30 0 5
114 86 30 0 5
114 88 20 0 5
114 90 22 0 5
114 92 16 1 5
114 94 20 0 5
114 98 27 0 5
104 114 29 0 5
106 114 31 1 5
108 114 30 1 5
109 114 11 4 5
115 7 59 26 5
115 35 58 17 5
115 56 57 30 5
115 84 70 19 5
116 12 37 7 5
116 13 40 7 5
116 14 34 5 5
116 20 42 5 5
116 42 35 6 5
116 75 40 3 5
116 90 38 2 5
116 98 37 5 5
104 116 39 5 5
108 116 26 13 5
118 3 41 2 5
118 5 30 0 5
118 30 38 1 5
118 59 44 5 5
118 73 34 1 5
118 75 36 2 5
118 79 44 6 5
118 80 37 9 5
118 82 32 6 5
118 86 40 2 5
118 88 32 1 5
11 118 40 7 5
112 118 48 5 5
114 118 30 0 5
119 12 37 5 5
119 14 38 1 5
119 21 32 5 5
119 29 20 9 5
119 38 24 7 5
119 90 32 3 5
119 98 37 3 5
104 119 39 3 5
114 119 24 4 5
120 69 76 28 5
120 94 49 8 5
121 17 62 19 5
121 37 45 8 5
121 53 30 6 5
121 94 37 5 5
102 121 55 7 5
123 5 16 3 5
123 16 28 3 5
123 20 32 3 5
123 29 22 3 5
123 41 23 1 5
123 42 31 1 5
123 53 21 0 5
123 57 35 3 5
123 74 48 4 5
123 75 30 1 5
123 82 28 4 5
123 88 24 1 5
123 90 26 1 5
1 123 55 5 5
104 123 33 1 5
108 123 32 3 5
109 123 23 1 5
114 123 20 1 5
118 123 32 2 5
119 123 36 1 5
124 51 56 11 5
124 54 60 12 5
124 58 45 3 5
124 98 46 5 5
118 124 51 4 5
120 124 62 14 5
125 7 54 16 5
125 17 68 14 5
125 51 56 8 5
125 54 56 11 5
125 63 51 15 5
125 65 50 6 5
121 125 48 9 5
124 125 50 9 5
127 59 52 8 5
127 63 56 15 5
127 65 51 8 5
127 73 42 4 5
102 127 56 7 5
127 128 58 10 5
129 5 18 5 5
129 13 36 5 5
129 16 30 5 5
129 20 16 14 5
129 21 18 10 5
129 29 22 6 5
129 38 16 9 5
129 41 31 0 5
129 42 31 4 5
129 57 37 5 5
129 58 32 1 5
129 75 30 4 5
129 77 24 9 5
129 92 20 5 5
129 98 37 1 5
12 129 31 6 5
104 129 27 7 5
109 129 23 4 5
114 129 18 5 5
116 129 38 5 5
119 129 30 7 5
123 129 32 1 5
124 130 70 14 5
