Res1 Res2 NSingle NDouble Method
1 35 44 12 5
1 102 45 7 5
1 104 38 6 5
1 115 54 12 5
107 2 45 35 5
21 3 25 1 5
25 3 29 5 5
3 45 32 12 5
3 58 19 5 5
3 67 27 8 5
3 75 26 2 5
3 92 21 1 5
125 4 53 12 5
4 80 51 14 5
12 5 18 1 5
14 5 15 0 5
15 5 17 0 5
16 5 15 3 5
20 5 9 5 5
21 5 11 2 5
29 5 5 4 5
30 5 19 0 5
38 5 8 3 5
41 5 13 0 5
42 5 18 0 5
104 5 16 1 5
108 5 17 2 5
109 5 7 3 5
114 5 3 4 5
118 5 19 1 5
119 5 14 3 5
123 5 12 2 5
129 5 10 5 5
5 53 11 0 5
5 58 17 0 5
5 61 13 0 5
5 73 15 0 5
5 75 16 1 5
5 77 12 3 5
5 88 13 0 5
5 90 16 0 5
5 92 9 1 5
5 94 14 0 5
117 6 48 27 5
53 7 38 2 5
54 7 31 20 5
63 7 29 19 5
115 7 37 20 5
125 7 33 13 5
7 82 39 6 5
15 8 46 7 5
27 8 43 12 5
30 8 48 7 5
55 8 49 9 5
5 9 44 4 5
20 9 47 7 5
29 9 43 6 5
51 9 37 20 5
59 9 47 11 5
109 9 47 4 5
114 9 45 4 5
10 17 44 27 5
10 67 49 16 5
11 5 21 5 5
104 11 33 3 5
109 11 26 4 5
11 16 32 5 5
11 20 24 8 5
11 21 30 3 5
11 29 22 6 5
11 38 27 4 5
11 73 24 6 5
11 77 31 4 5
11 80 31 10 5
11 86 31 5 5
11 88 24 5 5
11 112 31 9 5
11 114 24 4 5
11 118 28 7 5
11 119 29 6 5
11 123 33 2 5
11 129 25 8 5
12 5 18 1 5
104 12 22 3 5
109 12 15 4 5
114 12 17 2 5
119 12 22 4 5
12 13 12 10 5
12 14 25 0 5
12 16 21 5 5
12 20 17 6 5
12 21 13 6 5
12 27 22 6 5
12 29 23 0 5
12 38 14 5 5
12 41 23 0 5
12 42 16 6 5
12 53 21 0 5
12 58 25 1 5
12 61 23 0 5
12 73 25 0 5
12 75 20 4 5
12 77 16 6 5
12 86 26 2 5
12 88 23 0 5
12 90 22 2 5
12 92 11 5 5
12 94 24 0 5
12 98 22 4 5
12 129 18 6 5
13 5 22 0 5
12 13 12 10 5
104 13 26 2 5
106 13 21 7 5
108 13 21 6 5
109 13 21 2 5
114 13 21 1 5
116 13 23 7 5
119 13 26 3 5
129 13 24 4 5
13 15 23 3 5
13 16 25 4 5
13 20 23 4 5
13 21 21 3 5
13 29 25 0 5
13 30 27 2 5
13 38 20 3 5
13 41 25 0 5
13 42 18 6 5
13 53 23 0 5
13 57 22 8 5
13 58 27 1 5
13 60 24 7 5
13 61 25 0 5
13 75 26 2 5
13 77 20 5 5
13 86 28 2 5
13 88 25 0 5
13 90 24 2 5
13 92 19 2 5
13 98 26 3 5
14 5 15 0 5
112 14 23 5 5
114 14 16 0 5
116 14 24 3 5
119 14 23 1 5
14 31 27 3 5
14 53 16 0 5
14 92 16 0 5
14 98 17 4 5
15 5 17 0 5
13 15 23 3 5
114 15 18 0 5
15 30 20 3 5
15 41 18 1 5
15 53 18 0 5
15 55 25 3 5
15 58 22 1 5
15 61 16 2 5
15 74 32 6 5
15 78 28 5 5
15 88 18 1 5
15 92 18 0 5
15 94 19 1 5
16 5 15 3 5
12 16 21 5 5
14 16 24 1 5
104 16 21 4 5
108 16 18 7 5
109 16 12 6 5
114 16 14 4 5
119 16 15 8 5
123 16 23 2 5
129 16 17 7 5
16 20 14 8 5
16 21 16 5 5
16 29 12 6 5
16 38 17 4 5
16 53 22 0 5
16 58 26 1 5
16 75 23 3 5
16 77 17 6 5
16 90 21 3 5
16 92 18 2 5
16 98 23 4 5
10 17 44 27 5
102 17 41 12 5
121 17 40 14 5
125 17 42 12 5
17 37 42 11 5
17 53 41 4 5
17 89 41 27 5
17 94 40 6 5
18 51 57 23 5
19 7 51 24 5
19 63 52 21 5
20 5 9 5 5
12 20 17 6 5
16 20 14 8 5
104 20 15 6 5
109 20 10 6 5
114 20 8 6 5
119 20 13 8 5
123 20 21 2 5
129 20 5 12 5
20 21 8 8 5
20 29 8 7 5
20 38 7 8 5
20 41 22 0 5
20 53 20 0 5
20 58 24 1 5
20 61 22 0 5
20 75 23 2 5
20 77 15 6 5
20 88 22 0 5
20 92 12 4 5
20 94 23 0 5
21 5 11 2 5
12 21 13 6 5
13 21 21 3 5
16 21 16 5 5
20 21 8 8 5
104 21 15 4 5
106 21 22 3 5
109 21 12 3 5
114 21 8 4 5
118 21 24 1 5
119 21 19 3 5
129 21 11 7 5
21 27 23 3 5
21 29 12 3 5
21 38 3 8 5
21 41 18 0 5
21 42 21 1 5
21 53 16 0 5
21 55 19 5 5
21 58 20 1 5
21 61 18 0 5
21 75 17 3 5
21 77 13 5 5
21 88 18 0 5
21 92 4 6 5
21 98 21 2 5
107 23 46 19 5
115 24 50 36 5
121 24 60 23 5
25 3 29 5 5
111 25 30 15 5
128 25 34 7 5
25 30 28 4 5
25 58 22 6 5
25 67 14 17 5
25 75 31 2 5
26 5 32 3 5
12 26 24 12 5
13 26 30 10 5
16 26 27 11 5
20 26 25 11 5
21 26 29 7 5
104 26 32 7 5
108 26 29 10 5
109 26 31 5 5
114 26 31 4 5
116 26 29 12 5
119 26 32 8 5
129 26 24 12 5
26 29 29 6 5
26 31 18 19 5
26 38 28 7 5
26 42 30 8 5
26 53 35 2 5
26 57 24 15 5
26 75 32 7 5
26 77 26 10 5
26 92 31 4 5
26 98 34 7 5
27 5 24 0 5
12 27 22 6 5
15 27 27 2 5
21 27 23 3 5
104 27 28 2 5
108 27 29 3 5
116 27 27 6 5
123 27 28 1 5
27 30 27 3 5
27 38 26 1 5
27 42 18 7 5
27 75 18 7 5
27 77 24 4 5
27 92 19 3 5
27 98 28 3 5
28 36 82 19 5
29 5 5 4 5
14 29 18 0 5
16 29 12 6 5
20 29 8 7 5
21 29 12 3 5
104 29 17 2 5
108 29 18 3 5
109 29 8 4 5
114 29 6 4 5
119 29 11 6 5
123 29 15 2 5
129 29 11 6 5
29 38 9 4 5
29 41 14 1 5
29 53 14 0 5
29 61 16 0 5
29 73 18 0 5
29 75 19 1 5
29 77 13 4 5
29 88 16 0 5
29 92 14 0 5
29 94 17 0 5
13 30 27 2 5
15 30 20 3 5
25 30 28 4 5
27 30 27 3 5
30 41 20 1 5
30 55 25 4 5
30 61 18 2 5
30 70 35 5 5
30 78 32 4 5
30 82 25 2 5
30 88 20 1 5
30 94 21 1 5
31 5 22 3 5
12 31 16 11 5
14 31 27 3 5
20 31 15 11 5
21 31 17 8 5
29 31 21 5 5
104 31 28 4 5
108 31 23 8 5
109 31 19 6 5
114 31 19 5 5
129 31 14 12 5
31 38 16 8 5
31 42 22 7 5
31 75 22 7 5
31 90 30 2 5
31 92 21 4 5
31 98 26 6 5
3 32 54 11 5
32 73 55 7 5
3 35 36 6 5
102 35 31 11 5
35 45 36 17 5
106 36 30 5 5
36 39 33 6 5
36 43 30 6 5
36 73 26 3 5
36 78 34 7 5
36 85 21 11 5
36 88 26 2 5
36 90 27 3 5
102 37 19 12 5
104 37 28 3 5
121 37 28 9 5
123 37 26 3 5
37 42 28 3 5
37 43 29 6 5
37 53 17 5 5
37 59 31 6 5
37 82 26 5 5
37 94 20 5 5
38 5 8 3 5
12 38 14 5 5
13 38 20 3 5
16 38 17 4 5
20 38 7 8 5
21 38 3 8 5
29 38 9 4 5
104 38 18 2 5
109 38 9 4 5
114 38 5 5 5
118 38 23 1 5
119 38 16 4 5
129 38 10 7 5
38 41 17 0 5
38 42 20 1 5
38 53 15 0 5
38 58 19 1 5
38 61 17 0 5
38 75 20 1 5
38 77 10 6 5
38 88 17 0 5
38 92 7 4 5
38 98 22 1 5
12 39 16 11 5
13 39 20 10 5
16 39 25 7 5
20 39 29 4 5
21 39 23 5 5
38 39 26 3 5
104 39 28 4 5
106 39 15 13 5
108 39 25 7 5
109 39 27 2 5
114 39 27 1 5
116 39 27 8 5
129 39 28 5 5
39 42 26 5 5
39 55 24 9 5
39 60 30 7 5
39 73 29 2 5
39 75 28 4 5
39 77 28 4 5
39 88 25 3 5
39 90 28 3 5
39 92 21 4 5
39 98 30 4 5
108 40 53 7 5
40 86 52 7 5
40 98 50 8 5
41 5 13 0 5
14 41 18 0 5
15 41 18 1 5
21 41 18 0 5
29 41 14 1 5
30 41 20 1 5
38 41 17 0 5
109 41 16 0 5
114 41 14 0 5
123 41 17 1 5
41 49 18 4 5
41 53 14 0 5
41 60 21 4 5
41 61 14 1 5
41 73 18 0 5
41 82 21 1 5
41 88 16 0 5
41 90 15 2 5
41 92 14 0 5
41 94 17 0 5
41 96 24 4 5
42 5 18 0 5
12 42 16 6 5
13 42 18 6 5
21 42 21 1 5
27 42 18 7 5
31 42 22 7 5
38 42 20 1 5
108 42 21 4 5
114 42 19 0 5
116 42 19 7 5
123 42 22 1 5
129 42 22 3 5
42 53 19 0 5
42 57 20 7 5
42 60 24 5 5
42 75 16 5 5
42 77 16 5 5
42 82 24 2 5
42 86 24 2 5
42 92 17 1 5
42 98 22 3 5
36 43 30 6 5
37 43 29 6 5
39 43 33 5 5
104 43 29 2 5
106 43 30 4 5
121 43 33 6 5
43 53 16 5 5
43 58 28 2 5
43 78 28 9 5
43 85 27 7 5
43 88 20 4 5
43 94 23 3 5
3 44 36 13 5
25 44 41 13 5
111 44 31 26 5
44 46 43 27 5
44 58 41 8 5
44 67 37 17 5
3 45 32 12 5
35 45 36 17 5
45 67 41 12 5
3 46 41 14 5
25 46 42 16 5
44 46 43 27 5
111 46 38 26 5
46 58 48 8 5
46 67 48 15 5
47 87 60 29 5
47 88 61 7 5
17 48 62 32 5
49 5 23 0 5
12 49 29 2 5
13 49 31 2 5
16 49 28 3 5
29 49 24 1 5
30 49 28 2 5
41 49 18 4 5
108 49 28 3 5
109 49 22 2 5
119 49 27 3 5
122 49 30 10 5
49 55 29 4 5
49 60 25 7 5
49 77 27 2 5
49 86 27 3 5
49 90 23 3 5
49 96 22 10 5
50 9 49 19 5
14 50 40 5 5
49 50 44 7 5
50 51 44 13 5
50 59 44 9 5
50 88 40 4 5
5 51 31 2 5
15 51 34 4 5
20 51 36 4 5
29 51 32 3 5
42 51 35 4 5
123 51 33 4 5
124 51 36 11 5
51 59 30 11 5
51 65 28 13 5
51 82 31 7 5
51 94 33 3 5
46 52 58 32 5
5 53 11 0 5
37 53 17 5 5
43 53 16 5 5
102 53 20 4 5
104 53 15 2 5
108 53 20 1 5
114 53 12 0 5
121 53 21 5 5
53 86 19 1 5
53 92 12 0 5
53 94 9 3 5
54 7 31 20 5
5 54 34 3 5
14 54 37 4 5
29 54 31 6 5
109 54 35 4 5
112 54 36 11 5
114 54 35 3 5
123 54 36 5 5
54 63 34 16 5
12 55 20 7 5
13 55 24 6 5
15 55 25 3 5
16 55 23 6 5
20 55 25 4 5
21 55 19 5 5
27 55 20 9 5
30 55 25 4 5
38 55 22 3 5
104 55 24 4 5
106 55 27 5 5
108 55 29 3 5
109 55 23 2 5
114 55 23 1 5
119 55 28 3 5
123 55 28 1 5
129 55 24 5 5
55 75 26 3 5
55 77 26 3 5
55 82 28 3 5
55 90 24 3 5
55 92 17 4 5
115 56 39 23 5
124 56 44 14 5
56 63 43 16 5
56 74 42 17 5
5 57 20 3 5
12 57 14 11 5
13 57 22 8 5
14 57 27 2 5
16 57 21 8 5
20 57 23 6 5
21 57 25 3 5
29 57 23 3 5
38 57 22 4 5
42 57 20 7 5
104 57 30 2 5
106 57 25 7 5
108 57 19 9 5
109 57 19 5 5
114 57 21 3 5
119 57 24 6 5
123 57 28 2 5
129 57 22 7 5
57 75 26 4 5
57 77 20 7 5
57 90 28 2 5
57 92 23 2 5
57 94 28 1 5
57 98 24 6 5
3 58 19 5 5
15 58 22 1 5
21 58 20 1 5
25 58 22 6 5
38 58 19 1 5
114 58 16 1 5
128 58 26 6 5
58 67 26 6 5
13 59 31 4 5
15 59 30 2 5
37 59 31 6 5
42 59 29 3 5
51 59 30 11 5
118 59 30 4 5
123 59 29 2 5
124 59 36 7 5
59 74 32 11 5
59 82 27 5 5
59 84 39 10 5
12 60 18 9 5
13 60 24 7 5
16 60 29 4 5
29 60 27 1 5
41 60 21 4 5
42 60 24 5 5
49 60 25 7 5
106 60 29 5 5
108 60 23 7 5
109 60 23 3 5
116 60 27 7 5
119 60 28 4 5
60 75 30 2 5
60 77 26 4 5
60 86 28 4 5
60 90 28 2 5
60 98 30 3 5
5 61 13 0 5
15 61 16 2 5
30 61 18 2 5
41 61 14 1 5
53 61 14 0 5
106 61 24 1 5
114 61 14 0 5
119 61 21 1 5
61 82 21 1 5
61 88 14 1 5
61 92 14 0 5
61 94 15 1 5
61 98 21 1 5
36 62 60 14 5
107 62 48 31 5
62 90 63 7 5
63 7 29 19 5
42 63 36 4 5
54 63 34 16 5
117 63 31 17 5
125 63 28 13 5
127 63 36 10 5
63 65 37 9 5
63 73 31 5 5
5 64 40 3 5
12 64 40 8 5
13 64 44 7 5
16 64 39 9 5
20 64 33 11 5
21 64 37 7 5
29 64 37 6 5
31 64 34 15 5
36 64 41 11 5
38 64 38 6 5
39 64 40 12 5
104 64 40 7 5
108 64 43 7 5
109 64 41 4 5
114 64 39 4 5
129 64 30 13 5
64 75 40 7 5
64 92 39 4 5
42 65 31 3 5
51 65 28 13 5
54 65 39 10 5
61 65 30 1 5
63 65 37 9 5
125 65 29 9 5
127 65 35 7 5
65 94 29 2 5
3 67 27 8 5
25 67 14 17 5
30 67 34 3 5
44 67 37 17 5
58 67 26 6 5
111 67 34 15 5
12 68 60 12 5
16 68 61 12 5
20 68 59 12 5
21 68 61 9 5
26 68 56 23 5
31 68 54 19 5
39 68 58 17 5
106 68 63 12 5
116 68 57 16 5
119 68 62 11 5
129 68 60 12 5
68 77 58 12 5
14 69 53 8 5
112 69 48 17 5
119 69 52 11 5
120 69 42 27 5
69 94 52 8 5
3 70 34 7 5
11 70 39 9 5
15 70 37 3 5
30 70 35 5 5
41 70 33 3 5
100 70 47 13 5
70 73 33 4 5
70 78 41 8 5
23 71 57 25 5
25 71 51 19 5
67 71 63 15 5
111 71 57 24 5
12 72 36 10 5
13 72 36 11 5
16 72 43 7 5
21 72 41 5 5
31 72 40 12 5
38 72 42 4 5
39 72 38 13 5
55 72 46 7 5
57 72 34 14 5
106 72 39 10 5
116 72 43 9 5
72 92 39 4 5
5 73 15 0 5
11 73 24 6 5
36 73 26 3 5
53 73 16 0 5
63 73 31 5 5
114 73 16 0 5
118 73 22 2 5
127 73 27 4 5
73 86 19 3 5
73 88 16 1 5
73 90 19 1 5
73 92 16 0 5
13 74 39 5 5
15 74 32 6 5
51 74 44 9 5
56 74 42 17 5
59 74 32 11 5
123 74 35 4 5
74 82 33 7 5
74 84 41 14 5
74 86 37 5 5
5 75 16 1 5
12 75 20 4 5
16 75 23 3 5
20 75 23 2 5
21 75 17 3 5
27 75 18 7 5
29 75 19 1 5
31 75 22 7 5
38 75 20 1 5
42 75 16 5 5
55 75 26 3 5
104 75 22 2 5
108 75 25 2 5
109 75 19 1 5
114 75 17 1 5
118 75 25 2 5
123 75 22 1 5
129 75 18 5 5
75 77 18 4 5
75 80 24 7 5
75 86 24 2 5
75 92 13 3 5
75 98 24 2 5
41 76 50 6 5
76 82 49 10 5
5 77 12 3 5
12 77 16 6 5
16 77 17 6 5
20 77 15 6 5
21 77 13 5 5
29 77 13 4 5
38 77 10 6 5
42 77 16 5 5
75 77 18 4 5
108 77 23 3 5
109 77 9 6 5
114 77 11 4 5
119 77 14 7 5
129 77 14 7 5
77 86 26 1 5
77 90 20 2 5
77 92 15 2 5
77 98 22 3 5
15 78 28 5 5
27 78 33 6 5
30 78 32 4 5
36 78 34 7 5
39 78 33 8 5
43 78 28 9 5
55 78 31 7 5
58 78 34 2 5
73 78 32 2 5
78 85 29 9 5
78 88 28 3 5
12 79 34 3 5
77 79 32 3 5
109 79 29 2 5
112 79 38 5 5
118 79 29 6 5
119 79 34 3 5
79 80 38 6 5
79 85 36 5 5
79 90 26 5 5
5 80 20 5 5
11 80 31 10 5
12 80 28 6 5
13 80 30 6 5
16 80 27 7 5
20 80 19 10 5
21 80 19 8 5
29 80 21 6 5
31 80 28 10 5
38 80 18 8 5
42 80 32 3 5
57 80 32 7 5
75 80 24 7 5
77 80 26 6 5
104 80 28 5 5
109 80 25 4 5
114 80 19 6 5
118 80 29 6 5
119 80 30 5 5
129 80 20 10 5
80 92 21 5 5
15 82 25 1 5
30 82 25 2 5
37 82 26 5 5
41 82 21 1 5
42 82 24 2 5
51 82 31 7 5
55 82 28 3 5
59 82 27 5 5
61 82 21 1 5
73 82 23 1 5
74 82 33 7 5
118 82 19 6 5
123 82 16 5 5
82 86 26 2 5
38 83 62 7 5
117 83 53 24 5
15 84 39 5 5
30 84 41 5 5
51 84 47 10 5
59 84 39 10 5
74 84 41 14 5
115 84 44 17 5
36 85 21 11 5
39 85 32 6 5
43 85 27 7 5
78 85 29 9 5
106 85 27 6 5
107 85 37 14 5
85 88 23 3 5
85 90 24 4 5
5 86 20 0 5
11 86 31 5 5
12 86 26 2 5
13 86 28 2 5
27 86 30 2 5
42 86 24 2 5
49 86 27 3 5
53 86 19 1 5
60 86 28 4 5
73 86 19 3 5
75 86 24 2 5
82 86 26 2 5
108 86 25 3 5
114 86 21 0 5
118 86 27 2 5
86 92 21 0 5
86 96 25 7 5
125 87 52 11 5
87 91 45 28 5
5 88 13 0 5
11 88 24 5 5
15 88 18 1 5
30 88 20 1 5
36 88 26 2 5
39 88 25 3 5
43 88 20 4 5
61 88 14 1 5
73 88 16 1 5
78 88 28 3 5
85 88 23 3 5
106 88 22 2 5
123 88 17 1 5
88 94 13 2 5
17 89 41 27 5
36 89 52 11 5
102 89 46 14 5
121 89 47 15 5
125 89 53 11 5
12 90 22 2 5
13 90 24 2 5
16 90 21 3 5
36 90 27 3 5
39 90 28 3 5
41 90 15 2 5
49 90 23 3 5
55 90 24 3 5
73 90 19 1 5
77 90 20 2 5
79 90 26 5 5
85 90 24 4 5
106 90 25 2 5
108 90 21 3 5
109 90 15 2 5
116 90 25 3 5
119 90 20 3 5
123 90 20 1 5
90 98 24 1 5
11 91 54 11 5
36 91 48 12 5
73 91 44 8 5
87 91 45 28 5
3 92 21 1 5
5 92 9 1 5
12 92 11 5 5
13 92 19 2 5
14 92 16 0 5
16 92 18 2 5
20 92 12 4 5
21 92 4 6 5
29 92 14 0 5
38 92 7 4 5
41 92 14 0 5
42 92 17 1 5
53 92 12 0 5
61 92 14 0 5
73 92 16 0 5
75 92 13 3 5
77 92 15 2 5
88 92 14 0 5
90 92 17 0 5
104 92 11 4 5
109 92 12 1 5
114 92 10 1 5
118 92 20 1 5
123 92 17 0 5
129 92 13 4 5
92 94 15 0 5
92 98 17 2 5
63 93 62 24 5
87 93 66 32 5
5 94 14 0 5
15 94 19 1 5
30 94 21 1 5
37 94 20 5 5
43 94 23 3 5
53 94 9 3 5
61 94 15 1 5
88 94 13 2 5
102 94 19 6 5
104 94 16 3 5
121 94 24 5 5
123 94 18 1 5
14 95 53 6 5
79 95 56 12 5
112 95 52 13 5
114 95 55 3 5
16 96 36 2 5
29 96 30 1 5
41 96 24 4 5
49 96 22 10 5
53 96 28 1 5
60 96 25 10 5
74 96 40 8 5
86 96 25 7 5
108 96 34 3 5
122 96 34 11 5
53 97 46 5 5
94 97 49 5 5
96 97 52 11 5
121 97 49 13 5
12 98 22 4 5
13 98 26 3 5
14 98 17 4 5
16 98 23 4 5
21 98 21 2 5
27 98 28 3 5
31 98 26 6 5
38 98 22 1 5
42 98 22 3 5
57 98 24 6 5
61 98 21 1 5
75 98 24 2 5
77 98 22 3 5
90 98 24 1 5
92 98 17 2 5
104 98 24 2 5
108 98 19 6 5
112 98 28 5 5
116 98 23 6 5
119 98 24 3 5
59 99 46 16 5
65 99 46 17 5
124 99 46 19 5
125 99 51 14 5
100 3 39 10 5
100 45 45 18 5
100 73 42 5 5
100 86 43 7 5
101 12 43 7 5
101 21 42 5 5
101 25 44 10 5
101 27 47 7 5
101 75 39 8 5
101 92 40 4 5
101 129 43 7 5
102 35 31 11 5
102 37 19 12 5
102 42 29 3 5
102 53 20 4 5
102 94 19 6 5
102 104 23 6 5
102 121 33 7 5
102 123 29 2 5
103 35 55 21 5
103 45 55 25 5
100 103 58 25 5
104 5 16 1 5
104 12 22 3 5
104 13 26 2 5
104 16 21 4 5
104 20 15 6 5
104 21 15 4 5
104 29 17 2 5
104 38 18 2 5
104 53 15 2 5
104 55 24 4 5
104 75 22 2 5
104 80 28 5 5
104 92 11 4 5
104 94 16 3 5
104 98 24 2 5
102 104 23 6 5
104 108 23 3 5
104 116 27 3 5
104 119 22 3 5
104 123 22 1 5
104 129 16 6 5
106 5 23 0 5
106 12 17 8 5
106 13 21 7 5
106 16 26 4 5
106 20 24 4 5
106 21 22 3 5
106 36 30 5 5
106 38 21 3 5
106 39 15 13 5
106 42 27 2 5
106 55 27 5 5
106 60 29 5 5
106 61 24 1 5
106 77 25 3 5
106 85 27 6 5
106 88 22 2 5
106 90 25 2 5
106 92 20 2 5
106 98 29 2 5
104 106 27 2 5
106 108 26 4 5
106 109 20 3 5
106 114 22 1 5
106 119 27 3 5
106 129 27 3 5
107 85 37 14 5
107 88 42 5 5
108 5 17 2 5
108 12 17 7 5
108 13 21 6 5
108 14 24 1 5
108 16 18 7 5
108 20 22 4 5
108 29 18 3 5
108 42 21 4 5
108 53 20 1 5
108 75 25 2 5
108 77 23 3 5
108 86 25 3 5
108 90 21 3 5
108 98 19 6 5
104 108 23 3 5
108 109 18 3 5
108 114 20 1 5
108 116 14 11 5
108 119 17 7 5
108 123 23 2 5
108 129 23 4 5
109 5 7 3 5
109 12 15 4 5
109 13 21 2 5
109 20 10 6 5
109 21 12 3 5
109 29 8 4 5
109 38 9 4 5
109 41 16 0 5
109 49 22 2 5
109 53 14 0 5
109 61 16 0 5
109 75 19 1 5
109 77 9 6 5
109 88 16 0 5
109 90 15 2 5
109 92 12 1 5
106 109 20 3 5
108 109 18 3 5
109 114 6 4 5
109 118 22 1 5
109 123 17 1 5
109 129 15 4 5
110 41 45 5 5
110 90 46 6 5
110 123 48 5 5
111 3 37 9 5
111 25 30 15 5
111 44 31 26 5
111 46 38 26 5
111 58 42 4 5
111 67 34 15 5
112 5 20 4 5
112 14 23 5 5
112 16 29 5 5
112 20 25 6 5
112 21 29 2 5
112 29 21 5 5
112 38 26 3 5
112 61 27 2 5
112 75 30 3 5
112 77 30 3 5
112 80 26 11 5
112 88 29 1 5
112 92 27 1 5
112 94 30 1 5
112 98 28 5 5
108 112 29 5 5
109 112 23 4 5
112 114 23 3 5
112 119 30 4 5
112 123 30 2 5
112 129 26 6 5
113 35 44 14 5
113 41 41 4 5
113 45 50 15 5
113 53 43 2 5
102 113 43 10 5
104 113 42 6 5
114 5 3 4 5
114 12 17 2 5
114 14 16 0 5
114 15 18 0 5
114 16 14 4 5
114 20 8 6 5
114 21 8 4 5
114 29 6 4 5
114 30 20 0 5
114 38 5 5 5
114 41 14 0 5
114 42 19 0 5
114 53 12 0 5
114 58 16 1 5
114 61 14 0 5
114 73 16 0 5
114 75 17 1 5
114 77 11 4 5
114 88 14 0 5
114 90 17 0 5
114 92 10 1 5
114 94 15 0 5
104 114 19 0 5
108 114 20 1 5
109 114 6 4 5
114 118 20 1 5
114 119 15 3 5
114 123 15 1 5
114 129 11 5 5
115 7 37 20 5
115 35 36 18 5
115 56 39 23 5
115 121 42 12 5
116 5 23 1 5
116 12 21 7 5
116 13 23 7 5
116 14 24 3 5
116 16 22 7 5
116 20 28 3 5
116 29 24 2 5
116 41 28 0 5
116 42 19 7 5
116 53 26 0 5
116 58 30 1 5
116 61 28 0 5
116 75 25 4 5
116 77 21 6 5
116 86 31 2 5
116 88 28 0 5
116 90 25 3 5
116 92 26 0 5
116 98 23 6 5
104 116 27 3 5
108 116 14 11 5
109 116 24 2 5
114 116 26 0 5
116 119 21 7 5
116 123 29 1 5
116 129 23 6 5
117 12 29 10 5
117 13 33 9 5
117 21 32 6 5
117 27 39 7 5
117 38 35 4 5
117 39 35 11 5
117 42 33 7 5
117 63 31 17 5
117 75 37 5 5
117 92 30 5 5
106 117 36 8 5
117 125 33 12 5
118 5 19 1 5
118 59 30 4 5
118 73 22 2 5
118 75 25 2 5
118 79 29 6 5
118 80 29 6 5
118 82 19 6 5
118 86 27 2 5
118 88 22 1 5
118 92 20 1 5
11 118 28 7 5
109 118 22 1 5
112 118 31 4 5
114 118 20 1 5
118 123 23 2 5
119 5 14 3 5
119 12 22 4 5
119 14 23 1 5
119 15 27 0 5
119 16 15 8 5
119 20 13 8 5
119 21 19 3 5
119 29 11 6 5
119 38 16 4 5
119 41 23 0 5
119 53 21 0 5
119 58 27 0 5
119 61 21 1 5
119 73 25 0 5
119 77 14 7 5
119 88 23 0 5
119 90 20 3 5
119 92 21 0 5
119 94 24 0 5
119 98 24 3 5
104 119 22 3 5
108 119 17 7 5
109 119 11 6 5
114 119 15 3 5
119 123 24 1 5
119 129 18 6 5
120 29 35 5 5
120 53 35 4 5
120 54 40 16 5
120 69 42 27 5
120 94 34 6 5
120 98 34 9 5
112 120 36 12 5
120 124 41 12 5
120 125 36 12 5
121 37 28 9 5
121 43 33 6 5
121 53 21 5 5
121 94 24 5 5
102 121 33 7 5
104 121 32 3 5
121 125 34 7 5
122 14 36 3 5
122 16 36 6 5
122 41 32 4 5
122 49 30 10 5
122 57 39 7 5
122 60 33 10 5
122 77 39 3 5
122 90 35 4 5
122 96 34 11 5
122 98 37 5 5
12 122 37 5 5
108 122 32 8 5
109 122 34 3 5
116 122 36 8 5
119 122 37 5 5
123 5 12 2 5
123 16 23 2 5
123 20 21 2 5
123 29 15 2 5
123 37 26 3 5
123 41 17 1 5
123 51 33 4 5
123 54 36 5 5
123 74 35 4 5
123 82 16 5 5
123 88 17 1 5
123 90 20 1 5
123 94 18 1 5
108 123 23 2 5
109 123 17 1 5
114 123 15 1 5
118 123 23 2 5
123 129 22 2 5
124 51 36 11 5
124 56 44 14 5
124 59 36 7 5
124 65 38 7 5
124 98 33 5 5
112 124 37 7 5
120 124 41 12 5
124 125 33 9 5
125 54 32 13 5
125 63 28 13 5
125 65 29 9 5
125 98 32 3 5
117 125 33 12 5
120 125 36 12 5
121 125 34 7 5
124 125 33 9 5
126 25 57 12 5
126 58 57 7 5
127 39 36 6 5
127 42 30 4 5
127 59 37 5 5
127 63 36 10 5
127 65 35 7 5
127 73 27 4 5
127 86 34 3 5
127 88 29 2 5
11 127 39 6 5
12 127 34 3 5
108 127 35 3 5
127 128 39 6 5
128 21 32 2 5
128 25 34 7 5
128 38 31 2 5
128 58 26 6 5
128 61 30 2 5
128 92 30 1 5
106 128 36 4 5
114 128 30 1 5
129 5 10 5 5
129 16 17 7 5
129 20 5 12 5
129 21 11 7 5
129 29 11 6 5
129 38 10 7 5
129 42 22 3 5
129 53 21 0 5
129 58 25 1 5
129 75 18 5 5
129 77 14 7 5
129 92 13 4 5
12 129 18 6 5
104 129 16 6 5
109 129 15 4 5
114 129 11 5 5
119 129 18 6 5
123 129 22 2 5
130 50 53 16 5
130 51 51 12 5
130 94 42 6 5
