Res1 Res2 NSingle NDouble Method
12 5 18 1 5
12 13 12 10 5
14 5 15 0 5
15 5 17 0 5
13 15 23 3 5
16 5 15 3 5
12 16 21 5 5
10 17 44 27 5
20 5 9 5 5
12 20 17 6 5
16 20 14 8 5
21 5 11 2 5
12 21 13 6 5
13 21 21 3 5
16 21 16 5 5
20 21 8 8 5
25 3 29 5 5
12 27 22 6 5
21 27 23 3 5
29 5 5 4 5
16 29 12 6 5
20 29 8 7 5
21 29 12 3 5
13 30 27 2 5
15 30 20 3 5
25 30 28 4 5
27 30 27 3 5
14 31 27 3 5
38 5 8 3 5
12 38 14 5 5
13 38 20 3 5
16 38 17 4 5
20 38 7 8 5
21 38 3 8 5
29 38 9 4 5
41 5 13 0 5
15 41 18 1 5
21 41 18 0 5
29 41 14 1 5
30 41 20 1 5
38 41 17 0 5
42 5 18 0 5
12 42 16 6 5
13 42 18 6 5
21 42 21 1 5
27 42 18 7 5
31 42 22 7 5
38 42 20 1 5
36 43 30 6 5
37 43 29 6 5
3 45 32 12 5
35 45 36 17 5
44 46 43 27 5
41 49 18 4 5
5 53 11 0 5
37 53 17 5 5
43 53 16 5 5
54 7 31 20 5
15 55 25 3 5
21 55 19 5 5
30 55 25 4 5
13 57 22 8 5
42 57 20 7 5
3 58 19 5 5
15 58 22 1 5
21 58 20 1 5
25 58 22 6 5
38 58 19 1 5
37 59 31 6 5
51 59 30 11 5
13 60 24 7 5
41 60 21 4 5
42 60 24 5 5
49 60 25 7 5
5 61 13 0 5
15 61 16 2 5
30 61 18 2 5
41 61 14 1 5
63 7 29 19 5
54 63 34 16 5
51 65 28 13 5
63 65 37 9 5
3 67 27 8 5
25 67 14 17 5
44 67 37 17 5
58 67 26 6 5
30 70 35 5 5
5 73 15 0 5
11 73 24 6 5
36 73 26 3 5
63 73 31 5 5
15 74 32 6 5
56 74 42 17 5
59 74 32 11 5
5 75 16 1 5
12 75 20 4 5
16 75 23 3 5
20 75 23 2 5
21 75 17 3 5
27 75 18 7 5
29 75 19 1 5
31 75 22 7 5
38 75 20 1 5
42 75 16 5 5
55 75 26 3 5
5 77 12 3 5
12 77 16 6 5
16 77 17 6 5
20 77 15 6 5
21 77 13 5 5
29 77 13 4 5
38 77 10 6 5
42 77 16 5 5
75 77 18 4 5
15 78 28 5 5
30 78 32 4 5
36 78 34 7 5
43 78 28 9 5
11 80 31 10 5
75 80 24 7 5
30 82 25 2 5
37 82 26 5 5
41 82 21 1 5
42 82 24 2 5
51 82 31 7 5
55 82 28 3 5
59 82 27 5 5
61 82 21 1 5
74 82 33 7 5
59 84 39 10 5
74 84 41 14 5
36 85 21 11 5
43 85 27 7 5
78 85 29 9 5
11 86 31 5 5
12 86 26 2 5
13 86 28 2 5
42 86 24 2 5
49 86 27 3 5
53 86 19 1 5
60 86 28 4 5
73 86 19 3 5
75 86 24 2 5
82 86 26 2 5
5 88 13 0 5
11 88 24 5 5
15 88 18 1 5
30 88 20 1 5
36 88 26 2 5
39 88 25 3 5
43 88 20 4 5
61 88 14 1 5
73 88 16 1 5
78 88 28 3 5
85 88 23 3 5
17 89 41 27 5
12 90 22 2 5
13 90 24 2 5
16 90 21 3 5
36 90 27 3 5
39 90 28 3 5
41 90 15 2 5
49 90 23 3 5
55 90 24 3 5
73 90 19 1 5
77 90 20 2 5
79 90 26 5 5
85 90 24 4 5
87 91 45 28 5
3 92 21 1 5
5 92 9 1 5
12 92 11 5 5
13 92 19 2 5
14 92 16 0 5
16 92 18 2 5
20 92 12 4 5
21 92 4 6 5
29 92 14 0 5
38 92 7 4 5
41 92 14 0 5
42 92 17 1 5
53 92 12 0 5
61 92 14 0 5
73 92 16 0 5
75 92 13 3 5
77 92 15 2 5
5 94 14 0 5
15 94 19 1 5
30 94 21 1 5
37 94 20 5 5
43 94 23 3 5
53 94 9 3 5
61 94 15 1 5
88 94 13 2 5
41 96 24 4 5
49 96 22 10 5
86 96 25 7 5
12 98 22 4 5
13 98 26 3 5
14 98 17 4 5
16 98 23 4 5
21 98 21 2 5
27 98 28 3 5
31 98 26 6 5
38 98 22 1 5
42 98 22 3 5
57 98 24 6 5
61 98 21 1 5
75 98 24 2 5
77 98 22 3 5
90 98 24 1 5
92 98 17 2 5
102 35 31 11 5
102 37 19 12 5
102 53 20 4 5
102 94 19 6 5
104 5 16 1 5
104 12 22 3 5
104 13 26 2 5
104 16 21 4 5
104 20 15 6 5
104 21 15 4 5
104 29 17 2 5
104 38 18 2 5
104 53 15 2 5
104 55 24 4 5
104 75 22 2 5
104 80 28 5 5
104 92 11 4 5
104 94 16 3 5
104 98 24 2 5
102 104 23 6 5
106 13 21 7 5
106 21 22 3 5
106 36 30 5 5
106 39 15 13 5
106 55 27 5 5
106 60 29 5 5
106 61 24 1 5
106 85 27 6 5
106 88 22 2 5
106 90 25 2 5
107 85 37 14 5
108 5 17 2 5
108 13 21 6 5
108 16 18 7 5
108 29 18 3 5
108 42 21 4 5
108 53 20 1 5
108 75 25 2 5
108 77 23 3 5
108 86 25 3 5
108 90 21 3 5
108 98 19 6 5
104 108 23 3 5
109 5 7 3 5
109 12 15 4 5
109 13 21 2 5
109 20 10 6 5
109 21 12 3 5
109 29 8 4 5
109 38 9 4 5
109 41 16 0 5
109 49 22 2 5
109 75 19 1 5
109 77 9 6 5
109 90 15 2 5
109 92 12 1 5
106 109 20 3 5
108 109 18 3 5
111 25 30 15 5
111 44 31 26 5
111 46 38 26 5
111 67 34 15 5
112 14 23 5 5
112 98 28 5 5
114 5 3 4 5
114 12 17 2 5
114 14 16 0 5
114 15 18 0 5
114 16 14 4 5
114 20 8 6 5
114 21 8 4 5
114 29 6 4 5
114 38 5 5 5
114 41 14 0 5
114 42 19 0 5
114 53 12 0 5
114 58 16 1 5
114 61 14 0 5
114 73 16 0 5
114 75 17 1 5
114 77 11 4 5
114 92 10 1 5
108 114 20 1 5
109 114 6 4 5
115 7 37 20 5
115 56 39 23 5
116 13 23 7 5
116 14 24 3 5
116 42 19 7 5
116 90 25 3 5
116 98 23 6 5
104 116 27 3 5
108 116 14 11 5
117 63 31 17 5
118 5 19 1 5
118 59 30 4 5
118 73 22 2 5
118 75 25 2 5
118 79 29 6 5
118 80 29 6 5
118 82 19 6 5
118 86 27 2 5
118 92 20 1 5
11 118 28 7 5
109 118 22 1 5
114 118 20 1 5
119 5 14 3 5
119 12 22 4 5
119 14 23 1 5
119 16 15 8 5
119 20 13 8 5
119 21 19 3 5
119 29 11 6 5
119 38 16 4 5
119 61 21 1 5
119 77 14 7 5
119 90 20 3 5
119 98 24 3 5
104 119 22 3 5
108 119 17 7 5
114 119 15 3 5
120 69 42 27 5
121 37 28 9 5
121 43 33 6 5
121 53 21 5 5
121 94 24 5 5
102 121 33 7 5
122 49 30 10 5
122 96 34 11 5
123 5 12 2 5
123 16 23 2 5
123 20 21 2 5
123 29 15 2 5
123 37 26 3 5
123 41 17 1 5
123 51 33 4 5
123 54 36 5 5
123 74 35 4 5
123 82 16 5 5
123 88 17 1 5
123 90 20 1 5
123 94 18 1 5
108 123 23 2 5
109 123 17 1 5
114 123 15 1 5
118 123 23 2 5
124 51 36 11 5
124 56 44 14 5
124 59 36 7 5
120 124 41 12 5
125 63 28 13 5
125 65 29 9 5
117 125 33 12 5
120 125 36 12 5
121 125 34 7 5
124 125 33 9 5
127 63 36 10 5
127 65 35 7 5
127 73 27 4 5
128 25 34 7 5
128 58 26 6 5
129 5 10 5 5
129 16 17 7 5
129 20 5 12 5
129 21 11 7 5
129 29 11 6 5
129 38 10 7 5
129 42 22 3 5
129 75 18 5 5
129 77 14 7 5
129 92 13 4 5
12 129 18 6 5
104 129 16 6 5
109 129 15 4 5
114 129 11 5 5
119 129 18 6 5
123 129 22 2 5
