Res1 Res2 NSingle NDouble Method
1 5 53 3 5
1 15 60 3 5
1 16 61 5 5
1 29 55 5 5
1 35 67 10 5
1 59 69 7 5
1 94 59 2 5
1 102 67 9 5
1 104 54 9 5
1 113 81 14 5
1 115 77 15 5
1 123 55 5 5
107 2 75 42 5
2 23 103 24 5
2 41 96 6 5
2 43 99 13 5
2 85 92 18 5
2 88 99 5 5
16 3 41 1 5
21 3 39 1 5
114 3 31 0 5
118 3 41 2 5
3 5 31 0 5
3 35 47 6 5
3 44 59 16 5
3 45 43 14 5
3 53 30 0 5
3 58 29 4 5
3 67 46 10 5
3 75 37 2 5
3 92 31 1 5
3 98 40 1 5
29 4 73 5 5
30 4 71 8 5
109 4 72 4 5
114 4 71 3 5
118 4 77 7 5
124 4 78 14 5
4 5 69 4 5
4 80 74 14 5
3 5 31 0 5
12 5 29 1 5
13 5 34 0 5
14 5 24 0 5
15 5 23 0 5
16 5 18 5 5
21 5 20 3 5
29 5 10 6 5
30 5 26 0 5
37 5 34 0 5
38 5 14 4 5
41 5 19 0 5
42 5 27 0 5
104 5 27 1 5
106 5 33 0 5
109 5 11 4 5
114 5 8 4 5
118 5 30 0 5
123 5 16 3 5
129 5 18 5 5
5 53 15 0 5
5 58 22 0 5
5 61 20 0 5
5 73 22 0 5
5 75 24 1 5
5 77 22 4 5
5 82 30 0 5
5 86 30 0 5
5 88 20 0 5
5 90 22 0 5
5 92 16 1 5
5 94 20 0 5
5 98 27 0 5
13 6 93 14 5
42 6 92 11 5
35 7 67 12 5
53 7 60 1 5
54 7 50 26 5
63 7 47 29 5
115 7 59 26 5
118 7 67 5 5
121 7 66 12 5
123 7 63 3 5
125 7 54 16 5
14 8 75 6 5
15 8 70 8 5
27 8 67 16 5
30 8 73 8 5
55 8 72 14 5
65 8 84 9 5
78 8 87 13 5
5 9 69 5 5
15 9 78 4 5
20 9 73 11 5
21 9 75 7 5
29 9 67 9 5
38 9 71 7 5
65 9 76 13 5
77 9 79 7 5
109 9 72 5 5
114 9 69 5 5
10 3 83 8 5
10 25 75 21 5
10 46 74 38 5
10 53 79 2 5
10 111 79 25 5
11 5 34 3 5
104 11 43 5 5
108 11 46 5 5
109 11 37 3 5
11 16 42 5 5
11 20 38 9 5
11 21 46 2 5
11 29 34 6 5
11 38 40 3 5
11 41 43 0 5
11 43 50 5 5
11 53 39 0 5
11 58 46 0 5
11 61 42 1 5
11 73 38 4 5
11 77 48 3 5
11 80 45 10 5
11 82 48 3 5
11 86 44 5 5
11 88 30 7 5
11 90 46 0 5
11 92 42 0 5
11 94 42 1 5
11 112 48 10 5
11 114 36 2 5
11 116 50 5 5
11 118 40 7 5
11 119 46 5 5
11 123 44 1 5
11 129 38 7 5
12 5 29 1 5
104 12 34 5 5
109 12 28 3 5
114 12 29 1 5
116 12 37 7 5
119 12 37 5 5
12 14 39 0 5
12 15 38 0 5
12 16 37 3 5
12 20 33 7 5
12 21 25 8 5
12 29 37 0 5
12 30 41 0 5
12 38 29 4 5
12 41 34 0 5
12 42 28 7 5
12 49 46 2 5
12 53 30 0 5
12 58 35 1 5
12 60 30 10 5
12 61 35 0 5
12 73 37 0 5
12 75 31 5 5
12 77 31 7 5
12 86 39 3 5
12 88 35 0 5
12 90 33 2 5
12 92 19 7 5
12 94 35 0 5
12 98 34 4 5
12 123 37 0 5
12 129 31 6 5
13 5 34 0 5
12 13 21 14 5
104 13 43 2 5
108 13 36 7 5
109 13 33 2 5
114 13 32 1 5
116 13 40 7 5
118 13 46 1 5
119 13 40 5 5
123 13 40 0 5
129 13 36 5 5
13 14 42 0 5
13 15 37 2 5
13 16 38 4 5
13 20 44 3 5
13 21 36 4 5
13 27 40 7 5
13 29 40 0 5
13 30 38 3 5
13 38 32 4 5
13 41 37 0 5
13 42 31 7 5
13 53 33 0 5
13 55 41 7 5
13 58 38 1 5
13 61 38 0 5
13 73 40 0 5
13 75 38 3 5
13 77 32 8 5
13 82 46 1 5
13 86 42 3 5
13 88 38 0 5
13 90 36 2 5
13 92 32 2 5
13 94 38 0 5
13 98 41 2 5
14 5 24 0 5
108 14 38 1 5
109 14 27 0 5
112 14 44 4 5
114 14 24 0 5
116 14 34 5 5
119 14 38 1 5
123 14 30 0 5
14 15 31 0 5
14 16 34 1 5
14 29 30 0 5
14 31 41 5 5
14 38 30 0 5
14 41 27 0 5
14 53 23 0 5
14 57 39 2 5
14 58 30 0 5
14 61 28 0 5
14 73 30 0 5
14 88 28 0 5
14 90 30 0 5
14 92 26 0 5
14 94 28 0 5
14 98 27 4 5
15 5 23 0 5
13 15 37 2 5
14 15 31 0 5
109 15 26 0 5
114 15 23 0 5
123 15 29 0 5
15 21 33 0 5
15 29 29 0 5
15 30 31 1 5
15 38 29 0 5
15 41 24 1 5
15 51 50 3 5
15 53 22 0 5
15 55 38 3 5
15 58 29 0 5
15 59 41 3 5
15 61 25 1 5
15 73 29 0 5
15 74 43 7 5
15 75 33 0 5
15 78 45 6 5
15 88 27 0 5
15 90 29 0 5
15 92 25 0 5
15 94 27 0 5
16 3 41 1 5
16 5 18 5 5
12 16 37 3 5
13 16 38 4 5
14 16 34 1 5
15 16 35 0 5
104 16 31 5 5
106 16 39 3 5
108 16 30 7 5
109 16 17 7 5
114 16 20 4 5
123 16 28 3 5
129 16 30 5 5
16 20 20 12 5
16 21 28 5 5
16 29 14 10 5
16 38 24 5 5
16 41 31 0 5
16 53 27 0 5
16 55 43 3 5
16 58 34 0 5
16 61 32 0 5
16 73 34 0 5
16 75 32 3 5
16 77 28 7 5
16 86 40 1 5
16 88 32 0 5
16 90 30 2 5
16 92 26 2 5
16 94 32 0 5
16 98 37 1 5
17 3 72 8 5
102 17 71 14 5
121 17 62 19 5
125 17 68 14 5
17 37 71 10 5
17 53 62 5 5
17 58 71 4 5
17 89 78 30 5
17 94 65 6 5
14 18 98 11 5
112 18 96 22 5
18 29 92 13 5
19 53 80 5 5
19 54 88 21 5
19 63 91 21 5
19 94 85 5 5
20 5 16 8 5
12 20 33 7 5
13 20 44 3 5
14 20 40 0 5
15 20 39 0 5
16 20 20 12 5
104 20 25 10 5
106 20 43 3 5
108 20 34 7 5
109 20 17 9 5
114 20 16 8 5
116 20 42 5 5
119 20 24 12 5
123 20 32 3 5
129 20 16 14 5
20 21 16 13 5
20 29 12 13 5
20 30 42 0 5
20 38 16 11 5
20 41 35 0 5
20 53 31 0 5
20 57 35 8 5
20 58 38 0 5
20 61 36 0 5
20 73 38 0 5
20 75 38 2 5
20 77 26 10 5
20 88 36 0 5
20 90 38 0 5
20 92 22 6 5
20 94 36 0 5
20 98 41 1 5
21 3 39 1 5
21 5 20 3 5
12 21 25 8 5
14 21 34 0 5
15 21 33 0 5
16 21 28 5 5
104 21 25 7 5
106 21 35 4 5
109 21 21 4 5
114 21 14 6 5
119 21 32 5 5
123 21 32 0 5
129 21 18 10 5
21 29 22 5 5
21 30 36 0 5
21 38 8 12 5
21 41 29 0 5
21 42 35 1 5
21 53 25 0 5
21 58 30 1 5
21 61 30 0 5
21 73 32 0 5
21 75 28 4 5
21 77 24 8 5
21 88 30 0 5
21 90 32 0 5
21 92 8 10 5
21 94 30 0 5
21 98 31 3 5
23 36 67 10 5
23 64 79 17 5
23 71 92 26 5
24 7 100 32 5
102 24 97 23 5
115 24 81 42 5
121 24 94 25 5
25 3 52 6 5
25 5 49 0 5
15 25 54 1 5
100 25 63 17 5
114 25 49 0 5
25 30 51 4 5
25 53 48 0 5
25 58 43 6 5
25 67 26 29 5
25 75 55 2 5
26 5 46 5 5
12 26 43 14 5
14 26 58 3 5
16 26 42 13 5
20 26 40 16 5
21 26 48 9 5
104 26 47 11 5
108 26 44 14 5
109 26 49 5 5
114 26 48 4 5
116 26 50 13 5
119 26 54 9 5
123 26 56 3 5
129 26 44 12 5
26 27 52 12 5
26 29 42 10 5
26 31 33 25 5
26 38 48 7 5
26 42 45 11 5
26 53 53 1 5
26 57 45 15 5
26 75 44 11 5
26 77 46 12 5
26 92 46 6 5
26 94 58 1 5
26 98 57 5 5
27 5 36 0 5
12 27 33 9 5
13 27 40 7 5
14 27 44 0 5
15 27 41 1 5
16 27 44 2 5
21 27 38 4 5
104 27 45 2 5
108 27 46 3 5
109 27 39 0 5
114 27 36 0 5
123 27 40 1 5
129 27 40 4 5
27 29 42 0 5
27 30 40 3 5
27 38 40 1 5
27 41 39 0 5
27 53 35 0 5
27 58 42 0 5
27 61 40 0 5
27 73 42 0 5
27 75 22 12 5
27 77 38 6 5
27 82 46 2 5
27 86 44 3 5
27 88 40 0 5
27 90 42 0 5
27 92 30 4 5
27 94 40 0 5
27 98 39 4 5
124 28 130 24 5
29 5 10 6 5
14 29 30 0 5
15 29 29 0 5
16 29 14 10 5
20 29 12 13 5
21 29 22 5 5
104 29 29 3 5
108 29 28 5 5
109 29 11 7 5
114 29 12 5 5
119 29 20 9 5
123 29 22 3 5
129 29 22 6 5
29 30 32 0 5
29 38 14 7 5
29 41 25 0 5
29 42 33 0 5
29 53 21 0 5
29 57 31 5 5
29 58 28 0 5
29 61 26 0 5
29 73 28 0 5
29 75 30 1 5
29 88 26 0 5
29 90 28 0 5
29 92 24 0 5
29 94 26 0 5
29 98 33 0 5
30 5 26 0 5
13 30 38 3 5
15 30 31 1 5
25 30 51 4 5
27 30 40 3 5
109 30 29 0 5
114 30 26 0 5
118 30 38 1 5
30 41 27 1 5
30 49 39 3 5
30 53 25 0 5
30 55 35 6 5
30 61 26 2 5
30 78 48 6 5
30 82 38 1 5
30 88 28 1 5
30 92 28 0 5
30 94 28 1 5
31 5 35 4 5
12 31 28 15 5
14 31 41 5 5
16 31 41 7 5
20 31 35 12 5
21 31 33 10 5
29 31 39 5 5
104 31 44 6 5
106 31 52 4 5
108 31 43 8 5
109 31 36 5 5
114 31 37 3 5
123 31 47 1 5
129 31 31 12 5
31 38 35 7 5
31 41 46 0 5
31 42 34 10 5
31 53 42 0 5
31 58 47 1 5
31 75 31 11 5
31 86 51 3 5
31 90 47 1 5
31 92 33 6 5
31 98 42 6 5
3 32 78 12 5
21 32 79 9 5
100 32 89 23 5
103 32 96 34 5
32 35 81 17 5
32 73 79 7 5
32 92 75 7 5
102 33 108 23 5
115 33 100 38 5
112 34 94 22 5
3 35 47 6 5
102 35 50 10 5
115 35 58 17 5
35 37 54 4 5
35 45 48 18 5
35 94 46 1 5
36 5 41 0 5
106 36 42 8 5
114 36 41 0 5
36 39 50 8 5
36 43 49 6 5
36 53 40 0 5
36 73 41 3 5
36 78 53 11 5
36 79 53 7 5
36 85 36 14 5
36 88 39 3 5
36 90 41 3 5
102 37 34 13 5
104 37 39 4 5
121 37 45 8 5
123 37 38 1 5
37 42 41 2 5
37 43 42 6 5
37 53 21 6 5
37 59 48 5 5
37 82 40 4 5
37 94 22 8 5
38 5 14 4 5
12 38 29 4 5
13 38 32 4 5
14 38 30 0 5
15 38 29 0 5
16 38 24 5 5
21 38 8 12 5
29 38 14 7 5
104 38 31 2 5
106 38 31 4 5
109 38 13 6 5
114 38 8 7 5
119 38 24 7 5
123 38 28 0 5
129 38 16 9 5
38 41 25 0 5
38 42 31 1 5
38 53 21 0 5
38 57 37 2 5
38 58 26 1 5
38 61 26 0 5
38 73 28 0 5
38 75 30 1 5
38 77 16 10 5
38 88 26 0 5
38 90 28 0 5
38 92 16 4 5
38 94 26 0 5
38 98 31 1 5
39 5 41 0 5
12 39 34 11 5
13 39 35 12 5
16 39 47 3 5
20 39 49 4 5
21 39 37 7 5
38 39 39 4 5
104 39 46 4 5
106 39 30 14 5
108 39 45 6 5
109 39 42 1 5
114 39 39 1 5
116 39 47 7 5
119 39 49 4 5
129 39 39 7 5
39 42 40 6 5
39 53 40 0 5
39 55 44 9 5
39 57 48 6 5
39 58 45 1 5
39 60 44 8 5
39 73 43 2 5
39 75 43 4 5
39 77 47 4 5
39 85 46 9 5
39 86 49 3 5
39 88 37 4 5
39 90 45 1 5
39 92 33 5 5
39 98 46 3 5
108 40 77 8 5
40 49 78 9 5
40 50 88 19 5
40 86 75 8 5
40 98 72 8 5
41 5 19 0 5
14 41 27 0 5
15 41 24 1 5
16 41 31 0 5
21 41 29 0 5
29 41 25 0 5
30 41 27 1 5
38 41 25 0 5
109 41 22 0 5
114 41 19 0 5
123 41 23 1 5
129 41 31 0 5
41 42 30 0 5
41 49 24 7 5
41 53 18 0 5
41 58 25 0 5
41 60 32 3 5
41 61 21 1 5
41 73 25 0 5
41 75 29 0 5
41 88 23 0 5
41 90 23 1 5
41 92 21 0 5
41 94 23 0 5
41 96 36 7 5
41 98 30 0 5
42 5 27 0 5
12 42 28 7 5
13 42 31 7 5
15 42 34 0 5
21 42 35 1 5
27 42 27 10 5
29 42 33 0 5
37 42 41 2 5
38 42 31 1 5
41 42 30 0 5
106 42 40 2 5
108 42 37 3 5
109 42 30 0 5
114 42 27 0 5
116 42 35 6 5
123 42 31 1 5
129 42 31 4 5
42 53 26 0 5
42 57 34 6 5
42 58 33 0 5
42 60 34 6 5
42 61 31 0 5
42 73 33 0 5
42 75 19 9 5
42 77 27 7 5
42 82 35 3 5
42 86 35 3 5
42 88 31 0 5
42 90 33 0 5
42 92 27 1 5
42 94 31 0 5
42 98 34 2 5
43 5 36 0 5
11 43 50 5 5
36 43 49 6 5
37 43 42 6 5
39 43 51 5 5
106 43 45 4 5
107 43 62 14 5
114 43 36 0 5
43 53 27 4 5
43 58 36 3 5
43 78 48 11 5
43 85 41 9 5
43 88 26 7 5
43 94 34 3 5
3 44 59 16 5
25 44 69 20 5
111 44 63 29 5
44 45 74 21 5
44 46 78 32 5
44 58 68 7 5
44 67 65 23 5
44 94 74 3 5
3 45 43 14 5
35 45 48 18 5
41 45 53 3 5
45 49 57 9 5
45 58 56 3 5
45 67 63 14 5
3 46 69 14 5
10 46 74 38 5
25 46 73 21 5
44 46 78 32 5
111 46 67 30 5
46 58 74 7 5
47 53 94 6 5
47 87 101 31 5
49 5 35 0 5
12 49 46 2 5
29 49 41 0 5
30 49 39 3 5
38 49 41 0 5
41 49 24 7 5
108 49 45 3 5
109 49 36 1 5
114 49 35 0 5
119 49 45 3 5
123 49 39 1 5
49 53 34 0 5
49 58 41 0 5
49 60 42 6 5
49 61 39 0 5
49 73 41 0 5
49 86 39 5 5
49 88 39 0 5
49 90 37 2 5
49 92 37 0 5
49 94 39 0 5
49 96 36 15 5
14 50 61 6 5
40 50 88 19 5
49 50 64 10 5
50 51 66 16 5
50 59 71 9 5
50 88 57 6 5
50 98 62 7 5
5 51 45 2 5
15 51 50 3 5
16 51 55 3 5
20 51 57 4 5
29 51 49 3 5
42 51 52 4 5
109 51 50 1 5
123 51 51 2 5
124 51 56 11 5
125 51 56 8 5
51 59 51 11 5
51 61 49 2 5
51 65 38 17 5
51 82 49 7 5
51 88 51 1 5
51 94 47 3 5
51 98 52 4 5
10 52 95 43 5
25 52 102 22 5
111 52 100 29 5
52 88 103 7 5
5 53 15 0 5
15 53 22 0 5
29 53 21 0 5
37 53 21 6 5
38 53 21 0 5
41 53 18 0 5
43 53 27 4 5
102 53 35 3 5
104 53 26 1 5
108 53 29 1 5
109 53 18 0 5
114 53 15 0 5
121 53 30 6 5
123 53 21 0 5
53 58 21 0 5
53 61 19 0 5
53 73 21 0 5
53 86 27 1 5
53 88 19 0 5
53 90 21 0 5
53 92 17 0 5
53 94 11 4 5
54 7 50 26 5
5 54 51 2 5
14 54 53 5 5
16 54 57 5 5
20 54 59 6 5
29 54 49 6 5
38 54 55 3 5
109 54 52 3 5
114 54 51 2 5
123 54 55 3 5
124 54 60 12 5
125 54 56 11 5
129 54 59 4 5
54 63 59 19 5
54 65 62 8 5
54 98 56 5 5
5 55 37 0 5
12 55 38 7 5
13 55 41 7 5
15 55 38 3 5
16 55 43 3 5
20 55 45 4 5
21 55 33 7 5
27 55 39 9 5
30 55 35 6 5
38 55 35 4 5
41 55 40 0 5
42 55 46 1 5
49 55 50 3 5
53 55 36 0 5
104 55 42 4 5
106 55 42 6 5
108 55 47 3 5
109 55 38 1 5
114 55 35 1 5
119 55 47 3 5
123 55 41 1 5
129 55 37 6 5
55 58 41 1 5
55 60 50 3 5
55 75 43 2 5
55 77 47 2 5
55 82 41 5 5
55 90 37 3 5
55 92 29 5 5
55 98 46 1 5
56 7 70 23 5
15 56 68 4 5
115 56 57 30 5
56 59 71 11 5
56 74 71 16 5
5 57 25 5 5
12 57 28 11 5
13 57 33 10 5
14 57 39 2 5
16 57 33 7 5
20 57 35 8 5
21 57 41 2 5
29 57 31 5 5
38 57 37 2 5
42 57 34 6 5
53 57 34 0 5
104 57 44 2 5
106 57 38 7 5
109 57 30 4 5
114 57 31 2 5
119 57 41 5 5
123 57 35 3 5
129 57 37 5 5
57 60 42 6 5
57 75 37 4 5
57 77 33 8 5
57 90 39 1 5
57 92 35 1 5
57 94 37 1 5
57 98 38 4 5
3 58 29 4 5
5 58 22 0 5
12 58 35 1 5
21 58 30 1 5
25 58 43 6 5
38 58 26 1 5
41 58 25 0 5
43 58 36 3 5
53 58 21 0 5
109 58 25 0 5
114 58 22 0 5
124 58 45 3 5
129 58 32 1 5
58 61 26 0 5
58 67 45 6 5
58 88 26 0 5
58 92 24 0 5
58 94 26 0 5
15 59 41 3 5
37 59 48 5 5
42 59 43 4 5
51 59 51 11 5
102 59 52 7 5
118 59 44 5 5
127 59 52 8 5
59 65 51 6 5
59 74 52 11 5
59 82 44 5 5
59 84 60 12 5
59 94 42 1 5
5 60 35 0 5
16 60 43 2 5
29 60 39 1 5
38 60 41 0 5
41 60 32 3 5
42 60 34 6 5
49 60 42 6 5
53 60 34 0 5
57 60 42 6 5
58 60 41 0 5
106 60 44 4 5
108 60 37 7 5
109 60 34 2 5
114 60 35 0 5
119 60 39 6 5
123 60 41 0 5
129 60 45 1 5
60 61 39 0 5
60 73 41 0 5
60 75 39 3 5
60 77 39 5 5
60 86 41 4 5
60 88 39 0 5
60 90 37 2 5
60 92 37 0 5
60 94 39 0 5
60 98 42 2 5
5 61 20 0 5
14 61 28 0 5
15 61 25 1 5
29 61 26 0 5
30 61 26 2 5
38 61 26 0 5
41 61 21 1 5
53 61 19 0 5
58 61 26 0 5
106 61 35 1 5
109 61 23 0 5
114 61 20 0 5
123 61 26 0 5
61 73 26 0 5
61 88 22 1 5
61 90 26 0 5
61 92 22 0 5
61 94 22 1 5
11 62 91 16 5
41 62 88 7 5
107 62 81 36 5
62 73 95 5 5
62 88 89 7 5
62 90 87 9 5
63 7 47 29 5
35 63 64 11 5
42 63 57 6 5
54 63 59 19 5
102 63 66 9 5
125 63 51 15 5
127 63 56 15 5
63 65 61 10 5
63 73 50 7 5
63 82 64 4 5
63 86 62 5 5
5 64 63 2 5
12 64 58 12 5
13 64 67 9 5
16 64 65 7 5
20 64 57 13 5
21 64 59 9 5
27 64 61 13 5
29 64 61 6 5
31 64 56 19 5
38 64 63 5 5
39 64 68 12 5
42 64 62 8 5
104 64 66 7 5
109 64 64 3 5
114 64 61 3 5
116 64 73 7 5
129 64 53 13 5
64 73 67 3 5
64 75 59 9 5
64 77 67 7 5
64 92 57 6 5
65 7 66 10 5
5 65 39 0 5
42 65 44 3 5
51 65 38 17 5
53 65 38 0 5
57 65 52 3 5
59 65 51 6 5
63 65 61 10 5
102 65 55 5 5
114 65 39 0 5
123 65 43 1 5
125 65 50 6 5
127 65 51 8 5
65 94 39 2 5
121 66 115 24 5
3 67 46 10 5
25 67 26 29 5
44 67 65 23 5
58 67 45 6 5
11 68 91 14 5
20 68 89 11 5
21 68 89 8 5
26 68 89 23 5
31 68 86 18 5
38 68 87 7 5
39 68 82 19 5
106 68 88 12 5
108 68 87 12 5
109 68 88 5 5
116 68 93 11 5
119 68 89 11 5
129 68 87 10 5
68 77 87 11 5
68 92 87 5 5
14 69 75 10 5
29 69 83 5 5
53 69 78 4 5
104 69 84 8 5
108 69 81 11 5
112 69 83 16 5
114 69 81 3 5
119 69 81 11 5
120 69 76 28 5
69 94 69 11 5
69 98 78 10 5
3 70 55 7 5
11 70 64 7 5
15 70 55 3 5
30 70 58 3 5
41 70 47 5 5
45 70 74 10 5
49 70 63 5 5
55 70 63 6 5
100 70 74 14 5
70 73 50 5 5
70 82 58 5 5
70 86 58 5 5
3 71 95 9 5
25 71 79 26 5
46 71 94 35 5
58 71 94 5 5
67 71 89 22 5
111 71 95 24 5
12 72 64 8 5
13 72 63 10 5
15 72 62 5 5
16 72 65 6 5
21 72 63 6 5
31 72 66 13 5
38 72 63 4 5
39 72 64 13 5
42 72 66 5 5
57 72 64 10 5
59 72 71 9 5
106 72 62 10 5
129 72 67 5 5
72 75 65 5 5
72 77 65 7 5
72 92 59 4 5
5 73 22 0 5
11 73 38 4 5
15 73 29 0 5
29 73 28 0 5
36 73 41 3 5
38 73 28 0 5
41 73 25 0 5
53 73 21 0 5
58 73 28 0 5
61 73 26 0 5
63 73 50 7 5
109 73 25 0 5
114 73 22 0 5
118 73 34 1 5
123 73 28 0 5
127 73 42 4 5
73 82 34 1 5
73 86 30 3 5
73 88 24 1 5
73 90 26 1 5
73 92 24 0 5
73 94 26 0 5
15 74 43 7 5
55 74 59 6 5
59 74 52 11 5
118 74 58 3 5
122 74 64 12 5
123 74 48 4 5
74 82 48 8 5
74 84 60 17 5
74 86 56 4 5
74 96 57 12 5
3 75 37 2 5
5 75 24 1 5
12 75 31 5 5
13 75 38 3 5
16 75 32 3 5
20 75 38 2 5
21 75 28 4 5
27 75 22 12 5
29 75 30 1 5
31 75 31 11 5
38 75 30 1 5
41 75 29 0 5
42 75 19 9 5
53 75 25 0 5
60 75 39 3 5
104 75 35 2 5
108 75 38 2 5
109 75 27 1 5
114 75 24 1 5
116 75 40 3 5
118 75 36 2 5
123 75 30 1 5
129 75 30 4 5
75 77 28 6 5
75 80 39 6 5
75 86 34 3 5
75 92 20 4 5
75 98 31 3 5
15 76 80 5 5
41 76 74 6 5
49 76 84 9 5
59 76 89 9 5
110 76 83 30 5
76 82 73 12 5
76 85 80 13 5
76 90 77 6 5
5 77 22 4 5
12 77 31 7 5
16 77 28 7 5
20 77 26 10 5
21 77 24 8 5
29 77 22 7 5
38 77 16 10 5
41 77 33 0 5
42 77 27 7 5
53 77 29 0 5
58 77 36 0 5
61 77 34 0 5
73 77 36 0 5
75 77 28 6 5
108 77 40 3 5
109 77 17 8 5
114 77 18 6 5
123 77 36 0 5
129 77 24 9 5
77 86 42 1 5
77 88 34 0 5
77 90 32 2 5
77 92 28 2 5
77 94 34 0 5
77 98 37 2 5
15 78 45 6 5
27 78 58 6 5
30 78 48 6 5
36 78 53 11 5
39 78 59 8 5
43 78 48 11 5
55 78 45 13 5
58 78 50 3 5
106 78 55 6 5
78 85 51 11 5
78 88 48 3 5
5 79 40 1 5
11 79 58 4 5
12 79 51 3 5
36 79 53 7 5
108 79 52 3 5
109 79 43 1 5
112 79 56 7 5
114 79 40 1 5
118 79 44 6 5
119 79 52 3 5
79 80 51 8 5
79 85 53 6 5
79 90 40 4 5
79 92 42 1 5
79 98 49 2 5
5 80 31 5 5
11 80 45 10 5
12 80 46 5 5
14 80 47 1 5
15 80 46 1 5
16 80 43 5 5
20 80 35 11 5
21 80 33 9 5
29 80 33 7 5
30 80 47 2 5
31 80 50 9 5
38 80 33 7 5
42 80 46 3 5
53 80 40 0 5
57 80 50 5 5
58 80 45 1 5
61 80 43 1 5
75 80 39 6 5
77 80 39 8 5
104 80 48 3 5
109 80 36 4 5
112 80 41 14 5
114 80 29 6 5
118 80 37 9 5
119 80 45 6 5
123 80 45 1 5
129 80 33 10 5
80 88 43 1 5
80 92 35 4 5
80 94 43 1 5
80 98 50 1 5
5 82 30 0 5
30 82 38 1 5
37 82 40 4 5
42 82 35 3 5
51 82 49 7 5
53 82 29 0 5
55 82 41 5 5
59 82 44 5 5
73 82 34 1 5
74 82 48 8 5
114 82 30 0 5
118 82 32 6 5
123 82 28 4 5
82 86 38 3 5
82 92 32 0 5
20 83 84 14 5
21 83 78 14 5
29 83 84 9 5
38 83 82 10 5
54 83 97 19 5
80 83 89 16 5
109 83 85 7 5
114 83 86 5 5
117 83 86 25 5
129 83 90 9 5
83 87 96 28 5
83 92 80 9 5
3 84 61 7 5
15 84 55 6 5
56 84 79 17 5
59 84 60 12 5
74 84 60 17 5
82 84 64 5 5
115 84 70 19 5
123 84 58 4 5
124 84 71 9 5
125 84 69 7 5
5 85 39 0 5
11 85 53 5 5
36 85 36 14 5
39 85 46 9 5
43 85 41 9 5
53 85 38 0 5
58 85 43 1 5
73 85 43 1 5
78 85 51 11 5
106 85 40 8 5
114 85 39 0 5
85 88 33 5 5
85 90 39 3 5
5 86 30 0 5
11 86 44 5 5
12 86 39 3 5
13 86 42 3 5
15 86 37 0 5
27 86 44 3 5
29 86 36 0 5
38 86 36 0 5
41 86 33 0 5
42 86 35 3 5
49 86 39 5 5
53 86 27 1 5
58 86 36 0 5
60 86 41 4 5
61 86 34 0 5
73 86 30 3 5
75 86 34 3 5
82 86 38 3 5
108 86 40 3 5
109 86 33 0 5
114 86 30 0 5
118 86 40 2 5
123 86 36 0 5
86 88 34 0 5
86 90 36 0 5
86 92 32 0 5
86 94 34 0 5
86 96 47 7 5
36 87 79 9 5
73 87 64 7 5
85 87 77 9 5
86 87 72 7 5
125 87 77 9 5
87 90 72 3 5
87 91 83 23 5
5 88 20 0 5
11 88 30 7 5
14 88 28 0 5
15 88 27 0 5
21 88 30 0 5
29 88 26 0 5
30 88 28 1 5
36 88 39 3 5
38 88 26 0 5
39 88 37 4 5
41 88 23 0 5
43 88 26 7 5
53 88 19 0 5
58 88 26 0 5
61 88 22 1 5
73 88 24 1 5
75 88 30 0 5
85 88 33 5 5
106 88 31 3 5
109 88 23 0 5
114 88 20 0 5
118 88 32 1 5
123 88 24 1 5
88 90 26 0 5
88 92 22 0 5
88 94 22 1 5
17 89 78 30 5
36 89 80 13 5
37 89 79 10 5
53 89 74 3 5
87 89 91 23 5
102 89 75 16 5
104 89 78 8 5
121 89 78 15 5
125 89 82 11 5
89 94 75 5 5
5 90 22 0 5
12 90 33 2 5
13 90 36 2 5
16 90 30 2 5
36 90 41 3 5
41 90 23 1 5
49 90 37 2 5
53 90 21 0 5
55 90 37 3 5
60 90 37 2 5
73 90 26 1 5
77 90 32 2 5
79 90 40 4 5
85 90 39 3 5
106 90 35 2 5
108 90 32 3 5
109 90 23 1 5
114 90 22 0 5
116 90 38 2 5
119 90 32 3 5
123 90 26 1 5
90 92 24 0 5
36 91 72 13 5
58 91 71 4 5
73 91 65 7 5
79 91 81 9 5
87 91 83 23 5
88 91 67 5 5
125 91 78 9 5
3 92 31 1 5
5 92 16 1 5
13 92 32 2 5
14 92 26 0 5
15 92 25 0 5
16 92 26 2 5
20 92 22 6 5
21 92 8 10 5
29 92 24 0 5
30 92 28 0 5
38 92 16 4 5
41 92 21 0 5
42 92 27 1 5
53 92 17 0 5
58 92 24 0 5
61 92 22 0 5
73 92 24 0 5
75 92 20 4 5
77 92 28 2 5
88 92 22 0 5
90 92 24 0 5
104 92 17 7 5
106 92 31 2 5
109 92 19 1 5
114 92 16 1 5
123 92 24 0 5
129 92 20 5 5
92 94 22 0 5
92 98 23 3 5
21 93 108 11 5
63 93 108 27 5
73 93 102 12 5
92 93 104 9 5
117 93 112 24 5
5 94 20 0 5
15 94 27 0 5
29 94 26 0 5
30 94 28 1 5
37 94 22 8 5
38 94 26 0 5
41 94 23 0 5
43 94 34 3 5
53 94 11 4 5
58 94 26 0 5
61 94 22 1 5
73 94 26 0 5
88 94 22 1 5
90 94 26 0 5
92 94 22 0 5
102 94 30 8 5
104 94 25 4 5
109 94 23 0 5
114 94 20 0 5
120 94 49 8 5
121 94 37 5 5
123 94 26 0 5
14 95 84 8 5
15 95 85 7 5
38 95 90 4 5
55 95 87 13 5
79 95 96 11 5
80 95 95 11 5
112 95 92 14 5
114 95 88 2 5
118 95 88 9 5
41 96 36 7 5
49 96 36 15 5
60 96 44 11 5
86 96 47 7 5
108 96 57 3 5
123 96 51 1 5
41 97 73 3 5
53 97 69 3 5
94 97 72 4 5
96 97 77 15 5
121 97 73 15 5
5 98 27 0 5
12 98 34 4 5
14 98 27 4 5
16 98 37 1 5
21 98 31 3 5
27 98 39 4 5
38 98 31 1 5
41 98 30 0 5
42 98 34 2 5
53 98 26 0 5
57 98 38 4 5
61 98 31 0 5
75 98 31 3 5
77 98 37 2 5
88 98 31 0 5
92 98 23 3 5
94 98 31 0 5
104 98 36 2 5
106 98 40 2 5
108 98 35 4 5
109 98 30 0 5
112 98 45 5 5
114 98 27 0 5
116 98 37 5 5
119 98 37 3 5
124 98 46 5 5
129 98 37 1 5
51 99 74 20 5
59 99 73 16 5
65 99 76 14 5
74 99 81 17 5
125 99 78 13 5
100 3 55 12 5
100 25 63 17 5
100 45 66 19 5
100 70 74 14 5
100 73 62 4 5
100 111 73 18 5
101 13 77 7 5
101 21 71 6 5
101 25 72 17 5
101 27 77 8 5
101 67 80 14 5
101 75 67 8 5
101 86 73 7 5
101 92 67 4 5
101 111 78 20 5
101 129 69 8 5
102 35 50 10 5
102 37 34 13 5
102 42 43 5 5
102 53 35 3 5
102 59 52 7 5
102 65 55 5 5
102 82 50 3 5
102 94 30 8 5
102 104 37 9 5
102 121 55 7 5
102 127 56 7 5
103 32 96 34 5
103 35 77 22 5
103 45 81 26 5
100 103 89 26 5
101 103 94 28 5
103 113 101 21 5
104 5 27 1 5
104 11 43 5 5
104 12 34 5 5
104 13 43 2 5
104 16 31 5 5
104 20 25 10 5
104 21 25 7 5
104 29 29 3 5
104 37 39 4 5
104 38 31 2 5
104 53 26 1 5
104 55 42 4 5
104 75 35 2 5
104 92 17 7 5
104 94 25 4 5
104 98 36 2 5
102 104 37 9 5
104 106 42 2 5
104 108 35 5 5
104 114 29 0 5
104 116 39 5 5
104 119 39 3 5
104 123 33 1 5
104 129 27 7 5
105 112 120 21 5
106 5 33 0 5
106 12 30 9 5
106 13 31 10 5
106 15 40 0 5
106 16 39 3 5
106 20 43 3 5
106 21 35 4 5
106 29 39 0 5
106 38 31 4 5
106 39 30 14 5
106 41 36 0 5
106 42 40 2 5
106 43 45 4 5
106 53 32 0 5
106 55 42 6 5
106 57 38 7 5
106 58 37 1 5
106 60 44 4 5
106 61 35 1 5
106 73 39 0 5
106 77 39 4 5
106 85 40 8 5
106 88 31 3 5
106 90 35 2 5
106 92 31 2 5
106 94 37 0 5
106 98 40 2 5
104 106 42 2 5
106 108 41 4 5
106 109 32 2 5
106 114 31 1 5
106 119 43 3 5
106 123 39 0 5
106 129 37 4 5
107 41 67 3 5
107 43 62 14 5
107 58 68 4 5
107 85 59 17 5
107 88 56 9 5
107 90 66 5 5
106 107 73 7 5
107 123 70 3 5
108 5 26 3 5
108 12 29 9 5
108 13 36 7 5
108 14 38 1 5
108 16 30 7 5
108 20 34 7 5
108 29 28 5 5
108 41 35 0 5
108 42 37 3 5
108 53 29 1 5
108 57 33 9 5
108 60 37 7 5
108 61 36 0 5
108 75 38 2 5
108 77 40 3 5
108 86 40 3 5
108 88 36 0 5
108 90 32 3 5
108 92 34 0 5
108 94 36 0 5
108 98 35 4 5
104 108 35 5 5
106 108 41 4 5
108 109 31 2 5
108 114 30 1 5
108 116 26 13 5
108 123 32 3 5
108 129 36 4 5
109 5 11 4 5
109 12 28 3 5
109 13 33 2 5
109 14 27 0 5
109 15 26 0 5
109 16 17 7 5
109 21 21 4 5
109 29 11 7 5
109 38 13 6 5
109 41 22 0 5
109 53 18 0 5
109 57 30 4 5
109 58 25 0 5
109 60 34 2 5
109 61 23 0 5
109 73 25 0 5
109 75 27 1 5
109 88 23 0 5
109 90 23 1 5
109 92 19 1 5
109 94 23 0 5
106 109 32 2 5
108 109 31 2 5
109 114 11 4 5
109 123 23 1 5
109 129 23 4 5
110 30 76 5 5
110 36 85 8 5
110 41 73 3 5
110 82 76 7 5
110 90 72 5 5
110 123 68 7 5
111 3 56 10 5
111 25 52 21 5
111 44 63 29 5
111 46 67 30 5
111 58 61 3 5
111 67 60 18 5
112 5 32 6 5
112 12 51 4 5
112 14 44 4 5
112 16 38 9 5
112 20 40 10 5
112 21 50 2 5
112 29 32 9 5
112 30 52 1 5
112 38 42 4 5
112 41 47 0 5
112 53 43 0 5
112 57 51 6 5
112 61 44 2 5
112 75 48 3 5
112 77 50 4 5
112 80 41 14 5
112 88 46 1 5
112 92 44 1 5
112 94 46 1 5
112 98 45 5 5
104 112 51 3 5
108 112 44 8 5
109 112 35 6 5
112 114 38 3 5
112 118 48 5 5
112 119 50 5 5
112 123 44 3 5
112 129 46 5 5
113 30 66 5 5
113 35 62 16 5
113 37 70 7 5
113 41 61 4 5
113 45 78 14 5
113 53 63 1 5
113 94 62 4 5
113 96 75 11 5
102 113 64 14 5
104 113 61 9 5
114 3 31 0 5
114 5 8 4 5
114 12 29 1 5
114 13 32 1 5
114 14 24 0 5
114 15 23 0 5
114 16 20 4 5
114 21 14 6 5
114 29 12 5 5
114 30 26 0 5
114 37 34 0 5
114 38 8 7 5
114 41 19 0 5
114 42 27 0 5
114 53 15 0 5
114 57 31 2 5
114 58 22 0 5
114 61 20 0 5
114 73 22 0 5
114 75 24 1 5
114 77 18 6 5
114 82 30 0 5
114 86 30 0 5
114 88 20 0 5
114 90 22 0 5
114 92 16 1 5
114 94 20 0 5
114 98 27 0 5
104 114 29 0 5
106 114 31 1 5
108 114 30 1 5
109 114 11 4 5
114 118 30 0 5
114 119 24 4 5
114 123 20 1 5
114 129 18 5 5
115 7 59 26 5
115 15 63 4 5
115 35 58 17 5
115 37 68 7 5
115 53 61 1 5
115 56 57 30 5
115 59 66 11 5
115 84 70 19 5
116 5 34 1 5
116 12 37 7 5
116 13 40 7 5
116 14 34 5 5
116 15 43 0 5
116 16 38 5 5
116 20 42 5 5
116 27 46 5 5
116 29 36 3 5
116 38 42 0 5
116 41 39 0 5
116 42 35 6 5
116 53 35 0 5
116 58 42 0 5
116 61 40 0 5
116 73 42 0 5
116 75 40 3 5
116 77 40 5 5
116 86 48 1 5
116 88 40 0 5
116 90 38 2 5
116 92 38 0 5
116 94 40 0 5
116 98 37 5 5
104 116 39 5 5
108 116 26 13 5
109 116 39 0 5
114 116 36 0 5
116 123 40 1 5
116 129 38 5 5
117 5 56 0 5
117 12 39 16 5
117 13 46 14 5
117 20 58 7 5
117 21 44 11 5
117 27 54 11 5
117 31 55 14 5
117 38 52 5 5
117 39 55 13 5
117 42 51 8 5
117 53 55 0 5
117 55 63 7 5
117 57 55 10 5
117 75 52 7 5
117 88 58 1 5
117 92 40 9 5
117 98 57 5 5
104 117 55 7 5
106 117 53 10 5
109 117 57 1 5
114 117 54 1 5
117 129 54 7 5
118 3 41 2 5
118 5 30 0 5
118 30 38 1 5
118 53 29 0 5
118 59 44 5 5
118 73 34 1 5
118 75 36 2 5
118 79 44 6 5
118 80 37 9 5
118 82 32 6 5
118 86 40 2 5
118 88 32 1 5
118 92 32 0 5
11 118 40 7 5
112 118 48 5 5
114 118 30 0 5
118 123 32 2 5
118 124 51 4 5
119 5 26 3 5
119 12 37 5 5
119 14 38 1 5
119 15 39 0 5
119 16 26 9 5
119 21 32 5 5
119 29 20 9 5
119 30 42 0 5
119 38 24 7 5
119 41 35 0 5
119 42 43 0 5
119 53 31 0 5
119 58 38 0 5
119 61 36 0 5
119 73 38 0 5
119 75 42 0 5
119 77 22 12 5
119 82 46 0 5
119 86 46 0 5
119 88 36 0 5
119 90 32 3 5
119 92 34 0 5
119 94 36 0 5
119 98 37 3 5
104 119 39 3 5
109 119 19 8 5
114 119 24 4 5
118 119 46 0 5
119 123 36 1 5
119 129 30 7 5
120 5 57 2 5
120 16 63 5 5
120 20 63 7 5
120 29 57 5 5
120 37 61 9 5
120 53 50 5 5
120 61 61 2 5
120 69 76 28 5
120 94 49 8 5
120 98 56 8 5
104 120 62 6 5
108 120 63 7 5
109 120 60 2 5
112 120 59 15 5
114 120 59 1 5
119 120 63 7 5
120 121 66 11 5
120 124 62 14 5
120 129 63 5 5
121 17 62 19 5
121 37 45 8 5
121 53 30 6 5
121 88 45 1 5
121 94 37 5 5
102 121 55 7 5
121 125 48 9 5
122 13 62 5 5
122 14 52 5 5
122 15 59 1 5
122 16 58 4 5
122 29 58 1 5
122 30 56 4 5
122 31 63 9 5
122 41 51 3 5
122 49 53 10 5
122 57 61 6 5
122 59 64 7 5
122 60 53 10 5
122 73 58 1 5
122 86 62 3 5
122 90 54 3 5
122 96 53 16 5
122 98 55 5 5
108 122 54 8 5
109 122 55 1 5
116 122 54 10 5
119 122 56 7 5
122 123 58 1 5
123 5 16 3 5
123 16 28 3 5
123 20 32 3 5
123 29 22 3 5
123 41 23 1 5
123 42 31 1 5
123 53 21 0 5
123 57 35 3 5
123 74 48 4 5
123 75 30 1 5
123 82 28 4 5
123 88 24 1 5
123 90 26 1 5
1 123 55 5 5
104 123 33 1 5
108 123 32 3 5
109 123 23 1 5
114 123 20 1 5
118 123 32 2 5
119 123 36 1 5
123 129 32 1 5
124 51 56 11 5
124 54 60 12 5
124 58 45 3 5
124 59 59 5 5
124 61 47 1 5
124 82 53 3 5
124 98 46 5 5
112 124 53 10 5
118 124 51 4 5
120 124 62 14 5
124 125 50 9 5
124 130 70 14 5
125 7 54 16 5
125 17 68 14 5
125 51 56 8 5
125 54 56 11 5
125 61 41 1 5
125 63 51 15 5
125 65 50 6 5
125 88 41 1 5
125 90 43 1 5
121 125 48 9 5
124 125 50 9 5
126 3 96 11 5
126 58 95 7 5
126 73 93 8 5
126 90 91 9 5
10 126 111 30 5
127 37 56 3 5
127 39 57 6 5
127 42 47 4 5
127 59 52 8 5
127 61 46 1 5
127 63 56 15 5
127 65 51 8 5
127 73 42 4 5
127 86 52 3 5
127 88 44 2 5
127 94 46 1 5
11 127 58 5 5
12 127 51 4 5
102 127 56 7 5
106 127 55 3 5
108 127 52 4 5
109 127 45 1 5
127 128 58 10 5
128 13 62 3 5
128 15 55 1 5
128 21 54 3 5
128 25 65 9 5
128 38 50 3 5
128 58 50 3 5
128 61 52 1 5
128 92 50 1 5
106 128 57 5 5
114 128 48 1 5
116 128 60 5 5
127 128 58 10 5
128 129 56 3 5
129 5 18 5 5
129 13 36 5 5
129 14 36 0 5
129 15 35 0 5
129 16 30 5 5
129 20 16 14 5
129 21 18 10 5
129 29 22 6 5
129 30 38 0 5
129 38 16 9 5
129 41 31 0 5
129 42 31 4 5
129 53 27 0 5
129 57 37 5 5
129 58 32 1 5
129 61 32 0 5
129 73 34 0 5
129 75 30 4 5
129 77 24 9 5
129 86 40 1 5
129 88 32 0 5
129 90 34 0 5
129 92 20 5 5
129 94 32 0 5
129 98 37 1 5
12 129 31 6 5
104 129 27 7 5
109 129 23 4 5
114 129 18 5 5
116 129 38 5 5
119 129 30 7 5
123 129 32 1 5
130 43 75 7 5
130 50 84 17 5
130 51 74 14 5
130 65 70 11 5
130 88 65 4 5
130 94 65 4 5
130 98 70 5 5
112 130 77 10 5
120 130 80 17 5
124 130 70 14 5
125 130 72 10 5
