Res1 Res2 NSingle NDouble Method
16 8 14 0 5
17 8 8 0 5
26 8 17 1 5
41 8 4 0 5
16 41 14 0 5
17 41 8 0 5
24 41 15 1 5
16 47 20 5 5
53 8 3 0 5
16 53 11 1 5
17 53 7 0 5
26 53 16 1 5
41 53 3 0 5
53 56 20 1 5
64 8 13 0 5
17 64 17 0 5
24 64 20 3 5
41 64 11 1 5
53 64 12 0 5
64 67 20 3 5
69 70 21 6 5
77 8 11 0 5
17 77 15 0 5
26 77 20 3 5
41 77 11 0 5
43 77 16 4 5
45 77 16 4 5
53 77 10 0 5
8 82 12 1 5
16 82 18 3 5
17 82 16 1 5
40 82 28 6 5
41 82 14 0 5
53 82 13 0 5
8 85 5 0 5
16 85 15 0 5
17 85 9 0 5
41 85 5 0 5
53 85 4 0 5
64 85 14 0 5
67 85 14 2 5
77 85 12 0 5
82 85 15 0 5
8 87 5 0 5
17 87 9 0 5
41 87 5 0 5
53 87 4 0 5
64 87 14 0 5
65 87 15 2 5
69 87 17 2 5
77 87 12 0 5
80 87 19 3 5
85 87 4 1 5
8 88 5 0 5
17 88 9 0 5
41 88 5 0 5
53 88 4 0 5
64 88 14 0 5
77 88 12 0 5
85 88 6 0 5
87 88 6 0 5
8 91 10 0 5
17 91 12 1 5
41 91 10 0 5
53 91 9 0 5
56 91 19 5 5
69 91 20 3 5
70 91 17 3 5
76 91 24 4 5
85 91 11 0 5
87 91 11 0 5
88 91 11 0 5
4 93 25 4 5
8 93 14 0 5
41 93 14 0 5
53 93 13 0 5
70 93 19 4 5
75 93 24 4 5
85 93 15 0 5
91 93 16 2 5
8 94 9 1 5
17 94 15 0 5
41 94 11 0 5
53 94 10 0 5
76 94 23 5 5
82 94 15 3 5
85 94 12 0 5
87 94 12 0 5
88 94 12 0 5
102 8 12 0 5
102 17 16 0 5
102 41 10 1 5
102 53 11 0 5
102 85 13 0 5
102 87 13 0 5
102 88 11 1 5
106 53 14 0 5
106 85 12 2 5
106 88 14 1 5
102 106 15 4 5
111 8 13 0 5
111 17 17 0 5
111 41 9 2 5
111 53 12 0 5
111 68 21 5 5
111 85 14 0 5
111 87 14 0 5
111 88 10 2 5
102 111 15 3 5
108 111 22 4 5
112 71 37 6 5
113 8 15 1 5
102 115 16 5 5
111 115 21 3 5
116 24 23 4 5
116 64 21 3 5
102 116 16 5 5
106 116 13 8 5
111 116 15 6 5
115 116 16 8 5
117 76 48 13 5
118 8 5 0 5
118 16 11 2 5
118 17 9 0 5
118 41 5 0 5
118 53 4 0 5
118 64 14 0 5
118 77 8 2 5
118 82 15 0 5
118 85 6 0 5
118 87 6 0 5
118 88 6 0 5
118 91 11 0 5
118 93 15 0 5
118 94 12 0 5
102 118 13 0 5
111 118 14 0 5
123 7 22 3 5
123 8 7 1 5
123 16 17 1 5
123 17 13 0 5
123 26 16 4 5
123 41 9 0 5
123 53 8 0 5
123 64 16 1 5
123 77 12 2 5
123 82 17 1 5
123 85 10 0 5
123 87 10 0 5
123 88 10 0 5
123 94 14 1 5
113 123 16 3 5
118 123 10 0 5
126 69 22 6 5
126 75 18 9 5
126 93 22 3 5
128 8 12 0 5
128 17 16 0 5
128 41 12 0 5
128 53 11 0 5
128 82 12 5 5
128 85 13 0 5
128 87 13 0 5
128 88 13 0 5
102 128 20 0 5
118 128 13 0 5
130 94 28 3 5
1 131 0 34 5
132 2 0 23 5
133 3 0 30 5
134 4 0 21 5
134 93 25 4 5
135 5 0 60 5
136 6 0 24 5
137 7 0 21 5
123 137 22 3 5
138 8 0 2 5
138 16 14 0 5
138 17 8 0 5
138 26 17 1 5
138 41 4 0 5
138 53 3 0 5
138 64 13 0 5
138 77 11 0 5
138 82 12 1 5
138 85 5 0 5
138 87 5 0 5
138 88 5 0 5
138 91 10 0 5
138 93 14 0 5
138 94 9 1 5
102 138 12 0 5
111 138 13 0 5
113 138 15 1 5
118 138 5 0 5
123 138 7 1 5
128 138 12 0 5
139 9 0 54 5
10 140 0 45 5
11 141 0 18 5
12 142 0 22 5
13 143 0 33 5
14 144 0 38 5
146 8 14 0 5
146 16 0 12 5
146 26 21 4 5
146 41 14 0 5
146 53 11 1 5
146 65 20 4 5
146 82 18 3 5
146 85 15 0 5
118 146 11 2 5
123 146 17 1 5
138 146 14 0 5
147 8 8 0 5
147 16 18 0 5
147 17 0 6 5
147 41 8 0 5
147 53 7 0 5
147 64 17 0 5
147 77 15 0 5
147 82 16 1 5
147 85 9 0 5
147 87 9 0 5
147 88 9 0 5
147 91 12 1 5
147 93 18 0 5
147 94 15 0 5
102 147 16 0 5
111 147 17 0 5
118 147 9 0 5
123 147 13 0 5
128 147 16 0 5
138 147 8 0 5
146 147 18 0 5
148 18 0 39 5
149 19 0 45 5
150 20 0 16 5
151 21 0 77 5
152 22 0 43 5
153 23 0 28 5
154 24 0 15 5
154 41 15 1 5
154 64 20 3 5
116 154 23 4 5
155 25 0 34 5
156 8 17 1 5
156 26 0 17 5
156 53 16 1 5
156 77 20 3 5
123 156 16 4 5
138 156 17 1 5
146 156 21 4 5
157 27 0 21 5
158 28 0 43 5
159 29 0 29 5
161 31 0 37 5
162 32 0 44 5
163 33 0 31 5
164 34 0 43 5
165 35 0 15 5
166 36 0 34 5
167 37 0 57 5
168 38 0 38 5
169 39 0 24 5
170 40 0 28 5
171 8 4 0 5
171 41 0 2 5
171 53 3 0 5
171 64 11 1 5
171 77 11 0 5
171 82 14 0 5
171 85 5 0 5
171 87 5 0 5
171 88 5 0 5
171 91 10 0 5
171 93 14 0 5
171 94 11 0 5
16 171 14 0 5
17 171 8 0 5
102 171 10 1 5
111 171 9 2 5
118 171 5 0 5
123 171 9 0 5
128 171 12 0 5
138 171 4 0 5
146 171 14 0 5
147 171 8 0 5
172 42 0 27 5
173 43 0 15 5
173 77 16 4 5
174 44 0 63 5
175 43 20 5 5
175 45 0 15 5
175 77 16 4 5
173 175 20 5 5
176 46 0 24 5
177 47 0 18 5
16 177 20 5 5
178 48 0 30 5
179 49 0 46 5
180 50 0 21 5
181 51 0 47 5
182 52 0 59 5
183 8 3 0 5
183 26 16 1 5
183 41 3 0 5
183 53 0 1 5
183 64 12 0 5
183 77 10 0 5
183 85 4 0 5
183 87 4 0 5
183 88 4 0 5
183 91 9 0 5
183 94 10 0 5
16 183 11 1 5
17 183 7 0 5
102 183 11 0 5
111 183 12 0 5
118 183 4 0 5
123 183 8 0 5
128 183 11 0 5
138 183 3 0 5
146 183 11 1 5
147 183 7 0 5
156 183 16 1 5
171 183 3 0 5
184 54 0 42 5
185 55 0 22 5
186 53 20 1 5
186 56 0 21 5
186 91 19 5 5
187 57 0 27 5
188 58 0 38 5
189 59 0 33 5
190 60 0 17 5
192 62 0 21 5
193 63 0 34 5
194 8 13 0 5
194 24 20 3 5
194 41 11 1 5
194 53 12 0 5
194 64 0 11 5
194 67 20 3 5
194 85 14 0 5
194 87 14 0 5
194 88 14 0 5
17 194 17 0 5
116 194 21 3 5
118 194 14 0 5
123 194 16 1 5
138 194 13 0 5
147 194 17 0 5
154 194 20 3 5
171 194 11 1 5
183 194 12 0 5
195 65 0 16 5
195 87 15 2 5
146 195 20 4 5
