102	106
102	111
102	115
102	116
102	41
102	88
106	85
108	111
111	115
111	116
111	41
111	68
111	88
113	123
113	8
116	64
117	76
118	123
118	16
118	17
118	41
118	53
118	77
118	8
118	85
118	87
118	88
118	91
123	26
123	41
123	53
123	7
123	77
123	8
123	85
123	88
123	94
126	75
128	41
128	82
16	47
16	53
16	82
17	41
17	53
17	8
17	82
17	85
17	87
17	88
17	91
24	64
26	53
26	8
41	53
41	64
41	77
41	8
41	85
41	87
41	88
41	91
41	94
43	77
45	77
53	56
53	8
53	85
53	87
53	88
53	91
56	91
64	67
65	87
67	85
69	87
69	91
70	91
70	93
76	94
8	82
8	85
8	87
8	88
8	94
82	94
85	87
85	88
87	88
88	91
91	93
