Res1 Res2 NSingle NDouble Method
1 12 36 10 5
118 2 22 2 5
2 43 26 6 5
2 72 32 10 5
2 77 24 4 5
2 88 24 1 5
16 3 30 6 5
118 3 29 2 5
15 4 21 0 5
17 4 23 2 5
30 4 21 0 5
127 4 21 0 5
4 8 23 0 5
4 41 23 0 5
4 53 22 0 5
4 61 21 0 5
4 69 21 9 5
17 6 24 3 5
41 6 22 2 5
102 6 22 6 5
106 6 23 7 5
116 6 22 9 5
6 85 25 1 5
6 88 25 1 5
41 7 21 1 5
115 7 23 7 5
116 7 27 5 5
123 7 22 3 5
7 8 21 1 5
15 8 2 0 5
17 8 8 0 5
26 8 17 1 5
30 8 2 0 5
41 8 4 0 5
53 8 3 0 5
61 8 2 0 5
113 8 15 1 5
118 8 5 0 5
123 8 7 1 5
127 8 2 0 5
8 82 12 1 5
8 85 5 0 5
8 87 5 0 5
8 88 5 0 5
8 94 9 1 5
10 71 49 14 5
106 11 19 6 5
11 15 18 0 5
11 30 18 0 5
11 61 18 0 5
11 85 17 2 5
11 88 17 2 5
11 115 24 5 5
11 116 24 5 5
11 127 18 0 5
113 12 27 5 5
12 15 22 0 5
12 30 22 0 5
12 39 32 7 5
12 61 22 0 5
12 95 31 5 5
12 127 22 0 5
118 13 30 3 5
16 8 14 0 5
15 16 12 0 5
118 16 11 2 5
123 16 17 1 5
127 16 12 0 5
128 16 18 2 5
16 26 21 4 5
16 30 12 0 5
16 41 14 0 5
16 47 20 5 5
16 53 11 1 5
16 61 12 0 5
16 65 20 4 5
16 82 18 3 5
16 85 15 0 5
16 87 15 0 5
16 88 15 0 5
17 8 8 0 5
15 17 6 0 5
118 17 9 0 5
127 17 6 0 5
17 20 18 2 5
17 30 6 0 5
17 41 8 0 5
17 53 7 0 5
17 61 6 0 5
17 82 16 1 5
17 85 9 0 5
17 87 9 0 5
17 88 9 0 5
17 91 12 1 5
19 47 39 12 5
15 20 16 0 5
17 20 18 2 5
127 20 16 0 5
20 30 16 0 5
20 61 16 0 5
20 77 21 2 5
20 91 20 2 5
17 23 30 2 5
23 41 28 1 5
23 85 27 2 5
23 87 25 3 5
23 88 27 2 5
15 24 15 0 5
102 24 21 2 5
115 24 23 4 5
116 24 23 4 5
125 24 31 7 5
127 24 15 0 5
24 27 26 5 5
24 30 15 0 5
24 41 15 1 5
24 56 26 5 5
24 61 15 0 5
24 64 20 3 5
24 85 16 1 5
25 77 33 5 5
26 8 17 1 5
16 26 21 4 5
118 26 16 2 5
123 26 16 4 5
26 45 24 4 5
26 53 16 1 5
26 65 25 4 5
26 77 20 3 5
108 27 26 7 5
116 27 23 7 5
27 41 21 1 5
27 88 22 1 5
27 93 23 5 5
121 28 42 10 5
29 67 30 7 5
29 69 29 9 5
29 85 28 2 5
17 31 37 3 5
113 31 38 7 5
33 6 41 7 5
33 8 29 2 5
12 33 35 9 5
33 57 38 10 5
35 8 17 0 5
15 35 15 0 5
30 35 15 0 5
118 35 18 0 5
119 35 35 7 5
127 35 15 0 5
35 41 17 0 5
35 53 16 0 5
35 61 15 0 5
35 83 30 7 5
35 85 18 0 5
35 87 18 0 5
35 88 18 0 5
35 94 20 2 5
36 95 39 7 5
116 38 34 10 5
12 39 32 7 5
123 39 25 3 5
39 53 23 1 5
4 40 25 12 5
17 40 28 3 5
40 69 28 9 5
40 82 28 6 5
41 8 4 0 5
15 41 2 0 5
17 41 8 0 5
30 41 2 0 5
102 41 10 1 5
106 41 11 2 5
111 41 9 2 5
118 41 5 0 5
123 41 9 0 5
127 41 2 0 5
128 41 12 0 5
41 53 3 0 5
41 61 2 0 5
41 64 11 1 5
41 77 11 0 5
41 85 5 0 5
41 87 5 0 5
41 88 5 0 5
41 91 10 0 5
41 94 11 0 5
11 42 31 7 5
106 42 28 6 5
108 42 30 8 5
118 42 26 2 5
42 57 32 11 5
42 88 26 2 5
118 43 14 2 5
43 45 20 5 5
43 77 16 4 5
43 85 16 1 5
43 88 16 1 5
12 44 57 14 5
15 45 15 0 5
16 45 23 2 5
30 45 15 0 5
43 45 20 5 5
102 45 19 3 5
118 45 14 2 5
123 45 20 1 5
127 45 15 0 5
45 50 20 8 5
45 53 16 0 5
45 61 15 0 5
45 77 16 4 5
45 88 16 1 5
16 46 26 5 5
126 46 22 9 5
46 53 23 1 5
46 65 24 8 5
16 47 20 5 5
118 47 17 2 5
126 47 24 5 5
47 48 22 13 5
47 65 24 5 5
47 77 23 2 5
16 48 28 7 5
47 48 22 13 5
48 87 27 3 5
43 50 24 6 5
45 50 20 8 5
118 50 20 2 5
50 75 27 7 5
50 87 20 2 5
50 88 20 2 5
48 51 43 17 5
53 8 3 0 5
15 53 1 0 5
16 53 11 1 5
17 53 7 0 5
26 53 16 1 5
30 53 1 0 5
41 53 3 0 5
118 53 4 0 5
123 53 8 0 5
127 53 1 0 5
53 56 20 1 5
53 61 1 0 5
53 85 4 0 5
53 87 4 0 5
53 88 4 0 5
53 91 9 0 5
54 79 47 10 5
54 96 46 15 5
118 55 21 2 5
126 55 24 7 5
55 87 23 1 5
55 91 26 2 5
24 56 26 5 5
53 56 20 1 5
56 65 27 5 5
56 91 19 5 5
11 57 29 8 5
106 57 28 6 5
118 57 26 2 5
57 85 26 2 5
57 88 26 2 5
58 85 35 3 5
126 59 29 10 5
59 87 32 2 5
2 60 32 4 5
15 60 17 0 5
30 60 17 0 5
53 60 18 0 5
127 60 17 0 5
60 61 17 0 5
60 67 28 2 5
60 77 22 2 5
62 8 23 0 5
15 62 21 0 5
30 62 21 0 5
41 62 23 0 5
47 62 25 7 5
53 62 22 0 5
61 62 21 0 5
118 62 20 2 5
123 62 24 2 5
127 62 21 0 5
62 77 26 2 5
12 63 32 12 5
64 8 13 0 5
15 64 11 0 5
24 64 20 3 5
30 64 11 0 5
41 64 11 1 5
53 64 12 0 5
61 64 11 0 5
102 64 17 2 5
111 64 18 2 5
116 64 21 3 5
118 64 14 0 5
123 64 16 1 5
127 64 11 0 5
64 67 20 3 5
64 85 14 0 5
64 87 14 0 5
64 88 14 0 5
15 65 16 0 5
16 65 20 4 5
30 65 16 0 5
46 65 24 8 5
47 65 24 5 5
50 65 27 5 5
53 65 17 0 5
56 65 27 5 5
61 65 16 0 5
123 65 19 2 5
127 65 16 0 5
65 77 21 2 5
65 85 17 1 5
65 87 15 2 5
66 87 28 3 5
66 88 30 2 5
15 67 15 0 5
30 67 15 0 5
53 67 16 0 5
61 67 15 0 5
64 67 20 3 5
127 67 15 0 5
67 85 14 2 5
15 68 20 0 5
30 68 20 0 5
41 68 20 1 5
53 68 21 0 5
61 68 20 0 5
64 68 25 3 5
111 68 21 5 5
127 68 20 0 5
69 8 20 0 5
15 69 18 0 5
30 69 18 0 5
41 69 20 0 5
53 69 19 0 5
61 69 18 0 5
118 69 21 0 5
127 69 18 0 5
69 85 19 1 5
69 87 17 2 5
69 88 21 0 5
69 91 20 3 5
70 8 17 0 5
15 70 15 0 5
30 70 15 0 5
41 70 17 0 5
53 70 16 0 5
61 70 15 0 5
118 70 18 0 5
126 70 21 5 5
127 70 15 0 5
70 85 18 0 5
70 87 16 1 5
70 88 18 0 5
70 91 17 3 5
70 93 19 4 5
71 87 31 2 5
15 72 29 0 5
30 72 29 0 5
41 72 29 1 5
61 72 29 0 5
106 72 28 7 5
118 72 28 2 5
127 72 29 0 5
72 85 28 2 5
72 88 26 3 5
69 73 24 12 5
73 85 29 2 5
75 8 22 0 5
15 75 20 0 5
30 75 20 0 5
41 75 22 0 5
53 75 21 0 5
61 75 20 0 5
118 75 23 0 5
126 75 18 9 5
127 75 20 0 5
75 85 21 1 5
75 87 21 1 5
75 88 21 1 5
76 8 24 1 5
117 76 48 13 5
76 91 24 4 5
76 94 23 5 5
77 8 11 0 5
15 77 9 0 5
30 77 9 0 5
41 77 11 0 5
43 77 16 4 5
45 77 16 4 5
53 77 10 0 5
61 77 9 0 5
118 77 8 2 5
123 77 12 2 5
127 77 9 0 5
77 85 12 0 5
77 87 12 0 5
77 88 12 0 5
15 79 25 0 5
30 79 25 0 5
61 79 25 0 5
113 79 30 5 5
127 79 25 0 5
79 85 24 2 5
79 88 24 2 5
11 80 22 9 5
15 80 22 0 5
30 80 22 0 5
61 80 22 0 5
70 80 23 7 5
106 80 23 6 5
127 80 22 0 5
80 85 23 1 5
80 87 19 3 5
80 88 21 2 5
17 81 25 3 5
102 81 27 4 5
106 81 28 5 5
108 81 28 8 5
111 81 28 4 5
116 81 27 7 5
81 88 24 2 5
8 82 12 1 5
15 82 12 0 5
16 82 18 3 5
17 82 16 1 5
30 82 12 0 5
41 82 14 0 5
53 82 13 0 5
61 82 12 0 5
118 82 15 0 5
123 82 17 1 5
127 82 12 0 5
128 82 12 5 5
82 85 15 0 5
82 87 15 0 5
82 88 15 0 5
82 94 15 3 5
35 83 30 7 5
83 94 32 3 5
8 85 5 0 5
15 85 3 0 5
17 85 9 0 5
30 85 3 0 5
41 85 5 0 5
53 85 4 0 5
61 85 3 0 5
67 85 14 2 5
106 85 12 2 5
116 85 15 2 5
118 85 6 0 5
123 85 10 0 5
127 85 3 0 5
85 87 4 1 5
85 88 6 0 5
8 87 5 0 5
15 87 3 0 5
17 87 9 0 5
30 87 3 0 5
41 87 5 0 5
53 87 4 0 5
61 87 3 0 5
65 87 15 2 5
69 87 17 2 5
85 87 4 1 5
118 87 6 0 5
127 87 3 0 5
87 88 6 0 5
8 88 5 0 5
15 88 3 0 5
17 88 9 0 5
30 88 3 0 5
41 88 5 0 5
53 88 4 0 5
61 88 3 0 5
85 88 6 0 5
87 88 6 0 5
102 88 11 1 5
111 88 10 2 5
118 88 6 0 5
123 88 10 0 5
127 88 3 0 5
88 91 11 0 5
15 89 23 0 5
30 89 23 0 5
41 89 23 1 5
53 89 24 0 5
61 89 23 0 5
88 89 20 3 5
127 89 23 0 5
26 90 51 7 5
8 91 10 0 5
15 91 8 0 5
17 91 12 1 5
20 91 20 2 5
30 91 8 0 5
41 91 10 0 5
53 91 9 0 5
56 91 19 5 5
61 91 8 0 5
69 91 20 3 5
70 91 17 3 5
85 91 11 0 5
87 91 11 0 5
88 91 11 0 5
118 91 11 0 5
126 91 20 2 5
127 91 8 0 5
91 93 16 2 5
70 92 30 7 5
75 92 35 7 5
92 93 31 5 5
8 93 14 0 5
15 93 12 0 5
30 93 12 0 5
41 93 14 0 5
53 93 13 0 5
61 93 12 0 5
70 93 19 4 5
85 93 15 0 5
87 93 15 0 5
88 93 15 0 5
91 93 16 2 5
118 93 15 0 5
127 93 12 0 5
8 94 9 1 5
15 94 9 0 5
17 94 15 0 5
30 94 9 0 5
35 94 20 2 5
41 94 11 0 5
53 94 10 0 5
61 94 9 0 5
76 94 23 5 5
82 94 15 3 5
85 94 12 0 5
87 94 12 0 5
88 94 12 0 5
118 94 12 0 5
123 94 14 1 5
127 94 9 0 5
63 95 37 8 5
11 96 38 7 5
79 96 35 12 5
85 96 33 2 5
88 96 33 2 5
113 96 31 9 5
35 97 43 7 5
101 20 35 6 5
101 82 31 6 5
101 113 34 6 5
101 128 31 5 5
102 8 12 0 5
102 15 10 0 5
102 17 16 0 5
102 30 10 0 5
102 41 10 1 5
102 53 11 0 5
102 61 10 0 5
102 64 17 2 5
102 85 13 0 5
102 87 13 0 5
102 88 11 1 5
102 106 15 4 5
102 111 15 3 5
102 115 16 5 5
102 116 16 5 5
102 118 13 0 5
102 123 17 0 5
102 127 10 0 5
103 48 45 22 5
105 87 28 2 5
106 8 15 0 5
106 15 13 0 5
106 30 13 0 5
106 41 11 2 5
106 53 14 0 5
106 61 13 0 5
106 85 12 2 5
106 87 16 0 5
106 88 14 1 5
102 106 15 4 5
106 118 16 0 5
106 127 13 0 5
108 15 19 0 5
108 30 19 0 5
108 53 20 0 5
108 61 19 0 5
108 88 18 2 5
102 108 21 4 5
106 108 22 5 5
108 111 22 4 5
108 115 23 6 5
108 116 21 7 5
108 127 19 0 5
109 94 41 4 5
111 8 13 0 5
111 15 11 0 5
111 30 11 0 5
111 41 9 2 5
111 53 12 0 5
111 61 11 0 5
111 64 18 2 5
111 68 21 5 5
111 88 10 2 5
102 111 15 3 5
106 111 20 2 5
108 111 22 4 5
111 115 21 3 5
111 116 15 6 5
111 127 11 0 5
112 15 17 0 5
112 30 17 0 5
112 53 18 0 5
112 61 17 0 5
112 83 36 5 5
112 122 40 7 5
112 127 17 0 5
113 8 15 1 5
113 15 15 0 5
113 30 15 0 5
113 41 17 0 5
113 53 16 0 5
113 61 15 0 5
113 123 16 3 5
113 127 15 0 5
113 128 21 2 5
114 128 43 5 5
115 8 18 0 5
115 15 16 0 5
115 30 16 0 5
115 41 14 2 5
115 53 17 0 5
115 61 16 0 5
115 85 17 1 5
115 87 19 0 5
115 88 17 1 5
102 115 16 5 5
106 115 15 7 5
111 115 21 3 5
115 118 19 0 5
115 127 16 0 5
116 8 18 0 5
116 15 16 0 5
116 30 16 0 5
116 41 14 2 5
116 53 17 0 5
116 61 16 0 5
116 64 21 3 5
116 85 15 2 5
116 87 19 0 5
116 88 17 1 5
102 116 16 5 5
106 116 13 8 5
111 116 15 6 5
116 118 19 0 5
116 127 16 0 5
117 76 48 13 5
118 8 5 0 5
118 15 3 0 5
118 16 11 2 5
118 17 9 0 5
118 30 3 0 5
118 41 5 0 5
118 53 4 0 5
118 61 3 0 5
118 77 8 2 5
118 85 6 0 5
118 87 6 0 5
118 88 6 0 5
118 91 11 0 5
118 123 10 0 5
118 127 3 0 5
119 35 35 7 5
121 15 19 0 5
121 30 19 0 5
121 61 19 0 5
121 69 23 7 5
121 127 19 0 5
112 122 40 7 5
123 7 22 3 5
123 8 7 1 5
123 15 7 0 5
123 26 16 4 5
123 30 7 0 5
123 41 9 0 5
123 53 8 0 5
123 61 7 0 5
123 65 19 2 5
123 77 12 2 5
123 85 10 0 5
123 87 10 0 5
123 88 10 0 5
123 94 14 1 5
113 123 16 3 5
118 123 10 0 5
123 127 7 0 5
125 85 29 2 5
126 8 18 0 5
126 15 16 0 5
126 30 16 0 5
126 41 18 0 5
126 53 17 0 5
126 61 16 0 5
126 70 21 5 5
126 75 18 9 5
126 87 17 1 5
126 91 20 2 5
126 127 16 0 5
128 8 12 0 5
128 15 10 0 5
128 16 18 2 5
128 30 10 0 5
128 41 12 0 5
128 53 11 0 5
128 61 10 0 5
128 82 12 5 5
128 85 13 0 5
128 87 13 0 5
128 88 13 0 5
113 128 21 2 5
118 128 13 0 5
127 128 10 0 5
129 15 16 0 5
129 30 16 0 5
129 61 16 0 5
129 64 23 2 5
129 85 17 1 5
129 88 17 1 5
106 129 25 2 5
127 129 16 0 5
130 40 39 7 5
126 130 27 7 5
