Res1 Res2 NSingle NDouble Method
1 8 36 0 5
1 15 34 0 5
1 30 34 0 5
1 41 36 0 5
1 53 35 0 5
1 61 34 0 5
1 127 34 0 5
1 131 0 34 5
1 138 36 0 5
1 145 34 0 5
1 160 34 0 5
1 171 36 0 5
1 183 35 0 5
1 191 34 0 5
15 2 23 0 5
118 2 22 2 5
127 2 23 0 5
132 2 0 23 5
138 2 25 0 5
145 2 23 0 5
160 2 23 0 5
171 2 25 0 5
183 2 24 0 5
191 2 23 0 5
2 8 25 0 5
2 30 23 0 5
2 41 25 0 5
2 53 24 0 5
2 61 23 0 5
2 77 24 4 5
2 85 26 0 5
2 87 26 0 5
2 88 24 1 5
15 3 30 0 5
16 3 30 6 5
127 3 30 0 5
133 3 0 30 5
138 3 32 0 5
145 3 30 0 5
146 3 30 6 5
160 3 30 0 5
171 3 32 0 5
183 3 31 0 5
191 3 30 0 5
3 8 32 0 5
3 30 30 0 5
3 41 32 0 5
3 53 31 0 5
3 61 30 0 5
3 77 33 3 5
15 4 21 0 5
30 4 21 0 5
118 4 24 0 5
127 4 21 0 5
134 4 0 21 5
138 4 23 0 5
145 4 21 0 5
160 4 21 0 5
171 4 23 0 5
183 4 22 0 5
191 4 21 0 5
4 8 23 0 5
4 41 23 0 5
4 53 22 0 5
4 61 21 0 5
4 85 24 0 5
4 87 24 0 5
4 88 24 0 5
4 93 25 4 5
135 5 0 60 5
15 6 24 0 5
17 6 24 3 5
30 6 24 0 5
41 6 22 2 5
53 6 25 0 5
102 6 22 6 5
106 6 23 7 5
118 6 27 0 5
127 6 24 0 5
136 6 0 24 5
138 6 26 0 5
145 6 24 0 5
147 6 24 3 5
160 6 24 0 5
171 6 22 2 5
183 6 25 0 5
191 6 24 0 5
6 8 26 0 5
6 61 24 0 5
6 85 25 1 5
6 87 27 0 5
6 88 25 1 5
15 7 21 0 5
30 7 21 0 5
41 7 21 1 5
53 7 22 0 5
61 7 21 0 5
64 7 26 3 5
111 7 26 3 5
115 7 23 7 5
123 7 22 3 5
127 7 21 0 5
137 7 0 21 5
138 7 21 1 5
145 7 21 0 5
160 7 21 0 5
171 7 21 1 5
183 7 22 0 5
191 7 21 0 5
194 7 26 3 5
7 8 21 1 5
15 8 2 0 5
16 8 14 0 5
17 8 8 0 5
26 8 17 1 5
30 8 2 0 5
41 8 4 0 5
53 8 3 0 5
61 8 2 0 5
64 8 13 0 5
77 8 11 0 5
102 8 12 0 5
111 8 13 0 5
113 8 15 1 5
118 8 5 0 5
123 8 7 1 5
127 8 2 0 5
128 8 12 0 5
138 8 0 2 5
145 8 2 0 5
146 8 14 0 5
147 8 8 0 5
156 8 17 1 5
160 8 2 0 5
171 8 4 0 5
183 8 3 0 5
191 8 2 0 5
194 8 13 0 5
8 82 12 1 5
8 85 5 0 5
8 87 5 0 5
8 88 5 0 5
8 91 10 0 5
8 93 14 0 5
8 94 9 1 5
139 9 0 54 5
10 140 0 45 5
11 8 20 0 5
106 11 19 6 5
11 15 18 0 5
11 30 18 0 5
11 41 20 0 5
11 53 19 0 5
11 61 18 0 5
11 85 17 2 5
11 87 21 0 5
11 88 17 2 5
11 118 21 0 5
11 123 23 1 5
11 127 18 0 5
11 138 20 0 5
11 141 0 18 5
11 145 18 0 5
11 160 18 0 5
11 171 20 0 5
11 183 19 0 5
11 191 18 0 5
12 8 24 0 5
113 12 27 5 5
118 12 25 0 5
12 15 22 0 5
12 30 22 0 5
12 41 24 0 5
12 53 23 0 5
12 61 22 0 5
12 85 25 0 5
12 87 25 0 5
12 88 25 0 5
12 123 27 1 5
12 127 22 0 5
12 138 24 0 5
12 142 0 22 5
12 145 22 0 5
12 160 22 0 5
12 171 24 0 5
12 183 23 0 5
12 191 22 0 5
118 13 30 3 5
13 17 33 3 5
13 77 34 4 5
13 143 0 33 5
13 147 33 3 5
14 144 0 38 5
16 8 14 0 5
15 16 12 0 5
118 16 11 2 5
123 16 17 1 5
127 16 12 0 5
128 16 18 2 5
138 16 14 0 5
145 16 12 0 5
146 16 0 12 5
147 16 18 0 5
16 17 18 0 5
16 30 12 0 5
16 41 14 0 5
16 47 20 5 5
16 53 11 1 5
16 61 12 0 5
16 77 19 1 5
16 82 18 3 5
16 85 15 0 5
16 87 15 0 5
16 88 15 0 5
16 160 12 0 5
16 171 14 0 5
16 177 20 5 5
16 183 11 1 5
16 191 12 0 5
17 8 8 0 5
15 17 6 0 5
102 17 16 0 5
111 17 17 0 5
118 17 9 0 5
123 17 13 0 5
127 17 6 0 5
128 17 16 0 5
138 17 8 0 5
145 17 6 0 5
147 17 0 6 5
160 17 6 0 5
17 30 6 0 5
17 41 8 0 5
17 53 7 0 5
17 61 6 0 5
17 64 17 0 5
17 77 15 0 5
17 82 16 1 5
17 85 9 0 5
17 87 9 0 5
17 88 9 0 5
17 91 12 1 5
17 94 15 0 5
17 171 8 0 5
17 183 7 0 5
17 191 6 0 5
17 194 17 0 5
148 18 0 39 5
149 19 0 45 5
20 8 18 0 5
15 20 16 0 5
17 20 18 2 5
118 20 19 0 5
123 20 23 0 5
127 20 16 0 5
138 20 18 0 5
145 20 16 0 5
147 20 18 2 5
150 20 0 16 5
160 20 16 0 5
171 20 18 0 5
183 20 17 0 5
191 20 16 0 5
20 30 16 0 5
20 41 18 0 5
20 53 17 0 5
20 61 16 0 5
20 85 19 0 5
20 87 19 0 5
20 88 19 0 5
151 21 0 77 5
15 22 43 0 5
127 22 43 0 5
145 22 43 0 5
152 22 0 43 5
160 22 43 0 5
191 22 43 0 5
22 30 43 0 5
22 61 43 0 5
23 8 30 0 5
15 23 28 0 5
102 23 26 6 5
127 23 28 0 5
138 23 30 0 5
145 23 28 0 5
153 23 0 28 5
160 23 28 0 5
171 23 28 1 5
183 23 29 0 5
191 23 28 0 5
23 30 28 0 5
23 41 28 1 5
23 53 29 0 5
23 61 28 0 5
23 85 27 2 5
23 87 25 3 5
23 88 27 2 5
24 8 17 0 5
15 24 15 0 5
115 24 23 4 5
116 24 23 4 5
118 24 18 0 5
123 24 20 1 5
127 24 15 0 5
138 24 17 0 5
145 24 15 0 5
154 24 0 15 5
160 24 15 0 5
171 24 15 1 5
183 24 16 0 5
191 24 15 0 5
194 24 20 3 5
24 30 15 0 5
24 41 15 1 5
24 53 16 0 5
24 61 15 0 5
24 64 20 3 5
24 85 16 1 5
24 87 18 0 5
24 88 18 0 5
24 91 21 1 5
15 25 34 0 5
127 25 34 0 5
145 25 34 0 5
155 25 0 34 5
160 25 34 0 5
191 25 34 0 5
25 30 34 0 5
25 61 34 0 5
26 8 17 1 5
15 26 17 0 5
16 26 21 4 5
118 26 16 2 5
123 26 16 4 5
127 26 17 0 5
138 26 17 1 5
145 26 17 0 5
146 26 21 4 5
156 26 0 17 5
160 26 17 0 5
171 26 19 0 5
175 26 24 4 5
183 26 16 1 5
191 26 17 0 5
195 26 25 4 5
26 30 17 0 5
26 41 19 0 5
26 45 24 4 5
26 53 16 1 5
26 61 17 0 5
26 65 25 4 5
26 77 20 3 5
26 85 20 0 5
26 87 20 0 5
26 88 20 0 5
27 8 23 0 5
15 27 21 0 5
102 27 25 3 5
111 27 26 3 5
118 27 24 0 5
127 27 21 0 5
138 27 23 0 5
145 27 21 0 5
157 27 0 21 5
160 27 21 0 5
171 27 21 1 5
183 27 22 0 5
191 27 21 0 5
27 30 21 0 5
27 41 21 1 5
27 53 22 0 5
27 61 21 0 5
27 85 24 0 5
27 87 24 0 5
27 88 22 1 5
27 93 23 5 5
158 28 0 43 5
29 8 31 0 5
15 29 29 0 5
127 29 29 0 5
138 29 31 0 5
145 29 29 0 5
159 29 0 29 5
160 29 29 0 5
171 29 31 0 5
183 29 30 0 5
191 29 29 0 5
29 30 29 0 5
29 41 31 0 5
29 53 30 0 5
29 61 29 0 5
31 8 37 1 5
15 31 37 0 5
17 31 37 3 5
30 31 37 0 5
127 31 37 0 5
138 31 37 1 5
145 31 37 0 5
147 31 37 3 5
160 31 37 0 5
161 31 0 37 5
171 31 39 0 5
183 31 38 0 5
191 31 37 0 5
31 41 39 0 5
31 53 38 0 5
31 61 37 0 5
162 32 0 44 5
15 33 31 0 5
30 33 31 0 5
127 33 31 0 5
145 33 31 0 5
160 33 31 0 5
163 33 0 31 5
183 33 32 0 5
191 33 31 0 5
33 53 32 0 5
33 61 31 0 5
33 82 35 4 5
33 88 32 1 5
15 34 43 0 5
30 34 43 0 5
127 34 43 0 5
145 34 43 0 5
160 34 43 0 5
164 34 0 43 5
171 34 43 1 5
183 34 44 0 5
191 34 43 0 5
34 41 43 1 5
34 53 44 0 5
34 61 43 0 5
35 8 17 0 5
15 35 15 0 5
17 35 21 0 5
30 35 15 0 5
118 35 18 0 5
123 35 22 0 5
127 35 15 0 5
138 35 17 0 5
145 35 15 0 5
147 35 21 0 5
160 35 15 0 5
165 35 0 15 5
171 35 17 0 5
183 35 16 0 5
191 35 15 0 5
194 35 24 1 5
35 41 17 0 5
35 53 16 0 5
35 61 15 0 5
35 64 24 1 5
35 85 18 0 5
35 87 18 0 5
35 88 18 0 5
35 94 20 2 5
15 36 34 0 5
30 36 34 0 5
127 36 34 0 5
145 36 34 0 5
160 36 34 0 5
166 36 0 34 5
191 36 34 0 5
36 61 34 0 5
167 37 0 57 5
37 87 54 3 5
168 38 0 38 5
16 39 30 3 5
123 39 25 3 5
146 39 30 3 5
169 39 0 24 5
171 39 24 1 5
183 39 23 1 5
39 41 24 1 5
39 53 23 1 5
40 8 30 0 5
15 40 28 0 5
17 40 28 3 5
30 40 28 0 5
118 40 31 0 5
127 40 28 0 5
128 40 30 4 5
138 40 30 0 5
145 40 28 0 5
147 40 28 3 5
160 40 28 0 5
170 40 0 28 5
171 40 30 0 5
183 40 29 0 5
191 40 28 0 5
40 41 30 0 5
40 53 29 0 5
40 61 28 0 5
40 82 28 6 5
40 85 31 0 5
40 87 31 0 5
40 88 31 0 5
41 8 4 0 5
15 41 2 0 5
16 41 14 0 5
17 41 8 0 5
24 41 15 1 5
30 41 2 0 5
102 41 10 1 5
111 41 9 2 5
118 41 5 0 5
123 41 9 0 5
127 41 2 0 5
128 41 12 0 5
138 41 4 0 5
145 41 2 0 5
146 41 14 0 5
147 41 8 0 5
154 41 15 1 5
160 41 2 0 5
171 41 0 2 5
183 41 3 0 5
191 41 2 0 5
194 41 11 1 5
41 53 3 0 5
41 61 2 0 5
41 64 11 1 5
41 77 11 0 5
41 82 14 0 5
41 85 5 0 5
41 87 5 0 5
41 88 5 0 5
41 91 10 0 5
41 93 14 0 5
41 94 11 0 5
42 8 27 1 5
15 42 27 0 5
30 42 27 0 5
106 42 28 6 5
127 42 27 0 5
138 42 27 1 5
145 42 27 0 5
160 42 27 0 5
172 42 0 27 5
191 42 27 0 5
42 61 27 0 5
42 77 28 4 5
43 8 17 0 5
15 43 15 0 5
30 43 15 0 5
41 43 17 0 5
118 43 14 2 5
127 43 15 0 5
138 43 17 0 5
145 43 15 0 5
160 43 15 0 5
171 43 17 0 5
173 43 0 15 5
175 43 20 5 5
183 43 16 0 5
191 43 15 0 5
43 45 20 5 5
43 53 16 0 5
43 61 15 0 5
43 77 16 4 5
43 85 16 1 5
43 87 18 0 5
43 88 16 1 5
174 44 0 63 5
45 8 17 0 5
15 45 15 0 5
17 45 21 0 5
30 45 15 0 5
41 45 17 0 5
102 45 19 3 5
106 45 22 3 5
118 45 14 2 5
123 45 20 1 5
127 45 15 0 5
138 45 17 0 5
145 45 15 0 5
147 45 21 0 5
160 45 15 0 5
171 45 17 0 5
175 45 0 15 5
183 45 16 0 5
191 45 15 0 5
45 53 16 0 5
45 61 15 0 5
45 77 16 4 5
45 85 18 0 5
45 87 18 0 5
45 88 16 1 5
45 91 23 0 5
46 8 26 0 5
15 46 24 0 5
30 46 24 0 5
41 46 26 0 5
118 46 25 1 5
126 46 22 9 5
127 46 24 0 5
138 46 26 0 5
145 46 24 0 5
160 46 24 0 5
171 46 26 0 5
176 46 0 24 5
183 46 23 1 5
191 46 24 0 5
195 46 24 8 5
46 53 23 1 5
46 61 24 0 5
46 65 24 8 5
46 85 27 0 5
46 87 25 1 5
46 88 27 0 5
46 91 26 3 5
47 8 20 0 5
15 47 18 0 5
16 47 20 5 5
30 47 18 0 5
41 47 20 0 5
118 47 17 2 5
127 47 18 0 5
138 47 20 0 5
145 47 18 0 5
146 47 20 5 5
160 47 18 0 5
171 47 20 0 5
177 47 0 18 5
183 47 19 0 5
191 47 18 0 5
47 53 19 0 5
47 61 18 0 5
47 85 21 0 5
47 87 21 0 5
47 88 21 0 5
15 48 30 0 5
30 48 30 0 5
47 48 22 13 5
118 48 31 1 5
127 48 30 0 5
145 48 30 0 5
160 48 30 0 5
177 48 22 13 5
178 48 0 30 5
183 48 29 1 5
191 48 30 0 5
48 53 29 1 5
48 61 30 0 5
48 85 31 1 5
48 87 27 3 5
179 49 0 46 5
50 8 23 0 5
15 50 21 0 5
30 50 21 0 5
41 50 23 0 5
43 50 24 6 5
45 50 20 8 5
127 50 21 0 5
138 50 23 0 5
145 50 21 0 5
160 50 21 0 5
171 50 23 0 5
173 50 24 6 5
175 50 20 8 5
180 50 0 21 5
183 50 22 0 5
191 50 21 0 5
50 53 22 0 5
50 61 21 0 5
50 77 24 3 5
50 85 24 0 5
181 51 0 47 5
182 52 0 59 5
53 8 3 0 5
15 53 1 0 5
16 53 11 1 5
17 53 7 0 5
26 53 16 1 5
30 53 1 0 5
41 53 3 0 5
102 53 11 0 5
106 53 14 0 5
111 53 12 0 5
118 53 4 0 5
123 53 8 0 5
127 53 1 0 5
128 53 11 0 5
138 53 3 0 5
145 53 1 0 5
146 53 11 1 5
147 53 7 0 5
156 53 16 1 5
160 53 1 0 5
171 53 3 0 5
183 53 0 1 5
186 53 20 1 5
191 53 1 0 5
194 53 12 0 5
53 56 20 1 5
53 61 1 0 5
53 64 12 0 5
53 77 10 0 5
53 82 13 0 5
53 85 4 0 5
53 87 4 0 5
53 88 4 0 5
53 91 9 0 5
53 93 13 0 5
53 94 10 0 5
184 54 0 42 5
15 55 22 0 5
30 55 22 0 5
53 55 23 0 5
127 55 22 0 5
145 55 22 0 5
160 55 22 0 5
183 55 23 0 5
185 55 0 22 5
191 55 22 0 5
55 61 22 0 5
55 87 23 1 5
55 93 26 4 5
56 8 23 0 5
15 56 21 0 5
30 56 21 0 5
41 56 23 0 5
53 56 20 1 5
118 56 24 0 5
127 56 21 0 5
138 56 23 0 5
145 56 21 0 5
160 56 21 0 5
171 56 23 0 5
183 56 20 1 5
186 56 0 21 5
191 56 21 0 5
56 61 21 0 5
56 85 22 1 5
56 87 22 1 5
56 88 24 0 5
56 91 19 5 5
57 8 27 1 5
43 57 30 6 5
106 57 28 6 5
138 57 27 1 5
173 57 30 6 5
187 57 0 27 5
57 77 28 4 5
58 8 40 0 5
15 58 38 0 5
30 58 38 0 5
41 58 38 1 5
53 58 39 0 5
127 58 38 0 5
138 58 40 0 5
145 58 38 0 5
160 58 38 0 5
171 58 38 1 5
183 58 39 0 5
188 58 0 38 5
191 58 38 0 5
58 61 38 0 5
58 85 35 3 5
15 59 33 0 5
30 59 33 0 5
53 59 34 0 5
126 59 29 10 5
127 59 33 0 5
145 59 33 0 5
160 59 33 0 5
183 59 34 0 5
189 59 0 33 5
191 59 33 0 5
59 61 33 0 5
60 8 19 0 5
15 60 17 0 5
30 60 17 0 5
41 60 19 0 5
53 60 18 0 5
118 60 20 0 5
127 60 17 0 5
138 60 19 0 5
145 60 17 0 5
160 60 17 0 5
171 60 19 0 5
183 60 18 0 5
190 60 0 17 5
191 60 17 0 5
60 61 17 0 5
60 85 20 0 5
60 87 20 0 5
60 88 20 0 5
62 8 23 0 5
15 62 21 0 5
30 62 21 0 5
41 62 23 0 5
53 62 22 0 5
61 62 21 0 5
118 62 20 2 5
127 62 21 0 5
138 62 23 0 5
145 62 21 0 5
160 62 21 0 5
171 62 23 0 5
183 62 22 0 5
191 62 21 0 5
192 62 0 21 5
62 85 24 0 5
62 87 24 0 5
62 88 24 0 5
63 8 36 0 5
12 63 32 12 5
15 63 34 0 5
30 63 34 0 5
41 63 36 0 5
53 63 35 0 5
61 63 34 0 5
127 63 34 0 5
138 63 36 0 5
142 63 32 12 5
145 63 34 0 5
160 63 34 0 5
171 63 36 0 5
183 63 35 0 5
191 63 34 0 5
193 63 0 34 5
64 8 13 0 5
15 64 11 0 5
17 64 17 0 5
24 64 20 3 5
30 64 11 0 5
41 64 11 1 5
53 64 12 0 5
61 64 11 0 5
116 64 21 3 5
118 64 14 0 5
123 64 16 1 5
127 64 11 0 5
138 64 13 0 5
145 64 11 0 5
147 64 17 0 5
154 64 20 3 5
160 64 11 0 5
171 64 11 1 5
183 64 12 0 5
191 64 11 0 5
194 64 0 11 5
64 67 20 3 5
64 85 14 0 5
64 87 14 0 5
64 88 14 0 5
64 91 19 0 5
65 8 18 0 5
15 65 16 0 5
16 65 20 4 5
30 65 16 0 5
41 65 18 0 5
45 65 23 4 5
53 65 17 0 5
61 65 16 0 5
118 65 19 0 5
127 65 16 0 5
138 65 18 0 5
145 65 16 0 5
146 65 20 4 5
160 65 16 0 5
171 65 18 0 5
175 65 23 4 5
183 65 17 0 5
191 65 16 0 5
195 65 0 16 5
65 85 17 1 5
65 87 15 2 5
65 88 19 0 5
66 87 28 3 5
66 93 31 6 5
67 8 17 0 5
11 67 25 4 5
15 67 15 0 5
30 67 15 0 5
41 67 17 0 5
53 67 16 0 5
61 67 15 0 5
64 67 20 3 5
118 67 18 0 5
127 67 15 0 5
138 67 17 0 5
141 67 25 4 5
145 67 15 0 5
160 67 15 0 5
171 67 17 0 5
183 67 16 0 5
191 67 15 0 5
194 67 20 3 5
67 70 24 3 5
67 85 14 2 5
67 87 18 0 5
67 88 18 0 5
68 7 29 6 5
68 8 22 0 5
15 68 20 0 5
24 68 29 3 5
30 68 20 0 5
41 68 20 1 5
53 68 21 0 5
61 68 20 0 5
64 68 25 3 5
111 68 21 5 5
116 68 28 4 5
127 68 20 0 5
137 68 29 6 5
138 68 22 0 5
145 68 20 0 5
154 68 29 3 5
160 68 20 0 5
171 68 20 1 5
183 68 21 0 5
191 68 20 0 5
194 68 25 3 5
69 8 20 0 5
15 69 18 0 5
30 69 18 0 5
41 69 20 0 5
53 69 19 0 5
61 69 18 0 5
118 69 21 0 5
126 69 22 6 5
127 69 18 0 5
138 69 20 0 5
145 69 18 0 5
160 69 18 0 5
171 69 20 0 5
183 69 19 0 5
191 69 18 0 5
69 70 21 6 5
69 77 25 1 5
69 85 19 1 5
69 87 17 2 5
69 88 21 0 5
69 91 20 3 5
70 8 17 0 5
15 70 15 0 5
30 70 15 0 5
41 70 17 0 5
53 70 16 0 5
61 70 15 0 5
69 70 21 6 5
106 70 22 3 5
118 70 18 0 5
127 70 15 0 5
138 70 17 0 5
145 70 15 0 5
160 70 15 0 5
171 70 17 0 5
183 70 16 0 5
191 70 15 0 5
70 85 18 0 5
70 87 16 1 5
70 88 18 0 5
70 91 17 3 5
70 93 19 4 5
112 71 37 6 5
72 8 31 0 5
15 72 29 0 5
30 72 29 0 5
41 72 29 1 5
53 72 30 0 5
61 72 29 0 5
106 72 28 7 5
127 72 29 0 5
138 72 31 0 5
145 72 29 0 5
160 72 29 0 5
171 72 29 1 5
183 72 30 0 5
191 72 29 0 5
72 87 32 0 5
72 88 26 3 5
69 73 24 12 5
125 73 30 15 5
73 91 32 3 5
75 8 22 0 5
15 75 20 0 5
30 75 20 0 5
41 75 22 0 5
53 75 21 0 5
61 75 20 0 5
126 75 18 9 5
127 75 20 0 5
138 75 22 0 5
145 75 20 0 5
160 75 20 0 5
171 75 22 0 5
183 75 21 0 5
191 75 20 0 5
75 85 21 1 5
75 87 21 1 5
75 88 21 1 5
75 93 24 4 5
76 8 24 1 5
15 76 24 0 5
30 76 24 0 5
61 76 24 0 5
117 76 48 13 5
119 76 40 9 5
127 76 24 0 5
138 76 24 1 5
145 76 24 0 5
160 76 24 0 5
191 76 24 0 5
76 82 30 3 5
76 91 24 4 5
76 94 23 5 5
77 8 11 0 5
15 77 9 0 5
17 77 15 0 5
26 77 20 3 5
30 77 9 0 5
41 77 11 0 5
43 77 16 4 5
45 77 16 4 5
53 77 10 0 5
61 77 9 0 5
118 77 8 2 5
123 77 12 2 5
127 77 9 0 5
138 77 11 0 5
145 77 9 0 5
147 77 15 0 5
156 77 20 3 5
160 77 9 0 5
171 77 11 0 5
173 77 16 4 5
175 77 16 4 5
183 77 10 0 5
191 77 9 0 5
77 85 12 0 5
77 87 12 0 5
77 88 12 0 5
77 91 17 0 5
77 94 18 0 5
79 8 25 1 5
11 79 31 6 5
15 79 25 0 5
30 79 25 0 5
53 79 26 0 5
61 79 25 0 5
106 79 26 6 5
127 79 25 0 5
138 79 25 1 5
141 79 31 6 5
145 79 25 0 5
160 79 25 0 5
183 79 26 0 5
191 79 25 0 5
79 85 24 2 5
79 88 24 2 5
8 80 24 0 5
11 80 22 9 5
15 80 22 0 5
30 80 22 0 5
41 80 24 0 5
53 80 23 0 5
61 80 22 0 5
69 80 20 10 5
102 80 26 3 5
106 80 23 6 5
118 80 25 0 5
127 80 22 0 5
138 80 24 0 5
141 80 22 9 5
145 80 22 0 5
160 80 22 0 5
171 80 24 0 5
183 80 23 0 5
191 80 22 0 5
80 85 23 1 5
80 87 19 3 5
80 88 21 2 5
15 81 25 0 5
17 81 25 3 5
30 81 25 0 5
53 81 26 0 5
61 81 25 0 5
102 81 27 4 5
106 81 28 5 5
108 81 28 8 5
111 81 28 4 5
116 81 27 7 5
127 81 25 0 5
128 81 29 3 5
145 81 25 0 5
147 81 25 3 5
160 81 25 0 5
183 81 26 0 5
191 81 25 0 5
81 85 26 1 5
81 88 24 2 5
8 82 12 1 5
15 82 12 0 5
16 82 18 3 5
17 82 16 1 5
30 82 12 0 5
40 82 28 6 5
41 82 14 0 5
53 82 13 0 5
61 82 12 0 5
118 82 15 0 5
123 82 17 1 5
127 82 12 0 5
128 82 12 5 5
138 82 12 1 5
145 82 12 0 5
146 82 18 3 5
147 82 16 1 5
160 82 12 0 5
170 82 28 6 5
171 82 14 0 5
183 82 13 0 5
191 82 12 0 5
82 85 15 0 5
82 87 15 0 5
82 88 15 0 5
82 91 20 0 5
82 94 15 3 5
15 83 29 0 5
26 83 34 6 5
30 83 29 0 5
35 83 30 7 5
53 83 30 0 5
61 83 29 0 5
119 83 41 11 5
127 83 29 0 5
145 83 29 0 5
156 83 34 6 5
160 83 29 0 5
165 83 30 7 5
183 83 30 0 5
191 83 29 0 5
83 94 32 3 5
8 85 5 0 5
15 85 3 0 5
16 85 15 0 5
17 85 9 0 5
30 85 3 0 5
41 85 5 0 5
53 85 4 0 5
61 85 3 0 5
64 85 14 0 5
67 85 14 2 5
77 85 12 0 5
82 85 15 0 5
102 85 13 0 5
106 85 12 2 5
111 85 14 0 5
118 85 6 0 5
123 85 10 0 5
127 85 3 0 5
128 85 13 0 5
138 85 5 0 5
145 85 3 0 5
146 85 15 0 5
147 85 9 0 5
160 85 3 0 5
171 85 5 0 5
183 85 4 0 5
191 85 3 0 5
194 85 14 0 5
85 87 4 1 5
85 88 6 0 5
85 91 11 0 5
85 93 15 0 5
85 94 12 0 5
8 87 5 0 5
15 87 3 0 5
17 87 9 0 5
30 87 3 0 5
41 87 5 0 5
53 87 4 0 5
61 87 3 0 5
64 87 14 0 5
65 87 15 2 5
69 87 17 2 5
77 87 12 0 5
80 87 19 3 5
85 87 4 1 5
102 87 13 0 5
111 87 14 0 5
118 87 6 0 5
123 87 10 0 5
127 87 3 0 5
128 87 13 0 5
138 87 5 0 5
145 87 3 0 5
147 87 9 0 5
160 87 3 0 5
171 87 5 0 5
183 87 4 0 5
191 87 3 0 5
194 87 14 0 5
195 87 15 2 5
87 88 6 0 5
87 91 11 0 5
87 94 12 0 5
8 88 5 0 5
15 88 3 0 5
17 88 9 0 5
30 88 3 0 5
41 88 5 0 5
53 88 4 0 5
61 88 3 0 5
64 88 14 0 5
77 88 12 0 5
85 88 6 0 5
87 88 6 0 5
102 88 11 1 5
106 88 14 1 5
111 88 10 2 5
118 88 6 0 5
123 88 10 0 5
127 88 3 0 5
128 88 13 0 5
138 88 5 0 5
145 88 3 0 5
147 88 9 0 5
160 88 3 0 5
171 88 5 0 5
183 88 4 0 5
191 88 3 0 5
194 88 14 0 5
88 91 11 0 5
88 94 12 0 5
8 89 25 0 5
15 89 23 0 5
17 89 29 0 5
30 89 23 0 5
41 89 23 1 5
53 89 24 0 5
61 89 23 0 5
85 89 26 0 5
87 89 26 0 5
88 89 20 3 5
102 89 25 4 5
106 89 24 6 5
118 89 26 0 5
127 89 23 0 5
138 89 25 0 5
145 89 23 0 5
147 89 29 0 5
160 89 23 0 5
171 89 23 1 5
183 89 24 0 5
191 89 23 0 5
8 91 10 0 5
15 91 8 0 5
17 91 12 1 5
30 91 8 0 5
41 91 10 0 5
53 91 9 0 5
56 91 19 5 5
61 91 8 0 5
69 91 20 3 5
70 91 17 3 5
76 91 24 4 5
85 91 11 0 5
87 91 11 0 5
88 91 11 0 5
118 91 11 0 5
123 91 15 0 5
127 91 8 0 5
138 91 10 0 5
145 91 8 0 5
147 91 12 1 5
160 91 8 0 5
171 91 10 0 5
183 91 9 0 5
186 91 19 5 5
191 91 8 0 5
91 93 16 2 5
55 92 33 9 5
70 92 30 7 5
126 92 33 6 5
185 92 33 9 5
4 93 25 4 5
8 93 14 0 5
15 93 12 0 5
17 93 18 0 5
30 93 12 0 5
41 93 14 0 5
53 93 13 0 5
61 93 12 0 5
70 93 19 4 5
75 93 24 4 5
85 93 15 0 5
87 93 15 0 5
88 93 15 0 5
91 93 16 2 5
118 93 15 0 5
123 93 19 0 5
126 93 22 3 5
127 93 12 0 5
134 93 25 4 5
138 93 14 0 5
145 93 12 0 5
147 93 18 0 5
160 93 12 0 5
171 93 14 0 5
183 93 13 0 5
191 93 12 0 5
8 94 9 1 5
15 94 9 0 5
17 94 15 0 5
30 94 9 0 5
41 94 11 0 5
53 94 10 0 5
61 94 9 0 5
76 94 23 5 5
82 94 15 3 5
85 94 12 0 5
87 94 12 0 5
88 94 12 0 5
91 94 17 0 5
118 94 12 0 5
123 94 14 1 5
127 94 9 0 5
130 94 28 3 5
138 94 9 1 5
145 94 9 0 5
147 94 15 0 5
160 94 9 0 5
171 94 11 0 5
183 94 10 0 5
191 94 9 0 5
8 95 21 0 5
15 95 19 0 5
30 95 19 0 5
35 95 28 3 5
41 95 21 0 5
53 95 20 0 5
61 95 19 0 5
85 95 22 0 5
87 95 22 0 5
88 95 22 0 5
118 95 22 0 5
127 95 19 0 5
138 95 21 0 5
145 95 19 0 5
160 95 19 0 5
165 95 28 3 5
171 95 21 0 5
183 95 20 0 5
191 95 19 0 5
8 96 34 1 5
91 96 36 3 5
113 96 31 9 5
138 96 34 1 5
35 97 43 7 5
165 97 43 7 5
8 98 42 0 5
15 98 40 0 5
30 98 40 0 5
41 98 42 0 5
53 98 41 0 5
61 98 40 0 5
94 98 43 3 5
127 98 40 0 5
138 98 42 0 5
145 98 40 0 5
160 98 40 0 5
171 98 42 0 5
183 98 41 0 5
191 98 40 0 5
100 15 39 0 5
100 30 39 0 5
100 61 39 0 5
100 127 39 0 5
100 145 39 0 5
100 160 39 0 5
100 191 39 0 5
101 8 31 1 5
101 15 31 0 5
101 20 35 6 5
101 30 31 0 5
101 53 32 0 5
101 61 31 0 5
101 82 31 6 5
101 113 34 6 5
101 123 32 3 5
101 127 31 0 5
101 128 31 5 5
101 138 31 1 5
101 145 31 0 5
101 150 35 6 5
101 160 31 0 5
101 183 32 0 5
101 191 31 0 5
102 8 12 0 5
102 15 10 0 5
102 17 16 0 5
102 30 10 0 5
102 41 10 1 5
102 53 11 0 5
102 61 10 0 5
102 77 19 0 5
102 85 13 0 5
102 87 13 0 5
102 88 11 1 5
102 91 18 0 5
102 94 19 0 5
102 106 15 4 5
102 111 15 3 5
102 115 16 5 5
102 116 16 5 5
102 118 13 0 5
102 123 17 0 5
102 127 10 0 5
102 128 20 0 5
102 138 12 0 5
102 145 10 0 5
102 147 16 0 5
102 160 10 0 5
102 171 10 1 5
102 183 11 0 5
102 191 10 0 5
105 15 29 0 5
105 30 29 0 5
105 48 23 18 5
105 53 30 0 5
105 61 29 0 5
105 85 30 1 5
105 123 30 3 5
105 127 29 0 5
105 145 29 0 5
105 160 29 0 5
105 178 23 18 5
105 183 30 0 5
105 191 29 0 5
106 8 15 0 5
106 15 13 0 5
106 17 19 0 5
106 30 13 0 5
106 41 11 2 5
106 53 14 0 5
106 61 13 0 5
106 85 12 2 5
106 87 16 0 5
106 88 14 1 5
106 91 21 0 5
102 106 15 4 5
106 116 13 8 5
106 118 16 0 5
106 123 20 0 5
106 127 13 0 5
106 138 15 0 5
106 145 13 0 5
106 147 19 0 5
106 160 13 0 5
106 171 11 2 5
106 183 14 0 5
106 191 13 0 5
108 8 21 0 5
108 11 25 6 5
108 15 19 0 5
108 30 19 0 5
108 41 21 0 5
108 53 20 0 5
108 61 19 0 5
108 85 22 0 5
108 87 22 0 5
108 88 18 2 5
102 108 21 4 5
106 108 22 5 5
108 111 22 4 5
108 115 23 6 5
108 116 21 7 5
108 118 22 0 5
108 127 19 0 5
108 138 21 0 5
108 141 25 6 5
108 145 19 0 5
108 160 19 0 5
108 171 21 0 5
108 183 20 0 5
108 191 19 0 5
109 15 40 0 5
109 30 40 0 5
109 53 41 0 5
109 61 40 0 5
109 94 41 4 5
109 122 45 16 5
109 127 40 0 5
109 145 40 0 5
109 160 40 0 5
109 183 41 0 5
109 191 40 0 5
111 8 13 0 5
111 15 11 0 5
111 17 17 0 5
111 30 11 0 5
111 41 9 2 5
111 53 12 0 5
111 61 11 0 5
111 68 21 5 5
111 85 14 0 5
111 87 14 0 5
111 88 10 2 5
102 111 15 3 5
108 111 22 4 5
111 115 21 3 5
111 116 15 6 5
111 118 14 0 5
111 123 18 0 5
111 127 11 0 5
111 138 13 0 5
111 145 11 0 5
111 147 17 0 5
111 160 11 0 5
111 171 9 2 5
111 183 12 0 5
111 191 11 0 5
112 8 19 0 5
112 15 17 0 5
112 17 23 0 5
112 26 28 3 5
112 30 17 0 5
112 41 19 0 5
112 53 18 0 5
112 61 17 0 5
112 71 37 6 5
112 85 20 0 5
112 87 20 0 5
112 88 20 0 5
108 112 30 3 5
112 118 20 0 5
112 127 17 0 5
112 138 19 0 5
112 145 17 0 5
112 147 23 0 5
112 156 28 3 5
112 160 17 0 5
112 171 19 0 5
112 183 18 0 5
112 191 17 0 5
113 8 15 1 5
113 15 15 0 5
113 17 21 0 5
113 30 15 0 5
113 41 17 0 5
113 53 16 0 5
113 61 15 0 5
113 85 18 0 5
113 87 18 0 5
113 88 18 0 5
113 118 18 0 5
113 123 16 3 5
113 127 15 0 5
113 138 15 1 5
113 145 15 0 5
113 147 21 0 5
113 160 15 0 5
113 171 17 0 5
113 183 16 0 5
113 191 15 0 5
114 15 43 0 5
114 30 43 0 5
114 31 44 18 5
114 53 44 0 5
114 61 43 0 5
114 127 43 0 5
114 128 43 5 5
114 145 43 0 5
114 160 43 0 5
114 161 44 18 5
114 183 44 0 5
114 191 43 0 5
115 8 18 0 5
115 15 16 0 5
115 17 22 0 5
115 30 16 0 5
115 41 14 2 5
115 53 17 0 5
115 61 16 0 5
115 85 17 1 5
115 87 19 0 5
115 88 17 1 5
115 91 24 0 5
102 115 16 5 5
106 115 15 7 5
111 115 21 3 5
115 116 16 8 5
115 118 19 0 5
115 123 23 0 5
115 127 16 0 5
115 138 18 0 5
115 145 16 0 5
115 147 22 0 5
115 160 16 0 5
115 171 14 2 5
115 183 17 0 5
115 191 16 0 5
116 8 18 0 5
116 15 16 0 5
116 17 22 0 5
116 24 23 4 5
116 30 16 0 5
116 41 14 2 5
116 53 17 0 5
116 61 16 0 5
116 64 21 3 5
116 85 15 2 5
116 87 19 0 5
116 88 17 1 5
102 116 16 5 5
106 116 13 8 5
111 116 15 6 5
115 116 16 8 5
116 118 19 0 5
116 123 23 0 5
116 127 16 0 5
116 138 18 0 5
116 145 16 0 5
116 147 22 0 5
116 154 23 4 5
116 160 16 0 5
116 171 14 2 5
116 183 17 0 5
116 191 16 0 5
116 194 21 3 5
117 76 48 13 5
118 8 5 0 5
118 15 3 0 5
118 16 11 2 5
118 17 9 0 5
118 30 3 0 5
118 41 5 0 5
118 53 4 0 5
118 61 3 0 5
118 64 14 0 5
118 77 8 2 5
118 82 15 0 5
118 85 6 0 5
118 87 6 0 5
118 88 6 0 5
118 91 11 0 5
118 93 15 0 5
118 94 12 0 5
102 118 13 0 5
111 118 14 0 5
118 123 10 0 5
118 127 3 0 5
118 128 13 0 5
118 138 5 0 5
118 145 3 0 5
118 146 11 2 5
118 147 9 0 5
118 160 3 0 5
118 171 5 0 5
118 183 4 0 5
118 191 3 0 5
118 194 14 0 5
119 15 34 0 5
119 30 34 0 5
119 35 35 7 5
119 53 35 0 5
119 61 34 0 5
119 127 34 0 5
119 145 34 0 5
119 160 34 0 5
119 165 35 7 5
119 183 35 0 5
119 191 34 0 5
121 4 24 8 5
121 8 21 0 5
121 15 19 0 5
121 17 25 0 5
121 30 19 0 5
121 41 21 0 5
121 53 20 0 5
121 61 19 0 5
121 85 22 0 5
121 87 22 0 5
121 88 22 0 5
121 91 25 1 5
118 121 22 0 5
121 126 23 6 5
121 127 19 0 5
121 134 24 8 5
121 138 21 0 5
121 145 19 0 5
121 147 25 0 5
121 160 19 0 5
121 171 21 0 5
121 183 20 0 5
121 191 19 0 5
122 8 39 0 5
122 15 37 0 5
122 30 37 0 5
122 41 39 0 5
122 53 38 0 5
122 61 37 0 5
122 85 40 0 5
122 87 40 0 5
122 88 40 0 5
118 122 40 0 5
122 127 37 0 5
122 138 39 0 5
122 145 37 0 5
122 160 37 0 5
122 171 39 0 5
122 183 38 0 5
122 191 37 0 5
123 7 22 3 5
123 8 7 1 5
123 15 7 0 5
123 16 17 1 5
123 17 13 0 5
123 26 16 4 5
123 30 7 0 5
123 41 9 0 5
123 53 8 0 5
123 61 7 0 5
123 64 16 1 5
123 77 12 2 5
123 82 17 1 5
123 85 10 0 5
123 87 10 0 5
123 88 10 0 5
123 94 14 1 5
113 123 16 3 5
118 123 10 0 5
123 127 7 0 5
123 137 22 3 5
123 138 7 1 5
123 145 7 0 5
123 146 17 1 5
123 147 13 0 5
123 156 16 4 5
123 160 7 0 5
123 171 9 0 5
123 183 8 0 5
123 191 7 0 5
123 194 16 1 5
125 8 32 0 5
125 15 30 0 5
125 30 30 0 5
125 41 30 1 5
125 53 31 0 5
125 61 30 0 5
125 87 33 0 5
125 88 31 1 5
118 125 33 0 5
125 126 26 10 5
125 127 30 0 5
125 138 32 0 5
125 145 30 0 5
125 160 30 0 5
125 171 30 1 5
125 183 31 0 5
125 191 30 0 5
126 8 18 0 5
126 15 16 0 5
126 17 22 0 5
126 30 16 0 5
126 41 18 0 5
126 53 17 0 5
126 61 16 0 5
126 69 22 6 5
126 70 21 5 5
126 75 18 9 5
126 85 19 0 5
126 87 17 1 5
126 88 19 0 5
126 93 22 3 5
118 126 19 0 5
126 127 16 0 5
126 138 18 0 5
126 145 16 0 5
126 147 22 0 5
126 160 16 0 5
126 171 18 0 5
126 183 17 0 5
126 191 16 0 5
128 8 12 0 5
128 15 10 0 5
128 17 16 0 5
128 30 10 0 5
128 41 12 0 5
128 53 11 0 5
128 61 10 0 5
128 77 19 0 5
128 82 12 5 5
128 85 13 0 5
128 87 13 0 5
128 88 13 0 5
128 91 18 0 5
128 93 20 1 5
128 94 19 0 5
102 128 20 0 5
106 128 21 1 5
118 128 13 0 5
123 128 17 0 5
127 128 10 0 5
128 138 12 0 5
128 145 10 0 5
128 147 16 0 5
128 160 10 0 5
128 171 12 0 5
128 183 11 0 5
128 191 10 0 5
129 8 18 0 5
129 15 16 0 5
129 30 16 0 5
129 41 18 0 5
129 53 17 0 5
129 61 16 0 5
129 85 17 1 5
129 87 19 0 5
129 88 17 1 5
11 129 28 3 5
118 129 19 0 5
127 129 16 0 5
129 138 18 0 5
129 141 28 3 5
129 145 16 0 5
129 160 16 0 5
129 171 18 0 5
129 183 17 0 5
129 191 16 0 5
130 8 25 1 5
130 94 28 3 5
126 130 27 7 5
130 138 25 1 5
131 8 36 0 5
131 15 34 0 5
131 30 34 0 5
131 41 36 0 5
131 53 35 0 5
131 61 34 0 5
131 94 37 3 5
1 131 0 34 5
127 131 34 0 5
131 138 36 0 5
131 145 34 0 5
131 160 34 0 5
131 171 36 0 5
131 183 35 0 5
131 191 34 0 5
132 2 0 23 5
132 8 25 0 5
132 15 23 0 5
132 17 29 0 5
132 30 23 0 5
132 41 25 0 5
132 43 26 6 5
132 53 24 0 5
132 61 23 0 5
132 77 24 4 5
132 85 26 0 5
132 87 26 0 5
132 88 24 1 5
118 132 22 2 5
127 132 23 0 5
132 138 25 0 5
132 145 23 0 5
132 147 29 0 5
132 160 23 0 5
132 171 25 0 5
132 173 26 6 5
132 183 24 0 5
132 191 23 0 5
133 3 0 30 5
133 8 32 0 5
133 15 30 0 5
133 16 30 6 5
133 30 30 0 5
133 41 32 0 5
133 53 31 0 5
133 61 30 0 5
127 133 30 0 5
133 138 32 0 5
133 145 30 0 5
133 146 30 6 5
133 160 30 0 5
133 171 32 0 5
133 183 31 0 5
133 191 30 0 5
134 4 0 21 5
134 8 23 0 5
134 15 21 0 5
134 30 21 0 5
134 41 23 0 5
134 53 22 0 5
134 61 21 0 5
134 85 24 0 5
134 87 24 0 5
134 88 24 0 5
134 93 25 4 5
118 134 24 0 5
127 134 21 0 5
134 138 23 0 5
134 145 21 0 5
134 160 21 0 5
134 171 23 0 5
134 183 22 0 5
134 191 21 0 5
135 5 0 60 5
136 6 0 24 5
136 8 26 0 5
136 15 24 0 5
136 17 24 3 5
136 30 24 0 5
136 41 22 2 5
136 53 25 0 5
136 61 24 0 5
136 85 25 1 5
136 87 27 0 5
136 88 25 1 5
102 136 22 6 5
111 136 27 4 5
118 136 27 0 5
127 136 24 0 5
136 138 26 0 5
136 145 24 0 5
136 147 24 3 5
136 160 24 0 5
136 171 22 2 5
136 183 25 0 5
136 191 24 0 5
137 7 0 21 5
137 8 21 1 5
137 15 21 0 5
137 30 21 0 5
137 41 21 1 5
137 53 22 0 5
137 61 21 0 5
137 64 26 3 5
137 85 24 0 5
137 87 24 0 5
137 88 24 0 5
106 137 26 4 5
111 137 26 3 5
118 137 24 0 5
123 137 22 3 5
127 137 21 0 5
137 138 21 1 5
137 145 21 0 5
137 160 21 0 5
137 171 21 1 5
137 183 22 0 5
137 191 21 0 5
137 194 26 3 5
138 8 0 2 5
138 15 2 0 5
138 16 14 0 5
138 17 8 0 5
138 26 17 1 5
138 30 2 0 5
138 41 4 0 5
138 53 3 0 5
138 61 2 0 5
138 64 13 0 5
138 77 11 0 5
138 82 12 1 5
138 85 5 0 5
138 87 5 0 5
138 88 5 0 5
138 91 10 0 5
138 93 14 0 5
138 94 9 1 5
102 138 12 0 5
111 138 13 0 5
113 138 15 1 5
118 138 5 0 5
123 138 7 1 5
127 138 2 0 5
128 138 12 0 5
138 145 2 0 5
138 146 14 0 5
138 147 8 0 5
138 156 17 1 5
138 160 2 0 5
138 171 4 0 5
138 183 3 0 5
138 191 2 0 5
138 194 13 0 5
139 9 0 54 5
10 140 0 45 5
141 8 20 0 5
141 15 18 0 5
141 17 24 0 5
141 30 18 0 5
141 41 20 0 5
141 53 19 0 5
141 61 18 0 5
141 85 17 2 5
141 87 21 0 5
141 88 17 2 5
11 141 0 18 5
106 141 19 6 5
118 141 21 0 5
123 141 23 1 5
127 141 18 0 5
138 141 20 0 5
141 145 18 0 5
141 147 24 0 5
141 160 18 0 5
141 171 20 0 5
141 183 19 0 5
141 191 18 0 5
142 8 24 0 5
142 15 22 0 5
142 17 28 0 5
142 30 22 0 5
142 41 24 0 5
142 53 23 0 5
142 61 22 0 5
142 85 25 0 5
142 87 25 0 5
142 88 25 0 5
12 142 0 22 5
113 142 27 5 5
118 142 25 0 5
123 142 27 1 5
127 142 22 0 5
138 142 24 0 5
142 145 22 0 5
142 147 28 0 5
142 160 22 0 5
142 171 24 0 5
142 183 23 0 5
142 191 22 0 5
143 8 35 0 5
143 15 33 0 5
143 17 33 3 5
143 30 33 0 5
143 41 35 0 5
143 53 34 0 5
143 61 33 0 5
13 143 0 33 5
118 143 30 3 5
127 143 33 0 5
138 143 35 0 5
143 145 33 0 5
143 147 33 3 5
143 160 33 0 5
143 171 35 0 5
143 183 34 0 5
143 191 33 0 5
14 144 0 38 5
146 8 14 0 5
146 15 12 0 5
146 16 0 12 5
146 17 18 0 5
146 26 21 4 5
146 30 12 0 5
146 41 14 0 5
146 53 11 1 5
146 61 12 0 5
146 65 20 4 5
146 77 19 1 5
146 82 18 3 5
146 85 15 0 5
146 87 15 0 5
146 88 15 0 5
118 146 11 2 5
123 146 17 1 5
127 146 12 0 5
138 146 14 0 5
145 146 12 0 5
146 147 18 0 5
146 156 21 4 5
146 160 12 0 5
146 171 14 0 5
146 183 11 1 5
146 191 12 0 5
146 195 20 4 5
147 8 8 0 5
147 15 6 0 5
147 16 18 0 5
147 17 0 6 5
147 30 6 0 5
147 41 8 0 5
147 53 7 0 5
147 61 6 0 5
147 64 17 0 5
147 77 15 0 5
147 82 16 1 5
147 85 9 0 5
147 87 9 0 5
147 88 9 0 5
147 91 12 1 5
147 93 18 0 5
147 94 15 0 5
102 147 16 0 5
111 147 17 0 5
118 147 9 0 5
123 147 13 0 5
127 147 6 0 5
128 147 16 0 5
138 147 8 0 5
145 147 6 0 5
146 147 18 0 5
147 160 6 0 5
147 171 8 0 5
147 183 7 0 5
147 191 6 0 5
147 194 17 0 5
148 18 0 39 5
149 19 0 45 5
149 47 39 12 5
149 53 44 1 5
149 177 39 12 5
149 183 44 1 5
150 8 18 0 5
150 17 18 2 5
150 20 0 16 5
150 30 16 0 5
150 41 18 0 5
150 53 17 0 5
150 61 16 0 5
150 85 19 0 5
150 87 19 0 5
150 88 19 0 5
15 150 16 0 5
118 150 19 0 5
127 150 16 0 5
128 150 24 1 5
138 150 18 0 5
145 150 16 0 5
147 150 18 2 5
150 160 16 0 5
150 171 18 0 5
150 183 17 0 5
150 191 16 0 5
151 21 0 77 5
152 22 0 43 5
152 30 43 0 5
152 61 43 0 5
15 152 43 0 5
127 152 43 0 5
145 152 43 0 5
152 160 43 0 5
152 191 43 0 5
153 8 30 0 5
153 23 0 28 5
153 30 28 0 5
153 41 28 1 5
153 53 29 0 5
153 61 28 0 5
153 87 25 3 5
15 153 28 0 5
118 153 31 0 5
127 153 28 0 5
138 153 30 0 5
145 153 28 0 5
153 160 28 0 5
153 171 28 1 5
153 183 29 0 5
153 191 28 0 5
154 8 17 0 5
154 24 0 15 5
154 30 15 0 5
154 41 15 1 5
154 53 16 0 5
154 61 15 0 5
154 64 20 3 5
154 85 16 1 5
154 87 18 0 5
154 88 18 0 5
154 91 21 1 5
15 154 15 0 5
115 154 23 4 5
116 154 23 4 5
118 154 18 0 5
123 154 20 1 5
127 154 15 0 5
138 154 17 0 5
145 154 15 0 5
154 160 15 0 5
154 171 15 1 5
154 183 16 0 5
154 191 15 0 5
154 194 20 3 5
155 25 0 34 5
155 85 35 1 5
155 87 35 1 5
156 8 17 1 5
156 16 21 4 5
156 26 0 17 5
156 30 17 0 5
156 41 19 0 5
156 45 24 4 5
156 53 16 1 5
156 61 17 0 5
156 77 20 3 5
15 156 17 0 5
118 156 16 2 5
123 156 16 4 5
127 156 17 0 5
138 156 17 1 5
145 156 17 0 5
146 156 21 4 5
156 160 17 0 5
156 171 19 0 5
156 175 24 4 5
156 183 16 1 5
156 191 17 0 5
157 8 23 0 5
157 27 0 21 5
157 30 21 0 5
157 41 21 1 5
157 53 22 0 5
157 61 21 0 5
157 85 24 0 5
157 87 24 0 5
157 88 22 1 5
157 91 27 1 5
157 93 23 5 5
15 157 21 0 5
102 157 25 3 5
106 157 26 4 5
111 157 26 3 5
116 157 23 7 5
118 157 24 0 5
127 157 21 0 5
138 157 23 0 5
145 157 21 0 5
157 160 21 0 5
157 171 21 1 5
157 183 22 0 5
157 191 21 0 5
158 28 0 43 5
159 29 0 29 5
159 30 29 0 5
159 61 29 0 5
159 69 29 9 5
159 91 31 3 5
15 159 29 0 5
127 159 29 0 5
145 159 29 0 5
159 160 29 0 5
159 191 29 0 5
161 8 37 1 5
161 17 37 3 5
161 30 37 0 5
161 31 0 37 5
161 41 39 0 5
161 53 38 0 5
161 61 37 0 5
15 161 37 0 5
127 161 37 0 5
138 161 37 1 5
145 161 37 0 5
147 161 37 3 5
160 161 37 0 5
161 171 39 0 5
161 183 38 0 5
161 191 37 0 5
162 32 0 44 5
163 8 29 2 5
163 33 0 31 5
163 88 32 1 5
138 163 29 2 5
164 34 0 43 5
164 41 43 1 5
164 171 43 1 5
165 8 17 0 5
165 17 21 0 5
165 30 15 0 5
165 35 0 15 5
165 41 17 0 5
165 53 16 0 5
165 61 15 0 5
165 85 18 0 5
165 87 18 0 5
165 88 18 0 5
165 94 20 2 5
15 165 15 0 5
118 165 18 0 5
127 165 15 0 5
138 165 17 0 5
145 165 15 0 5
147 165 21 0 5
160 165 15 0 5
165 171 17 0 5
165 183 16 0 5
165 191 15 0 5
166 36 0 34 5
166 91 36 3 5
167 37 0 57 5
168 38 0 38 5
169 39 0 24 5
169 41 24 1 5
169 53 23 1 5
123 169 25 3 5
169 171 24 1 5
169 183 23 1 5
170 30 28 0 5
170 40 0 28 5
170 53 29 0 5
170 61 28 0 5
15 170 28 0 5
17 170 28 3 5
127 170 28 0 5
128 170 30 4 5
145 170 28 0 5
147 170 28 3 5
160 170 28 0 5
170 183 29 0 5
170 191 28 0 5
171 8 4 0 5
171 30 2 0 5
171 41 0 2 5
171 53 3 0 5
171 61 2 0 5
171 64 11 1 5
171 77 11 0 5
171 82 14 0 5
171 85 5 0 5
171 87 5 0 5
171 88 5 0 5
171 91 10 0 5
171 93 14 0 5
171 94 11 0 5
15 171 2 0 5
16 171 14 0 5
17 171 8 0 5
102 171 10 1 5
111 171 9 2 5
118 171 5 0 5
123 171 9 0 5
127 171 2 0 5
128 171 12 0 5
138 171 4 0 5
145 171 2 0 5
146 171 14 0 5
147 171 8 0 5
160 171 2 0 5
171 183 3 0 5
171 191 2 0 5
171 194 11 1 5
172 8 27 1 5
172 30 27 0 5
172 41 29 0 5
172 42 0 27 5
172 53 28 0 5
172 61 27 0 5
172 77 28 4 5
172 88 26 2 5
15 172 27 0 5
106 172 28 6 5
118 172 26 2 5
127 172 27 0 5
138 172 27 1 5
145 172 27 0 5
160 172 27 0 5
171 172 29 0 5
172 183 28 0 5
172 191 27 0 5
173 8 17 0 5
173 30 15 0 5
173 41 17 0 5
173 43 0 15 5
173 45 20 5 5
173 53 16 0 5
173 61 15 0 5
173 77 16 4 5
173 85 16 1 5
173 87 18 0 5
173 88 16 1 5
15 173 15 0 5
17 173 21 0 5
102 173 23 1 5
118 173 14 2 5
127 173 15 0 5
138 173 17 0 5
145 173 15 0 5
147 173 21 0 5
160 173 15 0 5
171 173 17 0 5
173 175 20 5 5
173 183 16 0 5
173 191 15 0 5
174 44 0 63 5
175 8 17 0 5
175 30 15 0 5
175 41 17 0 5
175 43 20 5 5
175 45 0 15 5
175 53 16 0 5
175 61 15 0 5
175 77 16 4 5
175 85 18 0 5
175 87 18 0 5
175 88 16 1 5
15 175 15 0 5
17 175 21 0 5
102 175 19 3 5
106 175 22 3 5
118 175 14 2 5
123 175 20 1 5
127 175 15 0 5
138 175 17 0 5
145 175 15 0 5
147 175 21 0 5
160 175 15 0 5
171 175 17 0 5
173 175 20 5 5
175 183 16 0 5
175 191 15 0 5
176 8 26 0 5
176 30 24 0 5
176 41 26 0 5
176 46 0 24 5
176 53 23 1 5
176 61 24 0 5
176 87 25 1 5
176 91 26 3 5
15 176 24 0 5
118 176 25 1 5
126 176 22 9 5
127 176 24 0 5
138 176 26 0 5
145 176 24 0 5
160 176 24 0 5
171 176 26 0 5
176 183 23 1 5
176 191 24 0 5
177 8 20 0 5
177 30 18 0 5
177 41 20 0 5
177 47 0 18 5
177 53 19 0 5
177 61 18 0 5
177 85 21 0 5
177 87 21 0 5
177 88 21 0 5
15 177 18 0 5
16 177 20 5 5
118 177 17 2 5
123 177 23 1 5
127 177 18 0 5
138 177 20 0 5
145 177 18 0 5
146 177 20 5 5
160 177 18 0 5
171 177 20 0 5
177 183 19 0 5
177 191 18 0 5
178 8 32 0 5
178 30 30 0 5
178 41 32 0 5
178 47 22 13 5
178 48 0 30 5
178 53 29 1 5
178 61 30 0 5
178 85 31 1 5
178 87 27 3 5
15 178 30 0 5
118 178 31 1 5
127 178 30 0 5
138 178 32 0 5
145 178 30 0 5
160 178 30 0 5
171 178 32 0 5
177 178 22 13 5
178 183 29 1 5
178 191 30 0 5
179 8 46 1 5
179 49 0 46 5
138 179 46 1 5
180 8 23 0 5
180 30 21 0 5
180 41 23 0 5
180 43 24 6 5
180 45 20 8 5
180 50 0 21 5
180 53 22 0 5
180 61 21 0 5
180 77 24 3 5
180 87 20 2 5
180 88 20 2 5
15 180 21 0 5
118 180 20 2 5
127 180 21 0 5
138 180 23 0 5
145 180 21 0 5
160 180 21 0 5
171 180 23 0 5
173 180 24 6 5
175 180 20 8 5
180 183 22 0 5
180 191 21 0 5
181 51 0 47 5
182 52 0 59 5
183 8 3 0 5
183 26 16 1 5
183 30 1 0 5
183 41 3 0 5
183 53 0 1 5
183 61 1 0 5
183 64 12 0 5
183 77 10 0 5
183 85 4 0 5
183 87 4 0 5
183 88 4 0 5
183 91 9 0 5
183 94 10 0 5
15 183 1 0 5
16 183 11 1 5
17 183 7 0 5
102 183 11 0 5
111 183 12 0 5
118 183 4 0 5
123 183 8 0 5
127 183 1 0 5
128 183 11 0 5
138 183 3 0 5
145 183 1 0 5
146 183 11 1 5
147 183 7 0 5
156 183 16 1 5
160 183 1 0 5
171 183 3 0 5
183 191 1 0 5
183 194 12 0 5
184 54 0 42 5
185 8 24 0 5
185 30 22 0 5
185 41 24 0 5
185 53 23 0 5
185 55 0 22 5
185 61 22 0 5
185 87 23 1 5
185 93 26 4 5
15 185 22 0 5
127 185 22 0 5
138 185 24 0 5
145 185 22 0 5
160 185 22 0 5
171 185 24 0 5
183 185 23 0 5
185 191 22 0 5
186 8 23 0 5
186 30 21 0 5
186 41 23 0 5
186 53 20 1 5
186 56 0 21 5
186 61 21 0 5
186 85 22 1 5
186 87 22 1 5
186 91 19 5 5
15 186 21 0 5
123 186 26 1 5
127 186 21 0 5
138 186 23 0 5
145 186 21 0 5
160 186 21 0 5
171 186 23 0 5
183 186 20 1 5
186 191 21 0 5
187 8 27 1 5
187 57 0 27 5
187 77 28 4 5
106 187 28 6 5
138 187 27 1 5
188 41 38 1 5
188 58 0 38 5
188 85 35 3 5
171 188 38 1 5
189 30 33 0 5
189 59 0 33 5
189 61 33 0 5
189 69 25 13 5
15 189 33 0 5
127 189 33 0 5
145 189 33 0 5
160 189 33 0 5
189 191 33 0 5
190 8 19 0 5
190 30 17 0 5
190 41 19 0 5
190 53 18 0 5
190 60 0 17 5
190 61 17 0 5
190 77 22 2 5
190 85 20 0 5
190 87 20 0 5
190 88 20 0 5
15 190 17 0 5
118 190 20 0 5
127 190 17 0 5
138 190 19 0 5
145 190 17 0 5
160 190 17 0 5
171 190 19 0 5
183 190 18 0 5
190 191 17 0 5
192 8 23 0 5
192 30 21 0 5
192 41 23 0 5
192 53 22 0 5
192 61 21 0 5
192 62 0 21 5
192 85 24 0 5
192 87 24 0 5
192 88 24 0 5
15 192 21 0 5
118 192 20 2 5
127 192 21 0 5
138 192 23 0 5
145 192 21 0 5
160 192 21 0 5
171 192 23 0 5
183 192 22 0 5
191 192 21 0 5
193 30 34 0 5
193 53 35 0 5
193 61 34 0 5
193 63 0 34 5
15 193 34 0 5
127 193 34 0 5
145 193 34 0 5
160 193 34 0 5
183 193 35 0 5
191 193 34 0 5
194 8 13 0 5
194 24 20 3 5
194 30 11 0 5
194 41 11 1 5
194 53 12 0 5
194 61 11 0 5
194 64 0 11 5
194 67 20 3 5
194 85 14 0 5
194 87 14 0 5
194 88 14 0 5
15 194 11 0 5
17 194 17 0 5
102 194 17 2 5
116 194 21 3 5
118 194 14 0 5
123 194 16 1 5
127 194 11 0 5
138 194 13 0 5
145 194 11 0 5
147 194 17 0 5
154 194 20 3 5
160 194 11 0 5
171 194 11 1 5
183 194 12 0 5
191 194 11 0 5
195 8 18 0 5
195 30 16 0 5
195 41 18 0 5
195 45 23 4 5
195 53 17 0 5
195 61 16 0 5
195 65 0 16 5
195 85 17 1 5
195 87 15 2 5
195 88 19 0 5
195 91 22 1 5
15 195 16 0 5
16 195 20 4 5
118 195 19 0 5
123 195 19 2 5
127 195 16 0 5
138 195 18 0 5
145 195 16 0 5
146 195 20 4 5
160 195 16 0 5
171 195 18 0 5
175 195 23 4 5
183 195 17 0 5
191 195 16 0 5
