Res1 Res2 NSingle NDouble Method
17 8 8 0 5
17 20 18 2 5
26 8 17 1 5
16 26 21 4 5
12 39 32 7 5
41 8 4 0 5
17 41 8 0 5
43 45 20 5 5
16 47 20 5 5
47 48 22 13 5
45 50 20 8 5
53 8 3 0 5
16 53 11 1 5
17 53 7 0 5
26 53 16 1 5
41 53 3 0 5
24 56 26 5 5
53 56 20 1 5
24 64 20 3 5
41 64 11 1 5
16 65 20 4 5
46 65 24 8 5
47 65 24 5 5
56 65 27 5 5
64 67 20 3 5
41 77 11 0 5
43 77 16 4 5
45 77 16 4 5
8 82 12 1 5
16 82 18 3 5
17 82 16 1 5
35 83 30 7 5
8 85 5 0 5
17 85 9 0 5
41 85 5 0 5
53 85 4 0 5
67 85 14 2 5
8 87 5 0 5
17 87 9 0 5
41 87 5 0 5
53 87 4 0 5
65 87 15 2 5
69 87 17 2 5
85 87 4 1 5
8 88 5 0 5
17 88 9 0 5
41 88 5 0 5
53 88 4 0 5
85 88 6 0 5
87 88 6 0 5
17 91 12 1 5
20 91 20 2 5
41 91 10 0 5
53 91 9 0 5
56 91 19 5 5
69 91 20 3 5
70 91 17 3 5
88 91 11 0 5
70 93 19 4 5
91 93 16 2 5
8 94 9 1 5
35 94 20 2 5
41 94 11 0 5
76 94 23 5 5
82 94 15 3 5
102 41 10 1 5
102 64 17 2 5
102 88 11 1 5
106 41 11 2 5
106 85 12 2 5
102 106 15 4 5
111 41 9 2 5
111 64 18 2 5
111 68 21 5 5
111 88 10 2 5
102 111 15 3 5
108 111 22 4 5
113 8 15 1 5
102 115 16 5 5
111 115 21 3 5
116 64 21 3 5
116 85 15 2 5
102 116 16 5 5
111 116 15 6 5
117 76 48 13 5
118 8 5 0 5
118 16 11 2 5
118 17 9 0 5
118 41 5 0 5
118 53 4 0 5
118 77 8 2 5
118 85 6 0 5
118 87 6 0 5
118 88 6 0 5
118 91 11 0 5
119 35 35 7 5
112 122 40 7 5
123 7 22 3 5
123 8 7 1 5
123 26 16 4 5
123 41 9 0 5
123 53 8 0 5
123 65 19 2 5
123 77 12 2 5
123 85 10 0 5
123 88 10 0 5
123 94 14 1 5
113 123 16 3 5
118 123 10 0 5
126 70 21 5 5
126 75 18 9 5
126 91 20 2 5
128 16 18 2 5
128 41 12 0 5
128 82 12 5 5
113 128 21 2 5
