Res1 Res2 NSingle NDouble Method
1 8 60 1 5
1 18 67 9 5
1 45 74 14 5
1 60 68 5 5
1 68 63 11 5
1 81 82 22 5
1 87 59 4 5
1 88 65 5 5
1 94 61 2 5
1 104 60 7 5
1 107 61 4 5
1 114 58 10 5
1 127 61 1 5
105 2 98 5 5
107 2 96 5 5
2 8 97 1 5
2 81 71 46 5
2 87 94 5 5
102 3 86 11 5
105 3 87 6 5
107 3 87 5 5
112 3 88 10 5
114 3 96 5 5
127 3 89 1 5
3 8 88 1 5
3 34 90 9 5
3 61 87 0 5
3 86 72 30 5
3 94 87 3 5
15 4 69 2 5
122 4 70 6 5
125 4 52 28 5
127 4 69 1 5
4 8 68 1 5
4 46 72 19 5
4 50 73 11 5
4 59 59 14 5
4 60 76 5 5
4 61 67 0 5
4 87 69 3 5
22 5 64 9 5
30 5 54 3 5
34 5 57 5 5
48 5 69 14 5
104 5 49 6 5
112 5 57 5 5
113 5 56 4 5
114 5 57 4 5
122 5 51 5 5
127 5 48 1 5
5 8 47 1 5
5 53 51 5 5
5 59 56 5 5
5 60 49 8 5
5 68 48 12 5
5 87 50 2 5
5 88 46 8 5
5 97 65 7 5
14 6 108 33 5
112 6 99 11 5
15 7 67 2 5
52 7 74 4 5
61 7 65 0 5
69 7 57 37 5
105 7 67 5 5
107 7 61 7 5
112 7 72 7 5
114 7 68 8 5
127 7 67 1 5
7 8 66 1 5
7 73 73 21 5
7 88 73 4 5
15 8 9 0 5
22 8 37 1 5
30 8 17 0 5
34 8 22 1 5
41 8 27 0 5
50 8 29 1 5
52 8 18 1 5
53 8 16 1 5
59 8 21 1 5
60 8 20 1 5
61 8 3 0 5
67 8 20 1 5
68 8 27 1 5
102 8 24 0 5
104 8 18 0 5
105 8 15 0 5
107 8 13 0 5
111 8 35 1 5
112 8 24 0 5
113 8 21 0 5
114 8 22 0 5
122 8 18 0 5
123 8 25 0 5
127 8 5 1 5
8 82 15 0 5
8 87 9 1 5
8 88 17 1 5
8 94 9 0 5
8 96 34 1 5
8 97 34 1 5
15 9 94 5 5
30 9 98 7 5
49 9 106 24 5
59 9 96 11 5
87 9 94 6 5
10 8 47 1 5
10 30 52 4 5
10 33 74 11 5
10 61 46 0 5
10 68 62 5 5
10 73 74 11 5
10 87 52 1 5
10 88 56 3 5
10 94 48 2 5
10 97 63 8 5
10 105 54 2 5
10 107 46 5 5
10 112 55 6 5
10 123 58 5 5
10 127 48 1 5
11 7 86 25 5
11 8 72 1 5
104 11 68 9 5
107 11 71 5 5
11 12 86 29 5
11 15 73 2 5
11 30 75 5 5
11 73 83 19 5
11 88 77 5 5
11 94 73 2 5
11 112 78 7 5
11 114 76 7 5
11 122 74 6 5
11 127 73 1 5
12 8 74 1 5
105 12 77 4 5
107 12 75 4 5
12 87 77 2 5
12 88 81 4 5
12 94 75 2 5
12 122 82 3 5
12 127 75 1 5
13 8 60 3 5
102 13 72 6 5
118 13 75 10 5
127 13 61 3 5
13 30 65 6 5
13 52 64 8 5
13 72 74 13 5
13 88 65 7 5
14 8 73 2 5
100 14 76 26 5
104 14 77 6 5
112 14 79 8 5
114 14 79 7 5
122 14 79 5 5
127 14 76 1 5
14 18 72 14 5
14 60 79 7 5
14 63 73 23 5
14 94 78 1 5
14 97 81 13 5
15 8 9 0 5
104 15 21 0 5
105 15 18 0 5
107 15 16 0 5
113 15 24 0 5
114 15 25 0 5
118 15 36 1 5
122 15 21 0 5
127 15 10 0 5
128 15 52 3 5
15 30 20 0 5
15 52 23 0 5
15 53 21 0 5
15 59 26 0 5
15 60 25 0 5
15 61 6 0 5
15 67 25 0 5
15 82 18 0 5
15 87 14 0 5
15 88 22 0 5
15 94 12 0 5
16 8 69 1 5
104 16 69 7 5
105 16 70 5 5
107 16 68 5 5
112 16 71 9 5
114 16 67 10 5
127 16 70 1 5
16 18 70 12 5
16 56 69 21 5
16 67 73 7 5
16 68 62 16 5
16 87 68 4 5
16 94 70 2 5
17 8 50 1 5
15 17 53 1 5
122 17 54 5 5
125 17 66 12 5
127 17 51 1 5
17 24 65 14 5
17 46 70 11 5
17 52 60 3 5
17 53 60 2 5
17 59 51 9 5
17 60 56 6 5
17 61 49 0 5
17 72 58 14 5
17 87 55 1 5
17 94 55 0 5
18 8 29 0 5
15 18 32 0 5
104 18 29 6 5
105 18 36 1 5
112 18 43 2 5
113 18 42 1 5
114 18 37 4 5
122 18 33 4 5
123 18 46 1 5
127 18 30 0 5
18 20 44 6 5
18 34 45 1 5
18 52 39 2 5
18 56 53 8 5
18 60 39 3 5
18 61 26 0 5
18 67 41 2 5
18 68 40 6 5
18 70 49 3 5
18 76 50 4 5
18 87 32 1 5
18 94 32 0 5
19 8 65 1 5
127 19 64 2 5
19 25 79 11 5
19 45 79 14 5
19 50 76 8 5
19 65 84 14 5
20 8 33 0 5
15 20 36 0 5
18 20 44 6 5
102 20 45 3 5
107 20 40 0 5
113 20 44 2 5
120 20 64 10 5
127 20 34 0 5
20 30 42 1 5
20 34 49 1 5
20 40 52 9 5
20 53 43 1 5
20 61 30 0 5
20 85 49 4 5
20 87 36 1 5
20 88 44 1 5
20 94 36 0 5
15 21 75 3 5
118 21 81 13 5
127 21 77 1 5
21 30 79 5 5
21 40 93 11 5
21 41 81 9 5
21 77 96 29 5
21 82 81 3 5
21 85 86 8 5
21 94 77 2 5
22 5 64 9 5
22 8 37 1 5
15 22 42 0 5
104 22 47 2 5
105 22 46 1 5
111 22 58 6 5
122 22 43 4 5
127 22 38 1 5
22 52 45 4 5
22 53 43 4 5
22 60 41 7 5
22 61 36 0 5
22 68 54 4 5
22 72 59 7 5
22 75 80 18 5
22 87 42 1 5
22 88 48 2 5
22 94 42 0 5
23 8 54 1 5
15 23 57 1 5
127 23 53 2 5
23 28 56 15 5
23 30 61 3 5
23 46 68 14 5
23 59 63 5 5
23 87 55 3 5
23 88 61 4 5
23 96 62 12 5
24 8 45 1 5
15 24 50 0 5
17 24 65 14 5
105 24 56 0 5
107 24 54 0 5
127 24 46 1 5
24 25 59 11 5
24 28 47 15 5
24 36 63 12 5
24 37 52 18 5
24 46 49 19 5
24 49 58 21 5
24 52 49 6 5
24 53 57 1 5
24 59 50 7 5
24 60 57 3 5
24 61 44 0 5
24 67 53 5 5
24 68 54 8 5
24 72 59 11 5
24 82 56 0 5
24 87 38 7 5
24 88 54 3 5
24 94 46 2 5
25 8 38 1 5
15 25 43 0 5
24 25 59 11 5
104 25 46 3 5
105 25 45 2 5
111 25 57 7 5
112 25 48 5 5
122 25 46 3 5
127 25 35 3 5
25 41 53 4 5
25 45 60 10 5
25 50 55 5 5
25 53 48 2 5
25 56 50 15 5
25 59 53 2 5
25 60 44 6 5
25 61 37 0 5
25 67 52 2 5
25 68 49 7 5
25 87 41 2 5
25 88 45 4 5
25 94 43 0 5
26 8 80 1 5
109 26 87 17 5
119 26 84 21 5
127 26 79 2 5
26 30 83 5 5
26 42 90 13 5
26 53 86 4 5
26 88 87 4 5
26 96 84 14 5
15 27 56 2 5
19 27 84 17 5
105 27 62 2 5
107 27 60 2 5
123 27 64 6 5
27 35 72 9 5
27 41 68 5 5
27 42 67 12 5
27 53 61 4 5
27 94 58 1 5
28 8 36 0 5
15 28 39 0 5
23 28 56 15 5
24 28 47 15 5
107 28 43 0 5
122 28 44 2 5
127 28 37 0 5
28 37 55 11 5
28 50 53 4 5
28 52 36 7 5
28 59 47 3 5
28 61 33 0 5
28 67 48 2 5
28 68 53 3 5
28 72 50 10 5
28 87 33 4 5
28 88 47 1 5
28 94 39 0 5
29 8 48 1 5
15 29 51 1 5
113 29 57 4 5
123 29 57 6 5
126 29 73 13 5
127 29 49 1 5
29 35 67 8 5
29 41 55 8 5
29 42 62 11 5
29 53 50 6 5
29 59 51 8 5
29 60 62 2 5
29 61 47 0 5
29 63 70 11 5
29 67 60 3 5
29 82 53 3 5
29 87 53 1 5
29 92 80 21 5
29 94 53 0 5
30 8 17 0 5
10 30 52 4 5
15 30 20 0 5
104 30 29 0 5
105 30 26 0 5
107 30 24 0 5
112 30 33 1 5
118 30 42 2 5
119 30 53 4 5
122 30 29 0 5
127 30 18 0 5
30 52 29 1 5
30 53 29 0 5
30 61 14 0 5
30 70 37 3 5
30 82 26 0 5
30 87 22 0 5
30 88 24 3 5
30 94 20 0 5
30 96 43 2 5
30 97 41 3 5
125 31 89 22 5
127 31 92 2 5
31 59 86 13 5
31 87 90 5 5
25 32 112 22 5
32 50 99 24 5
32 56 98 32 5
32 60 110 14 5
33 4 79 19 5
33 8 51 1 5
15 33 52 2 5
104 33 59 3 5
107 33 56 2 5
112 33 57 7 5
114 33 57 6 5
122 33 59 3 5
127 33 52 1 5
33 46 65 14 5
33 59 54 8 5
33 61 50 0 5
33 62 75 14 5
33 96 67 8 5
34 5 57 5 5
34 8 22 1 5
15 34 27 0 5
30 34 35 0 5
102 34 32 5 5
104 34 34 1 5
105 34 33 0 5
107 34 31 0 5
113 34 33 3 5
127 34 23 1 5
34 47 65 7 5
34 50 41 4 5
34 61 21 0 5
34 65 57 6 5
34 82 33 0 5
34 87 29 0 5
34 94 25 1 5
35 8 39 0 5
15 35 42 0 5
30 35 48 1 5
34 35 53 2 5
105 35 48 0 5
107 35 46 0 5
109 35 52 13 5
113 35 52 1 5
123 35 40 9 5
127 35 40 0 5
35 41 50 5 5
35 42 49 12 5
35 53 41 5 5
35 61 36 0 5
35 63 41 20 5
35 67 49 3 5
35 82 48 0 5
35 87 44 0 5
35 88 50 1 5
35 94 42 0 5
36 8 44 1 5
15 36 49 0 5
24 36 63 12 5
28 36 56 10 5
102 36 58 3 5
105 36 53 1 5
127 36 43 2 5
36 59 51 6 5
36 61 43 0 5
36 67 56 3 5
36 68 55 7 5
36 87 37 7 5
36 94 49 0 5
36 97 62 7 5
37 8 47 0 5
24 37 52 18 5
28 37 55 11 5
104 37 55 2 5
105 37 54 1 5
107 37 42 6 5
112 37 55 5 5
114 37 51 6 5
123 37 60 3 5
127 37 44 2 5
37 50 56 8 5
37 52 51 5 5
37 61 44 0 5
37 68 52 9 5
37 87 40 6 5
37 94 44 3 5
23 38 103 23 5
28 38 101 14 5
29 38 105 19 5
119 38 105 19 5
38 46 99 20 5
38 67 91 12 5
38 82 90 9 5
38 96 97 16 5
15 39 72 3 5
18 39 84 7 5
104 39 73 7 5
109 39 80 17 5
113 39 80 5 5
122 39 77 5 5
127 39 74 1 5
39 56 83 16 5
39 60 77 7 5
39 68 80 9 5
39 82 74 5 5
40 8 43 0 5
15 40 46 0 5
18 40 54 6 5
20 40 52 9 5
100 40 66 14 5
102 40 53 4 5
105 40 52 0 5
107 40 50 0 5
113 40 56 1 5
123 40 58 2 5
127 40 44 0 5
40 41 56 4 5
40 53 53 1 5
40 61 40 0 5
40 70 55 7 5
40 82 52 0 5
40 85 57 5 5
40 86 69 8 5
40 87 46 1 5
40 88 52 2 5
40 94 44 1 5
40 96 63 5 5
41 8 27 0 5
15 41 30 0 5
25 41 53 4 5
29 41 55 8 5
30 41 38 0 5
35 41 50 5 5
104 41 39 0 5
105 41 36 0 5
107 41 34 0 5
122 41 39 0 5
123 41 42 2 5
127 41 26 1 5
129 41 52 5 5
41 42 49 6 5
41 48 55 10 5
41 53 31 4 5
41 61 24 0 5
41 67 37 3 5
41 70 45 4 5
41 76 48 4 5
41 82 36 0 5
41 87 32 0 5
41 94 26 2 5
42 8 40 0 5
15 42 43 0 5
29 42 62 11 5
35 42 49 12 5
41 42 49 6 5
109 42 55 12 5
119 42 62 11 5
123 42 39 10 5
127 42 41 0 5
42 46 60 10 5
42 53 34 9 5
42 61 37 0 5
42 63 58 12 5
42 67 50 3 5
42 87 45 0 5
42 88 47 3 5
42 94 43 0 5
44 8 61 1 5
15 44 60 3 5
30 44 66 4 5
113 44 68 5 5
127 44 62 1 5
129 44 78 10 5
44 88 66 5 5
44 96 73 10 5
45 8 44 1 5
34 45 58 3 5
37 45 63 12 5
104 45 54 2 5
105 45 47 4 5
107 45 51 1 5
113 45 55 3 5
123 45 57 4 5
127 45 43 2 5
45 53 54 2 5
45 59 57 3 5
45 60 54 4 5
45 61 43 0 5
45 67 56 3 5
45 68 59 5 5
45 71 69 24 5
45 87 45 3 5
45 88 53 3 5
45 94 47 1 5
46 8 44 1 5
15 46 47 1 5
24 46 49 19 5
125 46 58 13 5
127 46 45 1 5
46 49 65 17 5
46 59 49 7 5
46 61 43 0 5
46 67 54 4 5
46 68 59 5 5
46 87 45 3 5
46 88 47 6 5
47 8 57 2 5
18 47 66 9 5
34 47 65 7 5
104 47 57 8 5
105 47 58 6 5
112 47 61 9 5
114 47 61 8 5
122 47 61 6 5
127 47 60 1 5
47 52 57 9 5
47 53 69 2 5
47 60 53 12 5
47 61 58 0 5
47 68 64 10 5
47 80 75 16 5
47 86 75 14 5
47 87 64 1 5
47 94 58 3 5
48 5 69 14 5
48 8 54 0 5
18 48 61 8 5
22 48 69 9 5
41 48 55 10 5
104 48 54 6 5
111 48 71 7 5
113 48 65 2 5
114 48 60 5 5
122 48 58 4 5
129 48 67 11 5
48 53 58 4 5
48 60 60 5 5
48 61 51 0 5
48 68 61 8 5
48 88 59 4 5
49 8 57 1 5
24 49 58 21 5
28 49 57 16 5
30 49 64 3 5
36 49 73 13 5
46 49 65 17 5
127 49 58 1 5
49 50 68 8 5
49 67 65 5 5
49 87 48 8 5
49 88 54 9 5
50 8 29 1 5
15 50 34 0 5
34 50 41 4 5
37 50 56 8 5
104 50 37 3 5
107 50 38 0 5
122 50 41 1 5
125 50 39 15 5
127 50 26 3 5
50 52 37 4 5
50 53 41 1 5
50 59 40 4 5
50 60 37 5 5
50 61 28 0 5
50 68 46 4 5
50 72 51 7 5
50 79 64 17 5
50 87 34 1 5
50 88 42 1 5
50 94 34 0 5
50 99 58 13 5
18 51 71 7 5
103 51 85 14 5
112 51 66 7 5
113 51 69 4 5
114 51 70 4 5
124 51 87 15 5
51 67 64 7 5
51 76 71 10 5
51 82 59 6 5
52 8 18 1 5
15 52 23 0 5
18 52 39 2 5
22 52 45 4 5
24 52 49 6 5
28 52 36 7 5
30 52 29 1 5
37 52 51 5 5
47 52 57 9 5
50 52 37 4 5
105 52 29 0 5
107 52 27 0 5
112 52 36 1 5
122 52 28 2 5
127 52 19 1 5
52 53 30 1 5
52 59 33 2 5
52 60 34 1 5
52 61 17 0 5
52 67 34 1 5
52 72 40 7 5
52 82 29 0 5
52 87 23 1 5
52 88 31 1 5
52 94 23 0 5
53 8 16 1 5
15 53 21 0 5
22 53 43 4 5
30 53 29 0 5
35 53 41 5 5
41 53 31 4 5
42 53 34 9 5
52 53 30 1 5
104 53 30 0 5
105 53 27 0 5
107 53 25 0 5
113 53 31 1 5
114 53 34 0 5
122 53 28 1 5
123 53 29 4 5
127 53 17 1 5
53 59 33 1 5
53 60 30 2 5
53 61 15 0 5
53 67 26 4 5
53 82 27 0 5
53 87 21 1 5
53 88 27 2 5
53 94 21 0 5
54 72 115 24 5
14 55 95 38 5
35 55 93 20 5
100 55 101 25 5
127 55 95 3 5
56 8 44 1 5
15 56 49 0 5
18 56 53 8 5
25 56 50 15 5
30 56 53 2 5
104 56 44 7 5
105 56 45 5 5
107 56 49 2 5
112 56 42 11 5
114 56 46 8 5
122 56 48 5 5
127 56 41 3 5
56 60 48 7 5
56 61 43 0 5
56 68 47 11 5
56 76 57 9 5
56 80 60 16 5
56 81 62 24 5
56 87 49 1 5
56 88 55 2 5
56 94 49 0 5
57 88 107 11 5
58 8 64 0 5
20 58 73 9 5
34 58 74 4 5
35 58 69 14 5
41 58 75 5 5
53 58 66 5 5
100 58 71 22 5
102 58 68 7 5
123 58 71 6 5
127 58 63 1 5
58 61 61 0 5
58 63 56 25 5
58 70 76 7 5
58 94 65 1 5
59 8 21 1 5
15 59 26 0 5
24 59 50 7 5
29 59 51 8 5
30 59 34 0 5
46 59 49 7 5
50 59 40 4 5
52 59 33 2 5
53 59 33 1 5
104 59 35 0 5
105 59 32 0 5
107 59 30 0 5
122 59 33 1 5
125 59 39 11 5
127 59 22 1 5
59 60 31 4 5
59 61 20 0 5
59 67 37 1 5
59 72 35 11 5
59 82 32 0 5
59 87 26 1 5
59 88 34 1 5
59 94 26 0 5
60 8 20 1 5
5 60 49 8 5
15 60 25 0 5
18 60 39 3 5
22 60 41 7 5
25 60 44 6 5
50 60 37 5 5
52 60 34 1 5
53 60 30 2 5
56 60 48 7 5
59 60 31 4 5
104 60 22 6 5
105 60 25 3 5
107 60 29 0 5
111 60 43 5 5
112 60 28 6 5
114 60 30 4 5
122 60 22 6 5
127 60 21 1 5
60 61 19 0 5
60 67 36 1 5
60 68 27 9 5
60 82 31 0 5
60 87 25 1 5
60 88 33 1 5
60 94 25 0 5
15 62 57 1 5
17 62 76 13 5
33 62 75 14 5
34 62 66 4 5
46 62 64 16 5
61 62 53 0 5
112 62 64 5 5
122 62 60 4 5
127 62 53 2 5
63 8 48 0 5
15 63 51 0 5
34 63 58 4 5
35 63 41 20 5
41 63 63 3 5
42 63 58 12 5
53 63 52 4 5
58 63 56 25 5
61 63 45 0 5
102 63 60 3 5
107 63 55 0 5
109 63 49 19 5
113 63 61 1 5
123 63 49 9 5
127 63 49 0 5
63 67 62 1 5
63 87 53 0 5
63 88 59 1 5
63 94 49 1 5
63 97 64 7 5
56 64 99 25 5
112 64 101 13 5
64 81 93 40 5
64 87 104 5 5
65 8 49 1 5
34 65 57 6 5
37 65 66 13 5
45 65 65 13 5
50 65 60 8 5
61 65 48 0 5
102 65 61 4 5
107 65 48 5 5
114 65 57 5 5
123 65 60 5 5
127 65 46 3 5
65 67 59 4 5
65 85 65 5 5
65 87 54 1 5
65 94 52 1 5
67 8 20 1 5
15 67 25 0 5
18 67 41 2 5
41 67 37 3 5
52 67 34 1 5
53 67 26 4 5
59 67 37 1 5
60 67 36 1 5
61 67 19 0 5
104 67 28 3 5
107 67 29 0 5
114 67 34 2 5
122 67 32 1 5
127 67 21 1 5
67 68 33 6 5
67 82 19 6 5
67 85 36 5 5
67 87 23 2 5
67 88 33 1 5
67 94 25 0 5
68 8 27 1 5
15 68 32 0 5
18 68 40 6 5
30 68 40 0 5
50 68 46 4 5
52 68 41 1 5
53 68 39 1 5
56 68 47 11 5
59 68 44 1 5
60 68 27 9 5
61 68 26 0 5
67 68 33 6 5
104 68 21 10 5
105 68 30 4 5
107 68 34 1 5
112 68 31 8 5
114 68 29 8 5
122 68 31 5 5
127 68 28 1 5
68 76 48 5 5
68 82 38 0 5
68 85 49 2 5
68 87 26 4 5
68 88 40 1 5
68 94 28 2 5
69 7 57 37 5
69 8 67 1 5
52 69 71 6 5
105 69 70 4 5
107 69 68 4 5
122 69 75 3 5
127 69 68 1 5
69 73 70 23 5
69 94 70 1 5
70 8 32 0 5
15 70 35 0 5
18 70 49 3 5
30 70 37 3 5
40 70 55 7 5
41 70 45 4 5
53 70 44 0 5
61 70 29 0 5
100 70 55 14 5
104 70 42 1 5
105 70 41 0 5
107 70 37 1 5
114 70 46 1 5
118 70 51 5 5
122 70 44 0 5
123 70 47 2 5
127 70 33 0 5
70 82 41 0 5
70 87 37 0 5
70 94 31 2 5
71 8 75 1 5
45 71 69 24 5
59 71 78 8 5
105 71 72 7 5
107 71 78 3 5
112 71 77 9 5
127 71 76 1 5
71 94 76 2 5
72 8 38 1 5
15 72 43 0 5
17 72 58 14 5
22 72 59 7 5
24 72 59 11 5
28 72 50 10 5
50 72 51 7 5
52 72 40 7 5
53 72 50 1 5
59 72 35 11 5
60 72 50 3 5
61 72 37 0 5
122 72 50 1 5
127 72 39 1 5
72 74 59 21 5
72 87 43 1 5
72 88 51 1 5
72 94 43 0 5
73 8 51 1 5
15 73 54 1 5
60 73 61 4 5
61 73 50 0 5
68 73 60 8 5
104 73 59 3 5
105 73 40 11 5
107 73 40 10 5
112 73 49 11 5
114 73 47 11 5
123 73 60 6 5
127 73 52 1 5
73 80 53 23 5
73 82 62 0 5
73 87 56 1 5
73 88 62 2 5
73 94 50 3 5
15 74 66 2 5
17 74 73 20 5
28 74 71 13 5
52 74 63 9 5
59 74 54 15 5
61 74 64 0 5
72 74 59 21 5
122 74 73 3 5
74 89 79 27 5
15 75 82 2 5
22 75 80 18 5
28 75 91 11 5
50 75 88 10 5
122 75 85 5 5
127 75 78 3 5
75 82 86 3 5
76 8 35 0 5
15 76 38 0 5
18 76 50 4 5
41 76 48 4 5
52 76 45 2 5
53 76 45 1 5
56 76 57 9 5
61 76 32 0 5
68 76 48 5 5
104 76 43 2 5
105 76 36 4 5
107 76 38 2 5
112 76 43 5 5
114 76 37 7 5
122 76 41 3 5
123 76 50 2 5
127 76 36 0 5
76 80 55 13 5
76 82 42 1 5
76 85 53 3 5
76 87 40 0 5
76 94 34 2 5
21 77 96 29 5
30 77 79 7 5
70 77 72 18 5
127 77 77 3 5
77 88 81 7 5
78 8 60 0 5
15 78 63 0 5
20 78 73 7 5
53 78 64 4 5
58 78 78 20 5
61 78 57 0 5
67 78 68 4 5
127 78 61 0 5
129 78 75 10 5
78 82 59 5 5
78 85 74 5 5
78 87 63 1 5
78 88 69 2 5
78 94 63 0 5
79 8 71 1 5
50 79 64 17 5
125 79 73 19 5
127 79 68 3 5
79 85 75 11 5
79 87 68 5 5
8 80 52 0 5
15 80 53 1 5
18 80 61 7 5
56 80 60 16 5
60 80 60 4 5
61 80 49 0 5
68 80 55 10 5
73 80 53 23 5
76 80 55 13 5
104 80 56 4 5
105 80 43 9 5
107 80 49 5 5
112 80 50 10 5
114 80 50 9 5
122 80 58 3 5
127 80 51 1 5
80 94 51 2 5
8 81 68 1 5
50 81 67 14 5
56 81 62 24 5
60 81 78 4 5
61 81 67 0 5
67 81 76 5 5
68 81 63 15 5
104 81 70 6 5
105 81 71 4 5
107 81 71 3 5
112 81 72 8 5
114 81 68 9 5
122 81 76 3 5
127 81 67 2 5
81 87 65 5 5
81 94 71 1 5
8 82 15 0 5
15 82 18 0 5
30 82 26 0 5
34 82 33 0 5
41 82 36 0 5
52 82 29 0 5
53 82 27 0 5
59 82 32 0 5
60 82 31 0 5
61 82 12 0 5
67 82 19 6 5
102 82 33 0 5
104 82 25 1 5
105 82 24 0 5
107 82 22 0 5
112 82 33 0 5
113 82 30 0 5
114 82 31 0 5
122 82 27 0 5
123 82 34 0 5
127 82 16 0 5
82 85 31 4 5
82 87 20 0 5
82 88 28 0 5
82 94 18 0 5
120 83 99 21 5
8 84 61 1 5
22 84 74 11 5
50 84 70 9 5
52 84 63 7 5
59 84 60 10 5
60 84 61 9 5
61 84 60 0 5
72 84 61 18 5
74 84 76 24 5
122 84 65 5 5
127 84 62 1 5
84 87 66 1 5
8 85 30 0 5
15 85 33 0 5
18 85 49 2 5
20 85 49 4 5
30 85 41 0 5
40 85 57 5 5
52 85 42 1 5
53 85 42 0 5
61 85 27 0 5
67 85 36 5 5
68 85 49 2 5
76 85 53 3 5
82 85 31 4 5
102 85 42 3 5
104 85 38 2 5
105 85 39 0 5
107 85 37 0 5
114 85 42 2 5
118 85 53 3 5
122 85 38 2 5
127 85 31 0 5
85 87 35 0 5
85 94 33 0 5
8 86 48 0 5
15 86 51 0 5
34 86 58 4 5
61 86 45 0 5
68 86 65 3 5
82 86 57 0 5
102 86 58 4 5
104 86 52 4 5
105 86 45 6 5
107 86 39 8 5
112 86 50 8 5
114 86 48 8 5
123 86 59 4 5
127 86 49 0 5
86 87 53 0 5
86 88 59 1 5
86 94 47 2 5
8 87 9 1 5
15 87 14 0 5
18 87 32 1 5
24 87 38 7 5
28 87 33 4 5
30 87 22 0 5
36 87 37 7 5
37 87 40 6 5
50 87 34 1 5
52 87 23 1 5
53 87 21 1 5
59 87 26 1 5
60 87 25 1 5
61 87 8 0 5
67 87 23 2 5
68 87 26 4 5
82 87 20 0 5
104 87 23 0 5
105 87 20 0 5
107 87 18 0 5
122 87 23 0 5
127 87 10 1 5
87 88 22 1 5
87 94 14 0 5
87 97 37 2 5
5 88 46 8 5
8 88 17 1 5
15 88 22 0 5
25 88 45 4 5
30 88 24 3 5
46 88 47 6 5
49 88 54 9 5
52 88 31 1 5
53 88 27 2 5
59 88 34 1 5
60 88 33 1 5
61 88 16 0 5
67 88 33 1 5
82 88 28 0 5
87 88 22 1 5
105 88 28 0 5
107 88 26 0 5
113 88 26 4 5
119 88 47 8 5
123 88 36 1 5
127 88 18 1 5
88 94 22 0 5
88 96 41 4 5
8 89 70 1 5
30 89 75 4 5
42 89 82 12 5
46 89 68 22 5
52 89 72 7 5
59 89 63 13 5
61 89 69 0 5
70 89 82 8 5
72 89 70 18 5
87 89 75 1 5
88 89 75 5 5
127 89 71 1 5
8 90 59 0 5
30 90 68 1 5
34 90 69 4 5
35 90 68 12 5
42 90 71 11 5
53 90 59 6 5
61 90 56 0 5
63 90 69 16 5
102 90 69 4 5
123 90 64 7 5
124 90 74 20 5
127 90 60 0 5
129 90 76 9 5
15 92 79 1 5
20 92 79 13 5
29 92 80 21 5
41 92 83 8 5
42 92 80 16 5
53 92 78 6 5
61 92 75 0 5
70 92 88 8 5
100 92 87 21 5
102 92 86 5 5
123 92 83 7 5
92 94 75 3 5
45 93 107 22 5
73 93 102 28 5
86 93 97 28 5
87 93 106 5 5
105 93 102 9 5
107 93 98 10 5
112 93 107 11 5
114 93 105 11 5
127 93 106 3 5
8 94 9 0 5
15 94 12 0 5
30 94 20 0 5
34 94 25 1 5
37 94 44 3 5
41 94 26 2 5
52 94 23 0 5
53 94 21 0 5
61 94 6 0 5
68 94 28 2 5
70 94 31 2 5
76 94 34 2 5
82 94 18 0 5
87 94 14 0 5
88 94 22 0 5
102 94 25 1 5
104 94 21 0 5
105 94 16 1 5
107 94 14 1 5
112 94 23 2 5
114 94 23 1 5
122 94 21 0 5
127 94 10 0 5
15 95 68 2 5
35 95 68 17 5
41 95 72 9 5
42 95 71 16 5
53 95 71 5 5
61 95 66 0 5
123 95 72 8 5
129 95 78 13 5
8 96 34 1 5
15 96 39 0 5
23 96 62 12 5
30 96 43 2 5
46 96 62 7 5
53 96 46 1 5
61 96 33 0 5
87 96 39 1 5
88 96 41 4 5
94 96 39 0 5
119 96 56 12 5
127 96 35 1 5
5 97 65 7 5
8 97 34 1 5
10 97 63 8 5
14 97 81 13 5
30 97 41 3 5
36 97 62 7 5
61 97 33 0 5
63 97 64 7 5
67 97 48 2 5
68 97 51 4 5
87 97 37 2 5
88 97 45 2 5
120 97 65 11 5
123 97 47 4 5
127 97 35 1 5
8 99 59 0 5
15 99 62 0 5
22 99 76 8 5
28 99 67 11 5
50 99 58 13 5
52 99 67 3 5
59 99 68 4 5
61 99 56 0 5
72 99 71 11 5
87 99 60 2 5
94 99 62 0 5
122 99 67 2 5
125 99 51 23 5
127 99 60 0 5
100 8 57 0 5
100 15 60 0 5
100 35 62 14 5
100 40 66 14 5
100 41 64 7 5
100 53 55 7 5
100 61 54 0 5
100 67 69 2 5
100 70 55 14 5
100 87 62 0 5
100 94 56 2 5
100 96 67 10 5
100 123 60 8 5
100 127 58 0 5
101 52 110 9 5
101 53 106 10 5
100 101 107 29 5
102 8 24 0 5
102 15 27 0 5
102 20 45 3 5
102 30 35 0 5
102 34 32 5 5
102 40 53 4 5
102 52 38 0 5
102 53 36 0 5
102 61 21 0 5
102 82 33 0 5
102 85 42 3 5
102 87 29 0 5
102 88 37 0 5
102 94 25 1 5
102 104 36 0 5
102 105 33 0 5
102 107 31 0 5
102 113 39 0 5
102 118 47 3 5
102 122 36 0 5
102 127 23 1 5
102 128 49 12 5
103 8 57 0 5
103 15 60 0 5
103 18 60 10 5
103 30 66 1 5
103 52 65 3 5
103 53 67 1 5
103 56 69 14 5
103 60 55 9 5
103 61 54 0 5
103 68 60 10 5
103 76 60 13 5
103 86 71 14 5
103 94 58 1 5
103 104 53 8 5
103 105 52 7 5
103 107 50 7 5
103 112 49 13 5
103 114 53 10 5
103 122 55 7 5
103 127 58 0 5
104 8 18 0 5
104 15 21 0 5
104 18 29 6 5
104 30 29 0 5
104 34 34 1 5
104 50 37 3 5
104 52 32 0 5
104 53 30 0 5
104 59 35 0 5
104 60 22 6 5
104 61 15 0 5
104 67 28 3 5
104 68 21 10 5
104 76 43 2 5
104 82 25 1 5
104 85 38 2 5
104 87 23 0 5
104 88 31 0 5
104 94 21 0 5
104 105 25 1 5
104 107 23 1 5
104 111 43 3 5
104 112 28 4 5
104 113 33 0 5
104 114 18 8 5
104 122 20 5 5
104 123 35 1 5
104 127 19 0 5
105 8 15 0 5
105 15 18 0 5
105 18 36 1 5
105 30 26 0 5
105 34 33 0 5
105 52 29 0 5
105 53 27 0 5
105 59 32 0 5
105 60 25 3 5
105 61 12 0 5
105 67 31 0 5
105 68 30 4 5
105 76 36 4 5
105 82 24 0 5
105 87 20 0 5
105 88 28 0 5
105 94 16 1 5
102 105 33 0 5
104 105 25 1 5
105 107 18 2 5
105 111 42 2 5
105 112 17 8 5
105 113 30 0 5
105 114 19 6 5
105 122 25 1 5
105 127 16 0 5
106 59 107 12 5
107 8 13 0 5
107 15 16 0 5
107 30 24 0 5
107 34 31 0 5
107 37 42 6 5
107 52 27 0 5
107 53 25 0 5
107 59 30 0 5
107 60 29 0 5
107 61 10 0 5
107 67 29 0 5
107 68 34 1 5
107 70 37 1 5
107 76 38 2 5
107 82 22 0 5
107 87 18 0 5
107 88 26 0 5
107 94 14 1 5
102 107 31 0 5
104 107 23 1 5
105 107 18 2 5
107 112 25 3 5
107 113 28 0 5
107 114 19 5 5
107 122 25 0 5
107 123 26 3 5
107 127 14 0 5
108 52 91 11 5
108 60 93 11 5
108 68 96 13 5
100 108 102 24 5
104 108 91 10 5
108 122 93 9 5
109 8 45 0 5
109 15 48 0 5
109 30 54 1 5
109 35 52 13 5
109 41 60 3 5
109 42 55 12 5
109 53 51 3 5
109 61 42 0 5
109 63 49 19 5
109 67 59 1 5
109 82 54 0 5
109 87 50 0 5
109 88 52 3 5
109 94 48 0 5
105 109 54 0 5
107 109 52 0 5
109 113 44 8 5
109 123 54 5 5
109 124 58 21 5
109 127 46 0 5
110 15 84 1 5
110 29 95 16 5
110 42 95 11 5
110 53 85 5 5
110 61 80 0 5
110 82 88 2 5
110 87 86 1 5
110 113 80 9 5
110 118 94 9 5
110 126 88 22 5
111 8 35 1 5
111 15 40 0 5
111 22 58 6 5
111 25 57 7 5
111 53 47 1 5
111 59 50 2 5
111 60 43 5 5
111 61 34 0 5
111 68 50 5 5
111 87 42 0 5
111 94 40 0 5
104 111 43 3 5
105 111 42 2 5
107 111 44 0 5
111 112 45 5 5
111 122 41 4 5
111 125 61 7 5
111 127 38 0 5
112 8 24 0 5
112 15 27 0 5
112 18 43 2 5
112 30 33 1 5
112 52 36 1 5
112 53 36 0 5
112 56 42 11 5
112 60 28 6 5
112 61 21 0 5
112 67 38 1 5
112 68 31 8 5
112 82 33 0 5
112 87 29 0 5
112 88 37 0 5
112 94 23 2 5
104 112 28 4 5
105 112 17 8 5
107 112 25 3 5
112 113 39 0 5
112 114 22 9 5
112 122 30 3 5
112 123 41 1 5
112 127 25 0 5
113 8 21 0 5
113 15 24 0 5
113 18 42 1 5
113 20 44 2 5
113 30 32 0 5
113 34 33 3 5
113 53 31 1 5
113 61 18 0 5
113 82 30 0 5
113 87 26 0 5
113 88 26 4 5
113 94 24 0 5
104 113 33 0 5
105 113 30 0 5
107 113 28 0 5
109 113 44 8 5
113 122 33 0 5
113 123 38 1 5
113 124 62 7 5
113 127 22 0 5
114 8 22 0 5
114 15 25 0 5
114 18 37 4 5
114 30 33 0 5
114 52 36 0 5
114 53 34 0 5
114 60 30 4 5
114 61 19 0 5
114 67 34 2 5
114 68 29 8 5
114 76 37 7 5
114 82 31 0 5
114 85 42 2 5
114 87 27 0 5
114 88 35 0 5
114 94 23 1 5
104 114 18 8 5
105 114 19 6 5
107 114 19 5 5
112 114 22 9 5
113 114 37 0 5
114 122 28 3 5
114 123 35 3 5
114 127 23 0 5
115 48 114 28 5
104 115 112 11 5
115 129 105 26 5
116 53 95 9 5
116 94 98 3 5
109 116 96 22 5
114 116 99 9 5
117 49 90 21 5
113 117 80 7 5
117 122 81 5 5
118 8 35 0 5
118 15 36 1 5
118 20 56 3 5
118 30 42 2 5
118 34 51 1 5
118 53 47 0 5
118 61 32 0 5
118 70 51 5 5
118 82 42 1 5
118 85 53 3 5
118 87 40 0 5
118 88 48 0 5
118 94 38 0 5
118 97 57 4 5
102 118 47 3 5
104 118 47 0 5
105 118 44 0 5
107 118 42 0 5
118 122 47 0 5
118 127 36 0 5
119 8 48 1 5
119 15 51 1 5
119 30 53 4 5
119 35 63 10 5
119 42 62 11 5
119 46 68 11 5
119 53 54 4 5
119 61 47 0 5
119 63 66 13 5
119 87 53 1 5
119 88 47 8 5
119 96 56 12 5
119 123 61 4 5
119 127 49 1 5
120 8 57 0 5
120 15 60 0 5
120 20 64 10 5
120 30 62 3 5
120 53 59 5 5
120 61 54 0 5
120 63 77 11 5
120 70 65 9 5
120 87 60 1 5
120 94 60 0 5
120 97 65 11 5
120 123 70 3 5
120 127 58 0 5
121 30 85 4 5
121 53 82 6 5
121 61 79 0 5
121 63 78 23 5
121 88 83 6 5
113 121 85 6 5
119 121 78 24 5
121 123 81 10 5
122 8 18 0 5
122 15 21 0 5
122 18 33 4 5
122 22 43 4 5
122 30 29 0 5
122 52 28 2 5
122 53 28 1 5
122 56 48 5 5
122 59 33 1 5
122 60 22 6 5
122 61 15 0 5
122 67 32 1 5
122 68 31 5 5
122 76 41 3 5
122 82 27 0 5
122 85 38 2 5
122 87 23 0 5
122 88 31 0 5
122 94 21 0 5
104 122 20 5 5
105 122 25 1 5
107 122 25 0 5
111 122 41 4 5
112 122 30 3 5
114 122 28 3 5
122 127 19 0 5
123 8 25 0 5
123 15 28 0 5
123 30 36 0 5
123 35 40 9 5
123 41 42 2 5
123 42 39 10 5
123 53 29 4 5
123 61 22 0 5
123 63 49 9 5
123 67 39 1 5
123 82 34 0 5
123 87 30 0 5
123 88 36 1 5
123 94 28 0 5
123 97 47 4 5
104 123 35 1 5
105 123 34 0 5
107 123 26 3 5
112 123 41 1 5
113 123 38 1 5
114 123 35 3 5
123 124 62 9 5
123 127 26 0 5
124 8 61 0 5
124 15 64 0 5
124 30 70 1 5
124 35 68 13 5
124 42 69 13 5
124 53 61 6 5
124 61 58 0 5
124 67 71 3 5
124 82 66 2 5
124 87 66 0 5
124 88 70 2 5
124 94 64 0 5
109 124 58 21 5
113 124 62 7 5
123 124 62 9 5
124 127 62 0 5
125 4 52 28 5
125 8 42 1 5
125 15 47 0 5
125 30 55 0 5
125 50 39 15 5
125 52 52 3 5
125 53 56 0 5
125 59 39 11 5
125 60 56 2 5
125 61 41 0 5
125 82 53 0 5
125 87 49 0 5
125 88 57 0 5
125 94 47 0 5
125 99 51 23 5
104 125 56 0 5
105 125 53 0 5
107 125 51 0 5
111 125 61 7 5
122 125 54 1 5
125 127 45 0 5
126 8 55 0 5
126 15 56 1 5
126 30 66 0 5
126 34 71 1 5
126 53 67 0 5
126 61 52 0 5
126 82 60 2 5
126 85 67 6 5
126 87 60 0 5
126 88 66 1 5
126 94 58 0 5
102 126 65 4 5
104 126 67 0 5
105 126 64 0 5
107 126 62 0 5
113 126 66 2 5
122 126 67 0 5
126 127 56 0 5
127 8 5 1 5
127 15 10 0 5
127 25 35 3 5
127 30 18 0 5
127 34 23 1 5
127 41 26 1 5
127 50 26 3 5
127 52 19 1 5
127 53 17 1 5
127 56 41 3 5
127 59 22 1 5
127 60 21 1 5
127 61 4 0 5
127 65 46 3 5
127 67 21 1 5
127 68 28 1 5
127 82 16 0 5
127 87 10 1 5
127 88 18 1 5
127 94 10 0 5
102 127 23 1 5
104 127 19 0 5
105 127 16 0 5
107 127 14 0 5
112 127 25 0 5
113 127 22 0 5
114 127 23 0 5
122 127 19 0 5
123 127 26 0 5
128 8 55 0 5
128 15 52 3 5
128 30 66 0 5
128 34 61 6 5
128 41 64 6 5
128 53 67 0 5
128 61 52 0 5
128 82 62 1 5
128 85 65 7 5
128 87 60 0 5
128 88 68 0 5
128 94 56 1 5
102 128 49 12 5
104 128 67 0 5
105 128 64 0 5
107 128 62 0 5
118 128 66 9 5
122 128 67 0 5
127 128 56 0 5
129 8 41 0 5
129 15 44 0 5
129 18 60 2 5
129 34 53 3 5
129 41 52 5 5
129 48 67 11 5
129 53 51 1 5
129 61 38 0 5
129 82 50 0 5
129 87 46 0 5
129 88 52 1 5
129 94 44 0 5
105 129 50 0 5
107 129 46 1 5
113 129 50 3 5
123 129 54 3 5
127 129 42 0 5
130 59 93 14 5
