Res1 Res2 NSingle NDouble Method
17 8 8 0 6
41 8 4 0 6
17 41 8 0 6
41 64 11 1 6
8 82 12 1 6
8 85 5 0 6
17 85 9 0 6
41 85 5 0 6
8 87 5 0 6
41 87 5 0 6
85 87 4 1 6
8 88 5 0 6
17 88 9 0 6
41 88 5 0 6
85 88 6 0 6
87 88 6 0 6
8 94 9 1 6
82 94 15 3 6
111 88 10 2 6
113 8 15 1 6
118 8 5 0 6
118 17 9 0 6
118 41 5 0 6
118 77 8 2 6
118 85 6 0 6
118 87 6 0 6
118 88 6 0 6
123 8 7 1 6
113 123 16 3 6
138 8 0 2 6
138 17 8 0 6
138 41 4 0 6
138 82 12 1 6
138 85 5 0 6
138 87 5 0 6
138 88 5 0 6
138 94 9 1 6
113 138 15 1 6
118 138 5 0 6
123 138 7 1 6
147 8 8 0 6
147 41 8 0 6
147 85 9 0 6
147 88 9 0 6
118 147 9 0 6
138 147 8 0 6
171 8 4 0 6
171 41 0 2 6
171 64 11 1 6
171 85 5 0 6
171 87 5 0 6
171 88 5 0 6
17 171 8 0 6
118 171 5 0 6
138 171 4 0 6
147 171 8 0 6
194 41 11 1 6
171 194 11 1 6
