Res1 Res2 NSingle NDouble Method
118 2 22 2 6
2 77 24 4 6
15 8 2 0 6
17 8 8 0 6
30 8 2 0 6
41 8 4 0 6
53 8 3 0 6
61 8 2 0 6
113 8 15 1 6
118 8 5 0 6
123 8 7 1 6
127 8 2 0 6
138 8 0 2 6
145 8 2 0 6
147 8 8 0 6
160 8 2 0 6
171 8 4 0 6
183 8 3 0 6
191 8 2 0 6
8 82 12 1 6
8 85 5 0 6
8 87 5 0 6
8 88 5 0 6
8 94 9 1 6
113 12 27 5 6
15 16 12 0 6
118 16 11 2 6
127 16 12 0 6
145 16 12 0 6
16 30 12 0 6
16 53 11 1 6
16 61 12 0 6
16 160 12 0 6
16 183 11 1 6
16 191 12 0 6
17 8 8 0 6
15 17 6 0 6
118 17 9 0 6
127 17 6 0 6
138 17 8 0 6
145 17 6 0 6
160 17 6 0 6
17 30 6 0 6
17 41 8 0 6
17 53 7 0 6
17 61 6 0 6
17 85 9 0 6
17 87 9 0 6
17 88 9 0 6
17 91 12 1 6
17 171 8 0 6
17 183 7 0 6
17 191 6 0 6
118 26 16 2 6
35 94 20 2 6
41 8 4 0 6
15 41 2 0 6
17 41 8 0 6
30 41 2 0 6
102 41 10 1 6
118 41 5 0 6
123 41 9 0 6
127 41 2 0 6
138 41 4 0 6
145 41 2 0 6
147 41 8 0 6
160 41 2 0 6
171 41 0 2 6
183 41 3 0 6
191 41 2 0 6
194 41 11 1 6
41 53 3 0 6
41 61 2 0 6
41 64 11 1 6
41 85 5 0 6
41 87 5 0 6
41 88 5 0 6
15 43 15 0 6
30 43 15 0 6
127 43 15 0 6
145 43 15 0 6
160 43 15 0 6
191 43 15 0 6
43 61 15 0 6
15 45 15 0 6
30 45 15 0 6
118 45 14 2 6
127 45 15 0 6
145 45 15 0 6
160 45 15 0 6
183 45 16 0 6
191 45 15 0 6
45 53 16 0 6
45 61 15 0 6
15 64 11 0 6
30 64 11 0 6
41 64 11 1 6
53 64 12 0 6
61 64 11 0 6
127 64 11 0 6
145 64 11 0 6
160 64 11 0 6
171 64 11 1 6
183 64 12 0 6
191 64 11 0 6
67 85 14 2 6
111 68 21 5 6
70 87 16 1 6
76 91 24 4 6
76 94 23 5 6
15 77 9 0 6
30 77 9 0 6
53 77 10 0 6
61 77 9 0 6
118 77 8 2 6
127 77 9 0 6
145 77 9 0 6
160 77 9 0 6
183 77 10 0 6
191 77 9 0 6
8 82 12 1 6
15 82 12 0 6
30 82 12 0 6
61 82 12 0 6
127 82 12 0 6
128 82 12 5 6
138 82 12 1 6
145 82 12 0 6
160 82 12 0 6
191 82 12 0 6
82 94 15 3 6
8 85 5 0 6
15 85 3 0 6
17 85 9 0 6
30 85 3 0 6
41 85 5 0 6
53 85 4 0 6
61 85 3 0 6
118 85 6 0 6
127 85 3 0 6
138 85 5 0 6
145 85 3 0 6
147 85 9 0 6
160 85 3 0 6
171 85 5 0 6
183 85 4 0 6
191 85 3 0 6
85 87 4 1 6
85 88 6 0 6
8 87 5 0 6
15 87 3 0 6
30 87 3 0 6
41 87 5 0 6
53 87 4 0 6
61 87 3 0 6
85 87 4 1 6
118 87 6 0 6
127 87 3 0 6
138 87 5 0 6
145 87 3 0 6
160 87 3 0 6
171 87 5 0 6
183 87 4 0 6
191 87 3 0 6
87 88 6 0 6
8 88 5 0 6
15 88 3 0 6
17 88 9 0 6
30 88 3 0 6
41 88 5 0 6
53 88 4 0 6
61 88 3 0 6
85 88 6 0 6
87 88 6 0 6
111 88 10 2 6
118 88 6 0 6
127 88 3 0 6
138 88 5 0 6
145 88 3 0 6
147 88 9 0 6
160 88 3 0 6
171 88 5 0 6
183 88 4 0 6
191 88 3 0 6
15 91 8 0 6
30 91 8 0 6
53 91 9 0 6
61 91 8 0 6
70 91 17 3 6
127 91 8 0 6
145 91 8 0 6
160 91 8 0 6
183 91 9 0 6
191 91 8 0 6
15 93 12 0 6
30 93 12 0 6
61 93 12 0 6
127 93 12 0 6
145 93 12 0 6
160 93 12 0 6
191 93 12 0 6
8 94 9 1 6
15 94 9 0 6
30 94 9 0 6
53 94 10 0 6
61 94 9 0 6
82 94 15 3 6
123 94 14 1 6
127 94 9 0 6
138 94 9 1 6
145 94 9 0 6
160 94 9 0 6
183 94 10 0 6
191 94 9 0 6
113 96 31 9 6
102 8 12 0 6
102 15 10 0 6
102 30 10 0 6
102 53 11 0 6
102 61 10 0 6
102 85 13 0 6
102 87 13 0 6
102 106 15 4 6
102 118 13 0 6
102 127 10 0 6
102 138 12 0 6
102 145 10 0 6
102 160 10 0 6
102 183 11 0 6
102 191 10 0 6
106 8 15 0 6
106 15 13 0 6
106 30 13 0 6
106 53 14 0 6
106 61 13 0 6
106 87 16 0 6
106 118 16 0 6
106 127 13 0 6
106 138 15 0 6
106 145 13 0 6
106 160 13 0 6
106 183 14 0 6
106 191 13 0 6
111 15 11 0 6
111 30 11 0 6
111 41 9 2 6
111 53 12 0 6
111 61 11 0 6
111 88 10 2 6
102 111 15 3 6
111 127 11 0 6
111 145 11 0 6
111 160 11 0 6
111 171 9 2 6
111 183 12 0 6
111 191 11 0 6
113 8 15 1 6
113 123 16 3 6
113 138 15 1 6
115 8 18 0 6
115 15 16 0 6
115 30 16 0 6
115 53 17 0 6
115 61 16 0 6
115 127 16 0 6
115 138 18 0 6
115 145 16 0 6
115 160 16 0 6
115 183 17 0 6
115 191 16 0 6
116 8 18 0 6
116 15 16 0 6
116 30 16 0 6
116 53 17 0 6
116 61 16 0 6
116 127 16 0 6
116 138 18 0 6
116 145 16 0 6
116 160 16 0 6
116 183 17 0 6
116 191 16 0 6
118 8 5 0 6
118 15 3 0 6
118 17 9 0 6
118 30 3 0 6
118 41 5 0 6
118 53 4 0 6
118 61 3 0 6
118 77 8 2 6
118 85 6 0 6
118 87 6 0 6
118 88 6 0 6
118 127 3 0 6
118 138 5 0 6
118 145 3 0 6
118 147 9 0 6
118 160 3 0 6
118 171 5 0 6
118 183 4 0 6
118 191 3 0 6
123 8 7 1 6
123 15 7 0 6
123 26 16 4 6
123 30 7 0 6
123 53 8 0 6
123 61 7 0 6
123 77 12 2 6
113 123 16 3 6
123 127 7 0 6
123 138 7 1 6
123 145 7 0 6
123 156 16 4 6
123 160 7 0 6
123 183 8 0 6
123 191 7 0 6
128 8 12 0 6
128 15 10 0 6
128 30 10 0 6
128 41 12 0 6
128 53 11 0 6
128 61 10 0 6
127 128 10 0 6
128 138 12 0 6
128 145 10 0 6
128 160 10 0 6
128 171 12 0 6
128 183 11 0 6
128 191 10 0 6
132 77 24 4 6
118 132 22 2 6
138 8 0 2 6
138 15 2 0 6
138 17 8 0 6
138 30 2 0 6
138 41 4 0 6
138 53 3 0 6
138 61 2 0 6
138 82 12 1 6
138 85 5 0 6
138 87 5 0 6
138 88 5 0 6
138 94 9 1 6
113 138 15 1 6
118 138 5 0 6
123 138 7 1 6
127 138 2 0 6
138 145 2 0 6
138 147 8 0 6
138 160 2 0 6
138 171 4 0 6
138 183 3 0 6
138 191 2 0 6
113 142 27 5 6
146 15 12 0 6
146 30 12 0 6
146 53 11 1 6
146 61 12 0 6
118 146 11 2 6
127 146 12 0 6
145 146 12 0 6
146 160 12 0 6
146 183 11 1 6
146 191 12 0 6
147 8 8 0 6
147 15 6 0 6
147 30 6 0 6
147 41 8 0 6
147 53 7 0 6
147 61 6 0 6
147 85 9 0 6
147 87 9 0 6
147 88 9 0 6
147 91 12 1 6
118 147 9 0 6
127 147 6 0 6
138 147 8 0 6
145 147 6 0 6
147 160 6 0 6
147 171 8 0 6
147 183 7 0 6
147 191 6 0 6
118 156 16 2 6
165 94 20 2 6
171 8 4 0 6
171 30 2 0 6
171 41 0 2 6
171 53 3 0 6
171 61 2 0 6
171 64 11 1 6
171 85 5 0 6
171 87 5 0 6
171 88 5 0 6
15 171 2 0 6
17 171 8 0 6
102 171 10 1 6
118 171 5 0 6
123 171 9 0 6
127 171 2 0 6
138 171 4 0 6
145 171 2 0 6
147 171 8 0 6
160 171 2 0 6
171 183 3 0 6
171 191 2 0 6
171 194 11 1 6
173 30 15 0 6
173 61 15 0 6
15 173 15 0 6
127 173 15 0 6
145 173 15 0 6
160 173 15 0 6
173 191 15 0 6
175 30 15 0 6
175 53 16 0 6
175 61 15 0 6
15 175 15 0 6
118 175 14 2 6
127 175 15 0 6
145 175 15 0 6
160 175 15 0 6
175 183 16 0 6
175 191 15 0 6
194 30 11 0 6
194 41 11 1 6
194 53 12 0 6
194 61 11 0 6
15 194 11 0 6
127 194 11 0 6
145 194 11 0 6
160 194 11 0 6
171 194 11 1 6
183 194 12 0 6
191 194 11 0 6
