Res1 Res2 NSingle NDouble Method
118 2 22 2 6
2 77 24 4 6
15 8 2 0 6
17 8 8 0 6
30 8 2 0 6
41 8 4 0 6
53 8 3 0 6
61 8 2 0 6
118 8 5 0 6
123 8 7 1 6
127 8 2 0 6
8 82 12 1 6
8 85 5 0 6
8 87 5 0 6
8 88 5 0 6
8 94 9 1 6
11 85 17 2 6
11 88 17 2 6
15 16 12 0 6
118 16 11 2 6
127 16 12 0 6
16 30 12 0 6
16 47 20 5 6
16 53 11 1 6
16 61 12 0 6
17 8 8 0 6
15 17 6 0 6
118 17 9 0 6
127 17 6 0 6
17 30 6 0 6
17 41 8 0 6
17 53 7 0 6
17 61 6 0 6
17 85 9 0 6
17 87 9 0 6
17 88 9 0 6
17 91 12 1 6
118 26 16 2 6
35 94 20 2 6
41 8 4 0 6
15 41 2 0 6
17 41 8 0 6
30 41 2 0 6
102 41 10 1 6
118 41 5 0 6
123 41 9 0 6
127 41 2 0 6
41 53 3 0 6
41 61 2 0 6
41 64 11 1 6
41 85 5 0 6
41 87 5 0 6
41 88 5 0 6
15 43 15 0 6
30 43 15 0 6
127 43 15 0 6
43 61 15 0 6
15 45 15 0 6
30 45 15 0 6
127 45 15 0 6
45 53 16 0 6
45 61 15 0 6
15 64 11 0 6
30 64 11 0 6
41 64 11 1 6
53 64 12 0 6
61 64 11 0 6
127 64 11 0 6
111 68 21 5 6
15 69 18 0 6
30 69 18 0 6
61 69 18 0 6
127 69 18 0 6
70 87 16 1 6
76 91 24 4 6
76 94 23 5 6
77 8 11 0 6
15 77 9 0 6
30 77 9 0 6
41 77 11 0 6
53 77 10 0 6
61 77 9 0 6
118 77 8 2 6
127 77 9 0 6
8 82 12 1 6
15 82 12 0 6
30 82 12 0 6
61 82 12 0 6
127 82 12 0 6
128 82 12 5 6
82 94 15 3 6
8 85 5 0 6
15 85 3 0 6
17 85 9 0 6
30 85 3 0 6
41 85 5 0 6
53 85 4 0 6
61 85 3 0 6
118 85 6 0 6
127 85 3 0 6
85 87 4 1 6
85 88 6 0 6
8 87 5 0 6
15 87 3 0 6
30 87 3 0 6
41 87 5 0 6
53 87 4 0 6
61 87 3 0 6
85 87 4 1 6
118 87 6 0 6
127 87 3 0 6
87 88 6 0 6
8 88 5 0 6
15 88 3 0 6
17 88 9 0 6
30 88 3 0 6
41 88 5 0 6
53 88 4 0 6
61 88 3 0 6
85 88 6 0 6
87 88 6 0 6
111 88 10 2 6
118 88 6 0 6
123 88 10 0 6
127 88 3 0 6
15 89 23 0 6
30 89 23 0 6
61 89 23 0 6
127 89 23 0 6
15 91 8 0 6
30 91 8 0 6
53 91 9 0 6
61 91 8 0 6
70 91 17 3 6
127 91 8 0 6
15 93 12 0 6
30 93 12 0 6
53 93 13 0 6
61 93 12 0 6
127 93 12 0 6
8 94 9 1 6
15 94 9 0 6
30 94 9 0 6
35 94 20 2 6
53 94 10 0 6
61 94 9 0 6
123 94 14 1 6
127 94 9 0 6
102 8 12 0 6
102 15 10 0 6
102 30 10 0 6
102 53 11 0 6
102 61 10 0 6
102 85 13 0 6
102 87 13 0 6
102 118 13 0 6
102 127 10 0 6
106 8 15 0 6
106 15 13 0 6
106 30 13 0 6
106 53 14 0 6
106 61 13 0 6
106 87 16 0 6
106 118 16 0 6
106 127 13 0 6
111 15 11 0 6
111 30 11 0 6
111 41 9 2 6
111 53 12 0 6
111 61 11 0 6
111 88 10 2 6
102 111 15 3 6
111 127 11 0 6
113 8 15 1 6
115 8 18 0 6
115 15 16 0 6
115 30 16 0 6
115 53 17 0 6
115 61 16 0 6
115 87 19 0 6
115 118 19 0 6
115 127 16 0 6
116 8 18 0 6
116 15 16 0 6
116 30 16 0 6
116 53 17 0 6
116 61 16 0 6
116 87 19 0 6
116 118 19 0 6
116 127 16 0 6
118 8 5 0 6
118 15 3 0 6
118 17 9 0 6
118 30 3 0 6
118 41 5 0 6
118 53 4 0 6
118 61 3 0 6
118 77 8 2 6
118 85 6 0 6
118 87 6 0 6
118 88 6 0 6
118 127 3 0 6
123 8 7 1 6
123 15 7 0 6
123 26 16 4 6
123 30 7 0 6
123 41 9 0 6
123 53 8 0 6
123 61 7 0 6
123 77 12 2 6
113 123 16 3 6
123 127 7 0 6
126 15 16 0 6
126 30 16 0 6
126 61 16 0 6
126 127 16 0 6
128 8 12 0 6
128 15 10 0 6
128 16 18 2 6
128 30 10 0 6
128 41 12 0 6
128 53 11 0 6
128 61 10 0 6
127 128 10 0 6
126 130 27 7 6
