Res1 Res2 NSingle NDouble Method
30 8 2 0 6
60 8 4 0 6
110 8 8 2 6
118 8 2 0 6
123 8 2 0 6
124 8 4 0 6
127 8 2 0 6
8 82 2 0 6
8 88 2 0 6
11 23 13 14 6
13 31 12 15 6
16 7 12 3 6
17 23 16 8 6
35 98 6 5 6
38 99 10 7 6
106 41 12 2 6
109 41 12 2 6
120 41 13 2 6
45 49 12 10 6
107 49 18 12 6
56 70 7 3 6
56 95 6 3 6
30 60 2 0 6
35 60 7 1 6
36 60 8 1 6
56 60 7 1 6
118 60 2 0 6
123 60 2 0 6
127 60 2 0 6
60 82 2 0 6
60 88 2 0 6
30 61 4 0 6
106 61 10 2 6
118 61 4 0 6
123 61 4 0 6
127 61 4 0 6
61 66 6 1 6
61 82 4 0 6
61 88 4 0 6
61 94 5 3 6
124 70 4 2 6
70 95 5 3 6
101 73 6 5 6
73 87 5 6 6
69 74 9 8 6
120 78 14 5 6
76 80 11 11 6
108 80 10 11 6
116 83 4 4 6
128 83 3 5 6
45 87 11 5 6
104 87 8 5 6
61 94 5 3 6
56 95 6 3 6
70 95 5 3 6
110 97 16 3 6
2 98 12 7 6
103 98 4 7 6
116 99 4 5 6
117 99 6 5 6
128 99 5 5 6
103 84 12 8 6
101 103 6 5 6
103 116 5 5 6
103 104 5 7 6
106 114 11 4 6
106 120 13 4 6
108 113 11 11 6
106 114 11 4 6
114 120 12 4 6
116 99 4 5 6
103 116 5 5 6
117 43 18 7 6
117 99 6 5 6
117 128 5 5 6
120 78 14 5 6
117 121 4 6 6
124 95 5 1 6
103 128 4 6 6
116 128 1 6 6
