Res1 Res2 NSingle NDouble Method
30 8 2 0 6
60 8 4 0 6
118 8 2 0 6
123 8 2 0 6
124 8 4 0 6
127 8 2 0 6
138 8 0 2 6
160 8 2 0 6
190 8 4 0 6
8 82 2 0 6
8 88 2 0 6
11 23 13 14 6
11 153 13 14 6
13 31 12 15 6
13 161 12 15 6
153 17 16 8 6
17 23 16 8 6
35 98 6 5 6
38 99 10 7 6
106 41 12 2 6
109 41 12 2 6
56 70 7 3 6
56 95 6 3 6
30 60 2 0 6
118 60 2 0 6
123 60 2 0 6
127 60 2 0 6
160 60 2 0 6
60 82 2 0 6
60 88 2 0 6
30 61 4 0 6
106 61 10 2 6
118 61 4 0 6
123 61 4 0 6
127 61 4 0 6
160 61 4 0 6
61 66 6 1 6
61 82 4 0 6
61 88 4 0 6
61 94 5 3 6
124 70 4 2 6
70 95 5 3 6
101 73 6 5 6
73 87 5 6 6
69 74 9 8 6
120 78 14 5 6
76 80 11 11 6
108 80 10 11 6
128 83 3 5 6
104 87 8 5 6
61 94 5 3 6
191 94 5 3 6
56 95 6 3 6
70 95 5 3 6
186 95 6 3 6
110 97 16 3 6
103 98 4 7 6
116 99 4 5 6
128 99 5 5 6
101 124 5 2 6
101 103 6 5 6
103 116 5 5 6
103 104 5 7 6
106 114 11 4 6
106 120 13 4 6
106 114 11 4 6
114 120 12 4 6
116 99 4 5 6
103 116 5 5 6
116 124 4 2 6
117 128 5 5 6
120 78 14 5 6
124 95 5 1 6
103 128 4 6 6
116 128 1 6 6
124 128 5 2 6
138 8 0 2 6
138 30 2 0 6
138 60 4 0 6
138 82 2 0 6
138 88 2 0 6
118 138 2 0 6
123 138 2 0 6
124 138 4 0 6
127 138 2 0 6
138 160 2 0 6
138 190 4 0 6
141 23 13 14 6
141 153 13 14 6
143 31 12 15 6
143 161 12 15 6
147 23 16 8 6
147 153 16 8 6
165 98 6 5 6
168 99 10 7 6
106 171 12 2 6
109 171 12 2 6
186 70 7 3 6
186 95 6 3 6
190 30 2 0 6
190 82 2 0 6
190 88 2 0 6
118 190 2 0 6
123 190 2 0 6
127 190 2 0 6
160 190 2 0 6
191 30 4 0 6
191 66 6 1 6
191 82 4 0 6
191 88 4 0 6
191 94 5 3 6
106 191 10 2 6
118 191 4 0 6
123 191 4 0 6
127 191 4 0 6
160 191 4 0 6
