Res1 Res2 NSingle NDouble Method
15 8 10 0 6
30 8 13 1 6
53 8 14 1 6
64 8 22 2 6
118 8 5 1 6
123 8 13 0 6
8 82 14 3 6
8 94 7 1 6
118 12 22 0 6
12 88 26 4 6
12 127 26 3 6
15 8 10 0 6
105 15 17 0 6
118 15 7 0 6
123 15 13 0 6
127 15 17 0 6
15 30 15 0 6
15 53 16 0 6
15 84 17 2 6
15 94 7 1 6
15 98 18 1 6
121 16 31 5 6
16 94 26 2 6
121 20 30 8 6
118 21 30 1 6
22 53 29 3 6
118 27 27 0 6
123 27 29 2 6
27 94 23 3 6
30 8 13 1 6
15 30 15 0 6
118 30 10 1 6
123 30 18 0 6
127 30 18 2 6
30 53 19 1 6
30 94 12 1 6
118 40 22 1 6
118 41 22 1 6
41 65 38 3 6
15 44 20 1 6
103 44 30 4 6
44 94 19 1 6
47 8 20 0 6
15 47 20 0 6
118 47 17 0 6
47 48 27 2 6
47 94 19 0 6
30 48 24 1 6
118 48 18 0 6
50 53 28 2 6
53 8 14 1 6
15 53 16 0 6
118 53 11 1 6
123 53 17 1 6
53 61 22 4 6
53 93 23 3 6
53 94 13 1 6
103 55 31 8 6
55 57 40 14 6
61 8 18 3 6
53 61 22 4 6
118 61 21 0 6
123 61 25 1 6
61 94 23 0 6
63 8 31 3 6
64 8 22 2 6
15 64 24 1 6
47 64 26 5 6
64 94 23 1 6
47 65 25 6 6
118 65 24 0 6
65 93 28 6 6
15 66 29 2 6
127 66 32 4 6
48 71 36 4 6
118 72 24 0 6
118 74 20 0 6
74 93 26 5 6
74 94 22 0 6
118 76 18 0 6
121 76 23 4 6
127 76 22 3 6
76 88 26 2 6
76 94 20 0 6
118 77 19 0 6
77 93 29 3 6
30 81 37 4 6
8 82 14 3 6
118 82 15 1 6
82 94 17 1 6
82 98 26 2 6
8 84 21 0 6
15 84 17 2 6
118 84 18 0 6
84 94 18 1 6
33 86 32 15 6
8 88 19 0 6
15 88 19 0 6
30 88 22 1 6
118 88 16 0 6
88 94 18 0 6
12 89 34 8 6
89 99 37 9 6
53 93 23 3 6
118 93 20 0 6
8 94 7 1 6
15 94 7 1 6
30 94 12 1 6
53 94 13 1 6
82 94 17 1 6
105 94 16 0 6
118 94 4 1 6
123 94 8 2 6
127 94 16 0 6
8 98 20 0 6
15 98 18 1 6
94 98 13 3 6
105 98 19 4 6
118 98 17 0 6
123 98 19 2 6
89 99 37 9 6
118 99 27 0 6
100 118 26 0 6
103 118 23 0 6
105 8 17 0 6
105 15 17 0 6
105 94 16 0 6
105 98 19 4 6
105 118 14 0 6
105 121 23 2 6
105 123 20 0 6
106 76 33 5 6
106 94 31 0 6
106 118 29 0 6
106 123 31 2 6
111 8 28 0 6
111 116 28 6 6
111 118 25 0 6
103 112 37 9 6
116 8 22 0 6
116 15 22 0 6
116 94 21 0 6
116 118 19 0 6
116 123 25 0 6
117 23 29 6 6
117 47 29 4 6
107 117 33 9 6
117 118 24 0 6
121 8 20 0 6
121 15 20 0 6
121 94 19 0 6
105 121 23 2 6
111 121 20 9 6
118 121 15 1 6
121 123 21 1 6
121 127 19 4 6
122 30 30 3 6
122 94 26 2 6
118 122 26 1 6
123 8 13 0 6
123 15 13 0 6
123 53 17 1 6
123 94 8 2 6
123 98 19 2 6
118 123 10 0 6
121 123 21 1 6
125 8 26 3 6
125 94 29 1 6
118 125 29 0 6
127 8 17 0 6
127 15 17 0 6
127 30 18 2 6
127 88 24 1 6
127 94 16 0 6
118 127 14 0 6
121 127 19 4 6
123 128 36 3 6
