Res1 Res2 NSingle NDouble Method
15 8 9 0 5
18 20 44 6 5
22 5 64 9 5
22 8 37 1 5
23 28 56 15 5
24 28 47 15 5
30 8 17 0 5
10 30 52 4 5
15 30 20 0 5
34 5 57 5 5
34 8 22 1 5
15 34 25 1 5
24 36 63 12 5
24 37 52 18 5
28 37 55 11 5
20 40 52 9 5
41 8 27 0 5
25 41 53 4 5
29 41 55 8 5
35 41 50 5 5
29 42 62 11 5
35 42 49 12 5
41 42 49 6 5
24 46 49 19 5
34 47 65 7 5
48 5 69 14 5
41 48 55 10 5
24 49 58 21 5
28 49 57 16 5
50 8 29 1 5
34 50 41 4 5
37 50 56 8 5
52 8 18 1 5
15 52 23 0 5
18 52 39 2 5
22 52 45 4 5
24 52 49 6 5
28 52 36 7 5
30 52 29 1 5
37 52 51 5 5
47 52 57 9 5
50 52 37 4 5
53 8 16 1 5
15 53 21 0 5
22 53 43 4 5
30 53 29 0 5
35 53 41 5 5
41 53 31 4 5
42 53 34 9 5
52 53 30 1 5
18 56 53 8 5
25 56 50 15 5
59 8 21 1 5
24 59 50 7 5
46 59 49 7 5
50 59 40 4 5
52 59 33 2 5
53 59 33 1 5
60 8 20 1 5
5 60 49 8 5
15 60 25 0 5
18 60 39 3 5
22 60 41 7 5
25 60 44 6 5
50 60 37 5 5
52 60 34 1 5
53 60 30 2 5
56 60 48 7 5
59 60 31 4 5
33 62 75 14 5
35 63 41 20 5
42 63 58 12 5
58 63 56 25 5
34 65 57 6 5
67 8 21 1 5
18 67 42 2 5
41 67 38 3 5
52 67 35 1 5
53 67 27 4 5
59 67 38 1 5
60 67 37 1 5
68 8 27 1 5
18 68 40 6 5
50 68 46 4 5
56 68 47 11 5
60 68 27 9 5
67 68 34 6 5
69 7 57 37 5
18 70 49 3 5
30 70 37 3 5
40 70 55 7 5
41 70 45 4 5
45 71 69 24 5
17 72 58 14 5
22 72 59 7 5
24 72 59 11 5
28 72 50 10 5
50 72 51 7 5
52 72 40 7 5
59 72 35 11 5
72 74 59 21 5
22 75 78 18 5
18 76 50 4 5
41 76 48 4 5
56 76 57 9 5
68 76 48 5 5
21 77 96 29 5
50 79 64 17 5
56 80 60 16 5
73 80 53 23 5
76 80 55 13 5
56 81 62 24 5
8 82 20 0 5
15 82 23 0 5
53 82 32 0 5
67 82 23 7 5
20 85 52 4 5
40 85 60 5 5
67 85 38 6 5
82 85 37 5 5
8 87 9 1 5
15 87 14 0 5
18 87 32 1 5
24 87 38 7 5
28 87 33 4 5
30 87 22 0 5
36 87 37 7 5
37 87 40 6 5
50 87 34 1 5
52 87 23 1 5
53 87 21 1 5
59 87 26 1 5
60 87 25 1 5
67 87 24 2 5
68 87 26 4 5
5 88 46 8 5
8 88 17 1 5
15 88 22 0 5
25 88 45 4 5
30 88 24 3 5
46 88 47 6 5
49 88 54 9 5
52 88 31 1 5
53 88 27 2 5
59 88 34 1 5
60 88 33 1 5
67 88 34 1 5
87 88 22 1 5
29 92 78 22 5
8 94 9 0 5
15 94 12 0 5
30 94 20 0 5
34 94 25 1 5
37 94 44 3 5
41 94 26 2 5
52 94 23 0 5
53 94 21 0 5
68 94 28 2 5
70 94 31 2 5
76 94 34 2 5
82 94 23 0 5
87 94 14 0 5
88 94 22 0 5
8 96 34 1 5
23 96 62 12 5
30 96 43 2 5
88 96 41 4 5
5 97 65 7 5
8 97 34 1 5
10 97 63 8 5
14 97 81 13 5
30 97 41 3 5
36 97 62 7 5
63 97 64 7 5
87 97 37 2 5
50 99 58 13 5
100 40 66 14 5
100 70 55 14 5
102 8 24 0 5
102 15 25 1 5
102 20 45 3 5
102 34 32 5 5
102 40 53 4 5
102 82 38 0 5
102 85 45 3 5
102 94 25 1 5
104 8 18 0 5
104 15 21 0 5
104 18 29 6 5
104 30 29 0 5
104 34 34 1 5
104 50 37 3 5
104 53 30 0 5
104 59 35 0 5
104 60 22 6 5
104 67 29 3 5
104 68 21 10 5
104 76 43 2 5
104 82 30 1 5
104 85 41 2 5
104 87 23 0 5
104 94 21 0 5
105 8 15 0 5
105 15 18 0 5
105 18 36 1 5
105 30 26 0 5
105 34 33 0 5
105 52 29 0 5
105 53 27 0 5
105 59 32 0 5
105 60 25 3 5
105 68 30 4 5
105 76 36 4 5
105 82 29 0 5
105 87 20 0 5
105 88 28 0 5
105 94 16 1 5
102 105 33 0 5
104 105 25 1 5
107 8 13 0 5
107 15 16 0 5
107 30 24 0 5
107 34 31 0 5
107 37 42 6 5
107 52 27 0 5
107 53 25 0 5
107 59 30 0 5
107 60 29 0 5
107 67 30 0 5
107 68 34 1 5
107 70 37 1 5
107 76 38 2 5
107 82 27 0 5
107 87 18 0 5
107 88 26 0 5
107 94 14 1 5
102 107 31 0 5
104 107 23 1 5
105 107 18 2 5
109 35 52 13 5
109 42 55 12 5
109 63 49 19 5
111 8 35 1 5
111 22 58 6 5
111 25 57 7 5
111 60 43 5 5
105 111 42 2 5
112 8 24 0 5
112 18 43 2 5
112 30 33 1 5
112 52 36 1 5
112 56 42 11 5
112 60 28 6 5
112 68 31 8 5
112 82 38 0 5
112 94 23 2 5
104 112 28 4 5
105 112 17 8 5
107 112 25 3 5
113 8 21 0 5
113 15 24 0 5
113 18 42 1 5
113 20 44 2 5
113 34 33 3 5
113 53 31 1 5
113 82 35 0 5
113 88 26 4 5
104 113 33 0 5
105 113 30 0 5
107 113 28 0 5
109 113 44 8 5
114 8 22 0 5
114 15 25 0 5
114 18 37 4 5
114 53 34 0 5
114 60 30 4 5
114 67 35 2 5
114 68 29 8 5
114 76 37 7 5
114 82 36 0 5
114 94 23 1 5
104 114 18 8 5
105 114 19 6 5
107 114 19 5 5
112 114 22 9 5
118 15 35 1 5
118 30 41 2 5
118 70 50 5 5
118 85 55 3 5
102 118 46 3 5
119 30 53 4 5
119 42 62 11 5
119 88 47 8 5
119 96 56 12 5
120 20 64 10 5
120 97 65 11 5
122 8 18 0 5
122 15 21 0 5
122 18 33 4 5
122 22 43 4 5
122 30 29 0 5
122 52 28 2 5
122 53 28 1 5
122 56 48 5 5
122 59 33 1 5
122 60 22 6 5
122 67 33 1 5
122 68 31 5 5
122 76 41 3 5
122 82 32 0 5
122 85 41 2 5
122 87 23 0 5
122 94 21 0 5
104 122 20 5 5
105 122 25 1 5
107 122 25 0 5
111 122 41 4 5
112 122 30 3 5
114 122 28 3 5
123 8 25 0 5
123 35 40 9 5
123 41 42 2 5
123 42 39 10 5
123 53 29 4 5
123 63 49 9 5
123 88 36 1 5
123 97 47 4 5
104 123 35 1 5
107 123 26 3 5
112 123 41 1 5
113 123 38 1 5
114 123 35 3 5
109 124 58 21 5
123 124 62 9 5
125 4 52 28 5
125 50 39 15 5
125 59 39 11 5
125 99 51 23 5
111 125 61 7 5
126 29 69 14 5
127 8 5 1 5
127 15 10 0 5
127 25 35 3 5
127 30 18 0 5
127 34 23 1 5
127 41 26 1 5
127 50 26 3 5
127 52 19 1 5
127 53 17 1 5
127 56 41 3 5
127 59 22 1 5
127 60 21 1 5
127 65 46 3 5
127 67 22 1 5
127 68 28 1 5
127 82 21 0 5
127 87 10 1 5
127 88 18 1 5
127 94 10 0 5
102 127 23 1 5
104 127 19 0 5
105 127 16 0 5
107 127 14 0 5
112 127 25 0 5
113 127 22 0 5
114 127 23 0 5
122 127 19 0 5
123 127 26 0 5
128 15 49 2 5
128 34 56 6 5
102 128 44 12 5
118 128 64 7 5
129 41 52 5 5
129 48 67 11 5
