Res1 Res2 NSingle NDouble Method
15 8 8 0 5
18 20 34 5 5
24 25 37 8 5
24 28 28 13 5
30 8 14 0 5
10 30 34 5 5
15 33 34 3 5
34 8 17 1 5
15 34 19 1 5
28 37 35 11 5
20 40 33 10 5
29 41 37 6 5
35 41 36 4 5
29 42 35 11 5
35 42 30 11 5
41 42 32 5 5
15 46 28 2 5
24 46 28 14 5
48 5 38 14 5
41 48 39 6 5
23 49 41 20 5
24 49 35 14 5
28 49 33 13 5
50 8 21 1 5
25 50 30 7 5
34 50 28 4 5
52 8 12 1 5
22 52 29 5 5
28 52 26 5 5
30 52 20 1 5
47 52 37 10 5
50 52 25 3 5
53 8 13 1 5
29 53 32 6 5
35 53 29 5 5
41 53 23 3 5
42 53 21 8 5
52 53 21 1 5
59 8 16 1 5
24 59 28 8 5
29 59 31 8 5
46 59 26 8 5
50 59 25 5 5
52 59 22 2 5
60 8 15 1 5
5 60 32 7 5
18 60 27 4 5
22 60 28 7 5
25 60 30 4 5
50 60 26 4 5
53 60 22 2 5
56 60 32 7 5
59 60 21 4 5
35 63 21 18 5
42 63 35 10 5
53 63 32 5 5
58 63 31 23 5
34 65 38 7 5
67 8 18 1 5
41 67 30 2 5
53 67 23 3 5
60 67 27 2 5
68 8 18 1 5
18 68 26 6 5
60 68 19 6 5
67 68 22 6 5
69 7 30 35 5
30 70 27 2 5
40 70 34 8 5
41 70 31 3 5
17 72 35 15 5
28 72 31 11 5
52 72 27 6 5
59 72 21 11 5
22 75 51 19 5
21 77 51 27 5
70 77 45 14 5
56 80 33 17 5
8 82 14 0 5
67 82 14 7 5
74 84 36 26 5
67 85 24 6 5
82 85 20 5 5
34 86 40 5 5
8 87 7 1 5
15 87 11 0 5
24 87 25 5 5
25 87 26 2 5
28 87 23 4 5
36 87 25 5 5
46 87 25 4 5
49 87 28 6 5
52 87 15 1 5
53 87 16 1 5
59 87 19 1 5
60 87 18 1 5
67 87 19 2 5
68 87 17 3 5
5 88 31 6 5
8 88 12 1 5
25 88 29 3 5
30 88 18 2 5
46 88 30 4 5
49 88 35 5 5
52 88 20 1 5
53 88 19 2 5
87 88 15 1 5
8 94 9 0 5
15 94 11 0 5
34 94 20 1 5
37 94 32 3 5
41 94 19 2 5
68 94 19 2 5
70 94 20 3 5
73 94 32 3 5
76 94 27 2 5
87 94 12 0 5
15 96 31 2 5
88 96 31 5 5
8 97 23 1 5
10 97 41 7 5
30 97 25 4 5
87 97 24 2 5
17 99 39 19 5
100 53 34 6 5
100 70 36 9 5
102 15 20 1 5
102 20 32 4 5
102 34 25 4 5
102 85 28 4 5
102 94 21 1 5
104 8 14 0 5
104 18 20 6 5
104 34 25 1 5
104 60 17 4 5
104 67 22 3 5
104 68 16 6 5
104 82 20 1 5
105 8 12 0 5
105 15 14 0 5
105 60 17 3 5
105 68 18 4 5
105 82 20 0 5
105 94 13 1 5
104 105 18 1 5
107 8 9 0 5
107 15 11 0 5
107 30 17 0 5
107 52 17 0 5
107 53 18 0 5
107 68 21 1 5
107 76 25 3 5
107 82 17 0 5
107 87 12 0 5
107 94 8 2 5
104 107 15 1 5
105 107 11 2 5
109 63 33 14 5
111 25 35 6 5
112 30 24 1 5
112 60 21 4 5
112 68 20 6 5
112 76 26 7 5
112 94 15 3 5
104 112 18 4 5
105 112 12 6 5
107 112 15 3 5
113 34 24 2 5
113 53 22 1 5
113 88 17 3 5
107 113 18 0 5
109 113 31 6 5
114 18 22 6 5
114 60 19 4 5
114 67 24 3 5
114 68 18 6 5
114 76 24 7 5
114 94 17 1 5
104 114 12 6 5
105 114 12 5 5
107 114 13 3 5
112 114 14 7 5
118 70 34 4 5
102 118 33 3 5
119 88 36 7 5
119 96 39 15 5
120 20 40 11 5
120 97 41 10 5
122 8 14 0 5
122 18 20 6 5
122 22 29 5 5
122 52 18 2 5
122 53 21 1 5
122 60 15 5 5
122 67 24 2 5
122 68 18 5 5
122 85 24 3 5
104 122 12 5 5
105 122 18 1 5
107 122 17 0 5
111 122 28 3 5
112 122 22 2 5
114 122 16 4 5
123 35 27 9 5
123 41 27 4 5
123 42 23 10 5
123 53 20 5 5
123 94 22 1 5
105 123 25 1 5
107 123 18 3 5
114 123 25 3 5
109 124 24 25 5
125 46 32 11 5
125 50 29 9 5
125 59 18 12 5
125 72 31 12 5
118 126 38 10 5
127 8 5 1 5
127 15 9 0 5
127 25 22 3 5
127 30 15 0 5
127 34 18 1 5
127 41 17 2 5
127 45 32 3 5
127 50 18 3 5
127 52 13 1 5
127 53 14 1 5
127 56 30 3 5
127 59 17 1 5
127 60 16 1 5
127 67 19 1 5
127 68 19 1 5
127 82 15 0 5
127 87 8 1 5
127 88 13 1 5
127 94 10 0 5
102 127 19 1 5
104 127 15 0 5
105 127 13 0 5
107 127 10 0 5
113 127 16 0 5
122 127 15 0 5
113 129 30 3 5
123 129 32 5 5
