Res1 Res2 NSingle NDouble Method
1 103 49 20 5
1 104 46 7 5
1 107 45 5 5
1 114 44 9 5
105 2 65 7 5
102 3 48 9 5
105 3 48 5 5
107 3 49 3 5
112 3 48 8 5
3 85 54 7 5
3 86 33 25 5
3 94 49 3 5
125 4 33 20 5
4 59 35 13 5
4 87 44 4 5
48 5 38 14 5
104 5 33 5 5
122 5 33 5 5
5 60 32 7 5
5 68 31 9 5
5 87 32 3 5
5 88 31 6 5
69 7 30 35 5
105 7 44 7 5
107 7 45 5 5
112 7 46 9 5
114 7 46 8 5
7 73 39 21 5
15 8 8 0 5
30 8 14 0 5
34 8 17 1 5
50 8 21 1 5
52 8 12 1 5
53 8 13 1 5
59 8 16 1 5
60 8 15 1 5
61 8 3 0 5
67 8 18 1 5
68 8 18 1 5
104 8 14 0 5
105 8 12 0 5
107 8 9 0 5
122 8 14 0 5
127 8 5 1 5
8 82 14 0 5
8 87 7 1 5
8 88 12 1 5
8 94 9 0 5
8 97 23 1 5
46 9 60 20 5
49 9 61 23 5
59 9 64 12 5
10 30 34 5 5
10 76 44 7 5
10 94 35 2 5
10 97 41 7 5
10 107 33 3 5
10 112 38 5 5
11 73 46 21 5
107 12 49 5 5
12 50 49 12 5
12 127 51 3 5
13 8 45 3 5
127 13 46 3 5
13 30 45 7 5
13 52 47 6 5
13 72 50 13 5
114 14 51 8 5
122 14 51 7 5
14 18 49 13 5
15 8 8 0 5
102 15 20 1 5
105 15 14 0 5
107 15 11 0 5
127 15 9 0 5
15 33 34 3 5
15 34 19 1 5
15 46 28 2 5
15 61 5 0 5
15 87 11 0 5
15 94 11 0 5
15 96 31 2 5
104 16 42 9 5
105 16 42 8 5
107 16 47 4 5
112 16 46 9 5
114 16 40 11 5
16 68 36 15 5
17 8 38 1 5
15 17 38 2 5
122 17 42 3 5
125 17 38 13 5
127 17 39 1 5
17 24 36 15 5
17 46 42 11 5
17 52 40 4 5
17 59 28 12 5
17 60 37 7 5
17 72 35 15 5
17 99 39 19 5
104 18 20 6 5
105 18 28 1 5
112 18 30 3 5
114 18 22 6 5
122 18 20 6 5
18 20 34 5 5
18 52 28 2 5
18 60 27 4 5
18 61 21 0 5
18 67 32 3 5
18 68 26 6 5
18 87 25 1 5
19 50 47 9 5
19 65 49 16 5
20 8 26 0 5
18 20 34 5 5
102 20 32 4 5
113 20 31 2 5
120 20 40 11 5
127 20 27 0 5
20 30 32 1 5
20 40 33 10 5
20 53 33 1 5
20 61 23 0 5
20 87 27 1 5
20 88 32 1 5
118 21 50 12 5
21 30 53 5 5
21 40 54 14 5
21 41 55 7 5
21 77 51 27 5
22 5 42 9 5
22 8 27 2 5
104 22 35 2 5
105 22 33 2 5
122 22 29 5 5
127 22 30 1 5
22 52 29 5 5
22 53 32 4 5
22 60 28 7 5
22 61 28 0 5
22 72 40 8 5
22 75 51 19 5
22 88 35 2 5
23 28 40 16 5
23 46 42 16 5
23 49 41 20 5
23 87 43 5 5
24 8 30 1 5
107 24 33 1 5
127 24 31 1 5
24 25 37 8 5
24 28 28 13 5
24 46 28 14 5
24 49 35 14 5
24 52 32 4 5
24 59 28 8 5
24 61 29 0 5
24 68 32 7 5
24 87 25 5 5
24 94 31 2 5
25 8 25 1 5
24 25 37 8 5
105 25 29 2 5
111 25 35 6 5
127 25 22 3 5
25 50 30 7 5
25 56 36 10 5
25 60 30 4 5
25 68 31 5 5
25 87 26 2 5
25 88 29 3 5
121 26 49 36 5
26 30 61 7 5
26 88 61 7 5
15 27 36 2 5
105 27 38 3 5
107 27 35 3 5
27 42 44 8 5
27 73 45 11 5
28 8 26 1 5
24 28 28 13 5
122 28 32 2 5
125 28 34 9 5
28 37 35 11 5
28 49 33 13 5
28 52 26 5 5
28 59 30 5 5
28 61 25 0 5
28 67 34 4 5
28 68 34 4 5
28 72 31 11 5
28 87 23 4 5
29 8 33 1 5
15 29 35 1 5
109 29 41 11 5
113 29 38 3 5
123 29 36 7 5
125 29 45 7 5
127 29 34 1 5
29 35 43 8 5
29 41 37 6 5
29 42 35 11 5
29 53 32 6 5
29 59 31 8 5
29 61 32 0 5
29 82 35 4 5
30 8 14 0 5
10 30 34 5 5
15 30 16 0 5
107 30 17 0 5
112 30 24 1 5
127 30 15 0 5
30 52 20 1 5
30 61 11 0 5
30 70 27 2 5
30 87 17 0 5
30 88 18 2 5
30 94 17 0 5
30 97 25 4 5
125 31 49 24 5
31 59 59 13 5
32 50 56 19 5
32 56 60 23 5
15 33 34 3 5
112 33 38 6 5
114 33 36 6 5
33 46 40 11 5
33 56 43 12 5
33 59 36 7 5
34 8 17 1 5
15 34 19 1 5
102 34 25 4 5
104 34 25 1 5
113 34 24 2 5
127 34 18 1 5
34 50 28 4 5
34 61 16 0 5
34 65 38 7 5
34 86 40 5 5
34 94 20 1 5
35 8 30 0 5
15 35 32 0 5
30 35 34 2 5
123 35 27 9 5
127 35 31 0 5
35 41 36 4 5
35 42 30 11 5
35 53 29 5 5
35 61 27 0 5
35 63 21 18 5
36 8 30 1 5
28 36 38 8 5
127 36 29 2 5
36 46 38 9 5
36 59 34 5 5
36 61 29 0 5
36 68 36 5 5
36 87 25 5 5
28 37 35 11 5
104 37 37 3 5
105 37 35 3 5
107 37 30 4 5
112 37 37 5 5
114 37 37 4 5
127 37 32 2 5
37 50 36 8 5
37 52 37 3 5
37 68 35 7 5
37 87 30 4 5
37 94 32 3 5
23 38 62 27 5
104 39 47 6 5
122 39 47 6 5
39 68 51 7 5
40 8 33 0 5
18 40 39 6 5
20 40 33 10 5
100 40 42 11 5
102 40 37 5 5
127 40 34 0 5
40 41 39 4 5
40 61 30 0 5
40 70 34 8 5
40 85 39 5 5
40 87 34 1 5
40 88 37 2 5
40 94 32 2 5
41 8 20 0 5
29 41 37 6 5
35 41 36 4 5
123 41 27 4 5
127 41 17 2 5
41 42 32 5 5
41 48 39 6 5
41 50 31 3 5
41 53 23 3 5
41 61 17 0 5
41 67 30 2 5
41 70 31 3 5
41 94 19 2 5
42 8 26 1 5
15 42 28 1 5
29 42 35 11 5
35 42 30 11 5
41 42 32 5 5
109 42 36 10 5
123 42 23 10 5
127 42 27 1 5
42 53 21 8 5
42 61 25 0 5
42 63 35 10 5
42 87 29 1 5
42 88 30 3 5
113 44 53 7 5
44 88 52 7 5
45 8 35 1 5
37 45 36 15 5
105 45 35 4 5
113 45 40 3 5
127 45 32 3 5
45 50 38 8 5
45 87 32 4 5
45 88 39 3 5
46 8 28 1 5
15 46 28 2 5
24 46 28 14 5
28 46 36 8 5
125 46 32 11 5
127 46 29 1 5
46 59 26 8 5
46 61 27 0 5
46 87 25 4 5
46 88 30 4 5
47 8 43 3 5
104 47 41 8 5
105 47 43 6 5
107 47 48 2 5
112 47 37 12 5
114 47 43 8 5
122 47 43 7 5
47 52 37 10 5
47 60 40 10 5
47 68 41 11 5
47 94 46 3 5
48 5 38 14 5
48 8 35 1 5
18 48 39 8 5
41 48 39 6 5
104 48 33 6 5
105 48 39 2 5
114 48 37 5 5
122 48 33 6 5
127 48 36 1 5
129 48 44 7 5
48 53 38 4 5
48 60 36 6 5
48 68 35 8 5
48 88 37 4 5
49 8 35 1 5
23 49 41 20 5
24 49 35 14 5
28 49 33 13 5
46 49 35 13 5
127 49 36 1 5
49 59 39 5 5
49 87 28 6 5
49 88 35 5 5
50 8 21 1 5
25 50 30 7 5
34 50 28 4 5
104 50 27 2 5
125 50 29 9 5
127 50 18 3 5
50 52 25 3 5
50 59 25 5 5
50 60 26 4 5
50 61 20 0 5
50 87 24 1 5
18 51 49 7 5
103 51 54 14 5
104 51 43 5 5
112 51 43 7 5
114 51 45 5 5
51 67 41 9 5
51 76 47 10 5
51 82 37 8 5
51 85 47 7 5
52 8 12 1 5
15 52 16 0 5
22 52 29 5 5
28 52 26 5 5
30 52 20 1 5
47 52 37 10 5
50 52 25 3 5
107 52 17 0 5
122 52 18 2 5
127 52 13 1 5
52 53 21 1 5
52 59 22 2 5
52 61 11 0 5
52 72 27 6 5
52 87 15 1 5
52 88 20 1 5
52 94 17 0 5
53 8 13 1 5
15 53 17 0 5
29 53 32 6 5
35 53 29 5 5
41 53 23 3 5
42 53 21 8 5
52 53 21 1 5
100 53 34 6 5
105 53 21 0 5
107 53 18 0 5
113 53 22 1 5
122 53 21 1 5
123 53 20 5 5
127 53 14 1 5
53 60 22 2 5
53 61 12 0 5
53 63 32 5 5
53 67 23 3 5
53 87 16 1 5
53 88 19 2 5
53 94 18 0 5
125 54 71 23 5
14 55 55 35 5
56 8 33 1 5
18 56 35 9 5
50 56 38 7 5
52 56 37 3 5
104 56 31 6 5
105 56 29 6 5
107 56 34 2 5
112 56 27 10 5
114 56 27 9 5
122 56 33 5 5
127 56 30 3 5
56 60 32 7 5
56 61 32 0 5
56 68 29 10 5
56 76 35 11 5
56 80 33 17 5
56 87 36 1 5
56 94 36 1 5
20 58 48 11 5
53 58 49 5 5
100 58 39 21 5
123 58 47 9 5
127 58 49 1 5
58 63 31 23 5
59 8 16 1 5
15 59 20 0 5
24 59 28 8 5
29 59 31 8 5
46 59 26 8 5
50 59 25 5 5
52 59 22 2 5
53 59 25 1 5
107 59 21 0 5
122 59 24 1 5
125 59 18 12 5
127 59 17 1 5
59 60 21 4 5
59 61 15 0 5
59 72 21 11 5
59 87 19 1 5
59 88 24 1 5
59 94 21 0 5
60 8 15 1 5
5 60 32 7 5
18 60 27 4 5
22 60 28 7 5
25 60 30 4 5
50 60 26 4 5
52 60 23 1 5
53 60 22 2 5
56 60 32 7 5
59 60 21 4 5
104 60 17 4 5
105 60 17 3 5
112 60 21 4 5
114 60 19 4 5
122 60 15 5 5
127 60 16 1 5
60 61 14 0 5
60 67 27 2 5
60 68 19 6 5
60 87 18 1 5
60 88 23 1 5
25 62 44 9 5
46 62 45 10 5
56 62 48 11 5
63 8 33 0 5
35 63 21 18 5
42 63 35 10 5
53 63 32 5 5
58 63 31 23 5
61 63 30 0 5
109 63 33 14 5
123 63 32 8 5
127 63 34 0 5
63 88 39 1 5
63 94 34 1 5
64 81 44 40 5
65 8 37 1 5
34 65 38 7 5
45 65 40 15 5
50 65 36 10 5
107 65 36 3 5
127 65 34 3 5
67 8 18 1 5
41 67 30 2 5
53 67 23 3 5
60 67 27 2 5
61 67 17 0 5
104 67 22 3 5
114 67 24 3 5
122 67 24 2 5
127 67 19 1 5
67 68 22 6 5
67 82 14 7 5
67 85 24 6 5
67 87 19 2 5
68 8 18 1 5
15 68 22 0 5
18 68 26 6 5
52 68 26 1 5
53 68 27 1 5
60 68 19 6 5
61 68 17 0 5
67 68 22 6 5
104 68 16 6 5
105 68 18 4 5
107 68 21 1 5
112 68 20 6 5
114 68 18 6 5
122 68 18 5 5
127 68 19 1 5
68 87 17 3 5
68 88 26 1 5
68 94 19 2 5
69 7 30 35 5
52 69 48 7 5
107 69 47 5 5
112 69 50 8 5
114 69 50 7 5
69 73 37 23 5
70 8 23 0 5
15 70 25 0 5
30 70 27 2 5
40 70 34 8 5
41 70 31 3 5
61 70 20 0 5
100 70 36 9 5
104 70 29 1 5
105 70 27 1 5
107 70 22 2 5
114 70 29 2 5
118 70 34 4 5
123 70 34 2 5
127 70 24 0 5
70 77 45 14 5
70 94 20 3 5
68 71 51 7 5
105 71 41 8 5
107 71 46 4 5
112 71 41 11 5
72 8 27 2 5
17 72 35 15 5
28 72 31 11 5
52 72 27 6 5
59 72 21 11 5
60 72 34 4 5
61 72 28 0 5
122 72 35 2 5
125 72 31 12 5
127 72 30 1 5
72 87 32 1 5
73 8 33 1 5
15 73 33 2 5
61 73 32 0 5
68 73 35 7 5
104 73 37 3 5
105 73 25 8 5
107 73 26 6 5
112 73 29 9 5
114 73 29 8 5
123 73 40 5 5
127 73 34 1 5
73 87 36 1 5
73 94 32 3 5
15 74 43 3 5
17 74 39 21 5
52 74 43 6 5
59 74 35 12 5
72 74 34 19 5
74 84 36 26 5
22 75 51 19 5
127 75 59 3 5
76 8 28 0 5
15 76 30 0 5
18 76 34 6 5
41 76 36 3 5
52 76 30 3 5
53 76 33 2 5
61 76 25 0 5
67 76 34 4 5
68 76 32 5 5
104 76 30 3 5
105 76 26 4 5
107 76 25 3 5
112 76 26 7 5
114 76 24 7 5
122 76 30 3 5
127 76 29 0 5
76 82 32 2 5
76 94 27 2 5
21 77 51 27 5
30 77 50 7 5
70 77 45 14 5
127 77 51 3 5
20 78 44 10 5
61 78 41 0 5
78 82 40 6 5
78 87 45 1 5
50 79 41 14 5
59 79 50 7 5
127 79 47 3 5
79 87 45 5 5
15 80 38 1 5
18 80 40 8 5
56 80 33 17 5
60 80 39 5 5
68 80 32 10 5
76 80 34 13 5
104 80 36 5 5
105 80 32 6 5
107 80 35 3 5
112 80 32 9 5
114 80 30 9 5
122 80 34 6 5
127 80 37 1 5
80 94 37 2 5
8 81 52 1 5
50 81 43 14 5
68 81 38 15 5
104 81 46 8 5
105 81 46 7 5
107 81 49 4 5
112 81 42 12 5
114 81 40 12 5
127 81 49 3 5
81 87 47 5 5
8 82 14 0 5
15 82 16 0 5
30 82 22 0 5
52 82 22 0 5
53 82 23 0 5
61 82 11 0 5
67 82 14 7 5
104 82 20 1 5
105 82 20 0 5
107 82 17 0 5
113 82 23 0 5
114 82 24 0 5
122 82 22 0 5
127 82 15 0 5
82 85 20 5 5
82 87 17 0 5
82 88 22 0 5
82 94 17 0 5
30 83 64 8 5
17 84 47 17 5
52 84 41 7 5
59 84 39 10 5
60 84 42 8 5
72 84 36 18 5
74 84 36 26 5
122 84 45 5 5
8 85 22 0 5
15 85 24 0 5
18 85 34 3 5
52 85 28 1 5
61 85 19 0 5
67 85 24 6 5
68 85 32 2 5
82 85 20 5 5
102 85 28 4 5
104 85 26 2 5
107 85 25 0 5
114 85 28 2 5
122 85 24 3 5
127 85 23 0 5
85 87 25 0 5
85 94 25 0 5
8 86 35 1 5
15 86 39 0 5
34 86 40 5 5
61 86 34 0 5
102 86 39 6 5
104 86 37 4 5
105 86 33 5 5
107 86 30 5 5
112 86 31 9 5
114 86 33 7 5
127 86 38 0 5
86 94 32 4 5
8 87 7 1 5
15 87 11 0 5
24 87 25 5 5
25 87 26 2 5
28 87 23 4 5
36 87 25 5 5
46 87 25 4 5
49 87 28 6 5
52 87 15 1 5
53 87 16 1 5
59 87 19 1 5
60 87 18 1 5
61 87 6 0 5
67 87 19 2 5
68 87 17 3 5
107 87 12 0 5
127 87 8 1 5
87 88 15 1 5
87 94 12 0 5
87 97 24 2 5
5 88 31 6 5
8 88 12 1 5
25 88 29 3 5
30 88 18 2 5
46 88 30 4 5
49 88 35 5 5
52 88 20 1 5
53 88 19 2 5
61 88 11 0 5
87 88 15 1 5
113 88 17 3 5
119 88 36 7 5
127 88 13 1 5
88 96 31 5 5
15 89 45 2 5
28 89 45 12 5
46 89 37 17 5
52 89 43 6 5
59 89 35 12 5
72 89 34 19 5
125 89 43 14 5
8 90 46 1 5
35 90 42 15 5
42 90 46 12 5
53 90 45 6 5
63 90 47 14 5
102 90 48 7 5
123 90 49 7 5
35 92 51 15 5
41 92 57 7 5
42 92 49 15 5
100 92 50 19 5
123 92 56 8 5
92 94 54 3 5
8 94 9 0 5
15 94 11 0 5
34 94 20 1 5
37 94 32 3 5
41 94 19 2 5
61 94 6 0 5
68 94 19 2 5
70 94 20 3 5
73 94 32 3 5
76 94 27 2 5
87 94 12 0 5
102 94 21 1 5
105 94 13 1 5
107 94 8 2 5
112 94 15 3 5
114 94 17 1 5
123 94 22 1 5
127 94 10 0 5
15 95 53 3 5
35 95 43 19 5
42 95 45 17 5
53 95 54 6 5
124 95 41 28 5
8 96 31 1 5
15 96 31 2 5
30 96 35 3 5
87 96 34 1 5
88 96 31 5 5
94 96 34 1 5
100 96 42 11 5
119 96 39 15 5
127 96 32 1 5
8 97 23 1 5
10 97 41 7 5
30 97 25 4 5
63 97 34 9 5
87 97 24 2 5
88 97 29 2 5
120 97 41 10 5
127 97 24 1 5
17 99 39 19 5
24 99 39 15 5
28 99 43 11 5
50 99 42 9 5
61 99 40 0 5
87 99 40 3 5
125 99 33 17 5
100 8 37 0 5
100 35 35 13 5
100 41 41 5 5
100 53 34 6 5
100 61 34 0 5
100 63 38 13 5
100 70 36 9 5
100 94 36 2 5
100 123 36 8 5
102 8 20 0 5
102 15 20 1 5
102 20 32 4 5
102 34 25 4 5
102 61 17 0 5
102 85 28 4 5
102 87 23 0 5
102 94 21 1 5
102 105 26 0 5
102 107 23 0 5
102 118 33 3 5
102 127 19 1 5
103 18 37 12 5
103 52 45 3 5
103 60 38 8 5
103 61 40 0 5
103 68 37 10 5
103 94 42 2 5
103 104 35 8 5
103 105 37 6 5
103 107 36 5 5
103 112 31 12 5
103 114 33 10 5
103 122 37 7 5
104 8 14 0 5
104 15 16 0 5
104 18 20 6 5
104 34 25 1 5
104 60 17 4 5
104 61 11 0 5
104 67 22 3 5
104 68 16 6 5
104 82 20 1 5
104 87 17 0 5
104 94 17 0 5
104 105 18 1 5
104 107 15 1 5
104 112 18 4 5
104 114 12 6 5
104 122 12 5 5
104 127 15 0 5
105 8 12 0 5
105 15 14 0 5
105 30 20 0 5
105 52 20 0 5
105 60 17 3 5
105 61 9 0 5
105 68 18 4 5
105 82 20 0 5
105 87 15 0 5
105 88 20 0 5
105 94 13 1 5
104 105 18 1 5
105 107 11 2 5
105 112 12 6 5
105 114 12 5 5
105 122 18 1 5
105 123 25 1 5
105 127 13 0 5
107 8 9 0 5
107 15 11 0 5
107 30 17 0 5
107 52 17 0 5
107 53 18 0 5
107 61 6 0 5
107 68 21 1 5
107 76 25 3 5
107 82 17 0 5
107 87 12 0 5
107 88 17 0 5
107 94 8 2 5
104 107 15 1 5
105 107 11 2 5
107 112 15 3 5
107 113 18 0 5
107 114 13 3 5
107 122 17 0 5
107 123 18 3 5
107 127 10 0 5
108 18 63 14 5
109 8 34 0 5
109 35 32 13 5
109 53 35 4 5
109 61 31 0 5
109 63 33 14 5
109 88 38 2 5
109 113 31 6 5
109 123 33 8 5
109 124 24 25 5
109 127 35 0 5
110 53 57 7 5
110 113 55 8 5
110 123 63 7 5
110 124 46 28 5
111 8 24 1 5
111 25 35 6 5
111 34 33 3 5
111 60 31 3 5
111 61 23 0 5
111 65 45 7 5
111 68 34 3 5
104 111 30 2 5
105 111 28 2 5
111 112 32 3 5
111 122 28 3 5
111 127 27 0 5
112 8 18 0 5
112 15 20 0 5
112 30 24 1 5
112 52 24 1 5
112 60 21 4 5
112 61 15 0 5
112 68 20 6 5
112 76 26 7 5
112 87 21 0 5
112 94 15 3 5
104 112 18 4 5
105 112 12 6 5
107 112 15 3 5
112 114 14 7 5
112 122 22 2 5
112 127 19 0 5
113 8 15 0 5
113 15 17 0 5
113 34 24 2 5
113 53 22 1 5
113 61 12 0 5
113 87 18 0 5
113 88 17 3 5
113 94 18 0 5
105 113 21 0 5
107 113 18 0 5
109 113 31 6 5
113 127 16 0 5
113 129 30 3 5
114 8 16 0 5
114 15 18 0 5
114 18 22 6 5
114 60 19 4 5
114 61 13 0 5
114 67 24 3 5
114 68 18 6 5
114 76 24 7 5
114 87 19 0 5
114 94 17 1 5
104 114 12 6 5
105 114 12 5 5
107 114 13 3 5
112 114 14 7 5
114 122 16 4 5
114 123 25 3 5
114 127 17 0 5
113 115 72 11 5
115 129 68 19 5
100 116 52 24 5
117 49 54 15 5
118 8 25 0 5
118 15 25 1 5
118 30 29 2 5
118 61 22 0 5
118 70 34 4 5
118 82 31 1 5
118 87 28 0 5
118 94 28 0 5
102 118 33 3 5
107 118 28 0 5
118 126 38 10 5
118 127 26 0 5
119 8 40 1 5
119 15 42 1 5
119 30 40 5 5
119 35 42 12 5
119 42 40 12 5
119 53 41 5 5
119 63 41 14 5
119 88 36 7 5
119 96 39 15 5
119 127 41 1 5
120 20 40 11 5
120 53 41 5 5
120 63 45 12 5
120 70 41 9 5
120 87 43 1 5
120 97 41 10 5
121 30 58 5 5
121 63 43 22 5
121 123 53 11 5
122 8 14 0 5
122 15 16 0 5
122 18 20 6 5
122 22 29 5 5
122 52 18 2 5
122 53 21 1 5
122 60 15 5 5
122 61 11 0 5
122 67 24 2 5
122 68 18 5 5
122 85 24 3 5
122 87 17 0 5
122 94 17 0 5
104 122 12 5 5
105 122 18 1 5
107 122 17 0 5
111 122 28 3 5
112 122 22 2 5
114 122 16 4 5
122 127 15 0 5
123 8 21 0 5
123 15 23 0 5
123 35 27 9 5
123 41 27 4 5
123 42 23 10 5
123 53 20 5 5
123 61 18 0 5
123 87 24 0 5
123 88 27 1 5
123 94 22 1 5
104 123 27 1 5
105 123 25 1 5
107 123 18 3 5
112 123 29 2 5
113 123 28 1 5
114 123 25 3 5
123 127 22 0 5
123 129 32 5 5
124 30 50 2 5
124 53 43 6 5
124 61 43 0 5
124 82 50 2 5
124 88 50 2 5
109 124 24 25 5
113 124 43 6 5
123 124 41 10 5
125 8 28 1 5
125 15 32 0 5
125 46 32 11 5
125 50 29 9 5
125 52 34 2 5
125 59 18 12 5
125 60 37 2 5
125 61 27 0 5
125 72 31 12 5
125 87 33 0 5
125 94 33 0 5
107 125 33 0 5
125 127 31 0 5
126 8 39 0 5
126 15 39 1 5
126 53 46 1 5
126 61 36 0 5
126 82 41 3 5
126 87 42 0 5
126 88 45 1 5
126 94 42 0 5
102 126 39 7 5
107 126 42 0 5
113 126 44 2 5
118 126 38 10 5
126 127 40 0 5
127 8 5 1 5
127 15 9 0 5
127 25 22 3 5
127 30 15 0 5
127 34 18 1 5
127 41 17 2 5
127 45 32 3 5
127 50 18 3 5
127 52 13 1 5
127 53 14 1 5
127 56 30 3 5
127 59 17 1 5
127 60 16 1 5
127 61 4 0 5
127 67 19 1 5
127 68 19 1 5
127 82 15 0 5
127 87 8 1 5
127 88 13 1 5
127 94 10 0 5
102 127 19 1 5
104 127 15 0 5
105 127 13 0 5
107 127 10 0 5
113 127 16 0 5
122 127 15 0 5
128 8 41 0 5
128 15 39 2 5
128 41 45 5 5
128 61 38 0 5
128 85 43 7 5
128 87 44 0 5
128 94 42 1 5
102 128 27 14 5
107 128 44 0 5
127 128 40 1 5
129 8 27 0 5
129 41 35 3 5
129 61 24 0 5
129 94 28 1 5
105 129 31 1 5
107 129 26 2 5
113 129 30 3 5
114 129 33 2 5
123 129 32 5 5
127 129 28 0 5
125 130 61 19 5
