Res1 Res2 NSingle NDouble Method
17 8 8 0 4
17 20 18 2 4
26 8 17 1 4
12 39 32 7 4
41 8 4 0 4
17 41 8 0 4
43 45 20 5 4
16 47 20 5 4
45 50 20 8 4
53 8 3 0 4
16 53 11 1 4
17 53 7 0 4
26 53 16 1 4
41 53 3 0 4
24 56 26 5 4
53 56 20 1 4
12 63 32 12 4
24 64 20 3 4
41 64 11 1 4
16 65 20 4 4
46 65 24 8 4
47 65 24 5 4
56 65 27 5 4
64 67 20 3 4
41 77 11 0 4
43 77 16 4 4
45 77 16 4 4
8 82 12 1 4
16 82 18 3 4
17 82 16 1 4
35 83 30 7 4
8 85 5 0 4
17 85 9 0 4
41 85 5 0 4
53 85 4 0 4
67 85 14 2 4
8 87 5 0 4
17 87 9 0 4
41 87 5 0 4
53 87 4 0 4
65 87 15 2 4
69 87 17 2 4
85 87 4 1 4
8 88 5 0 4
17 88 9 0 4
41 88 5 0 4
53 88 4 0 4
85 88 6 0 4
87 88 6 0 4
17 91 12 1 4
20 91 20 2 4
41 91 10 0 4
53 91 9 0 4
56 91 19 5 4
69 91 20 3 4
70 91 17 3 4
88 91 11 0 4
70 93 19 4 4
91 93 16 2 4
8 94 9 1 4
35 94 20 2 4
41 94 11 0 4
76 94 23 5 4
82 94 15 3 4
102 41 10 1 4
102 64 17 2 4
102 88 11 1 4
106 41 11 2 4
106 85 12 2 4
102 106 15 4 4
111 41 9 2 4
111 64 18 2 4
111 68 21 5 4
111 88 10 2 4
102 111 15 3 4
108 111 22 4 4
113 8 15 1 4
102 115 16 5 4
111 115 21 3 4
116 64 21 3 4
116 85 15 2 4
102 116 16 5 4
111 116 15 6 4
118 8 5 0 4
118 16 11 2 4
118 17 9 0 4
118 41 5 0 4
118 53 4 0 4
118 77 8 2 4
118 85 6 0 4
118 87 6 0 4
118 88 6 0 4
118 91 11 0 4
112 122 40 7 4
123 7 22 3 4
123 8 7 1 4
123 26 16 4 4
123 41 9 0 4
123 53 8 0 4
123 65 19 2 4
123 77 12 2 4
123 85 10 0 4
123 88 10 0 4
123 94 14 1 4
113 123 16 3 4
118 123 10 0 4
126 70 21 5 4
126 75 18 9 4
126 91 20 2 4
128 16 18 2 4
128 41 12 0 4
128 82 12 5 4
113 128 21 2 4
