Res1 Res2 NSingle NDouble Method
1 8 36 0 4
1 15 34 0 4
1 30 34 0 4
1 41 36 0 4
1 53 35 0 4
1 61 34 0 4
1 127 34 0 4
1 131 0 34 4
1 138 36 0 4
1 145 34 0 4
1 160 34 0 4
1 171 36 0 4
1 183 35 0 4
1 191 34 0 4
15 2 23 0 4
118 2 22 2 4
127 2 23 0 4
132 2 0 23 4
138 2 25 0 4
145 2 23 0 4
160 2 23 0 4
171 2 25 0 4
173 2 26 6 4
183 2 24 0 4
191 2 23 0 4
2 8 25 0 4
2 30 23 0 4
2 41 25 0 4
2 43 26 6 4
2 53 24 0 4
2 61 23 0 4
2 77 24 4 4
2 85 26 0 4
2 87 26 0 4
2 88 24 1 4
15 3 30 0 4
16 3 30 6 4
127 3 30 0 4
133 3 0 30 4
138 3 32 0 4
145 3 30 0 4
146 3 30 6 4
160 3 30 0 4
171 3 32 0 4
183 3 31 0 4
191 3 30 0 4
3 8 32 0 4
3 30 30 0 4
3 41 32 0 4
3 53 31 0 4
3 61 30 0 4
3 77 33 3 4
15 4 21 0 4
30 4 21 0 4
118 4 24 0 4
127 4 21 0 4
134 4 0 21 4
138 4 23 0 4
145 4 21 0 4
160 4 21 0 4
171 4 23 0 4
183 4 22 0 4
191 4 21 0 4
4 8 23 0 4
4 41 23 0 4
4 53 22 0 4
4 61 21 0 4
4 70 24 6 4
4 85 24 0 4
4 87 24 0 4
4 88 24 0 4
4 91 27 1 4
4 93 25 4 4
135 5 0 60 4
15 6 24 0 4
17 6 24 3 4
30 6 24 0 4
41 6 22 2 4
53 6 25 0 4
102 6 22 6 4
106 6 23 7 4
116 6 22 9 4
118 6 27 0 4
127 6 24 0 4
136 6 0 24 4
138 6 26 0 4
145 6 24 0 4
147 6 24 3 4
160 6 24 0 4
171 6 22 2 4
183 6 25 0 4
191 6 24 0 4
6 8 26 0 4
6 61 24 0 4
6 85 25 1 4
6 87 27 0 4
6 88 25 1 4
15 7 21 0 4
30 7 21 0 4
41 7 21 1 4
53 7 22 0 4
61 7 21 0 4
64 7 26 3 4
111 7 26 3 4
115 7 23 7 4
123 7 22 3 4
127 7 21 0 4
137 7 0 21 4
138 7 21 1 4
145 7 21 0 4
160 7 21 0 4
171 7 21 1 4
183 7 22 0 4
191 7 21 0 4
194 7 26 3 4
7 8 21 1 4
15 8 2 0 4
16 8 14 0 4
17 8 8 0 4
26 8 17 1 4
30 8 2 0 4
41 8 4 0 4
53 8 3 0 4
61 8 2 0 4
64 8 13 0 4
77 8 11 0 4
102 8 12 0 4
111 8 13 0 4
113 8 15 1 4
118 8 5 0 4
123 8 7 1 4
127 8 2 0 4
128 8 12 0 4
138 8 0 2 4
145 8 2 0 4
146 8 14 0 4
147 8 8 0 4
156 8 17 1 4
160 8 2 0 4
171 8 4 0 4
183 8 3 0 4
191 8 2 0 4
194 8 13 0 4
8 82 12 1 4
8 85 5 0 4
8 87 5 0 4
8 88 5 0 4
8 91 10 0 4
8 93 14 0 4
8 94 9 1 4
139 9 0 54 4
10 140 0 45 4
11 8 20 0 4
106 11 19 6 4
11 15 18 0 4
11 30 18 0 4
11 41 20 0 4
11 53 19 0 4
11 61 18 0 4
11 85 17 2 4
11 87 21 0 4
11 88 17 2 4
11 118 21 0 4
11 123 23 1 4
11 127 18 0 4
11 138 20 0 4
11 141 0 18 4
11 145 18 0 4
11 160 18 0 4
11 171 20 0 4
11 183 19 0 4
11 191 18 0 4
12 8 24 0 4
113 12 27 5 4
118 12 25 0 4
12 15 22 0 4
12 30 22 0 4
12 41 24 0 4
12 53 23 0 4
12 61 22 0 4
12 85 25 0 4
12 87 25 0 4
12 88 25 0 4
12 123 27 1 4
12 127 22 0 4
12 138 24 0 4
12 142 0 22 4
12 145 22 0 4
12 160 22 0 4
12 171 24 0 4
12 183 23 0 4
12 191 22 0 4
118 13 30 3 4
13 17 33 3 4
13 77 34 4 4
13 143 0 33 4
13 147 33 3 4
14 144 0 38 4
16 8 14 0 4
15 16 12 0 4
118 16 11 2 4
123 16 17 1 4
127 16 12 0 4
128 16 18 2 4
138 16 14 0 4
145 16 12 0 4
146 16 0 12 4
147 16 18 0 4
16 17 18 0 4
16 30 12 0 4
16 41 14 0 4
16 47 20 5 4
16 53 11 1 4
16 61 12 0 4
16 77 19 1 4
16 82 18 3 4
16 85 15 0 4
16 87 15 0 4
16 88 15 0 4
16 160 12 0 4
16 171 14 0 4
16 177 20 5 4
16 183 11 1 4
16 191 12 0 4
17 8 8 0 4
15 17 6 0 4
102 17 16 0 4
111 17 17 0 4
118 17 9 0 4
123 17 13 0 4
127 17 6 0 4
128 17 16 0 4
138 17 8 0 4
145 17 6 0 4
147 17 0 6 4
160 17 6 0 4
17 30 6 0 4
17 41 8 0 4
17 53 7 0 4
17 61 6 0 4
17 64 17 0 4
17 77 15 0 4
17 82 16 1 4
17 85 9 0 4
17 87 9 0 4
17 88 9 0 4
17 91 12 1 4
17 94 15 0 4
17 171 8 0 4
17 183 7 0 4
17 191 6 0 4
17 194 17 0 4
148 18 0 39 4
149 19 0 45 4
20 8 18 0 4
15 20 16 0 4
17 20 18 2 4
118 20 19 0 4
123 20 23 0 4
127 20 16 0 4
138 20 18 0 4
145 20 16 0 4
147 20 18 2 4
150 20 0 16 4
160 20 16 0 4
171 20 18 0 4
183 20 17 0 4
191 20 16 0 4
20 30 16 0 4
20 41 18 0 4
20 53 17 0 4
20 61 16 0 4
20 85 19 0 4
20 87 19 0 4
20 88 19 0 4
151 21 0 77 4
15 22 43 0 4
127 22 43 0 4
145 22 43 0 4
152 22 0 43 4
160 22 43 0 4
191 22 43 0 4
22 30 43 0 4
22 61 43 0 4
23 8 30 0 4
15 23 28 0 4
102 23 26 6 4
127 23 28 0 4
138 23 30 0 4
145 23 28 0 4
153 23 0 28 4
160 23 28 0 4
171 23 28 1 4
183 23 29 0 4
191 23 28 0 4
23 30 28 0 4
23 41 28 1 4
23 53 29 0 4
23 61 28 0 4
23 85 27 2 4
23 87 25 3 4
23 88 27 2 4
24 8 17 0 4
15 24 15 0 4
17 24 21 0 4
115 24 23 4 4
116 24 23 4 4
118 24 18 0 4
123 24 20 1 4
127 24 15 0 4
138 24 17 0 4
145 24 15 0 4
147 24 21 0 4
154 24 0 15 4
160 24 15 0 4
171 24 15 1 4
183 24 16 0 4
191 24 15 0 4
194 24 20 3 4
24 30 15 0 4
24 41 15 1 4
24 53 16 0 4
24 61 15 0 4
24 64 20 3 4
24 85 16 1 4
24 87 18 0 4
24 88 18 0 4
24 91 21 1 4
15 25 34 0 4
127 25 34 0 4
145 25 34 0 4
155 25 0 34 4
160 25 34 0 4
191 25 34 0 4
25 30 34 0 4
25 61 34 0 4
26 8 17 1 4
15 26 17 0 4
16 26 21 4 4
118 26 16 2 4
123 26 16 4 4
127 26 17 0 4
138 26 17 1 4
145 26 17 0 4
146 26 21 4 4
156 26 0 17 4
160 26 17 0 4
171 26 19 0 4
175 26 24 4 4
183 26 16 1 4
191 26 17 0 4
195 26 25 4 4
26 30 17 0 4
26 41 19 0 4
26 45 24 4 4
26 53 16 1 4
26 61 17 0 4
26 65 25 4 4
26 77 20 3 4
26 85 20 0 4
26 87 20 0 4
26 88 20 0 4
27 8 23 0 4
15 27 21 0 4
102 27 25 3 4
111 27 26 3 4
116 27 23 7 4
118 27 24 0 4
127 27 21 0 4
138 27 23 0 4
145 27 21 0 4
157 27 0 21 4
160 27 21 0 4
171 27 21 1 4
183 27 22 0 4
191 27 21 0 4
27 30 21 0 4
27 41 21 1 4
27 53 22 0 4
27 61 21 0 4
27 85 24 0 4
27 87 24 0 4
27 88 22 1 4
27 93 23 5 4
158 28 0 43 4
29 8 31 0 4
15 29 29 0 4
127 29 29 0 4
138 29 31 0 4
145 29 29 0 4
159 29 0 29 4
160 29 29 0 4
171 29 31 0 4
183 29 30 0 4
191 29 29 0 4
29 30 29 0 4
29 41 31 0 4
29 53 30 0 4
29 61 29 0 4
31 8 37 1 4
15 31 37 0 4
17 31 37 3 4
30 31 37 0 4
113 31 38 7 4
127 31 37 0 4
138 31 37 1 4
145 31 37 0 4
147 31 37 3 4
160 31 37 0 4
161 31 0 37 4
171 31 39 0 4
183 31 38 0 4
191 31 37 0 4
31 41 39 0 4
31 53 38 0 4
31 61 37 0 4
162 32 0 44 4
15 33 31 0 4
30 33 31 0 4
127 33 31 0 4
145 33 31 0 4
160 33 31 0 4
163 33 0 31 4
183 33 32 0 4
191 33 31 0 4
33 53 32 0 4
33 61 31 0 4
33 82 35 4 4
33 88 32 1 4
164 34 0 43 4
35 8 17 0 4
15 35 15 0 4
17 35 21 0 4
30 35 15 0 4
118 35 18 0 4
123 35 22 0 4
127 35 15 0 4
138 35 17 0 4
145 35 15 0 4
147 35 21 0 4
160 35 15 0 4
165 35 0 15 4
171 35 17 0 4
183 35 16 0 4
191 35 15 0 4
194 35 24 1 4
35 41 17 0 4
35 53 16 0 4
35 61 15 0 4
35 64 24 1 4
35 85 18 0 4
35 87 18 0 4
35 88 18 0 4
35 94 20 2 4
15 36 34 0 4
30 36 34 0 4
127 36 34 0 4
145 36 34 0 4
160 36 34 0 4
166 36 0 34 4
191 36 34 0 4
36 61 34 0 4
167 37 0 57 4
37 87 54 3 4
168 38 0 38 4
16 39 30 3 4
123 39 25 3 4
146 39 30 3 4
169 39 0 24 4
171 39 24 1 4
183 39 23 1 4
39 41 24 1 4
39 53 23 1 4
40 8 30 0 4
15 40 28 0 4
17 40 28 3 4
30 40 28 0 4
127 40 28 0 4
128 40 30 4 4
138 40 30 0 4
145 40 28 0 4
147 40 28 3 4
160 40 28 0 4
170 40 0 28 4
171 40 30 0 4
183 40 29 0 4
191 40 28 0 4
40 41 30 0 4
40 53 29 0 4
40 61 28 0 4
40 82 28 6 4
41 8 4 0 4
15 41 2 0 4
16 41 14 0 4
17 41 8 0 4
24 41 15 1 4
30 41 2 0 4
102 41 10 1 4
106 41 11 2 4
111 41 9 2 4
118 41 5 0 4
123 41 9 0 4
127 41 2 0 4
128 41 12 0 4
138 41 4 0 4
145 41 2 0 4
146 41 14 0 4
147 41 8 0 4
154 41 15 1 4
160 41 2 0 4
171 41 0 2 4
183 41 3 0 4
191 41 2 0 4
194 41 11 1 4
41 53 3 0 4
41 61 2 0 4
41 64 11 1 4
41 77 11 0 4
41 82 14 0 4
41 85 5 0 4
41 87 5 0 4
41 88 5 0 4
41 91 10 0 4
41 93 14 0 4
41 94 11 0 4
42 8 27 1 4
15 42 27 0 4
30 42 27 0 4
127 42 27 0 4
138 42 27 1 4
145 42 27 0 4
160 42 27 0 4
172 42 0 27 4
191 42 27 0 4
42 61 27 0 4
42 77 28 4 4
43 8 17 0 4
15 43 15 0 4
30 43 15 0 4
41 43 17 0 4
118 43 14 2 4
127 43 15 0 4
138 43 17 0 4
145 43 15 0 4
160 43 15 0 4
171 43 17 0 4
173 43 0 15 4
175 43 20 5 4
183 43 16 0 4
191 43 15 0 4
43 45 20 5 4
43 53 16 0 4
43 61 15 0 4
43 77 16 4 4
43 85 16 1 4
43 87 18 0 4
43 88 16 1 4
174 44 0 63 4
45 8 17 0 4
15 45 15 0 4
17 45 21 0 4
30 45 15 0 4
41 45 17 0 4
102 45 19 3 4
106 45 22 3 4
118 45 14 2 4
123 45 20 1 4
127 45 15 0 4
138 45 17 0 4
145 45 15 0 4
147 45 21 0 4
160 45 15 0 4
171 45 17 0 4
175 45 0 15 4
180 45 20 8 4
183 45 16 0 4
191 45 15 0 4
45 50 20 8 4
45 53 16 0 4
45 61 15 0 4
45 77 16 4 4
45 85 18 0 4
45 87 18 0 4
45 88 16 1 4
46 8 26 0 4
15 46 24 0 4
30 46 24 0 4
41 46 26 0 4
118 46 25 1 4
126 46 22 9 4
127 46 24 0 4
138 46 26 0 4
145 46 24 0 4
160 46 24 0 4
171 46 26 0 4
176 46 0 24 4
183 46 23 1 4
191 46 24 0 4
195 46 24 8 4
46 53 23 1 4
46 61 24 0 4
46 65 24 8 4
46 85 27 0 4
46 87 25 1 4
46 88 27 0 4
46 91 26 3 4
47 8 20 0 4
15 47 18 0 4
16 47 20 5 4
30 47 18 0 4
41 47 20 0 4
118 47 17 2 4
127 47 18 0 4
138 47 20 0 4
145 47 18 0 4
146 47 20 5 4
160 47 18 0 4
171 47 20 0 4
177 47 0 18 4
183 47 19 0 4
191 47 18 0 4
47 53 19 0 4
47 61 18 0 4
47 85 21 0 4
47 87 21 0 4
47 88 21 0 4
15 48 30 0 4
16 48 28 7 4
30 48 30 0 4
47 48 22 13 4
118 48 31 1 4
127 48 30 0 4
145 48 30 0 4
146 48 28 7 4
160 48 30 0 4
177 48 22 13 4
178 48 0 30 4
183 48 29 1 4
191 48 30 0 4
48 53 29 1 4
48 61 30 0 4
48 85 31 1 4
48 87 27 3 4
179 49 0 46 4
50 8 23 0 4
15 50 21 0 4
30 50 21 0 4
41 50 23 0 4
45 50 20 8 4
127 50 21 0 4
138 50 23 0 4
145 50 21 0 4
160 50 21 0 4
171 50 23 0 4
175 50 20 8 4
180 50 0 21 4
183 50 22 0 4
191 50 21 0 4
50 53 22 0 4
50 61 21 0 4
50 77 24 3 4
50 85 24 0 4
181 51 0 47 4
182 52 0 59 4
53 8 3 0 4
15 53 1 0 4
16 53 11 1 4
17 53 7 0 4
26 53 16 1 4
30 53 1 0 4
41 53 3 0 4
102 53 11 0 4
106 53 14 0 4
111 53 12 0 4
118 53 4 0 4
123 53 8 0 4
127 53 1 0 4
128 53 11 0 4
138 53 3 0 4
145 53 1 0 4
146 53 11 1 4
147 53 7 0 4
156 53 16 1 4
160 53 1 0 4
171 53 3 0 4
183 53 0 1 4
186 53 20 1 4
191 53 1 0 4
194 53 12 0 4
53 56 20 1 4
53 61 1 0 4
53 64 12 0 4
53 77 10 0 4
53 82 13 0 4
53 85 4 0 4
53 87 4 0 4
53 88 4 0 4
53 91 9 0 4
53 93 13 0 4
53 94 10 0 4
184 54 0 42 4
15 55 22 0 4
30 55 22 0 4
53 55 23 0 4
127 55 22 0 4
145 55 22 0 4
160 55 22 0 4
183 55 23 0 4
185 55 0 22 4
191 55 22 0 4
55 61 22 0 4
55 87 23 1 4
55 93 26 4 4
56 8 23 0 4
15 56 21 0 4
30 56 21 0 4
41 56 23 0 4
53 56 20 1 4
118 56 24 0 4
127 56 21 0 4
138 56 23 0 4
145 56 21 0 4
160 56 21 0 4
171 56 23 0 4
183 56 20 1 4
186 56 0 21 4
191 56 21 0 4
56 61 21 0 4
56 85 22 1 4
56 87 22 1 4
56 88 24 0 4
56 91 19 5 4
57 8 27 1 4
43 57 30 6 4
106 57 28 6 4
116 57 31 6 4
138 57 27 1 4
173 57 30 6 4
187 57 0 27 4
57 77 28 4 4
58 8 40 0 4
15 58 38 0 4
30 58 38 0 4
41 58 38 1 4
53 58 39 0 4
127 58 38 0 4
138 58 40 0 4
145 58 38 0 4
160 58 38 0 4
171 58 38 1 4
183 58 39 0 4
188 58 0 38 4
191 58 38 0 4
58 61 38 0 4
58 85 35 3 4
15 59 33 0 4
30 59 33 0 4
53 59 34 0 4
126 59 29 10 4
127 59 33 0 4
145 59 33 0 4
160 59 33 0 4
183 59 34 0 4
189 59 0 33 4
191 59 33 0 4
59 61 33 0 4
59 69 25 13 4
60 8 19 0 4
15 60 17 0 4
17 60 23 0 4
30 60 17 0 4
41 60 19 0 4
53 60 18 0 4
118 60 20 0 4
127 60 17 0 4
138 60 19 0 4
145 60 17 0 4
147 60 23 0 4
160 60 17 0 4
171 60 19 0 4
183 60 18 0 4
190 60 0 17 4
191 60 17 0 4
60 61 17 0 4
60 85 20 0 4
60 87 20 0 4
60 88 20 0 4
62 8 23 0 4
4 62 22 10 4
15 62 21 0 4
30 62 21 0 4
41 62 23 0 4
53 62 22 0 4
61 62 21 0 4
118 62 20 2 4
127 62 21 0 4
134 62 22 10 4
138 62 23 0 4
145 62 21 0 4
160 62 21 0 4
171 62 23 0 4
183 62 22 0 4
191 62 21 0 4
192 62 0 21 4
62 85 24 0 4
62 87 24 0 4
62 88 24 0 4
63 8 36 0 4
12 63 32 12 4
15 63 34 0 4
30 63 34 0 4
41 63 36 0 4
53 63 35 0 4
61 63 34 0 4
127 63 34 0 4
138 63 36 0 4
142 63 32 12 4
145 63 34 0 4
160 63 34 0 4
171 63 36 0 4
183 63 35 0 4
191 63 34 0 4
193 63 0 34 4
64 8 13 0 4
15 64 11 0 4
17 64 17 0 4
24 64 20 3 4
30 64 11 0 4
41 64 11 1 4
53 64 12 0 4
61 64 11 0 4
116 64 21 3 4
118 64 14 0 4
123 64 16 1 4
127 64 11 0 4
138 64 13 0 4
145 64 11 0 4
147 64 17 0 4
154 64 20 3 4
160 64 11 0 4
171 64 11 1 4
183 64 12 0 4
191 64 11 0 4
194 64 0 11 4
64 67 20 3 4
64 85 14 0 4
64 87 14 0 4
64 88 14 0 4
64 91 19 0 4
65 8 18 0 4
15 65 16 0 4
16 65 20 4 4
30 65 16 0 4
41 65 18 0 4
45 65 23 4 4
53 65 17 0 4
61 65 16 0 4
118 65 19 0 4
127 65 16 0 4
138 65 18 0 4
145 65 16 0 4
146 65 20 4 4
160 65 16 0 4
171 65 18 0 4
175 65 23 4 4
183 65 17 0 4
191 65 16 0 4
195 65 0 16 4
65 85 17 1 4
65 87 15 2 4
65 88 19 0 4
41 66 31 1 4
171 66 31 1 4
66 85 32 1 4
66 87 28 3 4
67 8 17 0 4
11 67 25 4 4
15 67 15 0 4
30 67 15 0 4
41 67 17 0 4
53 67 16 0 4
61 67 15 0 4
64 67 20 3 4
118 67 18 0 4
127 67 15 0 4
138 67 17 0 4
141 67 25 4 4
145 67 15 0 4
160 67 15 0 4
171 67 17 0 4
183 67 16 0 4
191 67 15 0 4
194 67 20 3 4
67 70 24 3 4
67 85 14 2 4
67 87 18 0 4
67 88 18 0 4
68 7 29 6 4
68 8 22 0 4
15 68 20 0 4
24 68 29 3 4
30 68 20 0 4
41 68 20 1 4
53 68 21 0 4
61 68 20 0 4
64 68 25 3 4
111 68 21 5 4
116 68 28 4 4
127 68 20 0 4
137 68 29 6 4
138 68 22 0 4
145 68 20 0 4
154 68 29 3 4
160 68 20 0 4
171 68 20 1 4
183 68 21 0 4
191 68 20 0 4
194 68 25 3 4
69 8 20 0 4
15 69 18 0 4
30 69 18 0 4
41 69 20 0 4
53 69 19 0 4
61 69 18 0 4
118 69 21 0 4
126 69 22 6 4
127 69 18 0 4
138 69 20 0 4
145 69 18 0 4
160 69 18 0 4
171 69 20 0 4
183 69 19 0 4
191 69 18 0 4
69 70 21 6 4
69 77 25 1 4
69 85 19 1 4
69 87 17 2 4
69 88 21 0 4
69 91 20 3 4
70 8 17 0 4
15 70 15 0 4
30 70 15 0 4
41 70 17 0 4
53 70 16 0 4
61 70 15 0 4
69 70 21 6 4
106 70 22 3 4
118 70 18 0 4
127 70 15 0 4
138 70 17 0 4
145 70 15 0 4
160 70 15 0 4
171 70 17 0 4
183 70 16 0 4
191 70 15 0 4
70 85 18 0 4
70 87 16 1 4
70 88 18 0 4
70 91 17 3 4
70 93 19 4 4
112 71 37 6 4
72 8 31 0 4
15 72 29 0 4
30 72 29 0 4
41 72 29 1 4
53 72 30 0 4
61 72 29 0 4
106 72 28 7 4
127 72 29 0 4
138 72 31 0 4
145 72 29 0 4
160 72 29 0 4
171 72 29 1 4
183 72 30 0 4
191 72 29 0 4
72 87 32 0 4
72 88 26 3 4
69 73 24 12 4
125 73 30 15 4
73 91 32 3 4
75 8 22 0 4
15 75 20 0 4
30 75 20 0 4
41 75 22 0 4
53 75 21 0 4
61 75 20 0 4
126 75 18 9 4
127 75 20 0 4
138 75 22 0 4
145 75 20 0 4
160 75 20 0 4
171 75 22 0 4
183 75 21 0 4
191 75 20 0 4
75 85 21 1 4
75 87 21 1 4
75 88 21 1 4
75 93 24 4 4
76 8 24 1 4
15 76 24 0 4
30 76 24 0 4
61 76 24 0 4
117 76 48 13 4
119 76 40 9 4
127 76 24 0 4
138 76 24 1 4
145 76 24 0 4
160 76 24 0 4
191 76 24 0 4
76 82 30 3 4
76 91 24 4 4
76 94 23 5 4
77 8 11 0 4
15 77 9 0 4
17 77 15 0 4
26 77 20 3 4
30 77 9 0 4
41 77 11 0 4
43 77 16 4 4
45 77 16 4 4
53 77 10 0 4
61 77 9 0 4
118 77 8 2 4
123 77 12 2 4
127 77 9 0 4
138 77 11 0 4
145 77 9 0 4
147 77 15 0 4
156 77 20 3 4
160 77 9 0 4
171 77 11 0 4
173 77 16 4 4
175 77 16 4 4
183 77 10 0 4
191 77 9 0 4
77 85 12 0 4
77 87 12 0 4
77 88 12 0 4
77 91 17 0 4
77 94 18 0 4
79 8 25 1 4
11 79 31 6 4
15 79 25 0 4
30 79 25 0 4
41 79 27 0 4
53 79 26 0 4
61 79 25 0 4
106 79 26 6 4
127 79 25 0 4
138 79 25 1 4
141 79 31 6 4
145 79 25 0 4
160 79 25 0 4
171 79 27 0 4
183 79 26 0 4
191 79 25 0 4
79 85 24 2 4
79 88 24 2 4
8 80 24 0 4
11 80 22 9 4
15 80 22 0 4
30 80 22 0 4
41 80 24 0 4
53 80 23 0 4
61 80 22 0 4
69 80 20 10 4
102 80 26 3 4
106 80 23 6 4
118 80 25 0 4
127 80 22 0 4
138 80 24 0 4
141 80 22 9 4
145 80 22 0 4
160 80 22 0 4
171 80 24 0 4
183 80 23 0 4
191 80 22 0 4
80 85 23 1 4
80 87 19 3 4
80 88 21 2 4
15 81 25 0 4
17 81 25 3 4
30 81 25 0 4
53 81 26 0 4
61 81 25 0 4
102 81 27 4 4
106 81 28 5 4
108 81 28 8 4
111 81 28 4 4
116 81 27 7 4
127 81 25 0 4
128 81 29 3 4
145 81 25 0 4
147 81 25 3 4
160 81 25 0 4
183 81 26 0 4
191 81 25 0 4
81 85 26 1 4
81 88 24 2 4
8 82 12 1 4
15 82 12 0 4
16 82 18 3 4
17 82 16 1 4
30 82 12 0 4
41 82 14 0 4
53 82 13 0 4
61 82 12 0 4
118 82 15 0 4
123 82 17 1 4
127 82 12 0 4
128 82 12 5 4
138 82 12 1 4
145 82 12 0 4
146 82 18 3 4
147 82 16 1 4
160 82 12 0 4
171 82 14 0 4
183 82 13 0 4
191 82 12 0 4
82 85 15 0 4
82 87 15 0 4
82 88 15 0 4
82 91 20 0 4
82 94 15 3 4
15 83 29 0 4
26 83 34 6 4
30 83 29 0 4
35 83 30 7 4
53 83 30 0 4
61 83 29 0 4
119 83 41 11 4
127 83 29 0 4
145 83 29 0 4
156 83 34 6 4
160 83 29 0 4
165 83 30 7 4
183 83 30 0 4
191 83 29 0 4
83 94 32 3 4
8 85 5 0 4
15 85 3 0 4
16 85 15 0 4
17 85 9 0 4
30 85 3 0 4
41 85 5 0 4
53 85 4 0 4
61 85 3 0 4
64 85 14 0 4
67 85 14 2 4
77 85 12 0 4
82 85 15 0 4
102 85 13 0 4
106 85 12 2 4
111 85 14 0 4
118 85 6 0 4
123 85 10 0 4
127 85 3 0 4
128 85 13 0 4
138 85 5 0 4
145 85 3 0 4
146 85 15 0 4
147 85 9 0 4
160 85 3 0 4
171 85 5 0 4
183 85 4 0 4
191 85 3 0 4
194 85 14 0 4
85 87 4 1 4
85 88 6 0 4
85 91 11 0 4
85 93 15 0 4
85 94 12 0 4
8 87 5 0 4
15 87 3 0 4
17 87 9 0 4
30 87 3 0 4
41 87 5 0 4
53 87 4 0 4
61 87 3 0 4
64 87 14 0 4
65 87 15 2 4
69 87 17 2 4
77 87 12 0 4
80 87 19 3 4
85 87 4 1 4
102 87 13 0 4
111 87 14 0 4
118 87 6 0 4
123 87 10 0 4
127 87 3 0 4
128 87 13 0 4
138 87 5 0 4
145 87 3 0 4
147 87 9 0 4
160 87 3 0 4
171 87 5 0 4
183 87 4 0 4
191 87 3 0 4
194 87 14 0 4
195 87 15 2 4
87 88 6 0 4
87 91 11 0 4
87 94 12 0 4
8 88 5 0 4
15 88 3 0 4
17 88 9 0 4
30 88 3 0 4
41 88 5 0 4
53 88 4 0 4
61 88 3 0 4
64 88 14 0 4
77 88 12 0 4
85 88 6 0 4
87 88 6 0 4
102 88 11 1 4
106 88 14 1 4
111 88 10 2 4
118 88 6 0 4
123 88 10 0 4
127 88 3 0 4
128 88 13 0 4
138 88 5 0 4
145 88 3 0 4
147 88 9 0 4
160 88 3 0 4
171 88 5 0 4
183 88 4 0 4
191 88 3 0 4
194 88 14 0 4
88 91 11 0 4
88 94 12 0 4
8 89 25 0 4
15 89 23 0 4
17 89 29 0 4
30 89 23 0 4
41 89 23 1 4
53 89 24 0 4
61 89 23 0 4
85 89 26 0 4
87 89 26 0 4
88 89 20 3 4
102 89 25 4 4
118 89 26 0 4
127 89 23 0 4
138 89 25 0 4
145 89 23 0 4
147 89 29 0 4
160 89 23 0 4
171 89 23 1 4
183 89 24 0 4
191 89 23 0 4
8 91 10 0 4
15 91 8 0 4
17 91 12 1 4
30 91 8 0 4
41 91 10 0 4
53 91 9 0 4
56 91 19 5 4
61 91 8 0 4
69 91 20 3 4
70 91 17 3 4
76 91 24 4 4
85 91 11 0 4
87 91 11 0 4
88 91 11 0 4
118 91 11 0 4
123 91 15 0 4
127 91 8 0 4
138 91 10 0 4
145 91 8 0 4
147 91 12 1 4
160 91 8 0 4
171 91 10 0 4
183 91 9 0 4
186 91 19 5 4
191 91 8 0 4
91 93 16 2 4
55 92 33 9 4
70 92 30 7 4
87 92 30 1 4
126 92 33 6 4
185 92 33 9 4
4 93 25 4 4
8 93 14 0 4
15 93 12 0 4
17 93 18 0 4
30 93 12 0 4
41 93 14 0 4
53 93 13 0 4
61 93 12 0 4
70 93 19 4 4
75 93 24 4 4
85 93 15 0 4
87 93 15 0 4
88 93 15 0 4
91 93 16 2 4
118 93 15 0 4
123 93 19 0 4
126 93 22 3 4
127 93 12 0 4
134 93 25 4 4
138 93 14 0 4
145 93 12 0 4
147 93 18 0 4
160 93 12 0 4
171 93 14 0 4
183 93 13 0 4
191 93 12 0 4
8 94 9 1 4
15 94 9 0 4
17 94 15 0 4
30 94 9 0 4
41 94 11 0 4
53 94 10 0 4
61 94 9 0 4
76 94 23 5 4
82 94 15 3 4
85 94 12 0 4
87 94 12 0 4
88 94 12 0 4
91 94 17 0 4
118 94 12 0 4
123 94 14 1 4
127 94 9 0 4
138 94 9 1 4
145 94 9 0 4
147 94 15 0 4
160 94 9 0 4
171 94 11 0 4
183 94 10 0 4
191 94 9 0 4
8 95 21 0 4
15 95 19 0 4
30 95 19 0 4
35 95 28 3 4
41 95 21 0 4
53 95 20 0 4
61 95 19 0 4
85 95 22 0 4
87 95 22 0 4
88 95 22 0 4
118 95 22 0 4
127 95 19 0 4
138 95 21 0 4
145 95 19 0 4
160 95 19 0 4
165 95 28 3 4
171 95 21 0 4
183 95 20 0 4
191 95 19 0 4
8 96 34 1 4
91 96 36 3 4
113 96 31 9 4
138 96 34 1 4
35 97 43 7 4
165 97 43 7 4
8 98 42 0 4
15 98 40 0 4
30 98 40 0 4
41 98 42 0 4
53 98 41 0 4
61 98 40 0 4
94 98 43 3 4
127 98 40 0 4
138 98 42 0 4
145 98 40 0 4
160 98 40 0 4
171 98 42 0 4
183 98 41 0 4
191 98 40 0 4
100 15 39 0 4
100 30 39 0 4
100 61 39 0 4
100 127 39 0 4
100 145 39 0 4
100 160 39 0 4
100 191 39 0 4
101 8 31 1 4
101 15 31 0 4
101 20 35 6 4
101 30 31 0 4
101 53 32 0 4
101 61 31 0 4
101 82 31 6 4
101 113 34 6 4
101 123 32 3 4
101 127 31 0 4
101 128 31 5 4
101 138 31 1 4
101 145 31 0 4
101 150 35 6 4
101 160 31 0 4
101 183 32 0 4
101 191 31 0 4
102 8 12 0 4
102 15 10 0 4
102 17 16 0 4
102 30 10 0 4
102 41 10 1 4
102 53 11 0 4
102 61 10 0 4
102 77 19 0 4
102 85 13 0 4
102 87 13 0 4
102 88 11 1 4
102 91 18 0 4
102 94 19 0 4
102 106 15 4 4
102 111 15 3 4
102 115 16 5 4
102 116 16 5 4
102 118 13 0 4
102 123 17 0 4
102 127 10 0 4
102 128 20 0 4
102 138 12 0 4
102 145 10 0 4
102 147 16 0 4
102 160 10 0 4
102 171 10 1 4
102 183 11 0 4
102 191 10 0 4
105 15 29 0 4
105 30 29 0 4
105 48 23 18 4
105 53 30 0 4
105 61 29 0 4
105 85 30 1 4
105 123 30 3 4
105 127 29 0 4
105 145 29 0 4
105 160 29 0 4
105 178 23 18 4
105 183 30 0 4
105 191 29 0 4
106 8 15 0 4
106 15 13 0 4
106 17 19 0 4
106 30 13 0 4
106 41 11 2 4
106 53 14 0 4
106 61 13 0 4
106 85 12 2 4
106 87 16 0 4
106 88 14 1 4
106 91 21 0 4
102 106 15 4 4
106 116 13 8 4
106 118 16 0 4
106 123 20 0 4
106 127 13 0 4
106 128 21 1 4
106 138 15 0 4
106 145 13 0 4
106 147 19 0 4
106 160 13 0 4
106 171 11 2 4
106 183 14 0 4
106 191 13 0 4
108 8 21 0 4
108 11 25 6 4
108 15 19 0 4
108 30 19 0 4
108 41 21 0 4
108 53 20 0 4
108 61 19 0 4
108 85 22 0 4
108 87 22 0 4
108 88 18 2 4
102 108 21 4 4
106 108 22 5 4
108 111 22 4 4
108 115 23 6 4
108 116 21 7 4
108 118 22 0 4
108 127 19 0 4
108 138 21 0 4
108 141 25 6 4
108 145 19 0 4
108 160 19 0 4
108 171 21 0 4
108 183 20 0 4
108 191 19 0 4
109 15 40 0 4
109 30 40 0 4
109 53 41 0 4
109 61 40 0 4
109 94 41 4 4
109 122 45 16 4
109 127 40 0 4
109 145 40 0 4
109 160 40 0 4
109 183 41 0 4
109 191 40 0 4
111 8 13 0 4
111 15 11 0 4
111 17 17 0 4
111 30 11 0 4
111 41 9 2 4
111 53 12 0 4
111 61 11 0 4
111 68 21 5 4
111 85 14 0 4
111 87 14 0 4
111 88 10 2 4
102 111 15 3 4
108 111 22 4 4
111 115 21 3 4
111 116 15 6 4
111 118 14 0 4
111 123 18 0 4
111 127 11 0 4
111 138 13 0 4
111 145 11 0 4
111 147 17 0 4
111 160 11 0 4
111 171 9 2 4
111 183 12 0 4
111 191 11 0 4
112 8 19 0 4
112 15 17 0 4
112 17 23 0 4
112 26 28 3 4
112 30 17 0 4
112 41 19 0 4
112 53 18 0 4
112 61 17 0 4
112 71 37 6 4
112 85 20 0 4
112 87 20 0 4
112 88 20 0 4
108 112 30 3 4
112 118 20 0 4
112 127 17 0 4
112 138 19 0 4
112 145 17 0 4
112 147 23 0 4
112 156 28 3 4
112 160 17 0 4
112 171 19 0 4
112 183 18 0 4
112 191 17 0 4
113 8 15 1 4
113 15 15 0 4
113 17 21 0 4
113 30 15 0 4
113 41 17 0 4
113 53 16 0 4
113 61 15 0 4
113 85 18 0 4
113 87 18 0 4
113 88 18 0 4
113 118 18 0 4
113 123 16 3 4
113 127 15 0 4
113 138 15 1 4
113 145 15 0 4
113 147 21 0 4
113 160 15 0 4
113 171 17 0 4
113 183 16 0 4
113 191 15 0 4
114 15 43 0 4
114 30 43 0 4
114 31 44 18 4
114 53 44 0 4
114 61 43 0 4
114 127 43 0 4
114 128 43 5 4
114 145 43 0 4
114 160 43 0 4
114 161 44 18 4
114 183 44 0 4
114 191 43 0 4
115 8 18 0 4
115 15 16 0 4
115 17 22 0 4
115 30 16 0 4
115 41 14 2 4
115 53 17 0 4
115 61 16 0 4
115 85 17 1 4
115 87 19 0 4
115 88 17 1 4
115 91 24 0 4
102 115 16 5 4
106 115 15 7 4
111 115 21 3 4
115 116 16 8 4
115 118 19 0 4
115 123 23 0 4
115 127 16 0 4
115 138 18 0 4
115 145 16 0 4
115 147 22 0 4
115 160 16 0 4
115 171 14 2 4
115 183 17 0 4
115 191 16 0 4
116 8 18 0 4
116 15 16 0 4
116 17 22 0 4
116 30 16 0 4
116 41 14 2 4
116 53 17 0 4
116 61 16 0 4
116 64 21 3 4
116 85 15 2 4
116 87 19 0 4
116 88 17 1 4
102 116 16 5 4
106 116 13 8 4
111 116 15 6 4
115 116 16 8 4
116 118 19 0 4
116 123 23 0 4
116 127 16 0 4
116 138 18 0 4
116 145 16 0 4
116 147 22 0 4
116 160 16 0 4
116 171 14 2 4
116 183 17 0 4
116 191 16 0 4
116 194 21 3 4
117 76 48 13 4
118 8 5 0 4
118 15 3 0 4
118 16 11 2 4
118 17 9 0 4
118 30 3 0 4
118 41 5 0 4
118 53 4 0 4
118 61 3 0 4
118 64 14 0 4
118 77 8 2 4
118 82 15 0 4
118 85 6 0 4
118 87 6 0 4
118 88 6 0 4
118 91 11 0 4
118 93 15 0 4
118 94 12 0 4
102 118 13 0 4
111 118 14 0 4
118 123 10 0 4
118 127 3 0 4
118 128 13 0 4
118 138 5 0 4
118 145 3 0 4
118 146 11 2 4
118 147 9 0 4
118 160 3 0 4
118 171 5 0 4
118 183 4 0 4
118 191 3 0 4
118 194 14 0 4
119 15 34 0 4
119 30 34 0 4
119 35 35 7 4
119 53 35 0 4
119 61 34 0 4
119 127 34 0 4
119 145 34 0 4
119 160 34 0 4
119 165 35 7 4
119 183 35 0 4
119 191 34 0 4
121 4 24 8 4
121 8 21 0 4
121 15 19 0 4
121 17 25 0 4
121 30 19 0 4
121 41 21 0 4
121 53 20 0 4
121 61 19 0 4
121 85 22 0 4
121 87 22 0 4
121 88 22 0 4
121 91 25 1 4
118 121 22 0 4
121 126 23 6 4
121 127 19 0 4
121 134 24 8 4
121 138 21 0 4
121 145 19 0 4
121 147 25 0 4
121 160 19 0 4
121 171 21 0 4
121 183 20 0 4
121 191 19 0 4
122 8 39 0 4
122 15 37 0 4
122 30 37 0 4
122 41 39 0 4
122 53 38 0 4
122 61 37 0 4
122 85 40 0 4
122 87 40 0 4
122 88 40 0 4
118 122 40 0 4
122 127 37 0 4
122 138 39 0 4
122 145 37 0 4
122 160 37 0 4
122 171 39 0 4
122 183 38 0 4
122 191 37 0 4
123 7 22 3 4
123 8 7 1 4
123 15 7 0 4
123 16 17 1 4
123 17 13 0 4
123 26 16 4 4
123 30 7 0 4
123 41 9 0 4
123 53 8 0 4
123 61 7 0 4
123 64 16 1 4
123 77 12 2 4
123 82 17 1 4
123 85 10 0 4
123 87 10 0 4
123 88 10 0 4
123 94 14 1 4
113 123 16 3 4
118 123 10 0 4
123 127 7 0 4
123 137 22 3 4
123 138 7 1 4
123 145 7 0 4
123 146 17 1 4
123 147 13 0 4
123 156 16 4 4
123 160 7 0 4
123 171 9 0 4
123 183 8 0 4
123 191 7 0 4
123 194 16 1 4
125 8 32 0 4
125 15 30 0 4
125 30 30 0 4
125 41 30 1 4
125 53 31 0 4
125 61 30 0 4
125 87 33 0 4
125 88 31 1 4
118 125 33 0 4
125 126 26 10 4
125 127 30 0 4
125 138 32 0 4
125 145 30 0 4
125 160 30 0 4
125 171 30 1 4
125 183 31 0 4
125 191 30 0 4
126 8 18 0 4
126 15 16 0 4
126 17 22 0 4
126 30 16 0 4
126 41 18 0 4
126 53 17 0 4
126 61 16 0 4
126 69 22 6 4
126 70 21 5 4
126 75 18 9 4
126 85 19 0 4
126 87 17 1 4
126 88 19 0 4
126 93 22 3 4
118 126 19 0 4
126 127 16 0 4
126 138 18 0 4
126 145 16 0 4
126 147 22 0 4
126 160 16 0 4
126 171 18 0 4
126 183 17 0 4
126 191 16 0 4
128 8 12 0 4
128 15 10 0 4
128 17 16 0 4
128 30 10 0 4
128 41 12 0 4
128 53 11 0 4
128 61 10 0 4
128 77 19 0 4
128 82 12 5 4
128 85 13 0 4
128 87 13 0 4
128 88 13 0 4
128 91 18 0 4
128 93 20 1 4
128 94 19 0 4
102 128 20 0 4
106 128 21 1 4
118 128 13 0 4
123 128 17 0 4
127 128 10 0 4
128 138 12 0 4
128 145 10 0 4
128 147 16 0 4
128 160 10 0 4
128 171 12 0 4
128 183 11 0 4
128 191 10 0 4
129 8 18 0 4
129 15 16 0 4
129 30 16 0 4
129 41 18 0 4
129 53 17 0 4
129 61 16 0 4
129 85 17 1 4
129 87 19 0 4
129 88 17 1 4
11 129 28 3 4
118 129 19 0 4
127 129 16 0 4
129 138 18 0 4
129 141 28 3 4
129 145 16 0 4
129 160 16 0 4
129 171 18 0 4
129 183 17 0 4
129 191 16 0 4
130 8 25 1 4
130 94 28 3 4
126 130 27 7 4
130 138 25 1 4
131 8 36 0 4
131 15 34 0 4
131 30 34 0 4
131 41 36 0 4
131 53 35 0 4
131 61 34 0 4
131 94 37 3 4
1 131 0 34 4
127 131 34 0 4
131 138 36 0 4
131 145 34 0 4
131 160 34 0 4
131 171 36 0 4
131 183 35 0 4
131 191 34 0 4
132 2 0 23 4
132 8 25 0 4
132 15 23 0 4
132 17 29 0 4
132 30 23 0 4
132 41 25 0 4
132 43 26 6 4
132 53 24 0 4
132 61 23 0 4
132 77 24 4 4
132 85 26 0 4
132 87 26 0 4
132 88 24 1 4
118 132 22 2 4
127 132 23 0 4
132 138 25 0 4
132 145 23 0 4
132 147 29 0 4
132 160 23 0 4
132 171 25 0 4
132 173 26 6 4
132 183 24 0 4
132 191 23 0 4
133 3 0 30 4
133 8 32 0 4
133 15 30 0 4
133 16 30 6 4
133 30 30 0 4
133 41 32 0 4
133 53 31 0 4
133 61 30 0 4
127 133 30 0 4
133 138 32 0 4
133 145 30 0 4
133 146 30 6 4
133 160 30 0 4
133 171 32 0 4
133 183 31 0 4
133 191 30 0 4
134 4 0 21 4
134 8 23 0 4
134 15 21 0 4
134 30 21 0 4
134 41 23 0 4
134 53 22 0 4
134 61 21 0 4
134 85 24 0 4
134 87 24 0 4
134 88 24 0 4
134 93 25 4 4
118 134 24 0 4
127 134 21 0 4
134 138 23 0 4
134 145 21 0 4
134 160 21 0 4
134 171 23 0 4
134 183 22 0 4
134 191 21 0 4
135 5 0 60 4
136 6 0 24 4
136 8 26 0 4
136 15 24 0 4
136 17 24 3 4
136 30 24 0 4
136 41 22 2 4
136 53 25 0 4
136 61 24 0 4
136 85 25 1 4
136 87 27 0 4
136 88 25 1 4
102 136 22 6 4
106 136 23 7 4
111 136 27 4 4
118 136 27 0 4
127 136 24 0 4
136 138 26 0 4
136 145 24 0 4
136 147 24 3 4
136 160 24 0 4
136 171 22 2 4
136 183 25 0 4
136 191 24 0 4
137 7 0 21 4
137 8 21 1 4
137 15 21 0 4
137 17 25 1 4
137 30 21 0 4
137 41 21 1 4
137 53 22 0 4
137 61 21 0 4
137 64 26 3 4
137 85 24 0 4
137 87 24 0 4
137 88 24 0 4
106 137 26 4 4
111 137 26 3 4
118 137 24 0 4
123 137 22 3 4
127 137 21 0 4
137 138 21 1 4
137 145 21 0 4
137 147 25 1 4
137 160 21 0 4
137 171 21 1 4
137 183 22 0 4
137 191 21 0 4
137 194 26 3 4
138 8 0 2 4
138 15 2 0 4
138 16 14 0 4
138 17 8 0 4
138 26 17 1 4
138 30 2 0 4
138 41 4 0 4
138 53 3 0 4
138 61 2 0 4
138 64 13 0 4
138 77 11 0 4
138 82 12 1 4
138 85 5 0 4
138 87 5 0 4
138 88 5 0 4
138 91 10 0 4
138 93 14 0 4
138 94 9 1 4
102 138 12 0 4
111 138 13 0 4
113 138 15 1 4
118 138 5 0 4
123 138 7 1 4
127 138 2 0 4
128 138 12 0 4
138 145 2 0 4
138 146 14 0 4
138 147 8 0 4
138 156 17 1 4
138 160 2 0 4
138 171 4 0 4
138 183 3 0 4
138 191 2 0 4
138 194 13 0 4
139 9 0 54 4
10 140 0 45 4
141 8 20 0 4
141 15 18 0 4
141 17 24 0 4
141 30 18 0 4
141 41 20 0 4
141 53 19 0 4
141 61 18 0 4
141 85 17 2 4
141 87 21 0 4
141 88 17 2 4
11 141 0 18 4
106 141 19 6 4
118 141 21 0 4
123 141 23 1 4
127 141 18 0 4
138 141 20 0 4
141 145 18 0 4
141 147 24 0 4
141 160 18 0 4
141 171 20 0 4
141 183 19 0 4
141 191 18 0 4
142 8 24 0 4
142 15 22 0 4
142 17 28 0 4
142 30 22 0 4
142 41 24 0 4
142 53 23 0 4
142 61 22 0 4
142 85 25 0 4
142 87 25 0 4
142 88 25 0 4
12 142 0 22 4
113 142 27 5 4
118 142 25 0 4
123 142 27 1 4
127 142 22 0 4
138 142 24 0 4
142 145 22 0 4
142 147 28 0 4
142 160 22 0 4
142 171 24 0 4
142 183 23 0 4
142 191 22 0 4
143 8 35 0 4
143 15 33 0 4
143 17 33 3 4
143 30 33 0 4
143 41 35 0 4
143 53 34 0 4
143 61 33 0 4
13 143 0 33 4
118 143 30 3 4
127 143 33 0 4
138 143 35 0 4
143 145 33 0 4
143 147 33 3 4
143 160 33 0 4
143 171 35 0 4
143 183 34 0 4
143 191 33 0 4
14 144 0 38 4
146 8 14 0 4
146 15 12 0 4
146 16 0 12 4
146 17 18 0 4
146 26 21 4 4
146 30 12 0 4
146 41 14 0 4
146 47 20 5 4
146 53 11 1 4
146 61 12 0 4
146 65 20 4 4
146 77 19 1 4
146 82 18 3 4
146 85 15 0 4
146 87 15 0 4
146 88 15 0 4
118 146 11 2 4
123 146 17 1 4
127 146 12 0 4
138 146 14 0 4
145 146 12 0 4
146 147 18 0 4
146 156 21 4 4
146 160 12 0 4
146 171 14 0 4
146 177 20 5 4
146 183 11 1 4
146 191 12 0 4
146 195 20 4 4
147 8 8 0 4
147 15 6 0 4
147 16 18 0 4
147 17 0 6 4
147 30 6 0 4
147 41 8 0 4
147 53 7 0 4
147 61 6 0 4
147 64 17 0 4
147 77 15 0 4
147 82 16 1 4
147 85 9 0 4
147 87 9 0 4
147 88 9 0 4
147 91 12 1 4
147 93 18 0 4
147 94 15 0 4
102 147 16 0 4
111 147 17 0 4
118 147 9 0 4
123 147 13 0 4
127 147 6 0 4
128 147 16 0 4
138 147 8 0 4
145 147 6 0 4
146 147 18 0 4
147 160 6 0 4
147 171 8 0 4
147 183 7 0 4
147 191 6 0 4
147 194 17 0 4
148 18 0 39 4
149 19 0 45 4
149 47 39 12 4
149 53 44 1 4
149 177 39 12 4
149 183 44 1 4
150 8 18 0 4
150 17 18 2 4
150 20 0 16 4
150 30 16 0 4
150 41 18 0 4
150 53 17 0 4
150 61 16 0 4
150 85 19 0 4
150 87 19 0 4
150 88 19 0 4
15 150 16 0 4
118 150 19 0 4
127 150 16 0 4
138 150 18 0 4
145 150 16 0 4
147 150 18 2 4
150 160 16 0 4
150 171 18 0 4
150 183 17 0 4
150 191 16 0 4
151 21 0 77 4
152 22 0 43 4
153 8 30 0 4
153 23 0 28 4
153 30 28 0 4
153 41 28 1 4
153 53 29 0 4
153 61 28 0 4
153 87 25 3 4
15 153 28 0 4
102 153 26 6 4
118 153 31 0 4
127 153 28 0 4
138 153 30 0 4
145 153 28 0 4
153 160 28 0 4
153 171 28 1 4
153 183 29 0 4
153 191 28 0 4
154 8 17 0 4
154 24 0 15 4
154 30 15 0 4
154 41 15 1 4
154 53 16 0 4
154 61 15 0 4
154 64 20 3 4
154 85 16 1 4
154 87 18 0 4
154 88 18 0 4
154 91 21 1 4
15 154 15 0 4
115 154 23 4 4
116 154 23 4 4
118 154 18 0 4
123 154 20 1 4
127 154 15 0 4
138 154 17 0 4
145 154 15 0 4
154 160 15 0 4
154 171 15 1 4
154 183 16 0 4
154 191 15 0 4
154 194 20 3 4
155 25 0 34 4
155 85 35 1 4
155 87 35 1 4
156 8 17 1 4
156 16 21 4 4
156 26 0 17 4
156 30 17 0 4
156 41 19 0 4
156 45 24 4 4
156 53 16 1 4
156 61 17 0 4
156 77 20 3 4
15 156 17 0 4
118 156 16 2 4
123 156 16 4 4
127 156 17 0 4
138 156 17 1 4
145 156 17 0 4
146 156 21 4 4
156 160 17 0 4
156 171 19 0 4
156 175 24 4 4
156 183 16 1 4
156 191 17 0 4
157 8 23 0 4
157 27 0 21 4
157 30 21 0 4
157 41 21 1 4
157 53 22 0 4
157 61 21 0 4
157 85 24 0 4
157 87 24 0 4
157 88 22 1 4
157 91 27 1 4
157 93 23 5 4
15 157 21 0 4
102 157 25 3 4
106 157 26 4 4
111 157 26 3 4
116 157 23 7 4
118 157 24 0 4
127 157 21 0 4
138 157 23 0 4
145 157 21 0 4
157 160 21 0 4
157 171 21 1 4
157 183 22 0 4
157 191 21 0 4
158 28 0 43 4
159 29 0 29 4
159 30 29 0 4
159 61 29 0 4
159 69 29 9 4
159 91 31 3 4
15 159 29 0 4
127 159 29 0 4
145 159 29 0 4
159 160 29 0 4
159 191 29 0 4
161 8 37 1 4
161 17 37 3 4
161 30 37 0 4
161 31 0 37 4
161 41 39 0 4
161 53 38 0 4
161 61 37 0 4
15 161 37 0 4
127 161 37 0 4
138 161 37 1 4
145 161 37 0 4
147 161 37 3 4
160 161 37 0 4
161 171 39 0 4
161 183 38 0 4
161 191 37 0 4
162 32 0 44 4
163 8 29 2 4
163 33 0 31 4
163 88 32 1 4
138 163 29 2 4
164 34 0 43 4
164 41 43 1 4
164 171 43 1 4
165 8 17 0 4
165 17 21 0 4
165 30 15 0 4
165 35 0 15 4
165 41 17 0 4
165 53 16 0 4
165 61 15 0 4
165 85 18 0 4
165 87 18 0 4
165 88 18 0 4
165 94 20 2 4
15 165 15 0 4
118 165 18 0 4
127 165 15 0 4
138 165 17 0 4
145 165 15 0 4
147 165 21 0 4
160 165 15 0 4
165 171 17 0 4
165 183 16 0 4
165 191 15 0 4
166 36 0 34 4
166 91 36 3 4
167 37 0 57 4
168 38 0 38 4
169 39 0 24 4
169 41 24 1 4
169 53 23 1 4
123 169 25 3 4
169 171 24 1 4
169 183 23 1 4
170 4 25 12 4
170 30 28 0 4
170 40 0 28 4
170 53 29 0 4
170 61 28 0 4
170 82 28 6 4
15 170 28 0 4
17 170 28 3 4
127 170 28 0 4
128 170 30 4 4
134 170 25 12 4
145 170 28 0 4
147 170 28 3 4
160 170 28 0 4
170 183 29 0 4
170 191 28 0 4
171 8 4 0 4
171 30 2 0 4
171 41 0 2 4
171 53 3 0 4
171 61 2 0 4
171 64 11 1 4
171 77 11 0 4
171 82 14 0 4
171 85 5 0 4
171 87 5 0 4
171 88 5 0 4
171 91 10 0 4
171 93 14 0 4
171 94 11 0 4
15 171 2 0 4
16 171 14 0 4
17 171 8 0 4
102 171 10 1 4
111 171 9 2 4
118 171 5 0 4
123 171 9 0 4
127 171 2 0 4
128 171 12 0 4
138 171 4 0 4
145 171 2 0 4
146 171 14 0 4
147 171 8 0 4
160 171 2 0 4
171 183 3 0 4
171 191 2 0 4
171 194 11 1 4
172 8 27 1 4
172 30 27 0 4
172 41 29 0 4
172 42 0 27 4
172 53 28 0 4
172 61 27 0 4
172 77 28 4 4
172 88 26 2 4
15 172 27 0 4
106 172 28 6 4
118 172 26 2 4
127 172 27 0 4
138 172 27 1 4
145 172 27 0 4
160 172 27 0 4
171 172 29 0 4
172 183 28 0 4
172 191 27 0 4
173 8 17 0 4
173 30 15 0 4
173 41 17 0 4
173 43 0 15 4
173 45 20 5 4
173 53 16 0 4
173 61 15 0 4
173 77 16 4 4
173 85 16 1 4
173 87 18 0 4
173 88 16 1 4
15 173 15 0 4
17 173 21 0 4
102 173 23 1 4
118 173 14 2 4
127 173 15 0 4
138 173 17 0 4
145 173 15 0 4
147 173 21 0 4
160 173 15 0 4
171 173 17 0 4
173 175 20 5 4
173 183 16 0 4
173 191 15 0 4
174 44 0 63 4
175 8 17 0 4
175 30 15 0 4
175 41 17 0 4
175 43 20 5 4
175 45 0 15 4
175 53 16 0 4
175 61 15 0 4
175 77 16 4 4
175 85 18 0 4
175 87 18 0 4
175 88 16 1 4
15 175 15 0 4
17 175 21 0 4
102 175 19 3 4
106 175 22 3 4
118 175 14 2 4
123 175 20 1 4
127 175 15 0 4
138 175 17 0 4
145 175 15 0 4
147 175 21 0 4
160 175 15 0 4
171 175 17 0 4
173 175 20 5 4
175 183 16 0 4
175 191 15 0 4
176 8 26 0 4
176 30 24 0 4
176 41 26 0 4
176 46 0 24 4
176 53 23 1 4
176 61 24 0 4
176 87 25 1 4
176 91 26 3 4
15 176 24 0 4
118 176 25 1 4
126 176 22 9 4
127 176 24 0 4
138 176 26 0 4
145 176 24 0 4
160 176 24 0 4
171 176 26 0 4
176 183 23 1 4
176 191 24 0 4
177 8 20 0 4
177 30 18 0 4
177 41 20 0 4
177 47 0 18 4
177 53 19 0 4
177 61 18 0 4
177 85 21 0 4
177 87 21 0 4
177 88 21 0 4
15 177 18 0 4
16 177 20 5 4
118 177 17 2 4
123 177 23 1 4
127 177 18 0 4
138 177 20 0 4
145 177 18 0 4
146 177 20 5 4
160 177 18 0 4
171 177 20 0 4
177 183 19 0 4
177 191 18 0 4
178 8 32 0 4
178 30 30 0 4
178 41 32 0 4
178 47 22 13 4
178 48 0 30 4
178 53 29 1 4
178 61 30 0 4
178 85 31 1 4
178 87 27 3 4
15 178 30 0 4
105 178 23 18 4
118 178 31 1 4
127 178 30 0 4
138 178 32 0 4
145 178 30 0 4
160 178 30 0 4
171 178 32 0 4
177 178 22 13 4
178 183 29 1 4
178 191 30 0 4
179 8 46 1 4
179 49 0 46 4
138 179 46 1 4
180 8 23 0 4
180 30 21 0 4
180 41 23 0 4
180 43 24 6 4
180 45 20 8 4
180 50 0 21 4
180 53 22 0 4
180 61 21 0 4
180 77 24 3 4
180 87 20 2 4
180 88 20 2 4
15 180 21 0 4
118 180 20 2 4
127 180 21 0 4
138 180 23 0 4
145 180 21 0 4
160 180 21 0 4
171 180 23 0 4
173 180 24 6 4
175 180 20 8 4
180 183 22 0 4
180 191 21 0 4
181 51 0 47 4
182 52 0 59 4
183 8 3 0 4
183 26 16 1 4
183 30 1 0 4
183 41 3 0 4
183 53 0 1 4
183 61 1 0 4
183 64 12 0 4
183 77 10 0 4
183 85 4 0 4
183 87 4 0 4
183 88 4 0 4
183 91 9 0 4
183 94 10 0 4
15 183 1 0 4
16 183 11 1 4
17 183 7 0 4
102 183 11 0 4
111 183 12 0 4
118 183 4 0 4
123 183 8 0 4
127 183 1 0 4
128 183 11 0 4
138 183 3 0 4
145 183 1 0 4
146 183 11 1 4
147 183 7 0 4
156 183 16 1 4
160 183 1 0 4
171 183 3 0 4
183 191 1 0 4
183 194 12 0 4
184 54 0 42 4
185 8 24 0 4
185 30 22 0 4
185 41 24 0 4
185 53 23 0 4
185 55 0 22 4
185 61 22 0 4
185 87 23 1 4
185 93 26 4 4
15 185 22 0 4
127 185 22 0 4
138 185 24 0 4
145 185 22 0 4
160 185 22 0 4
171 185 24 0 4
183 185 23 0 4
185 191 22 0 4
186 8 23 0 4
186 30 21 0 4
186 41 23 0 4
186 53 20 1 4
186 56 0 21 4
186 61 21 0 4
186 85 22 1 4
186 87 22 1 4
186 91 19 5 4
15 186 21 0 4
123 186 26 1 4
127 186 21 0 4
138 186 23 0 4
145 186 21 0 4
160 186 21 0 4
171 186 23 0 4
183 186 20 1 4
186 191 21 0 4
187 8 27 1 4
187 57 0 27 4
187 77 28 4 4
106 187 28 6 4
138 187 27 1 4
188 41 38 1 4
188 58 0 38 4
188 85 35 3 4
171 188 38 1 4
189 30 33 0 4
189 59 0 33 4
189 61 33 0 4
189 69 25 13 4
15 189 33 0 4
126 189 29 10 4
127 189 33 0 4
145 189 33 0 4
160 189 33 0 4
189 191 33 0 4
190 8 19 0 4
190 30 17 0 4
190 41 19 0 4
190 53 18 0 4
190 60 0 17 4
190 61 17 0 4
190 77 22 2 4
190 85 20 0 4
190 87 20 0 4
190 88 20 0 4
15 190 17 0 4
118 190 20 0 4
127 190 17 0 4
138 190 19 0 4
145 190 17 0 4
160 190 17 0 4
171 190 19 0 4
183 190 18 0 4
190 191 17 0 4
192 8 23 0 4
192 30 21 0 4
192 41 23 0 4
192 53 22 0 4
192 61 21 0 4
192 62 0 21 4
192 85 24 0 4
192 87 24 0 4
192 88 24 0 4
15 192 21 0 4
118 192 20 2 4
127 192 21 0 4
138 192 23 0 4
145 192 21 0 4
160 192 21 0 4
171 192 23 0 4
183 192 22 0 4
191 192 21 0 4
193 30 34 0 4
193 53 35 0 4
193 61 34 0 4
193 63 0 34 4
15 193 34 0 4
127 193 34 0 4
145 193 34 0 4
160 193 34 0 4
183 193 35 0 4
191 193 34 0 4
194 8 13 0 4
194 24 20 3 4
194 30 11 0 4
194 41 11 1 4
194 53 12 0 4
194 61 11 0 4
194 64 0 11 4
194 67 20 3 4
194 85 14 0 4
194 87 14 0 4
194 88 14 0 4
15 194 11 0 4
17 194 17 0 4
102 194 17 2 4
116 194 21 3 4
118 194 14 0 4
123 194 16 1 4
127 194 11 0 4
138 194 13 0 4
145 194 11 0 4
147 194 17 0 4
154 194 20 3 4
160 194 11 0 4
171 194 11 1 4
183 194 12 0 4
191 194 11 0 4
195 8 18 0 4
195 30 16 0 4
195 41 18 0 4
195 45 23 4 4
195 53 17 0 4
195 61 16 0 4
195 65 0 16 4
195 85 17 1 4
195 87 15 2 4
195 88 19 0 4
195 91 22 1 4
15 195 16 0 4
16 195 20 4 4
118 195 19 0 4
123 195 19 2 4
127 195 16 0 4
138 195 18 0 4
145 195 16 0 4
146 195 20 4 4
160 195 16 0 4
171 195 18 0 4
175 195 23 4 4
183 195 17 0 4
191 195 16 0 4
