Res1 Res2 NSingle NDouble Method
16 8 14 0 4
17 8 8 0 4
26 8 17 1 4
41 8 4 0 4
16 41 14 0 4
17 41 8 0 4
24 41 15 1 4
16 47 20 5 4
45 50 20 8 4
53 8 3 0 4
16 53 11 1 4
17 53 7 0 4
26 53 16 1 4
41 53 3 0 4
53 56 20 1 4
64 8 13 0 4
17 64 17 0 4
24 64 20 3 4
41 64 11 1 4
53 64 12 0 4
64 67 20 3 4
69 70 21 6 4
77 8 11 0 4
17 77 15 0 4
26 77 20 3 4
41 77 11 0 4
43 77 16 4 4
45 77 16 4 4
53 77 10 0 4
8 82 12 1 4
16 82 18 3 4
17 82 16 1 4
41 82 14 0 4
53 82 13 0 4
8 85 5 0 4
16 85 15 0 4
17 85 9 0 4
41 85 5 0 4
53 85 4 0 4
64 85 14 0 4
67 85 14 2 4
77 85 12 0 4
82 85 15 0 4
8 87 5 0 4
17 87 9 0 4
41 87 5 0 4
53 87 4 0 4
64 87 14 0 4
65 87 15 2 4
69 87 17 2 4
77 87 12 0 4
80 87 19 3 4
85 87 4 1 4
8 88 5 0 4
17 88 9 0 4
41 88 5 0 4
53 88 4 0 4
64 88 14 0 4
77 88 12 0 4
85 88 6 0 4
87 88 6 0 4
8 91 10 0 4
17 91 12 1 4
41 91 10 0 4
53 91 9 0 4
56 91 19 5 4
69 91 20 3 4
70 91 17 3 4
76 91 24 4 4
85 91 11 0 4
87 91 11 0 4
88 91 11 0 4
4 93 25 4 4
8 93 14 0 4
41 93 14 0 4
53 93 13 0 4
70 93 19 4 4
75 93 24 4 4
85 93 15 0 4
91 93 16 2 4
8 94 9 1 4
17 94 15 0 4
41 94 11 0 4
53 94 10 0 4
76 94 23 5 4
82 94 15 3 4
85 94 12 0 4
87 94 12 0 4
88 94 12 0 4
102 8 12 0 4
102 17 16 0 4
102 41 10 1 4
102 53 11 0 4
102 85 13 0 4
102 87 13 0 4
102 88 11 1 4
106 41 11 2 4
106 53 14 0 4
106 85 12 2 4
106 88 14 1 4
102 106 15 4 4
111 8 13 0 4
111 17 17 0 4
111 41 9 2 4
111 53 12 0 4
111 68 21 5 4
111 85 14 0 4
111 87 14 0 4
111 88 10 2 4
102 111 15 3 4
108 111 22 4 4
112 71 37 6 4
113 8 15 1 4
102 115 16 5 4
111 115 21 3 4
116 64 21 3 4
102 116 16 5 4
106 116 13 8 4
111 116 15 6 4
115 116 16 8 4
117 76 48 13 4
118 8 5 0 4
118 16 11 2 4
118 17 9 0 4
118 41 5 0 4
118 53 4 0 4
118 64 14 0 4
118 77 8 2 4
118 82 15 0 4
118 85 6 0 4
118 87 6 0 4
118 88 6 0 4
118 91 11 0 4
118 93 15 0 4
118 94 12 0 4
102 118 13 0 4
111 118 14 0 4
123 7 22 3 4
123 8 7 1 4
123 16 17 1 4
123 17 13 0 4
123 26 16 4 4
123 41 9 0 4
123 53 8 0 4
123 64 16 1 4
123 77 12 2 4
123 82 17 1 4
123 85 10 0 4
123 87 10 0 4
123 88 10 0 4
123 94 14 1 4
113 123 16 3 4
118 123 10 0 4
126 69 22 6 4
126 75 18 9 4
126 93 22 3 4
128 8 12 0 4
128 17 16 0 4
128 41 12 0 4
128 53 11 0 4
128 82 12 5 4
128 85 13 0 4
128 87 13 0 4
128 88 13 0 4
102 128 20 0 4
106 128 21 1 4
118 128 13 0 4
1 131 0 34 4
132 2 0 23 4
133 3 0 30 4
134 4 0 21 4
134 93 25 4 4
135 5 0 60 4
136 6 0 24 4
137 7 0 21 4
123 137 22 3 4
138 8 0 2 4
138 16 14 0 4
138 17 8 0 4
138 26 17 1 4
138 41 4 0 4
138 53 3 0 4
138 64 13 0 4
138 77 11 0 4
138 82 12 1 4
138 85 5 0 4
138 87 5 0 4
138 88 5 0 4
138 91 10 0 4
138 93 14 0 4
138 94 9 1 4
102 138 12 0 4
111 138 13 0 4
113 138 15 1 4
118 138 5 0 4
123 138 7 1 4
128 138 12 0 4
139 9 0 54 4
10 140 0 45 4
11 141 0 18 4
12 142 0 22 4
13 143 0 33 4
14 144 0 38 4
146 8 14 0 4
146 16 0 12 4
146 26 21 4 4
146 41 14 0 4
146 47 20 5 4
146 53 11 1 4
146 65 20 4 4
146 82 18 3 4
146 85 15 0 4
118 146 11 2 4
123 146 17 1 4
138 146 14 0 4
147 8 8 0 4
147 16 18 0 4
147 17 0 6 4
147 41 8 0 4
147 53 7 0 4
147 64 17 0 4
147 77 15 0 4
147 82 16 1 4
147 85 9 0 4
147 87 9 0 4
147 88 9 0 4
147 91 12 1 4
147 93 18 0 4
147 94 15 0 4
102 147 16 0 4
111 147 17 0 4
118 147 9 0 4
123 147 13 0 4
128 147 16 0 4
138 147 8 0 4
146 147 18 0 4
148 18 0 39 4
149 19 0 45 4
150 20 0 16 4
151 21 0 77 4
152 22 0 43 4
153 23 0 28 4
154 24 0 15 4
154 41 15 1 4
154 64 20 3 4
155 25 0 34 4
156 8 17 1 4
156 26 0 17 4
156 53 16 1 4
156 77 20 3 4
123 156 16 4 4
138 156 17 1 4
146 156 21 4 4
157 27 0 21 4
158 28 0 43 4
159 29 0 29 4
161 31 0 37 4
162 32 0 44 4
163 33 0 31 4
164 34 0 43 4
165 35 0 15 4
166 36 0 34 4
167 37 0 57 4
168 38 0 38 4
169 39 0 24 4
170 40 0 28 4
171 8 4 0 4
171 41 0 2 4
171 53 3 0 4
171 64 11 1 4
171 77 11 0 4
171 82 14 0 4
171 85 5 0 4
171 87 5 0 4
171 88 5 0 4
171 91 10 0 4
171 93 14 0 4
171 94 11 0 4
16 171 14 0 4
17 171 8 0 4
102 171 10 1 4
111 171 9 2 4
118 171 5 0 4
123 171 9 0 4
128 171 12 0 4
138 171 4 0 4
146 171 14 0 4
147 171 8 0 4
172 42 0 27 4
173 43 0 15 4
173 77 16 4 4
174 44 0 63 4
175 43 20 5 4
175 45 0 15 4
175 77 16 4 4
173 175 20 5 4
176 46 0 24 4
177 47 0 18 4
16 177 20 5 4
146 177 20 5 4
178 48 0 30 4
105 178 23 18 4
179 49 0 46 4
180 45 20 8 4
180 50 0 21 4
181 51 0 47 4
182 52 0 59 4
183 8 3 0 4
183 26 16 1 4
183 41 3 0 4
183 53 0 1 4
183 64 12 0 4
183 77 10 0 4
183 85 4 0 4
183 87 4 0 4
183 88 4 0 4
183 91 9 0 4
183 94 10 0 4
16 183 11 1 4
17 183 7 0 4
102 183 11 0 4
111 183 12 0 4
118 183 4 0 4
123 183 8 0 4
128 183 11 0 4
138 183 3 0 4
146 183 11 1 4
147 183 7 0 4
156 183 16 1 4
171 183 3 0 4
184 54 0 42 4
185 55 0 22 4
186 53 20 1 4
186 56 0 21 4
186 91 19 5 4
187 57 0 27 4
188 58 0 38 4
189 59 0 33 4
190 60 0 17 4
192 62 0 21 4
193 63 0 34 4
194 8 13 0 4
194 24 20 3 4
194 41 11 1 4
194 53 12 0 4
194 64 0 11 4
194 67 20 3 4
194 85 14 0 4
194 87 14 0 4
194 88 14 0 4
17 194 17 0 4
116 194 21 3 4
118 194 14 0 4
123 194 16 1 4
138 194 13 0 4
147 194 17 0 4
154 194 20 3 4
171 194 11 1 4
183 194 12 0 4
195 65 0 16 4
195 87 15 2 4
146 195 20 4 4
