Res1 Res2 NSingle NDouble Method
1 12 36 10 4
118 2 22 2 4
2 43 26 6 4
2 72 32 10 4
2 77 24 4 4
2 88 24 1 4
16 3 30 6 4
118 3 29 2 4
15 4 21 0 4
17 4 23 2 4
30 4 21 0 4
127 4 21 0 4
4 8 23 0 4
4 41 23 0 4
4 53 22 0 4
4 61 21 0 4
4 69 21 9 4
17 6 24 3 4
41 6 22 2 4
102 6 22 6 4
106 6 23 7 4
116 6 22 9 4
6 85 25 1 4
6 88 25 1 4
41 7 21 1 4
115 7 23 7 4
116 7 27 5 4
123 7 22 3 4
7 8 21 1 4
15 8 2 0 4
17 8 8 0 4
26 8 17 1 4
30 8 2 0 4
41 8 4 0 4
53 8 3 0 4
61 8 2 0 4
113 8 15 1 4
118 8 5 0 4
123 8 7 1 4
127 8 2 0 4
8 82 12 1 4
8 85 5 0 4
8 87 5 0 4
8 88 5 0 4
8 94 9 1 4
10 71 49 14 4
106 11 19 6 4
11 15 18 0 4
11 30 18 0 4
11 61 18 0 4
11 85 17 2 4
11 88 17 2 4
11 115 24 5 4
11 116 24 5 4
11 127 18 0 4
113 12 27 5 4
12 15 22 0 4
12 30 22 0 4
12 39 32 7 4
12 61 22 0 4
12 63 32 12 4
12 95 31 5 4
12 127 22 0 4
118 13 30 3 4
16 8 14 0 4
15 16 12 0 4
118 16 11 2 4
123 16 17 1 4
127 16 12 0 4
128 16 18 2 4
16 30 12 0 4
16 41 14 0 4
16 47 20 5 4
16 53 11 1 4
16 61 12 0 4
16 65 20 4 4
16 82 18 3 4
16 85 15 0 4
16 87 15 0 4
16 88 15 0 4
17 8 8 0 4
15 17 6 0 4
118 17 9 0 4
127 17 6 0 4
17 20 18 2 4
17 30 6 0 4
17 41 8 0 4
17 53 7 0 4
17 61 6 0 4
17 82 16 1 4
17 85 9 0 4
17 87 9 0 4
17 88 9 0 4
17 91 12 1 4
19 47 39 12 4
15 20 16 0 4
17 20 18 2 4
127 20 16 0 4
20 30 16 0 4
20 61 16 0 4
20 77 21 2 4
20 91 20 2 4
17 23 30 2 4
23 41 28 1 4
23 85 27 2 4
23 87 25 3 4
23 88 27 2 4
15 24 15 0 4
102 24 21 2 4
115 24 23 4 4
116 24 23 4 4
125 24 31 7 4
127 24 15 0 4
24 27 26 5 4
24 30 15 0 4
24 41 15 1 4
24 56 26 5 4
24 61 15 0 4
24 64 20 3 4
24 85 16 1 4
25 77 33 5 4
26 8 17 1 4
16 26 21 4 4
118 26 16 2 4
123 26 16 4 4
26 45 24 4 4
26 53 16 1 4
26 65 25 4 4
26 77 20 3 4
108 27 26 7 4
116 27 23 7 4
27 41 21 1 4
27 88 22 1 4
27 93 23 5 4
121 28 42 10 4
29 67 30 7 4
29 69 29 9 4
29 85 28 2 4
17 31 37 3 4
113 31 38 7 4
33 6 41 7 4
33 8 29 2 4
12 33 35 9 4
33 57 38 10 4
35 8 17 0 4
15 35 15 0 4
30 35 15 0 4
118 35 18 0 4
127 35 15 0 4
35 41 17 0 4
35 53 16 0 4
35 61 15 0 4
35 83 30 7 4
35 85 18 0 4
35 87 18 0 4
35 88 18 0 4
35 94 20 2 4
36 95 39 7 4
116 38 34 10 4
12 39 32 7 4
123 39 25 3 4
39 53 23 1 4
4 40 25 12 4
17 40 28 3 4
40 69 28 9 4
40 82 28 6 4
41 8 4 0 4
15 41 2 0 4
17 41 8 0 4
30 41 2 0 4
102 41 10 1 4
106 41 11 2 4
111 41 9 2 4
118 41 5 0 4
123 41 9 0 4
127 41 2 0 4
128 41 12 0 4
41 53 3 0 4
41 61 2 0 4
41 64 11 1 4
41 77 11 0 4
41 85 5 0 4
41 87 5 0 4
41 88 5 0 4
41 91 10 0 4
41 94 11 0 4
11 42 31 7 4
106 42 28 6 4
108 42 30 8 4
118 42 26 2 4
42 57 32 11 4
42 88 26 2 4
118 43 14 2 4
43 45 20 5 4
43 77 16 4 4
43 85 16 1 4
43 88 16 1 4
12 44 57 14 4
15 45 15 0 4
16 45 23 2 4
30 45 15 0 4
43 45 20 5 4
102 45 19 3 4
118 45 14 2 4
123 45 20 1 4
127 45 15 0 4
45 50 20 8 4
45 53 16 0 4
45 61 15 0 4
45 77 16 4 4
45 88 16 1 4
16 46 26 5 4
126 46 22 9 4
46 53 23 1 4
46 65 24 8 4
16 47 20 5 4
118 47 17 2 4
126 47 24 5 4
47 65 24 5 4
47 77 23 2 4
16 48 28 7 4
47 48 22 13 4
48 87 27 3 4
43 50 24 6 4
45 50 20 8 4
118 50 20 2 4
50 75 27 7 4
50 87 20 2 4
50 88 20 2 4
53 8 3 0 4
15 53 1 0 4
16 53 11 1 4
17 53 7 0 4
26 53 16 1 4
30 53 1 0 4
41 53 3 0 4
118 53 4 0 4
123 53 8 0 4
127 53 1 0 4
53 56 20 1 4
53 61 1 0 4
53 85 4 0 4
53 87 4 0 4
53 88 4 0 4
53 91 9 0 4
118 55 21 2 4
126 55 24 7 4
55 87 23 1 4
55 91 26 2 4
24 56 26 5 4
53 56 20 1 4
56 65 27 5 4
56 91 19 5 4
11 57 29 8 4
106 57 28 6 4
118 57 26 2 4
57 85 26 2 4
57 88 26 2 4
58 85 35 3 4
126 59 29 10 4
59 87 32 2 4
2 60 32 4 4
15 60 17 0 4
30 60 17 0 4
53 60 18 0 4
127 60 17 0 4
60 61 17 0 4
60 77 22 2 4
62 8 23 0 4
15 62 21 0 4
30 62 21 0 4
41 62 23 0 4
47 62 25 7 4
53 62 22 0 4
61 62 21 0 4
118 62 20 2 4
123 62 24 2 4
127 62 21 0 4
62 77 26 2 4
12 63 32 12 4
64 8 13 0 4
15 64 11 0 4
24 64 20 3 4
30 64 11 0 4
41 64 11 1 4
53 64 12 0 4
61 64 11 0 4
102 64 17 2 4
111 64 18 2 4
116 64 21 3 4
118 64 14 0 4
123 64 16 1 4
127 64 11 0 4
64 67 20 3 4
64 85 14 0 4
64 87 14 0 4
64 88 14 0 4
15 65 16 0 4
16 65 20 4 4
30 65 16 0 4
46 65 24 8 4
47 65 24 5 4
50 65 27 5 4
53 65 17 0 4
56 65 27 5 4
61 65 16 0 4
123 65 19 2 4
127 65 16 0 4
65 77 21 2 4
65 85 17 1 4
65 87 15 2 4
66 87 28 3 4
66 88 30 2 4
15 67 15 0 4
30 67 15 0 4
53 67 16 0 4
61 67 15 0 4
64 67 20 3 4
127 67 15 0 4
67 85 14 2 4
15 68 20 0 4
30 68 20 0 4
41 68 20 1 4
53 68 21 0 4
61 68 20 0 4
64 68 25 3 4
111 68 21 5 4
127 68 20 0 4
69 8 20 0 4
15 69 18 0 4
30 69 18 0 4
41 69 20 0 4
53 69 19 0 4
61 69 18 0 4
118 69 21 0 4
127 69 18 0 4
69 85 19 1 4
69 87 17 2 4
69 88 21 0 4
69 91 20 3 4
70 8 17 0 4
15 70 15 0 4
30 70 15 0 4
41 70 17 0 4
53 70 16 0 4
61 70 15 0 4
118 70 18 0 4
126 70 21 5 4
127 70 15 0 4
70 85 18 0 4
70 87 16 1 4
70 88 18 0 4
70 91 17 3 4
70 93 19 4 4
71 87 31 2 4
15 72 29 0 4
30 72 29 0 4
41 72 29 1 4
61 72 29 0 4
106 72 28 7 4
118 72 28 2 4
127 72 29 0 4
72 85 28 2 4
72 88 26 3 4
69 73 24 12 4
73 85 29 2 4
75 8 22 0 4
15 75 20 0 4
30 75 20 0 4
41 75 22 0 4
53 75 21 0 4
61 75 20 0 4
118 75 23 0 4
126 75 18 9 4
127 75 20 0 4
75 85 21 1 4
75 87 21 1 4
75 88 21 1 4
76 8 24 1 4
76 91 24 4 4
76 94 23 5 4
77 8 11 0 4
15 77 9 0 4
30 77 9 0 4
41 77 11 0 4
43 77 16 4 4
45 77 16 4 4
53 77 10 0 4
61 77 9 0 4
118 77 8 2 4
123 77 12 2 4
127 77 9 0 4
77 85 12 0 4
77 87 12 0 4
77 88 12 0 4
15 79 25 0 4
30 79 25 0 4
61 79 25 0 4
113 79 30 5 4
127 79 25 0 4
79 85 24 2 4
79 88 24 2 4
11 80 22 9 4
15 80 22 0 4
30 80 22 0 4
61 80 22 0 4
70 80 23 7 4
106 80 23 6 4
127 80 22 0 4
80 85 23 1 4
80 87 19 3 4
80 88 21 2 4
17 81 25 3 4
102 81 27 4 4
106 81 28 5 4
108 81 28 8 4
111 81 28 4 4
116 81 27 7 4
81 88 24 2 4
8 82 12 1 4
15 82 12 0 4
16 82 18 3 4
17 82 16 1 4
30 82 12 0 4
41 82 14 0 4
53 82 13 0 4
61 82 12 0 4
118 82 15 0 4
123 82 17 1 4
127 82 12 0 4
128 82 12 5 4
82 85 15 0 4
82 87 15 0 4
82 88 15 0 4
82 94 15 3 4
35 83 30 7 4
83 94 32 3 4
8 85 5 0 4
15 85 3 0 4
17 85 9 0 4
30 85 3 0 4
41 85 5 0 4
53 85 4 0 4
61 85 3 0 4
67 85 14 2 4
106 85 12 2 4
116 85 15 2 4
118 85 6 0 4
123 85 10 0 4
127 85 3 0 4
85 87 4 1 4
85 88 6 0 4
8 87 5 0 4
15 87 3 0 4
17 87 9 0 4
30 87 3 0 4
41 87 5 0 4
53 87 4 0 4
61 87 3 0 4
65 87 15 2 4
69 87 17 2 4
85 87 4 1 4
118 87 6 0 4
127 87 3 0 4
87 88 6 0 4
8 88 5 0 4
15 88 3 0 4
17 88 9 0 4
30 88 3 0 4
41 88 5 0 4
53 88 4 0 4
61 88 3 0 4
85 88 6 0 4
87 88 6 0 4
102 88 11 1 4
111 88 10 2 4
118 88 6 0 4
123 88 10 0 4
127 88 3 0 4
88 91 11 0 4
15 89 23 0 4
30 89 23 0 4
41 89 23 1 4
53 89 24 0 4
61 89 23 0 4
88 89 20 3 4
127 89 23 0 4
26 90 51 7 4
8 91 10 0 4
15 91 8 0 4
17 91 12 1 4
20 91 20 2 4
30 91 8 0 4
41 91 10 0 4
53 91 9 0 4
56 91 19 5 4
61 91 8 0 4
69 91 20 3 4
70 91 17 3 4
85 91 11 0 4
87 91 11 0 4
88 91 11 0 4
118 91 11 0 4
126 91 20 2 4
127 91 8 0 4
91 93 16 2 4
70 92 30 7 4
75 92 35 7 4
92 93 31 5 4
8 93 14 0 4
15 93 12 0 4
30 93 12 0 4
41 93 14 0 4
53 93 13 0 4
61 93 12 0 4
70 93 19 4 4
85 93 15 0 4
87 93 15 0 4
88 93 15 0 4
91 93 16 2 4
118 93 15 0 4
127 93 12 0 4
8 94 9 1 4
15 94 9 0 4
17 94 15 0 4
30 94 9 0 4
35 94 20 2 4
41 94 11 0 4
53 94 10 0 4
61 94 9 0 4
76 94 23 5 4
82 94 15 3 4
85 94 12 0 4
87 94 12 0 4
88 94 12 0 4
118 94 12 0 4
123 94 14 1 4
127 94 9 0 4
63 95 37 8 4
11 96 38 7 4
79 96 35 12 4
85 96 33 2 4
88 96 33 2 4
113 96 31 9 4
35 97 43 7 4
101 20 35 6 4
101 82 31 6 4
101 113 34 6 4
101 128 31 5 4
102 8 12 0 4
102 15 10 0 4
102 17 16 0 4
102 30 10 0 4
102 41 10 1 4
102 53 11 0 4
102 61 10 0 4
102 64 17 2 4
102 85 13 0 4
102 87 13 0 4
102 88 11 1 4
102 106 15 4 4
102 111 15 3 4
102 115 16 5 4
102 116 16 5 4
102 118 13 0 4
102 123 17 0 4
102 127 10 0 4
103 48 45 22 4
105 87 28 2 4
106 8 15 0 4
106 15 13 0 4
106 17 19 0 4
106 30 13 0 4
106 41 11 2 4
106 53 14 0 4
106 61 13 0 4
106 85 12 2 4
106 87 16 0 4
106 88 14 1 4
102 106 15 4 4
106 118 16 0 4
106 127 13 0 4
108 15 19 0 4
108 30 19 0 4
108 53 20 0 4
108 61 19 0 4
108 88 18 2 4
102 108 21 4 4
106 108 22 5 4
108 111 22 4 4
108 115 23 6 4
108 116 21 7 4
108 127 19 0 4
109 94 41 4 4
111 8 13 0 4
111 15 11 0 4
111 30 11 0 4
111 41 9 2 4
111 53 12 0 4
111 61 11 0 4
111 64 18 2 4
111 68 21 5 4
111 88 10 2 4
102 111 15 3 4
106 111 20 2 4
108 111 22 4 4
111 115 21 3 4
111 116 15 6 4
111 127 11 0 4
112 15 17 0 4
112 26 28 3 4
112 30 17 0 4
112 53 18 0 4
112 61 17 0 4
112 83 36 5 4
112 122 40 7 4
112 127 17 0 4
113 8 15 1 4
113 15 15 0 4
113 30 15 0 4
113 41 17 0 4
113 53 16 0 4
113 61 15 0 4
113 123 16 3 4
113 127 15 0 4
113 128 21 2 4
114 128 43 5 4
115 8 18 0 4
115 15 16 0 4
115 30 16 0 4
115 41 14 2 4
115 53 17 0 4
115 61 16 0 4
115 85 17 1 4
115 87 19 0 4
115 88 17 1 4
102 115 16 5 4
106 115 15 7 4
111 115 21 3 4
115 118 19 0 4
115 127 16 0 4
116 8 18 0 4
116 15 16 0 4
116 30 16 0 4
116 41 14 2 4
116 53 17 0 4
116 61 16 0 4
116 64 21 3 4
116 85 15 2 4
116 87 19 0 4
116 88 17 1 4
116 91 22 1 4
102 116 16 5 4
106 116 13 8 4
111 116 15 6 4
116 118 19 0 4
116 127 16 0 4
117 76 48 13 4
118 8 5 0 4
118 15 3 0 4
118 16 11 2 4
118 17 9 0 4
118 30 3 0 4
118 41 5 0 4
118 53 4 0 4
118 61 3 0 4
118 77 8 2 4
118 85 6 0 4
118 87 6 0 4
118 88 6 0 4
118 91 11 0 4
118 123 10 0 4
118 127 3 0 4
119 35 35 7 4
121 15 19 0 4
121 30 19 0 4
121 61 19 0 4
121 69 23 7 4
121 127 19 0 4
112 122 40 7 4
123 7 22 3 4
123 8 7 1 4
123 15 7 0 4
123 26 16 4 4
123 30 7 0 4
123 41 9 0 4
123 53 8 0 4
123 61 7 0 4
123 65 19 2 4
123 77 12 2 4
123 85 10 0 4
123 87 10 0 4
123 88 10 0 4
123 94 14 1 4
113 123 16 3 4
118 123 10 0 4
123 127 7 0 4
126 8 18 0 4
126 15 16 0 4
126 30 16 0 4
126 41 18 0 4
126 53 17 0 4
126 61 16 0 4
126 70 21 5 4
126 75 18 9 4
126 87 17 1 4
126 91 20 2 4
126 127 16 0 4
128 8 12 0 4
128 15 10 0 4
128 16 18 2 4
128 30 10 0 4
128 41 12 0 4
128 53 11 0 4
128 61 10 0 4
128 82 12 5 4
128 85 13 0 4
128 87 13 0 4
128 88 13 0 4
113 128 21 2 4
118 128 13 0 4
127 128 10 0 4
129 15 16 0 4
129 30 16 0 4
129 61 16 0 4
129 64 23 2 4
129 85 17 1 4
129 88 17 1 4
106 129 25 2 4
127 129 16 0 4
130 40 39 7 4
126 130 27 7 4
