Res1 Res2 NSingle NDouble Method
15 4 9 0 6
123 4 9 0 6
127 4 9 0 6
4 8 9 0 6
4 53 9 0 6
4 61 10 0 6
36 6 19 6 6
6 9 20 6 6
6 9 20 6 6
10 8 13 0 6
10 15 13 0 6
10 53 13 0 6
10 55 3 12 6
10 78 3 12 6
10 93 3 12 6
10 123 13 0 6
10 127 13 0 6
11 8 8 0 6
107 11 9 2 6
11 15 8 0 6
11 53 8 0 6
11 61 9 0 6
11 123 8 0 6
11 127 8 0 6
12 97 19 12 6
13 8 7 0 6
123 13 7 0 6
127 13 7 0 6
13 15 7 0 6
13 17 12 6 6
13 53 7 0 6
13 61 8 0 6
13 92 12 6 6
119 14 16 6 6
16 8 9 0 6
15 16 9 0 6
123 16 9 0 6
127 16 9 0 6
16 53 9 0 6
16 61 10 0 6
107 17 14 4 6
119 17 5 14 6
17 19 15 4 6
17 89 14 4 6
19 8 6 0 6
15 19 6 0 6
110 19 4 6 6
123 19 6 0 6
127 19 6 0 6
19 53 6 0 6
19 56 4 6 6
19 61 7 0 6
21 8 12 0 6
15 21 12 0 6
123 21 12 0 6
127 21 12 0 6
21 53 12 0 6
24 33 17 4 6
28 97 18 4 6
29 8 8 0 6
15 29 8 0 6
123 29 8 0 6
127 29 8 0 6
29 53 8 0 6
29 61 9 0 6
29 80 6 2 6
26 30 12 6 6
113 30 11 8 6
31 8 8 0 6
15 31 8 0 6
105 31 5 6 6
123 31 8 0 6
127 31 8 0 6
31 53 8 0 6
31 61 9 0 6
31 89 9 2 6
32 8 11 0 6
15 32 11 0 6
123 32 11 0 6
127 32 11 0 6
32 53 11 0 6
24 33 17 4 6
33 99 16 1 6
30 36 19 2 6
37 8 9 0 6
15 37 9 0 6
123 37 9 0 6
127 37 9 0 6
37 53 9 0 6
37 61 10 0 6
41 52 21 5 6
43 8 13 0 6
15 43 13 0 6
123 43 13 0 6
127 43 13 0 6
43 53 13 0 6
43 55 3 12 6
43 78 3 12 6
43 93 3 12 6
45 8 12 0 6
10 45 3 11 6
15 45 12 0 6
40 45 5 11 6
43 45 3 11 6
123 45 12 0 6
127 45 12 0 6
45 53 12 0 6
113 48 19 9 6
48 88 12 11 6
49 8 7 0 6
15 49 7 0 6
123 49 7 0 6
127 49 7 0 6
49 53 7 0 6
49 61 8 0 6
52 99 20 1 6
55 8 14 0 6
15 55 14 0 6
53 55 14 0 6
123 55 14 0 6
127 55 14 0 6
56 8 10 0 6
15 56 10 0 6
53 56 10 0 6
123 56 10 0 6
127 56 10 0 6
56 61 11 0 6
57 74 22 7 6
58 8 10 0 6
10 58 5 9 6
15 58 10 0 6
43 58 5 9 6
45 58 4 9 6
53 58 10 0 6
104 58 3 9 6
123 58 10 0 6
127 58 10 0 6
58 61 11 0 6
59 8 10 0 6
15 59 10 0 6
53 59 10 0 6
123 59 10 0 6
127 59 10 0 6
63 8 10 0 6
15 63 10 0 6
53 63 10 0 6
58 63 4 8 6
61 63 11 0 6
105 63 3 8 6
123 63 10 0 6
127 63 10 0 6
63 66 5 8 6
64 8 11 0 6
15 64 11 0 6
53 64 11 0 6
123 64 11 0 6
127 64 11 0 6
66 8 11 0 6
15 66 11 0 6
53 66 11 0 6
61 66 12 0 6
123 66 11 0 6
127 66 11 0 6
70 8 13 0 6
15 70 13 0 6
19 70 13 3 6
53 70 13 0 6
123 70 13 0 6
127 70 13 0 6
71 8 9 0 6
15 71 9 0 6
53 71 9 0 6
61 71 10 0 6
117 71 3 8 6
123 71 9 0 6
127 71 9 0 6
72 8 13 0 6
15 72 13 0 6
53 72 13 0 6
123 72 13 0 6
127 72 13 0 6
61 74 14 1 6
74 99 17 1 6
76 8 12 0 6
15 76 12 0 6
53 76 12 0 6
123 76 12 0 6
127 76 12 0 6
78 8 14 0 6
15 78 14 0 6
53 78 14 0 6
123 78 14 0 6
127 78 14 0 6
79 8 11 0 6
15 79 11 0 6
53 79 11 0 6
123 79 11 0 6
127 79 11 0 6
8 80 2 0 6
15 80 2 0 6
53 80 2 0 6
61 80 3 0 6
123 80 2 0 6
127 80 2 0 6
80 82 5 0 6
82 9 10 3 6
6 82 16 3 6
8 82 3 0 6
15 82 3 0 6
36 82 13 1 6
53 82 3 0 6
118 82 12 1 6
123 82 3 0 6
127 82 3 0 6
8 84 9 0 6
15 84 9 0 6
53 84 9 0 6
61 84 10 0 6
123 84 9 0 6
127 84 9 0 6
21 87 8 9 6
48 88 12 11 6
8 89 5 0 6
15 89 5 0 6
53 89 5 0 6
61 89 6 0 6
79 89 6 5 6
80 89 7 0 6
119 89 11 5 6
123 89 5 0 6
127 89 5 0 6
8 90 11 0 6
15 90 11 0 6
53 90 11 0 6
61 90 12 0 6
123 90 11 0 6
127 90 11 0 6
19 92 15 4 6
89 92 14 4 6
107 92 14 4 6
119 92 5 14 6
8 93 14 0 6
15 93 14 0 6
53 93 14 0 6
123 93 14 0 6
127 93 14 0 6
8 94 4 0 6
15 94 4 0 6
38 94 12 2 6
53 94 4 0 6
123 94 4 0 6
127 94 4 0 6
80 95 8 1 6
95 99 10 1 6
12 97 19 12 6
8 99 4 0 6
15 99 4 0 6
53 99 4 0 6
61 99 5 0 6
123 99 4 0 6
127 99 4 0 6
102 8 10 0 6
102 15 10 0 6
102 53 10 0 6
102 61 11 0 6
102 119 6 10 6
102 123 10 0 6
102 127 10 0 6
102 129 7 10 6
103 89 11 1 6
103 107 11 1 6
104 8 11 0 6
104 15 11 0 6
104 53 11 0 6
104 58 3 9 6
104 61 12 0 6
104 66 4 9 6
104 123 11 0 6
104 127 11 0 6
105 8 9 0 6
105 15 9 0 6
105 53 9 0 6
105 58 3 8 6
105 61 10 0 6
105 63 3 8 6
105 123 9 0 6
105 127 9 0 6
106 8 8 0 6
106 15 8 0 6
106 53 8 0 6
106 61 9 0 6
106 119 8 8 6
106 123 8 0 6
106 127 8 0 6
107 8 5 0 6
107 15 5 0 6
107 53 5 0 6
107 61 6 0 6
107 80 3 2 6
107 82 8 0 6
107 123 5 0 6
107 127 5 0 6
109 80 11 2 6
110 8 10 0 6
110 15 10 0 6
110 53 10 0 6
110 61 11 0 6
110 123 10 0 6
110 127 10 0 6
111 8 12 0 6
111 15 12 0 6
111 53 12 0 6
111 123 12 0 6
111 127 12 0 6
113 30 11 8 6
113 48 19 9 6
114 8 14 0 6
114 15 14 0 6
114 53 14 0 6
114 123 14 0 6
114 127 14 0 6
117 8 10 0 6
117 15 10 0 6
117 53 10 0 6
117 61 11 0 6
117 66 3 9 6
111 117 4 9 6
117 123 10 0 6
117 127 10 0 6
118 61 10 1 6
121 8 12 0 6
121 15 12 0 6
121 53 12 0 6
115 121 4 11 6
121 123 12 0 6
121 127 12 0 6
122 88 17 8 6
126 8 7 0 6
126 15 7 0 6
126 53 7 0 6
126 61 8 0 6
123 126 7 0 6
126 127 7 0 6
