Res1 Res2 NSingle NDouble Method
108 14 4 7 6
107 17 7 3 6
17 19 7 3 6
19 8 4 0 6
15 19 4 0 6
123 19 4 0 6
127 19 4 0 6
19 53 4 0 6
19 29 6 3 6
29 89 7 3 6
113 30 8 6 6
37 89 7 3 6
19 40 7 3 6
19 45 7 3 6
48 88 6 9 6
19 58 7 3 6
107 58 7 3 6
19 70 7 3 6
3 77 7 11 6
8 80 2 0 6
15 80 2 0 6
53 80 2 0 6
61 80 3 0 6
123 80 2 0 6
127 80 2 0 6
82 9 7 2 6
6 82 10 2 6
21 87 4 7 6
48 88 6 9 6
13 89 1 5 6
19 92 7 3 6
107 92 7 3 6
31 95 2 6 6
80 95 7 1 6
102 58 3 6 6
102 104 3 6 6
102 119 3 6 6
104 19 7 3 6
104 107 7 3 6
107 8 4 0 6
107 15 4 0 6
107 53 4 0 6
107 80 2 2 6
107 123 4 0 6
107 127 4 0 6
108 14 4 7 6
109 19 6 3 6
109 89 7 3 6
114 19 6 3 6
114 89 7 3 6
116 125 6 21 6
