100	105
100	12
100	127
100	48
100	71
100	98
100	99
103	105
103	121
103	127
103	44
103	55
103	74
103	76
105	111
105	116
105	118
105	121
105	123
105	15
105	33
105	55
105	8
105	82
105	94
105	98
106	66
106	76
106	77
107	117
107	23
107	67
107	82
108	39
11	93
111	116
111	121
111	127
111	16
112	44
116	121
116	127
116	44
116	65
116	72
116	74
116	76
116	77
116	93
117	23
117	31
117	47
118	121
118	123
118	127
118	15
118	30
118	47
118	53
118	8
118	82
118	88
118	94
118	98
119	40
119	48
12	127
12	30
12	71
12	82
12	88
12	89
12	99
121	123
121	127
121	76
121	94
122	30
122	81
123	127
123	15
123	30
123	53
123	61
123	8
123	88
123	94
123	98
125	61
127	15
127	30
127	76
127	8
127	88
127	94
127	99
14	44
15	30
15	44
15	53
15	8
15	84
15	88
15	94
15	98
16	27
16	33
16	78
17	21
18	23
18	89
18	99
19	89
20	44
22	41
22	50
22	53
22	61
23	31
23	82
23	88
27	41
27	98
30	41
30	44
30	48
30	53
30	77
30	8
30	82
30	84
30	88
30	94
31	40
32	47
33	47
33	86
33	97
39	87
41	8
44	84
44	94
44	97
46	63
47	48
47	64
47	65
47	88
47	94
47	97
48	71
48	88
48	89
48	94
48	98
48	99
50	53
50	61
50	76
50	78
50	81
50	84
53	61
53	72
53	8
53	84
53	93
53	94
55	57
55	82
55	98
61	64
61	72
61	8
61	82
61	84
64	8
64	84
64	98
65	77
65	87
65	93
7	89
71	88
71	99
74	93
76	84
76	88
76	94
77	93
8	82
8	94
82	94
82	98
84	94
87	95
88	94
88	99
94	98
