Res1 Res2 NSingle NDouble Method
1 123 46 4 5
106 2 73 14 5
2 84 64 13 5
103 3 51 11 5
105 3 52 6 5
121 3 53 7 5
3 74 56 7 5
22 4 83 12 5
123 4 81 5 5
53 7 40 3 5
61 7 36 9 5
125 7 48 7 5
7 8 36 2 5
7 89 43 11 5
15 8 10 0 5
30 8 13 1 5
41 8 25 1 5
53 8 14 1 5
61 8 18 3 5
64 8 22 2 5
105 8 17 0 5
118 8 5 1 5
123 8 13 0 5
127 8 17 0 5
8 82 14 3 5
8 94 7 1 5
53 9 53 7 5
10 55 50 10 5
10 72 52 7 5
10 76 48 6 5
10 123 46 3 5
107 11 45 9 5
11 23 43 5 5
11 53 39 3 5
11 93 36 8 5
12 8 25 0 5
100 12 30 7 5
118 12 22 0 5
12 15 25 0 5
12 30 26 2 5
12 71 28 10 5
12 82 29 3 5
12 88 26 4 5
12 89 34 8 5
12 94 24 0 5
12 99 31 7 5
12 123 28 0 5
12 127 26 3 5
14 44 46 8 5
15 8 10 0 5
105 15 17 0 5
118 15 7 0 5
123 15 13 0 5
127 15 17 0 5
15 30 15 0 5
15 44 20 1 5
15 53 16 0 5
15 84 17 2 5
15 88 19 0 5
15 94 7 1 5
15 98 18 1 5
15 16 29 1 5
103 16 37 5 5
105 16 32 3 5
111 16 29 10 5
116 16 35 4 5
118 16 28 0 5
121 16 31 5 5
123 16 32 1 5
127 16 30 4 5
16 27 35 8 5
16 33 39 7 5
16 74 36 4 5
16 76 36 3 5
16 78 40 8 5
16 94 26 2 5
17 21 51 13 5
17 24 55 12 5
12 18 34 7 5
100 18 38 7 5
118 18 30 0 5
18 23 37 5 5
18 44 39 3 5
18 48 38 3 5
18 77 39 3 5
18 88 36 3 5
18 89 34 12 5
18 99 33 10 5
12 19 42 6 5
18 19 44 9 5
19 48 38 6 5
19 64 45 5 5
19 71 48 7 5
19 88 40 4 5
19 89 42 11 5
19 99 37 11 5
15 20 34 1 5
105 20 33 5 5
118 20 33 0 5
121 20 30 8 5
127 20 31 6 5
20 30 37 2 5
20 44 38 5 5
20 94 33 1 5
20 98 38 4 5
17 21 51 13 5
118 21 30 1 5
21 65 42 5 5
11 22 46 6 5
118 22 26 0 5
123 22 30 1 5
22 41 38 4 5
22 50 37 4 5
22 53 29 3 5
22 61 37 3 5
22 84 32 4 5
22 94 28 0 5
23 8 24 0 5
15 23 24 0 5
18 23 37 5 5
107 23 28 10 5
117 23 29 6 5
118 23 21 0 5
23 30 27 1 5
23 31 36 10 5
23 82 30 2 5
23 88 29 2 5
23 94 23 0 5
20 24 47 8 5
127 24 36 4 5
24 30 36 3 5
24 44 41 4 5
24 53 37 3 5
24 88 38 4 5
24 99 41 8 5
127 25 33 2 5
130 25 50 5 5
26 89 83 21 5
27 8 30 0 5
15 27 28 1 5
16 27 35 8 5
100 27 37 6 5
103 27 38 4 5
105 27 31 3 5
111 27 34 7 5
116 27 32 5 5
118 27 27 0 5
121 27 34 3 5
123 27 29 2 5
127 27 31 3 5
27 30 33 1 5
27 41 33 7 5
27 94 23 3 5
27 98 32 4 5
24 28 54 9 5
28 39 56 7 5
28 53 43 4 5
28 88 46 4 5
28 95 59 7 5
100 29 50 10 5
121 29 49 6 5
127 29 50 4 5
29 48 52 5 5
29 71 52 11 5
29 99 57 7 5
30 8 13 1 5
12 30 26 2 5
15 30 15 0 5
118 30 10 1 5
122 30 30 3 5
123 30 18 0 5
127 30 18 2 5
30 41 28 2 5
30 44 25 1 5
30 48 24 1 5
30 53 19 1 5
30 77 25 1 5
30 82 23 1 5
30 84 22 2 5
30 88 22 1 5
30 94 12 1 5
23 31 36 10 5
107 31 46 10 5
117 31 43 8 5
31 40 45 7 5
31 50 48 5 5
30 32 36 1 5
32 47 33 5 5
32 64 41 4 5
32 99 39 7 5
33 8 32 0 5
15 33 32 0 5
16 33 39 7 5
20 33 42 8 5
105 33 31 4 5
111 33 32 9 5
116 33 38 3 5
118 33 29 0 5
121 33 32 5 5
33 47 34 4 5
33 86 32 15 5
33 94 31 0 5
33 97 38 8 5
22 37 49 7 5
30 37 45 2 5
123 37 45 1 5
37 50 50 5 5
37 53 44 3 5
37 61 44 7 5
37 66 53 7 5
37 81 48 13 5
37 84 49 3 5
38 8 52 2 5
118 38 51 1 5
38 41 59 7 5
38 82 56 5 5
39 8 31 2 5
105 39 38 2 5
108 39 46 11 5
118 39 32 0 5
121 39 39 3 5
39 61 39 5 5
39 65 42 5 5
39 77 41 3 5
39 87 46 8 5
39 93 38 5 5
40 8 27 0 5
15 40 27 0 5
16 40 40 4 5
30 40 30 1 5
31 40 45 7 5
103 40 37 3 5
118 40 22 1 5
119 40 34 7 5
40 48 34 2 5
40 94 26 0 5
41 8 25 1 5
11 41 46 5 5
22 41 38 4 5
27 41 33 7 5
30 41 28 2 5
118 41 22 1 5
41 44 35 2 5
41 53 31 1 5
41 65 38 3 5
41 77 35 2 5
41 93 36 2 5
41 94 24 1 5
32 42 47 7 5
42 72 39 8 5
42 93 41 5 5
44 8 22 0 5
14 44 46 8 5
15 44 20 1 5
20 44 38 5 5
30 44 25 1 5
103 44 30 4 5
112 44 39 6 5
116 44 30 2 5
118 44 19 0 5
44 84 29 2 5
44 94 19 1 5
44 97 36 4 5
11 45 54 15 5
107 45 51 14 5
45 53 51 5 5
45 94 50 2 5
100 46 41 11 5
111 46 48 7 5
121 46 42 6 5
127 46 41 5 5
46 63 47 12 5
47 8 20 0 5
15 47 20 0 5
32 47 33 5 5
33 47 34 4 5
117 47 29 4 5
118 47 17 0 5
123 47 23 0 5
47 48 27 2 5
47 64 26 5 5
47 65 25 6 5
47 88 27 1 5
47 94 19 0 5
47 97 32 5 5
48 8 21 0 5
15 48 21 0 5
30 48 24 1 5
47 48 27 2 5
100 48 34 3 5
118 48 18 0 5
119 48 32 5 5
123 48 24 0 5
48 71 36 4 5
48 88 26 2 5
48 89 36 5 5
48 94 20 0 5
48 98 27 2 5
48 99 33 4 5
49 93 46 9 5
50 8 26 0 5
15 50 26 0 5
22 50 37 4 5
23 50 34 3 5
30 50 29 1 5
44 50 34 2 5
118 50 23 0 5
50 53 28 2 5
50 61 30 5 5
50 76 33 2 5
50 78 39 6 5
50 81 42 7 5
50 84 33 2 5
50 94 25 0 5
11 52 59 15 5
53 8 14 1 5
15 53 16 0 5
22 53 29 3 5
30 53 19 1 5
50 53 28 2 5
118 53 11 1 5
123 53 17 1 5
53 61 22 4 5
53 72 29 2 5
53 84 23 2 5
53 93 23 3 5
53 94 13 1 5
44 55 37 3 5
47 55 35 3 5
103 55 31 8 5
105 55 30 4 5
121 55 33 4 5
55 57 40 14 5
55 78 42 7 5
55 82 35 3 5
55 98 33 4 5
15 56 37 1 5
23 56 39 7 5
100 56 44 7 5
105 56 40 3 5
111 56 35 11 5
116 56 41 5 5
121 56 39 5 5
127 56 40 3 5
56 76 40 5 5
56 94 36 1 5
55 57 40 14 5
103 57 37 13 5
105 57 46 4 5
111 57 51 7 5
121 57 43 7 5
127 57 46 4 5
57 76 48 5 5
15 58 42 1 5
40 58 49 6 5
48 58 49 3 5
123 58 43 2 5
58 84 49 3 5
53 59 78 7 5
100 59 77 14 5
60 8 55 4 5
60 89 60 14 5
61 8 18 3 5
15 61 24 0 5
22 61 37 3 5
50 61 30 5 5
53 61 22 4 5
118 61 21 0 5
123 61 25 1 5
125 61 36 5 5
61 64 34 3 5
61 72 33 4 5
61 82 30 2 5
61 84 29 3 5
61 94 23 0 5
111 62 58 17 5
121 62 66 9 5
62 76 67 9 5
63 8 31 3 5
20 63 45 9 5
44 63 39 5 5
46 63 47 12 5
118 63 32 1 5
121 63 37 5 5
123 63 34 3 5
63 94 34 1 5
64 8 22 2 5
15 64 24 1 5
16 64 39 4 5
47 64 26 5 5
61 64 34 3 5
118 64 23 0 5
64 84 33 2 5
64 94 23 1 5
64 97 38 5 5
64 98 30 3 5
65 8 27 0 5
15 65 27 0 5
47 65 25 6 5
116 65 29 5 5
118 65 24 0 5
65 77 33 3 5
65 87 42 6 5
65 93 28 6 5
65 94 26 0 5
15 66 29 2 5
30 66 34 2 5
44 66 39 3 5
106 66 41 7 5
118 66 30 0 5
123 66 34 1 5
127 66 32 4 5
66 84 38 3 5
66 88 38 2 5
66 94 30 1 5
66 97 45 5 5
66 99 41 6 5
23 67 36 4 5
56 67 43 8 5
107 67 38 8 5
118 67 27 0 5
23 68 56 9 5
47 68 54 8 5
117 68 55 11 5
12 69 44 7 5
118 69 40 0 5
69 99 47 8 5
70 96 60 15 5
12 71 28 10 5
30 71 34 2 5
48 71 36 4 5
100 71 28 12 5
111 71 37 7 5
118 71 30 0 5
121 71 31 6 5
127 71 30 5 5
71 88 32 5 5
71 94 32 0 5
71 99 31 11 5
72 8 27 0 5
15 72 21 3 5
53 72 29 2 5
61 72 33 4 5
103 72 37 3 5
111 72 35 5 5
116 72 33 3 5
118 72 24 0 5
72 74 34 3 5
72 84 34 2 5
72 94 26 0 5
15 73 46 1 5
44 73 50 5 5
100 73 49 9 5
103 73 48 8 5
105 73 43 6 5
111 73 42 12 5
116 73 50 5 5
118 73 43 1 5
121 73 42 8 5
127 73 47 4 5
73 94 45 1 5
74 8 23 0 5
15 74 23 0 5
103 74 33 3 5
116 74 29 3 5
118 74 20 0 5
123 74 26 0 5
74 93 26 5 5
74 94 22 0 5
23 75 51 7 5
76 8 21 0 5
15 76 21 0 5
50 76 33 2 5
53 76 25 1 5
103 76 27 5 5
106 76 33 5 5
116 76 29 2 5
118 76 18 0 5
121 76 23 4 5
127 76 22 3 5
76 84 28 2 5
76 88 26 2 5
76 94 20 0 5
77 8 22 0 5
15 77 22 0 5
30 77 25 1 5
65 77 33 3 5
106 77 36 4 5
116 77 30 2 5
118 77 19 0 5
77 93 29 3 5
77 94 21 0 5
15 78 33 1 5
16 78 40 8 5
50 78 39 6 5
76 78 36 5 5
100 78 38 8 5
103 78 39 6 5
105 78 36 3 5
111 78 35 9 5
116 78 39 4 5
118 78 32 0 5
121 78 35 5 5
127 78 32 5 5
78 94 32 1 5
78 98 39 3 5
16 79 56 7 5
53 79 49 3 5
79 93 52 5 5
79 94 44 2 5
12 80 53 6 5
18 80 55 9 5
32 80 57 8 5
48 80 51 5 5
80 89 53 11 5
80 99 50 10 5
8 81 40 0 5
15 81 40 0 5
30 81 37 4 5
48 81 45 3 5
50 81 42 7 5
53 81 42 2 5
61 81 44 5 5
118 81 37 0 5
122 81 35 13 5
81 84 37 7 5
81 94 39 0 5
8 82 14 3 5
12 82 29 3 5
15 82 20 0 5
23 82 30 2 5
30 82 23 1 5
53 82 24 1 5
55 82 35 3 5
61 82 30 2 5
105 82 25 1 5
107 82 36 4 5
118 82 15 1 5
82 94 17 1 5
82 98 26 2 5
74 83 57 12 5
8 84 21 0 5
15 84 17 2 5
30 84 22 2 5
44 84 29 2 5
50 84 33 2 5
53 84 23 2 5
61 84 29 3 5
64 84 33 2 5
76 84 28 2 5
82 84 29 1 5
118 84 18 0 5
123 84 24 0 5
84 94 18 1 5
84 98 29 1 5
40 85 64 9 5
33 86 32 15 5
44 86 42 5 5
47 86 42 4 5
100 86 43 8 5
105 86 37 5 5
111 86 38 10 5
118 86 37 0 5
121 86 36 7 5
127 86 41 3 5
15 87 35 1 5
39 87 46 8 5
65 87 42 6 5
72 87 44 5 5
74 87 38 6 5
76 87 42 3 5
77 87 43 3 5
82 87 41 3 5
84 87 42 3 5
116 87 41 4 5
121 87 41 3 5
123 87 38 1 5
87 93 40 5 5
87 95 41 12 5
8 88 19 0 5
12 88 26 4 5
15 88 19 0 5
23 88 29 2 5
30 88 22 1 5
47 88 27 1 5
48 88 26 2 5
71 88 32 5 5
76 88 26 2 5
118 88 16 0 5
123 88 22 0 5
127 88 24 1 5
88 94 18 0 5
88 99 33 3 5
7 89 43 11 5
8 89 33 1 5
12 89 34 8 5
18 89 34 12 5
19 89 42 11 5
48 89 36 5 5
77 89 41 3 5
89 99 37 9 5
15 92 54 2 5
30 92 57 3 5
53 92 58 3 5
127 92 55 5 5
92 99 54 12 5
8 93 23 0 5
11 93 36 8 5
15 93 23 0 5
53 93 23 3 5
65 93 28 6 5
74 93 26 5 5
77 93 29 3 5
116 93 25 5 5
118 93 20 0 5
93 94 22 0 5
8 94 7 1 5
15 94 7 1 5
30 94 12 1 5
44 94 19 1 5
47 94 19 0 5
48 94 20 0 5
53 94 13 1 5
76 94 20 0 5
82 94 17 1 5
84 94 18 1 5
88 94 18 0 5
105 94 16 0 5
118 94 4 1 5
121 94 19 0 5
123 94 8 2 5
127 94 16 0 5
94 98 13 3 5
15 95 36 1 5
16 95 43 8 5
87 95 41 12 5
94 95 35 1 5
105 95 37 4 5
111 95 40 8 5
116 95 38 6 5
118 95 35 0 5
95 98 42 3 5
8 96 43 2 5
30 96 46 3 5
88 96 50 3 5
118 96 42 1 5
127 96 46 4 5
8 97 32 0 5
15 97 30 1 5
20 97 40 9 5
30 97 33 2 5
33 97 38 8 5
44 97 36 4 5
47 97 32 5 5
86 97 42 10 5
94 97 29 1 5
105 97 35 2 5
111 97 38 6 5
116 97 38 3 5
118 97 29 0 5
121 97 36 3 5
127 97 33 3 5
8 98 20 0 5
15 98 18 1 5
27 98 32 4 5
48 98 27 2 5
55 98 33 4 5
64 98 30 3 5
82 98 26 2 5
94 98 13 3 5
100 98 33 3 5
105 98 19 4 5
118 98 17 0 5
123 98 19 2 5
8 99 30 0 5
12 99 31 7 5
15 99 30 0 5
18 99 33 10 5
30 99 31 2 5
48 99 33 4 5
71 99 31 11 5
88 99 33 3 5
94 99 29 0 5
100 99 33 8 5
118 99 27 0 5
127 99 27 5 5
100 8 29 0 5
100 12 30 7 5
100 15 27 1 5
100 48 34 3 5
100 71 28 12 5
100 76 34 3 5
100 88 34 2 5
100 94 26 1 5
100 98 33 3 5
100 99 33 8 5
100 105 30 3 5
100 111 31 8 5
100 116 35 3 5
100 118 26 0 5
100 121 27 6 5
100 127 24 6 5
101 47 57 7 5
103 8 26 0 5
103 15 26 0 5
103 44 30 4 5
103 55 31 8 5
103 74 33 3 5
103 76 27 5 5
103 88 31 2 5
103 94 25 0 5
103 105 29 2 5
103 116 34 2 5
103 118 23 0 5
103 121 26 5 5
103 127 27 3 5
104 53 46 4 5
104 72 47 9 5
104 74 45 8 5
104 93 41 10 5
104 95 42 17 5
105 8 17 0 5
105 15 17 0 5
105 33 31 4 5
105 55 30 4 5
105 82 25 1 5
105 94 16 0 5
105 98 19 4 5
100 105 30 3 5
103 105 29 2 5
105 111 29 3 5
105 116 27 1 5
105 118 14 0 5
105 121 23 2 5
105 123 20 0 5
106 66 41 7 5
106 76 33 5 5
106 77 36 4 5
106 88 37 2 5
106 118 29 0 5
106 123 31 2 5
107 8 32 1 5
107 23 28 10 5
107 47 38 3 5
107 67 38 8 5
107 82 36 4 5
107 94 31 1 5
107 117 33 9 5
107 118 31 0 5
107 123 33 2 5
108 8 39 2 5
108 15 41 1 5
108 39 46 11 5
108 82 45 4 5
108 94 40 1 5
108 123 36 5 5
108 125 49 8 5
109 50 60 8 5
110 75 69 21 5
111 8 28 0 5
111 15 26 1 5
111 16 29 10 5
111 94 25 1 5
105 111 29 3 5
111 116 28 6 5
111 118 25 0 5
111 121 20 9 5
111 127 27 4 5
112 15 37 1 5
112 44 39 6 5
112 94 36 1 5
100 112 44 7 5
103 112 37 9 5
111 112 41 8 5
112 121 35 7 5
112 127 40 3 5
113 98 52 6 5
115 12 46 6 5
115 18 46 10 5
115 77 45 5 5
116 8 22 0 5
116 15 22 0 5
116 44 30 2 5
116 65 29 5 5
116 72 33 3 5
116 74 29 3 5
116 76 29 2 5
116 77 30 2 5
116 93 25 5 5
116 94 21 0 5
105 116 27 1 5
111 116 28 6 5
116 118 19 0 5
116 121 28 2 5
116 127 25 2 5
117 23 29 6 5
117 31 43 8 5
117 47 29 4 5
117 94 26 0 5
107 117 33 9 5
117 118 24 0 5
118 8 5 1 5
118 15 7 0 5
118 30 10 1 5
118 47 17 0 5
118 53 11 1 5
118 82 15 1 5
118 88 16 0 5
118 94 4 1 5
118 98 17 0 5
105 118 14 0 5
118 121 15 1 5
118 123 10 0 5
118 127 14 0 5
119 12 36 5 5
119 18 44 5 5
119 40 34 7 5
119 47 35 3 5
119 48 32 5 5
119 88 36 2 5
119 99 37 7 5
100 119 36 7 5
118 119 28 0 5
120 21 60 9 5
106 120 57 9 5
121 8 20 0 5
121 15 20 0 5
121 53 24 1 5
121 76 23 4 5
121 94 19 0 5
103 121 26 5 5
105 121 23 2 5
111 121 20 9 5
116 121 28 2 5
118 121 15 1 5
121 123 21 1 5
121 127 19 4 5
122 8 29 1 5
122 15 29 1 5
122 30 30 3 5
122 44 39 2 5
122 48 38 2 5
122 53 35 1 5
122 81 35 13 5
122 84 36 3 5
122 94 26 2 5
118 122 26 1 5
123 8 13 0 5
123 15 13 0 5
123 30 18 0 5
123 53 17 1 5
123 61 25 1 5
123 88 22 0 5
123 94 8 2 5
123 98 19 2 5
105 123 20 0 5
118 123 10 0 5
121 123 21 1 5
123 127 20 0 5
125 8 26 3 5
125 15 32 0 5
125 61 36 5 5
125 94 29 1 5
125 98 38 2 5
118 125 29 0 5
123 125 31 2 5
107 126 51 13 5
117 126 48 11 5
127 8 17 0 5
127 15 17 0 5
127 30 18 2 5
127 76 22 3 5
127 88 24 1 5
127 94 16 0 5
127 99 27 5 5
12 127 26 3 5
100 127 24 6 5
103 127 27 3 5
111 127 27 4 5
116 127 25 2 5
118 127 14 0 5
121 127 19 4 5
123 127 20 0 5
128 40 46 5 5
128 94 38 0 5
118 128 36 0 5
122 128 46 7 5
123 128 36 3 5
129 8 36 1 5
129 15 38 0 5
129 61 42 5 5
129 82 42 3 5
129 94 35 1 5
129 98 42 3 5
105 129 41 2 5
118 129 35 0 5
123 129 37 2 5
125 129 44 8 5
130 27 44 8 5
130 47 40 5 5
130 74 41 6 5
130 88 39 5 5
130 94 37 1 5
100 130 45 7 5
103 130 42 7 5
105 130 41 3 5
127 130 41 3 5
