Res1 Res2 NSingle NDouble Method
15 8 10 0 5
17 21 51 13 5
18 23 37 5 5
16 27 35 8 5
30 8 13 1 5
12 30 26 2 5
15 30 15 0 5
23 31 36 10 5
16 33 39 7 5
31 40 45 7 5
41 8 25 1 5
22 41 38 4 5
27 41 33 7 5
30 41 28 2 5
14 44 46 8 5
15 44 20 1 5
20 44 38 5 5
30 44 25 1 5
32 47 33 5 5
33 47 34 4 5
30 48 24 1 5
47 48 27 2 5
22 50 37 4 5
53 8 14 1 5
15 53 16 0 5
22 53 29 3 5
30 53 19 1 5
50 53 28 2 5
55 57 40 14 5
61 8 18 3 5
22 61 37 3 5
50 61 30 5 5
53 61 22 4 5
46 63 47 12 5
64 8 22 2 5
47 64 26 5 5
61 64 34 3 5
47 65 25 6 5
12 71 28 10 5
48 71 36 4 5
53 72 29 2 5
61 72 33 4 5
50 76 33 2 5
30 77 25 1 5
65 77 33 3 5
16 78 40 8 5
50 78 39 6 5
50 81 42 7 5
8 82 14 3 5
12 82 29 3 5
23 82 30 2 5
30 82 23 1 5
55 82 35 3 5
61 82 30 2 5
15 84 17 2 5
30 84 22 2 5
44 84 29 2 5
50 84 33 2 5
53 84 23 2 5
61 84 29 3 5
64 84 33 2 5
76 84 28 2 5
33 86 32 15 5
39 87 46 8 5
65 87 42 6 5
12 88 26 4 5
15 88 19 0 5
23 88 29 2 5
30 88 22 1 5
47 88 27 1 5
48 88 26 2 5
71 88 32 5 5
76 88 26 2 5
7 89 43 11 5
12 89 34 8 5
18 89 34 12 5
19 89 42 11 5
48 89 36 5 5
11 93 36 8 5
53 93 23 3 5
65 93 28 6 5
74 93 26 5 5
77 93 29 3 5
8 94 7 1 5
15 94 7 1 5
30 94 12 1 5
44 94 19 1 5
47 94 19 0 5
48 94 20 0 5
53 94 13 1 5
76 94 20 0 5
82 94 17 1 5
84 94 18 1 5
88 94 18 0 5
87 95 41 12 5
33 97 38 8 5
44 97 36 4 5
47 97 32 5 5
15 98 18 1 5
27 98 32 4 5
48 98 27 2 5
55 98 33 4 5
64 98 30 3 5
82 98 26 2 5
94 98 13 3 5
12 99 31 7 5
18 99 33 10 5
48 99 33 4 5
71 99 31 11 5
88 99 33 3 5
100 12 30 7 5
100 48 34 3 5
100 71 28 12 5
100 98 33 3 5
100 99 33 8 5
103 44 30 4 5
103 55 31 8 5
103 74 33 3 5
103 76 27 5 5
105 8 17 0 5
105 15 17 0 5
105 33 31 4 5
105 55 30 4 5
105 82 25 1 5
105 94 16 0 5
105 98 19 4 5
100 105 30 3 5
103 105 29 2 5
106 66 41 7 5
106 76 33 5 5
106 77 36 4 5
107 23 28 10 5
107 67 38 8 5
107 82 36 4 5
108 39 46 11 5
111 16 29 10 5
105 111 29 3 5
112 44 39 6 5
116 44 30 2 5
116 65 29 5 5
116 72 33 3 5
116 74 29 3 5
116 76 29 2 5
116 77 30 2 5
116 93 25 5 5
105 116 27 1 5
111 116 28 6 5
117 23 29 6 5
117 31 43 8 5
117 47 29 4 5
107 117 33 9 5
118 8 5 1 5
118 15 7 0 5
118 30 10 1 5
118 47 17 0 5
118 53 11 1 5
118 82 15 1 5
118 88 16 0 5
118 94 4 1 5
118 98 17 0 5
105 118 14 0 5
119 40 34 7 5
119 48 32 5 5
121 76 23 4 5
121 94 19 0 5
103 121 26 5 5
105 121 23 2 5
111 121 20 9 5
116 121 28 2 5
118 121 15 1 5
122 30 30 3 5
122 81 35 13 5
123 8 13 0 5
123 15 13 0 5
123 30 18 0 5
123 53 17 1 5
123 61 25 1 5
123 88 22 0 5
123 94 8 2 5
123 98 19 2 5
105 123 20 0 5
118 123 10 0 5
121 123 21 1 5
125 61 36 5 5
127 8 17 0 5
127 15 17 0 5
127 30 18 2 5
127 76 22 3 5
127 88 24 1 5
127 94 16 0 5
127 99 27 5 5
12 127 26 3 5
100 127 24 6 5
103 127 27 3 5
111 127 27 4 5
116 127 25 2 5
118 127 14 0 5
121 127 19 4 5
123 127 20 0 5
