Res1 Res2 NSingle NDouble Method
2 48 7 21 3
4 97 9 11 3
6 7 6 14 3
54 8 5 9 3
35 9 10 22 3
11 19 9 12 3
14 24 6 14 3
19 64 6 11 3
21 87 6 15 3
22 89 6 6 3
14 24 6 14 3
119 26 4 7 3
14 28 12 15 3
18 30 2 4 3
32 60 10 15 3
34 75 5 10 3
100 38 2 10 3
40 54 6 9 3
44 45 11 18 3
44 70 10 15 3
45 62 8 21 3
2 48 7 21 3
46 49 2 6 3
60 64 4 12 3
45 62 8 21 3
60 64 4 12 3
67 88 6 13 3
70 93 7 13 3
71 83 2 11 3
71 84 2 11 3
34 75 5 10 3
71 75 6 9 3
75 84 6 10 3
123 76 6 8 3
80 85 1 7 3
71 83 2 11 3
83 84 2 12 3
71 84 2 11 3
83 84 2 12 3
80 85 1 7 3
21 87 6 15 3
22 89 6 6 3
89 91 5 7 3
100 90 4 8 3
89 91 5 7 3
101 98 2 9 3
108 98 2 9 3
17 99 21 0 3
20 99 14 0 3
33 99 16 0 3
36 99 11 0 3
37 99 15 0 3
43 99 20 0 3
56 99 9 0 3
63 99 11 0 3
65 99 12 0 3
77 99 15 0 3
79 99 16 0 3
118 99 8 0 3
120 99 13 0 3
125 99 0 3 3
101 108 0 10 3
103 120 2 9 3
104 117 1 9 3
105 121 0 10 3
101 108 0 10 3
110 115 2 5 3
116 122 0 4 3
104 117 1 9 3
100 120 2 9 3
101 120 2 9 3
103 120 2 9 3
108 120 2 9 3
105 121 0 10 3
116 122 0 4 3
125 17 21 0 3
125 20 14 0 3
125 33 16 0 3
125 36 11 0 3
125 37 15 0 3
125 43 20 0 3
125 56 9 0 3
125 63 11 0 3
125 65 12 0 3
125 77 15 0 3
125 79 16 0 3
125 99 0 3 3
118 125 8 0 3
120 125 13 0 3
