Res1 Res2 NSingle NDouble Method
2 33 19 13 3
2 34 20 12 3
120 3 9 11 3
6 7 15 13 3
41 9 24 24 3
83 9 25 16 3
84 9 25 16 3
10 82 16 12 3
10 87 16 13 3
11 40 12 12 3
13 34 8 8 3
13 39 7 8 3
14 24 7 16 3
100 15 26 10 3
16 2 28 19 3
21 87 13 15 3
22 89 6 8 3
14 24 7 16 3
25 95 27 14 3
11 28 24 15 3
14 28 23 15 3
20 28 24 11 3
103 28 25 11 3
28 98 24 11 3
105 32 22 14 3
121 32 22 14 3
32 60 21 17 3
33 39 8 10 3
37 65 12 5 3
37 92 12 7 3
13 39 7 8 3
130 39 7 9 3
39 71 7 9 3
41 70 22 14 3
43 98 14 11 3
44 70 18 14 3
44 45 21 17 3
45 49 21 7 3
45 62 14 22 3
45 70 21 12 3
2 48 20 23 3
46 49 3 6 3
50 97 9 10 3
51 79 21 12 3
100 58 4 10 3
19 60 11 13 3
44 62 19 20 3
45 62 14 22 3
66 98 16 10 3
70 93 14 12 3
71 83 5 12 3
71 84 5 12 3
100 72 5 10 3
107 74 2 4 3
71 75 7 10 3
75 84 10 11 3
123 76 10 10 3
80 85 1 8 3
71 83 5 12 3
83 84 4 15 3
71 84 5 12 3
83 84 4 15 3
80 85 1 8 3
82 87 12 12 3
22 89 6 8 3
89 91 7 7 3
37 92 12 7 3
50 97 9 10 3
79 97 12 8 3
93 97 11 11 3
101 98 5 10 3
108 98 5 10 3
17 99 23 0 3
20 99 17 0 3
28 99 37 0 3
33 99 19 0 3
36 99 13 0 3
37 99 16 0 3
43 99 27 0 3
56 99 11 0 3
63 99 14 0 3
65 99 14 0 3
77 99 19 0 3
79 99 19 0 3
103 99 18 0 3
109 99 9 0 3
111 99 9 0 3
114 99 11 0 3
118 99 9 0 3
119 99 13 0 3
120 99 17 0 3
125 99 0 4 3
100 58 4 10 3
101 108 0 12 3
103 120 3 12 3
104 117 1 9 3
105 121 0 14 3
101 108 0 12 3
111 115 1 5 3
112 127 3 7 3
111 115 1 5 3
115 126 1 5 3
116 122 0 4 3
104 117 1 9 3
103 120 3 12 3
105 121 0 14 3
116 122 0 4 3
125 17 23 0 3
125 20 17 0 3
125 28 37 0 3
125 33 19 0 3
125 36 13 0 3
125 37 16 0 3
125 43 27 0 3
125 56 11 0 3
125 63 14 0 3
125 65 14 0 3
125 77 19 0 3
125 79 19 0 3
125 99 0 4 3
103 125 18 0 3
109 125 9 0 3
111 125 9 0 3
114 125 11 0 3
118 125 9 0 3
119 125 13 0 3
120 125 17 0 3
111 126 2 4 3
115 126 1 5 3
116 126 1 4 3
122 126 1 4 3
127 129 2 5 3
130 39 7 9 3
