Res1 Res2 NSingle NDouble Method
1 80 12 4 3
1 88 12 4 3
4 92 10 17 3
12 72 8 14 3
117 13 5 16 3
20 92 7 19 3
23 87 29 35 3
24 37 22 22 3
24 60 27 10 3
24 63 26 12 3
37 49 20 19 3
10 40 22 17 3
40 51 24 15 3
40 63 24 12 3
40 96 19 17 3
17 42 12 9 3
128 54 12 12 3
13 56 11 19 3
83 87 25 25 3
2 92 7 17 3
101 112 0 9 3
104 109 57 20 3
104 110 49 30 3
109 117 13 12 3
110 49 12 25 3
101 112 0 9 3
117 13 5 16 3
124 44 17 9 3
124 97 18 9 3
101 124 17 9 3
112 124 17 9 3
114 124 16 12 3
124 130 17 14 3
130 85 15 9 3
