Res1 Res2 NSingle NDouble Method
15 6 13 6 5
20 6 12 9 5
24 40 11 4 5
35 40 5 8 5
2 41 16 5 5
24 46 6 6 5
54 6 14 3 5
15 54 11 3 5
17 56 13 3 5
45 59 11 9 5
54 60 14 6 5
35 61 12 6 5
20 62 13 8 5
35 62 13 5 5
64 7 14 9 5
45 64 13 10 5
59 64 12 8 5
45 65 10 13 5
50 69 12 5 5
63 76 15 14 5
37 85 13 5 5
86 87 17 5 5
18 89 10 5 5
11 91 4 0 5
85 92 8 10 5
17 95 13 3 5
56 95 10 1 5
56 99 11 1 5
89 99 9 4 5
95 99 11 1 5
100 102 5 9 5
104 18 9 5 5
105 88 7 5 5
102 105 9 6 5
104 105 8 5 5
106 24 10 7 5
106 46 6 10 5
108 62 7 7 5
102 108 8 6 5
109 98 3 10 5
100 109 5 9 5
100 110 0 11 5
102 110 5 9 5
109 110 5 9 5
111 72 12 6 5
113 41 12 1 5
11 113 2 0 5
114 89 10 5 5
114 99 9 4 5
108 114 6 6 5
109 114 8 7 5
117 2 14 8 5
119 2 14 6 5
119 95 13 3 5
117 119 14 8 5
120 2 9 5 5
120 86 11 1 5
120 95 10 1 5
121 35 9 1 5
121 40 10 1 5
11 121 2 0 5
113 121 2 0 5
122 6 13 3 5
122 54 9 1 5
104 123 9 6 5
124 88 5 5 5
124 99 8 3 5
125 41 16 6 5
125 72 16 8 5
111 125 12 5 5
114 128 6 9 5
104 129 10 6 5
114 129 3 10 5
128 129 3 12 5
