Res1 Res2 NSingle NDouble Method
20 6 5 9 5
11 22 3 1 5
35 40 4 5 5
24 46 1 6 5
40 57 9 7 5
45 59 6 6 5
54 60 8 4 5
40 61 5 6 5
64 7 6 9 5
45 64 5 8 5
59 64 7 6 5
45 65 6 8 5
63 76 7 11 5
37 85 7 5 5
75 85 4 7 5
81 85 3 8 5
11 91 3 0 5
75 92 4 8 5
81 92 5 8 5
85 92 2 8 5
17 95 10 3 5
100 99 4 4 5
100 102 2 6 5
105 88 5 3 5
104 105 4 4 5
106 24 5 6 5
106 46 4 6 5
109 98 0 9 5
110 99 4 4 5
100 110 0 7 5
102 110 2 6 5
113 91 3 0 5
11 113 2 0 5
100 114 3 6 5
102 114 3 6 5
108 114 3 5 5
110 114 3 6 5
117 2 11 7 5
119 2 8 6 5
120 2 7 4 5
120 95 8 1 5
121 24 6 1 5
121 46 5 1 5
121 91 3 0 5
11 121 2 0 5
113 121 2 0 5
122 86 6 1 5
124 88 3 3 5
100 124 3 4 5
102 124 3 4 5
105 124 4 3 5
110 124 3 4 5
125 41 10 5 5
111 125 8 4 5
128 98 2 8 5
104 128 3 6 5
109 128 2 8 5
114 128 1 8 5
129 98 2 8 5
104 129 3 6 5
109 129 2 8 5
114 129 1 8 5
128 129 0 9 5
