Res1 Res2 NSingle NDouble Method
1 106 34 12 5
117 2 14 8 5
119 2 14 6 5
120 2 9 5 5
2 41 16 5 5
15 6 13 6 5
20 6 12 9 5
54 6 14 3 5
121 6 13 1 5
122 6 13 3 5
64 7 14 9 5
7 85 16 5 5
61 9 21 10 5
10 11 1 0 5
107 11 1 0 5
11 12 1 0 5
11 23 1 0 5
11 48 1 0 5
11 52 1 0 5
11 58 1 0 5
11 78 1 0 5
11 82 1 0 5
11 91 4 0 5
11 93 1 0 5
11 113 2 0 5
11 121 2 0 5
128 13 20 9 5
15 6 13 6 5
15 54 11 3 5
15 60 17 7 5
108 16 23 7 5
17 56 13 3 5
17 86 16 2 5
17 95 13 3 5
100 18 11 5 5
102 18 8 7 5
104 18 9 5 5
105 18 9 5 5
110 18 11 5 5
124 18 7 5 5
18 89 10 5 5
18 98 11 5 5
20 6 12 9 5
20 35 16 5 5
20 62 13 8 5
10 22 6 0 5
11 22 5 1 5
12 22 6 0 5
107 22 6 0 5
113 22 7 0 5
121 22 7 0 5
22 23 6 0 5
22 48 6 0 5
22 52 6 0 5
22 58 6 0 5
22 78 6 0 5
22 82 6 0 5
22 93 6 0 5
106 24 10 7 5
24 35 12 3 5
24 40 11 4 5
24 46 6 6 5
121 26 14 1 5
32 59 17 8 5
33 46 24 8 5
104 34 11 8 5
108 34 12 7 5
114 34 14 7 5
123 34 14 8 5
121 35 9 1 5
124 35 9 4 5
35 40 5 8 5
35 61 12 6 5
35 62 13 5 5
37 85 13 5 5
37 92 13 9 5
37 96 17 7 5
125 38 22 13 5
38 72 26 12 5
24 40 11 4 5
35 40 5 8 5
100 40 12 5 5
102 40 13 5 5
105 40 10 5 5
109 40 13 5 5
110 40 12 5 5
121 40 10 1 5
124 40 8 5 5
40 88 9 5 5
40 98 12 5 5
2 41 16 5 5
113 41 12 1 5
125 41 16 6 5
111 43 22 6 5
45 59 11 9 5
45 64 13 10 5
45 65 10 13 5
24 46 6 6 5
106 46 6 10 5
49 51 28 14 5
24 50 12 2 5
28 50 18 6 5
50 69 12 5 5
50 81 16 6 5
50 85 12 3 5
51 6 23 11 5
54 6 14 3 5
15 54 11 3 5
122 54 9 1 5
54 60 14 6 5
17 56 13 3 5
56 95 10 1 5
56 99 11 1 5
35 57 16 8 5
40 57 17 8 5
45 59 11 9 5
59 64 12 8 5
54 60 14 6 5
35 61 12 6 5
40 61 11 7 5
20 62 13 8 5
35 62 13 5 5
108 62 7 7 5
114 62 13 5 5
128 62 13 7 5
129 62 12 7 5
63 76 15 14 5
64 7 14 9 5
45 64 13 10 5
59 64 12 8 5
45 65 10 13 5
59 65 17 7 5
22 66 15 6 5
119 66 18 8 5
123 66 19 7 5
50 69 12 5 5
69 85 10 7 5
70 73 31 11 5
70 95 31 5 5
111 72 12 6 5
125 72 16 8 5
11 73 17 1 5
22 73 18 3 5
125 73 21 6 5
124 74 14 5 5
75 92 9 12 5
15 76 23 5 5
63 76 15 14 5
100 79 11 8 5
110 79 11 8 5
79 88 12 6 5
122 80 19 2 5
80 86 17 4 5
81 85 12 9 5
81 92 10 14 5
18 83 15 5 5
79 83 15 8 5
124 83 14 4 5
83 89 15 5 5
114 84 17 7 5
84 85 17 7 5
84 89 17 7 5
37 85 13 5 5
85 92 8 10 5
10 86 7 0 5
12 86 7 0 5
23 86 7 0 5
48 86 7 0 5
52 86 7 0 5
58 86 7 0 5
78 86 7 0 5
82 86 7 0 5
107 86 7 0 5
120 86 11 1 5
86 87 17 5 5
86 93 7 0 5
24 87 18 5 5
86 87 17 5 5
105 88 7 5 5
124 88 5 5 5
88 99 9 3 5
18 89 10 5 5
100 89 9 6 5
110 89 9 6 5
114 89 10 5 5
89 99 9 4 5
34 90 21 11 5
128 90 17 11 5
10 91 3 0 5
11 91 4 0 5
12 91 3 0 5
23 91 3 0 5
48 91 3 0 5
52 91 3 0 5
58 91 3 0 5
78 91 3 0 5
82 91 3 0 5
107 91 3 0 5
113 91 4 0 5
121 91 4 0 5
91 93 3 0 5
85 92 8 10 5
10 95 6 0 5
12 95 6 0 5
17 95 13 3 5
23 95 6 0 5
48 95 6 0 5
52 95 6 0 5
56 95 10 1 5
58 95 6 0 5
78 95 6 0 5
82 95 6 0 5
93 95 6 0 5
107 95 6 0 5
119 95 13 3 5
120 95 10 1 5
95 99 11 1 5
88 98 9 5 5
100 98 8 7 5
105 98 6 7 5
109 98 3 10 5
110 98 8 7 5
114 98 9 6 5
124 98 8 5 5
98 99 10 4 5
56 99 11 1 5
89 99 9 4 5
95 99 11 1 5
114 99 9 4 5
124 99 8 3 5
100 88 9 5 5
100 99 6 6 5
100 102 5 9 5
100 108 9 5 5
100 109 5 9 5
100 110 0 11 5
100 124 4 7 5
102 88 10 5 5
102 99 11 4 5
100 102 5 9 5
102 105 9 6 5
102 108 8 6 5
102 110 5 9 5
102 114 10 6 5
102 124 5 7 5
104 12 9 0 5
104 18 9 5 5
104 23 9 0 5
104 48 9 0 5
104 52 9 0 5
104 58 9 0 5
104 78 9 0 5
104 82 9 0 5
104 93 9 0 5
10 104 9 0 5
104 105 8 5 5
104 107 9 0 5
104 123 9 6 5
104 129 10 6 5
105 12 9 0 5
105 23 9 0 5
105 48 9 0 5
105 52 9 0 5
105 58 9 0 5
105 78 9 0 5
105 82 9 0 5
105 88 7 5 5
105 93 9 0 5
105 99 10 3 5
10 105 9 0 5
102 105 9 6 5
104 105 8 5 5
105 107 9 0 5
105 124 6 5 5
106 24 10 7 5
106 35 16 5 5
106 40 15 6 5
106 46 6 10 5
108 12 8 0 5
108 23 8 0 5
108 48 8 0 5
108 52 8 0 5
108 58 8 0 5
108 62 7 7 5
108 78 8 0 5
108 82 8 0 5
108 93 8 0 5
108 99 9 3 5
10 108 8 0 5
102 108 8 6 5
107 108 8 0 5
108 114 6 6 5
109 88 10 5 5
109 98 3 10 5
109 99 7 6 5
100 109 5 9 5
105 109 7 7 5
108 109 10 5 5
109 110 5 9 5
109 114 8 7 5
109 124 9 5 5
110 99 6 6 5
100 110 0 11 5
102 110 5 9 5
109 110 5 9 5
110 124 4 7 5
111 72 12 6 5
111 125 12 5 5
113 12 1 0 5
113 23 1 0 5
113 41 12 1 5
113 48 1 0 5
113 52 1 0 5
113 58 1 0 5
113 78 1 0 5
113 82 1 0 5
113 93 1 0 5
10 113 1 0 5
11 113 2 0 5
107 113 1 0 5
113 121 2 0 5
114 89 10 5 5
114 99 9 4 5
108 114 6 6 5
109 114 8 7 5
114 128 6 9 5
114 129 3 10 5
115 124 16 5 5
117 2 14 8 5
117 119 14 8 5
117 120 13 5 5
108 118 17 5 5
114 118 19 5 5
119 2 14 6 5
119 95 13 3 5
117 119 14 8 5
119 120 11 4 5
120 2 9 5 5
120 23 6 0 5
120 48 6 0 5
120 52 6 0 5
120 58 6 0 5
120 78 6 0 5
120 82 6 0 5
120 86 11 1 5
120 93 6 0 5
120 95 10 1 5
10 120 6 0 5
12 120 6 0 5
107 120 6 0 5
121 23 1 0 5
121 35 9 1 5
121 40 10 1 5
121 48 1 0 5
121 52 1 0 5
121 58 1 0 5
121 62 12 1 5
121 78 1 0 5
121 82 1 0 5
121 93 1 0 5
10 121 1 0 5
11 121 2 0 5
12 121 1 0 5
107 121 1 0 5
113 121 2 0 5
122 6 13 3 5
122 20 15 3 5
122 54 9 1 5
122 60 19 3 5
123 98 13 5 5
104 123 9 6 5
123 128 14 6 5
124 23 7 0 5
124 48 7 0 5
124 52 7 0 5
124 58 7 0 5
124 78 7 0 5
124 82 7 0 5
124 88 5 5 5
124 93 7 0 5
124 99 8 3 5
10 124 7 0 5
11 124 8 0 5
12 124 7 0 5
107 124 7 0 5
113 124 8 0 5
121 124 8 0 5
125 41 16 6 5
125 72 16 8 5
111 125 12 5 5
113 125 14 1 5
126 2 22 5 5
117 126 22 7 5
108 128 6 8 5
114 128 6 9 5
128 129 3 12 5
102 129 9 8 5
104 129 10 6 5
105 129 10 6 5
108 129 5 8 5
109 129 9 8 5
114 129 3 10 5
128 129 3 12 5
