Res1 Res2 NSingle NDouble Method
117 2 11 7 5
119 2 8 6 5
120 2 7 4 5
20 6 5 9 5
45 7 9 7 5
64 7 6 9 5
7 75 9 7 5
7 85 7 7 5
7 92 7 8 5
10 11 1 0 5
107 11 1 0 5
11 12 1 0 5
11 22 3 1 5
11 23 1 0 5
11 48 1 0 5
11 52 1 0 5
11 58 1 0 5
11 78 1 0 5
11 82 1 0 5
11 91 3 0 5
11 93 1 0 5
11 113 2 0 5
11 121 2 0 5
17 56 11 2 5
17 86 11 2 5
17 95 10 3 5
102 18 4 5 5
109 18 6 5 5
114 18 5 5 5
124 18 5 3 5
128 18 6 5 5
129 18 6 5 5
18 98 6 5 5
18 99 6 3 5
20 6 5 9 5
11 22 3 1 5
106 24 5 6 5
121 24 6 1 5
24 46 1 6 5
128 34 6 7 5
129 34 6 7 5
124 35 5 3 5
35 40 4 5 5
37 75 9 5 5
37 85 7 5 5
37 92 7 6 5
35 40 4 5 5
124 40 5 3 5
40 57 9 7 5
40 61 5 6 5
40 88 6 3 5
113 41 8 1 5
125 41 10 5 5
45 59 6 6 5
45 64 5 8 5
45 65 6 8 5
10 46 6 0 5
12 46 6 0 5
23 46 6 0 5
24 46 1 6 5
106 46 4 6 5
107 46 6 0 5
121 46 5 1 5
46 48 6 0 5
46 52 6 0 5
46 58 6 0 5
46 78 6 0 5
46 82 6 0 5
46 93 6 0 5
10 54 4 0 5
12 54 4 0 5
23 54 4 0 5
48 54 4 0 5
52 54 4 0 5
107 54 4 0 5
54 58 4 0 5
54 60 8 4 5
54 78 4 0 5
54 82 4 0 5
54 93 4 0 5
10 56 4 0 5
12 56 4 0 5
23 56 4 0 5
48 56 4 0 5
52 56 4 0 5
107 56 4 0 5
56 58 4 0 5
56 78 4 0 5
56 82 4 0 5
56 93 4 0 5
35 57 9 7 5
40 57 9 7 5
45 59 6 6 5
59 64 7 6 5
15 60 11 5 5
20 60 11 6 5
54 60 8 4 5
35 61 7 5 5
40 61 5 6 5
108 62 5 4 5
63 76 7 11 5
64 7 6 9 5
45 64 5 8 5
59 64 7 6 5
64 85 9 5 5
45 65 6 8 5
125 72 13 5 5
22 73 12 3 5
75 85 4 7 5
75 92 4 8 5
63 76 7 11 5
124 79 7 4 5
81 85 3 8 5
81 92 5 8 5
37 85 7 5 5
75 85 4 7 5
81 85 3 8 5
85 92 2 8 5
10 86 4 0 5
11 86 5 0 5
12 86 4 0 5
23 86 4 0 5
48 86 4 0 5
52 86 4 0 5
58 86 4 0 5
78 86 4 0 5
80 86 10 3 5
82 86 4 0 5
107 86 4 0 5
113 86 5 0 5
121 86 5 0 5
122 86 6 1 5
86 93 4 0 5
105 88 5 3 5
124 88 3 3 5
114 89 5 5 5
10 91 2 0 5
11 91 3 0 5
12 91 2 0 5
23 91 2 0 5
48 91 2 0 5
52 91 2 0 5
58 91 2 0 5
78 91 2 0 5
82 91 2 0 5
107 91 2 0 5
113 91 3 0 5
121 91 3 0 5
91 93 2 0 5
75 92 4 8 5
81 92 5 8 5
85 92 2 8 5
10 95 5 0 5
11 95 6 0 5
12 95 5 0 5
17 95 10 3 5
23 95 5 0 5
48 95 5 0 5
52 95 5 0 5
56 95 7 1 5
58 95 5 0 5
78 95 5 0 5
82 95 5 0 5
93 95 5 0 5
107 95 5 0 5
113 95 6 0 5
120 95 8 1 5
121 95 6 0 5
95 99 8 1 5
100 98 4 6 5
102 98 4 6 5
105 98 3 6 5
108 98 4 5 5
109 98 0 9 5
110 98 4 6 5
114 98 3 7 5
128 98 2 8 5
129 98 2 8 5
10 99 5 0 5
12 99 5 0 5
23 99 5 0 5
48 99 5 0 5
52 99 5 0 5
58 99 5 0 5
78 99 5 0 5
82 99 5 0 5
93 99 5 0 5
100 99 4 4 5
107 99 5 0 5
110 99 4 4 5
100 99 4 4 5
100 102 2 6 5
100 108 4 4 5
100 110 0 7 5
100 114 3 6 5
100 124 3 4 5
100 102 2 6 5
102 108 4 4 5
102 110 2 6 5
102 114 3 6 5
102 124 3 4 5
104 11 7 0 5
104 12 6 0 5
104 23 6 0 5
104 48 6 0 5
104 52 6 0 5
104 58 6 0 5
104 78 6 0 5
104 82 6 0 5
104 93 6 0 5
10 104 6 0 5
104 105 4 4 5
104 107 6 0 5
104 108 5 3 5
104 113 7 0 5
104 121 7 0 5
104 128 3 6 5
104 129 3 6 5
105 88 5 3 5
104 105 4 4 5
105 124 4 3 5
106 24 5 6 5
106 46 4 6 5
108 114 3 5 5
109 98 0 9 5
100 109 4 6 5
102 109 4 6 5
105 109 3 6 5
108 109 4 5 5
109 110 4 6 5
109 114 3 7 5
109 128 2 8 5
109 129 2 8 5
110 99 4 4 5
100 110 0 7 5
102 110 2 6 5
108 110 4 4 5
110 114 3 6 5
110 124 3 4 5
111 12 5 0 5
111 23 5 0 5
111 48 5 0 5
111 52 5 0 5
111 58 5 0 5
111 78 5 0 5
111 82 5 0 5
111 93 5 0 5
10 111 5 0 5
11 111 6 0 5
107 111 5 0 5
111 113 6 0 5
111 121 6 0 5
111 125 8 4 5
113 12 1 0 5
113 23 1 0 5
113 48 1 0 5
113 52 1 0 5
113 58 1 0 5
113 78 1 0 5
113 82 1 0 5
113 91 3 0 5
113 93 1 0 5
10 113 1 0 5
11 113 2 0 5
107 113 1 0 5
113 121 2 0 5
100 114 3 6 5
102 114 3 6 5
104 114 4 5 5
108 114 3 5 5
110 114 3 6 5
114 128 1 8 5
114 129 1 8 5
117 2 11 7 5
117 119 9 8 5
119 2 8 6 5
120 2 7 4 5
120 23 5 0 5
120 48 5 0 5
120 52 5 0 5
120 58 5 0 5
120 78 5 0 5
120 82 5 0 5
120 86 7 1 5
120 93 5 0 5
120 95 8 1 5
10 120 5 0 5
11 120 6 0 5
12 120 5 0 5
107 120 5 0 5
113 120 6 0 5
119 120 7 4 5
120 121 6 0 5
121 23 1 0 5
121 24 6 1 5
121 35 6 1 5
121 40 6 1 5
121 46 5 1 5
121 48 1 0 5
121 52 1 0 5
121 58 1 0 5
121 62 7 1 5
121 78 1 0 5
121 82 1 0 5
121 91 3 0 5
121 93 1 0 5
10 121 1 0 5
11 121 2 0 5
12 121 1 0 5
107 121 1 0 5
113 121 2 0 5
122 23 4 0 5
122 48 4 0 5
122 52 4 0 5
122 54 6 1 5
122 58 4 0 5
122 78 4 0 5
122 82 4 0 5
122 86 6 1 5
122 93 4 0 5
10 122 4 0 5
12 122 4 0 5
107 122 4 0 5
124 88 3 3 5
100 124 3 4 5
102 124 3 4 5
105 124 4 3 5
110 124 3 4 5
125 41 10 5 5
111 125 8 4 5
113 125 10 1 5
128 98 2 8 5
100 128 4 6 5
102 128 4 6 5
104 128 3 6 5
108 128 4 5 5
109 128 2 8 5
110 128 4 6 5
114 128 1 8 5
128 129 0 9 5
129 98 2 8 5
100 129 4 6 5
102 129 4 6 5
104 129 3 6 5
108 129 4 5 5
109 129 2 8 5
110 129 4 6 5
114 129 1 8 5
128 129 0 9 5
