Res1 Res2 NSingle NDouble Method
17 24 1 9 2
28 30 1 5 2
14 35 0 3 2
33 42 0 8 2
34 45 0 9 2
20 48 0 5 2
25 53 0 2 2
31 54 1 5 2
21 56 0 4 2
14 57 0 3 2
35 57 0 3 2
17 58 2 9 2
29 63 0 4 2
19 69 2 6 2
33 72 0 8 2
42 72 0 8 2
20 73 0 5 2
48 73 0 5 2
16 75 2 6 2
32 77 0 7 2
31 78 0 6 2
54 78 1 5 2
19 81 0 7 2
69 81 2 6 2
80 82 0 8 2
59 83 1 6 2
27 84 0 5 2
32 85 0 7 2
77 85 0 7 2
76 86 1 7 2
64 89 0 2 2
17 92 2 9 2
94 95 0 8 2
91 96 1 6 2
34 98 0 9 2
45 98 0 9 2
64 99 0 2 2
89 99 0 2 2
100 17 2 9 2
100 34 1 9 2
100 45 1 9 2
100 58 2 9 2
100 92 2 9 2
100 98 1 9 2
104 14 0 3 2
104 35 0 3 2
104 57 0 3 2
105 50 0 7 2
107 31 0 6 2
107 54 1 5 2
107 78 0 6 2
109 29 0 4 2
109 63 0 4 2
110 15 0 2 2
111 14 0 3 2
111 35 0 3 2
111 57 0 3 2
104 111 0 3 2
112 37 0 7 2
115 90 2 7 2
119 25 0 2 2
119 53 0 2 2
124 49 0 7 2
117 125 1 8 2
126 60 0 5 2
128 34 1 9 2
128 45 1 9 2
128 98 1 9 2
100 128 2 9 2
129 2 0 9 2
