Res1 Res2 NSingle NDouble Method
17 24 4 13 2
28 30 2 6 2
18 42 1 8 2
25 53 0 2 2
27 54 3 8 2
31 54 1 9 2
69 7 3 10 2
19 69 3 10 2
31 78 0 10 2
54 78 1 9 2
19 81 0 12 2
69 81 3 10 2
80 82 0 13 2
27 84 0 10 2
54 84 3 8 2
76 86 3 11 2
70 90 5 9 2
10 94 1 8 2
10 95 1 8 2
94 95 0 9 2
34 98 0 14 2
105 50 0 8 2
106 86 4 10 2
106 90 4 10 2
107 31 0 10 2
107 54 1 9 2
107 78 0 10 2
110 15 0 2 2
112 37 0 8 2
113 87 4 10 2
114 86 2 11 2
106 114 4 10 2
119 25 0 2 2
119 53 0 2 2
124 49 0 8 2
128 45 4 12 2
129 2 0 11 2
