Res1 Res2 NSingle NDouble Method
129 2 0 11 2
69 7 3 10 2
10 94 1 8 2
10 95 1 8 2
110 15 0 2 2
100 17 5 13 2
128 17 6 12 2
17 24 4 13 2
17 58 5 14 2
18 42 1 8 2
19 69 3 10 2
19 81 0 12 2
17 24 4 13 2
119 25 0 2 2
25 53 0 2 2
27 54 3 8 2
27 84 0 10 2
28 5 5 6 2
28 30 2 6 2
28 30 2 6 2
27 31 4 8 2
107 31 0 10 2
31 54 1 9 2
31 78 0 10 2
31 84 4 8 2
18 33 3 8 2
33 42 2 9 2
34 98 0 14 2
112 37 0 8 2
38 4 4 9 2
18 42 1 8 2
34 45 4 12 2
114 45 4 11 2
115 45 6 9 2
128 45 4 12 2
45 86 4 11 2
45 98 4 12 2
124 49 0 8 2
105 50 0 8 2
25 53 0 2 2
119 53 0 2 2
27 54 3 8 2
31 54 1 9 2
107 54 1 9 2
54 78 1 9 2
54 84 3 8 2
2 55 4 10 2
129 55 4 10 2
59 83 1 7 2
69 7 3 10 2
19 69 3 10 2
69 81 3 10 2
70 90 5 9 2
16 75 2 7 2
76 86 3 11 2
27 78 4 8 2
31 78 0 10 2
54 78 1 9 2
107 78 0 10 2
78 84 4 8 2
80 82 0 13 2
19 81 0 12 2
69 81 3 10 2
80 82 0 13 2
27 84 0 10 2
54 84 3 8 2
76 86 3 11 2
106 86 4 10 2
114 86 2 11 2
113 87 4 10 2
70 90 5 9 2
106 90 4 10 2
4 92 6 9 2
38 92 6 10 2
10 94 1 8 2
94 95 0 9 2
10 95 1 8 2
94 95 0 9 2
34 98 0 14 2
100 24 5 12 2
105 50 0 8 2
106 86 4 10 2
106 90 4 10 2
106 114 4 10 2
107 27 4 8 2
107 31 0 10 2
107 54 1 9 2
107 78 0 10 2
107 84 4 8 2
110 15 0 2 2
112 37 0 8 2
113 87 4 10 2
113 96 5 8 2
114 86 2 11 2
106 114 4 10 2
117 96 4 8 2
11 117 4 8 2
117 123 4 8 2
117 125 3 9 2
119 25 0 2 2
119 53 0 2 2
124 49 0 8 2
128 45 4 12 2
114 128 4 11 2
129 2 0 11 2
