Res1 Res2 NSingle NDouble Method
1 131 0 41 1
133 3 0 14 1
136 6 0 12 1
12 27 19 7 1
12 86 18 6 1
12 97 18 8 1
12 122 19 7 1
12 142 0 16 1
12 157 19 7 1
148 18 0 55 1
130 20 21 8 1
150 20 0 18 1
153 23 0 38 1
154 24 0 10 1
155 25 0 58 1
122 26 16 6 1
156 26 0 11 1
160 26 10 4 1
26 30 10 4 1
12 27 19 7 1
142 27 19 7 1
157 27 0 17 1
27 86 11 10 1
27 97 21 7 1
28 6 14 2 1
136 28 14 2 1
158 28 0 6 1
26 30 10 4 1
156 30 10 4 1
160 30 0 7 1
30 88 12 3 1
163 33 0 9 1
164 34 0 49 1
165 35 0 49 1
166 36 0 8 1
36 82 9 1 1
168 38 0 9 1
169 39 0 33 1
172 42 0 30 1
26 48 14 5 1
122 48 16 7 1
156 48 14 5 1
178 48 0 13 1
48 88 12 6 1
181 51 0 47 1
41 52 15 5 1
44 52 22 7 1
171 52 15 5 1
174 52 22 7 1
182 52 0 16 1
184 54 0 79 1
187 57 0 16 1
116 65 30 15 1
195 65 0 35 1
57 69 25 12 1
187 69 25 12 1
116 81 22 16 1
36 82 9 1 1
118 82 7 2 1
166 82 9 1 1
83 97 25 14 1
27 86 11 10 1
157 86 11 10 1
86 97 14 9 1
62 94 19 3 1
87 94 9 2 1
192 94 19 3 1
12 97 18 8 1
42 97 22 13 1
81 97 23 12 1
86 97 14 9 1
125 97 20 12 1
142 97 18 8 1
172 97 22 13 1
113 67 21 7 1
116 12 23 9 1
116 81 22 16 1
116 86 23 8 1
116 97 23 10 1
116 125 19 16 1
116 142 23 9 1
118 6 16 2 1
118 27 19 3 1
118 61 7 1 1
118 82 7 2 1
118 98 14 2 1
118 124 33 5 1
118 128 28 4 1
118 136 16 2 1
118 157 19 3 1
118 191 7 1 1
125 42 20 18 1
125 97 20 12 1
116 125 19 16 1
125 172 20 18 1
1 131 0 41 1
133 3 0 14 1
136 6 0 12 1
142 27 19 7 1
142 86 18 6 1
142 97 18 8 1
12 142 0 16 1
122 142 19 7 1
142 157 19 7 1
148 18 0 55 1
150 20 0 18 1
130 150 21 8 1
153 23 0 38 1
154 24 0 10 1
155 25 0 58 1
156 26 0 11 1
156 30 10 4 1
122 156 16 6 1
156 160 10 4 1
157 27 0 17 1
157 86 11 10 1
157 97 21 7 1
12 157 19 7 1
142 157 19 7 1
158 6 14 2 1
158 28 0 6 1
136 158 14 2 1
160 26 10 4 1
160 30 0 7 1
160 88 12 3 1
156 160 10 4 1
163 33 0 9 1
164 34 0 49 1
165 35 0 49 1
166 36 0 8 1
166 82 9 1 1
168 38 0 9 1
169 39 0 33 1
172 42 0 30 1
178 26 14 5 1
178 48 0 13 1
178 88 12 6 1
122 178 16 7 1
156 178 14 5 1
181 51 0 47 1
182 41 15 5 1
182 44 22 7 1
182 52 0 16 1
171 182 15 5 1
174 182 22 7 1
184 54 0 79 1
187 57 0 16 1
195 65 0 35 1
116 195 30 15 1
