Res1 Res2 NSingle NDouble Method
3 74 7 9 1
12 97 18 8 1
130 20 21 8 1
20 41 19 4 1
122 26 16 6 1
26 30 10 4 1
26 48 14 5 1
12 27 19 7 1
27 86 11 10 1
27 97 21 7 1
28 6 14 2 1
26 30 10 4 1
30 88 12 3 1
20 36 20 3 1
36 73 29 5 1
36 82 9 1 1
36 88 15 2 1
26 48 14 5 1
38 48 16 3 1
113 48 18 4 1
122 48 16 7 1
125 48 23 8 1
48 88 12 6 1
33 52 17 4 1
41 52 15 5 1
44 52 22 7 1
48 68 30 9 1
57 69 25 12 1
130 75 36 13 1
116 81 22 16 1
118 82 7 2 1
83 97 25 14 1
27 86 11 10 1
86 97 14 9 1
86 97 14 9 1
125 97 20 12 1
113 67 21 7 1
116 81 22 16 1
116 125 19 16 1
118 27 19 3 1
118 61 7 1 1
118 82 7 2 1
118 98 14 2 1
125 42 20 18 1
125 97 20 12 1
116 125 19 16 1
122 125 21 11 1
