Res1 Res2 NSingle NDouble Method
12 27 19 7 1
26 30 10 4 1
36 82 9 1 1
27 86 11 10 1
12 97 18 8 1
86 97 14 9 1
116 81 22 16 1
118 82 7 2 1
125 97 20 12 1
116 125 19 16 1
1 131 0 41 1
133 3 0 14 1
136 6 0 12 1
142 27 19 7 1
142 97 18 8 1
12 142 0 16 1
148 18 0 55 1
150 20 0 18 1
153 23 0 38 1
154 24 0 10 1
155 25 0 58 1
156 26 0 11 1
156 30 10 4 1
157 27 0 17 1
157 86 11 10 1
12 157 19 7 1
142 157 19 7 1
158 28 0 6 1
160 26 10 4 1
160 30 0 7 1
156 160 10 4 1
163 33 0 9 1
164 34 0 49 1
165 35 0 49 1
166 36 0 8 1
166 82 9 1 1
168 38 0 9 1
169 39 0 33 1
172 42 0 30 1
178 48 0 13 1
181 51 0 47 1
182 52 0 16 1
184 54 0 79 1
187 57 0 16 1
195 65 0 35 1
