Res1 Res2 NSingle NDouble Method
11 6 26 3 4
12 9 21 3 4
11 12 19 2 4
10 16 18 4 4
17 9 25 7 4
12 17 22 2 4
17 22 23 3 4
12 23 16 2 4
16 23 19 3 4
24 6 17 1 4
10 24 15 1 4
11 24 17 1 4
16 24 13 1 4
22 24 11 1 4
23 24 14 1 4
25 6 33 5 4
11 25 31 6 4
24 25 26 2 4
2 30 32 6 4
16 30 29 4 4
23 30 30 4 4
22 35 20 5 4
2 36 29 5 4
11 36 26 5 4
17 36 29 5 4
25 37 38 14 4
23 39 32 4 4
33 40 28 14 4
12 41 25 2 4
24 41 21 2 4
31 41 41 11 4
10 42 18 4 4
16 42 18 3 4
42 45 20 8 4
43 45 35 7 4
29 46 32 14 4
42 46 21 4 4
10 47 18 5 4
16 47 20 3 4
42 47 12 7 4
45 47 28 5 4
46 47 21 5 4
48 9 26 3 4
11 48 22 3 4
12 48 15 2 4
16 48 20 2 4
23 48 21 2 4
24 48 13 1 4
39 48 29 5 4
32 49 43 17 4
41 50 25 4 4
42 50 17 3 4
46 50 22 3 4
51 6 27 3 4
25 51 34 5 4
12 52 13 1 4
22 52 14 2 4
33 52 22 2 4
2 53 32 5 4
22 53 25 4 4
51 53 28 6 4
54 6 18 1 4
54 9 18 3 4
12 54 9 1 4
23 54 15 1 4
24 54 7 0 4
33 54 20 1 4
39 54 27 2 4
52 54 10 1 4
55 9 31 5 4
12 55 22 3 4
54 55 21 2 4
56 9 27 4 4
4 56 35 6 4
10 56 23 3 4
12 56 16 3 4
16 56 21 3 4
42 56 15 6 4
45 56 29 5 4
47 56 21 4 4
48 56 23 2 4
16 57 35 7 4
27 57 43 20 4
22 58 21 2 4
24 58 16 1 4
39 58 34 4 4
48 58 17 5 4
52 58 21 1 4
46 59 27 13 4
39 60 47 12 4
43 61 25 9 4
45 61 26 8 4
46 61 27 4 4
47 61 22 5 4
50 61 21 4 4
4 62 27 10 4
22 62 21 2 4
42 62 19 4 4
46 62 20 6 4
47 62 23 3 4
50 62 22 2 4
17 64 25 5 4
22 64 20 3 4
36 64 16 10 4
42 64 24 2 4
46 64 19 7 4
48 64 22 3 4
62 64 23 4 4
12 65 14 2 4
17 65 24 3 4
23 65 20 2 4
33 65 17 6 4
51 65 24 2 4
52 65 15 2 4
54 65 13 1 4
63 66 61 22 4
41 67 57 19 4
22 69 26 6 4
46 69 27 9 4
48 69 32 4 4
62 69 31 6 4
64 69 24 10 4
12 70 18 1 4
17 70 24 4 4
22 70 19 2 4
42 70 21 2 4
56 70 24 2 4
62 70 22 3 4
65 70 18 3 4
2 72 36 4 4
30 72 30 10 4
51 72 30 6 4
35 74 20 4 4
52 74 12 2 4
54 74 12 0 4
6 78 27 2 4
11 78 25 3 4
12 78 12 5 4
24 78 16 1 4
30 78 28 6 4
48 78 21 3 4
55 78 26 5 4
58 78 24 3 4
65 78 22 2 4
70 78 24 2 4
72 78 28 6 4
79 9 37 9 4
12 80 16 1 4
33 80 21 4 4
48 80 19 2 4
24 82 18 1 4
48 82 23 3 4
56 82 26 3 4
80 82 22 3 4
10 84 27 6 4
43 84 34 8 4
61 84 31 6 4
10 86 22 2 4
16 86 20 2 4
22 86 18 2 4
24 86 13 1 4
42 86 20 2 4
47 86 22 2 4
50 86 13 5 4
61 86 22 4 4
86 88 32 8 4
3 90 41 17 4
16 90 35 6 4
45 90 35 12 4
6 91 20 2 4
12 91 11 2 4
16 91 18 1 4
22 91 16 1 4
23 91 17 2 4
24 91 9 1 4
41 91 26 2 4
48 91 16 2 4
50 91 17 1 4
52 91 14 1 4
54 91 10 1 4
55 91 23 3 4
58 91 19 2 4
65 91 17 1 4
78 91 19 2 4
80 91 17 1 4
82 91 21 2 4
12 93 14 1 4
17 93 24 2 4
22 93 15 2 4
25 93 30 3 4
35 93 25 2 4
36 93 25 2 4
48 93 19 1 4
55 93 26 2 4
64 93 21 2 4
80 93 12 4 4
91 93 15 1 4
43 94 31 7 4
45 94 30 7 4
50 94 25 3 4
61 94 18 10 4
86 94 24 4 4
12 95 9 2 4
23 95 13 3 4
39 95 29 2 4
48 95 14 2 4
54 95 10 0 4
56 95 17 2 4
58 95 19 1 4
65 95 15 1 4
70 95 15 2 4
72 95 27 2 4
78 95 17 2 4
80 95 13 2 4
91 95 12 1 4
93 95 13 1 4
25 96 33 7 4
42 96 18 7 4
47 96 20 7 4
50 96 25 3 4
56 96 27 4 4
61 96 22 8 4
11 97 30 5 4
22 97 26 4 4
35 97 26 9 4
36 97 30 7 4
52 97 28 2 4
62 97 29 5 4
74 97 20 6 4
43 99 37 7 4
50 99 23 7 4
61 99 30 7 4
84 99 31 10 4
86 99 30 4 4
94 99 32 7 4
101 17 27 6 4
101 22 18 6 4
101 35 26 7 4
101 36 28 6 4
101 51 29 4 4
101 53 25 9 4
101 64 26 5 4
101 69 34 7 4
101 70 25 4 4
101 93 25 2 4
102 61 33 13 4
102 94 35 13 4
103 31 41 14 4
103 41 34 8 4
103 79 39 12 4
105 2 33 6 4
105 6 34 4 4
105 51 27 8 4
105 53 31 9 4
105 58 31 5 4
105 72 27 12 4
105 78 23 9 4
109 23 31 4 4
109 33 32 6 4
109 52 30 2 4
109 65 27 5 4
110 43 32 13 4
110 50 32 6 4
110 99 37 11 4
111 12 8 0 4
111 22 11 0 4
111 24 4 0 4
111 42 13 0 4
111 46 16 1 4
111 50 12 0 4
111 52 9 0 4
111 54 5 0 4
111 64 15 1 4
111 65 12 0 4
111 70 14 0 4
111 74 9 0 4
111 80 12 0 4
111 91 9 0 4
111 93 10 0 4
111 95 7 0 4
112 22 20 9 4
112 24 27 2 4
112 86 30 5 4
114 41 36 9 4
114 52 34 3 4
114 99 36 11 4
115 12 21 2 4
115 43 27 8 4
115 54 20 1 4
115 61 28 4 4
115 91 22 2 4
115 94 28 5 4
116 22 25 5 4
116 42 23 7 4
116 47 27 6 4
116 56 28 6 4
116 62 26 7 4
116 70 26 6 4
118 22 26 4 4
118 42 24 6 4
118 47 26 6 4
118 56 29 5 4
118 62 27 6 4
118 70 27 5 4
118 86 28 4 4
11 118 26 7 4
101 118 30 7 4
116 118 9 20 4
120 6 30 7 4
120 31 45 12 4
120 78 31 6 4
120 80 31 4 4
120 82 33 6 4
120 91 30 3 4
12 120 25 5 4
121 6 27 2 4
121 33 23 5 4
121 50 22 2 4
121 52 21 1 4
121 54 17 1 4
121 65 18 4 4
121 91 19 2 4
121 95 19 1 4
12 121 18 2 4
115 121 25 4 4
122 42 17 3 4
122 45 25 5 4
122 47 21 2 4
122 70 18 3 4
122 96 23 4 4
111 122 12 0 4
116 122 20 8 4
118 122 21 7 4
123 31 50 21 4
124 33 19 4 4
124 40 35 6 4
124 42 17 2 4
124 56 20 2 4
124 65 16 2 4
124 96 23 3 4
111 124 10 0 4
122 124 12 4 4
125 16 14 5 4
125 24 11 2 4
125 25 29 5 4
125 42 16 4 4
125 45 26 5 4
125 56 21 3 4
125 70 19 3 4
125 86 18 3 4
125 96 22 5 4
11 125 22 3 4
111 125 13 0 4
116 125 27 5 4
118 125 24 6 4
122 125 13 5 4
124 125 17 2 4
126 59 36 17 4
126 82 35 8 4
127 84 35 15 4
110 127 43 15 4
128 17 28 7 4
128 22 23 5 4
128 35 31 6 4
128 36 31 6 4
128 54 23 2 4
128 70 28 4 4
128 82 28 6 4
101 128 29 7 4
129 83 39 25 4
130 90 43 12 4
