Res1 Res2 NSingle NDouble Method
11 6 33 4 4
12 6 29 1 4
12 9 30 3 4
11 12 26 2 4
10 16 26 3 4
17 9 41 6 4
12 17 33 2 4
16 22 26 1 4
17 22 34 4 4
23 9 39 2 4
12 23 23 2 4
16 23 24 3 4
22 23 30 1 4
24 6 22 1 4
10 24 20 1 4
12 24 13 0 4
16 24 14 1 4
22 24 16 1 4
23 24 18 1 4
25 6 50 5 4
11 25 45 7 4
16 27 70 5 4
2 30 59 8 4
14 30 76 19 4
16 30 49 5 4
18 32 82 24 4
17 35 42 7 4
22 35 34 5 4
11 36 40 6 4
17 36 41 9 4
22 36 39 4 4
35 36 47 7 4
23 39 48 4 4
33 40 58 16 4
12 41 36 3 4
24 41 33 1 4
31 41 64 13 4
4 42 47 9 4
10 42 34 3 4
16 42 30 2 4
2 45 45 7 4
42 45 35 8 4
43 45 51 7 4
42 46 32 7 4
10 47 27 6 4
16 47 29 2 4
42 47 27 7 4
45 47 42 4 4
46 47 29 8 4
11 48 30 3 4
12 48 22 2 4
16 48 27 1 4
22 48 29 1 4
23 48 31 1 4
24 48 17 1 4
36 48 42 3 4
32 49 74 14 4
24 50 19 0 4
41 50 40 4 4
42 50 27 5 4
46 50 31 5 4
51 6 37 4 4
25 51 51 6 4
47 51 38 3 4
52 9 33 1 4
12 52 17 1 4
17 52 34 1 4
22 52 22 1 4
23 52 24 1 4
24 52 12 0 4
22 53 39 5 4
54 9 25 3 4
12 54 13 1 4
16 54 18 0 4
17 54 30 1 4
22 54 20 0 4
23 54 20 1 4
24 54 8 0 4
39 54 38 3 4
48 54 21 0 4
50 54 21 0 4
52 54 12 1 4
11 55 44 3 4
12 55 34 3 4
24 55 31 1 4
31 55 72 8 4
41 55 52 5 4
56 9 40 5 4
2 56 45 4 4
4 56 50 9 4
12 56 28 3 4
16 56 33 2 4
42 56 23 11 4
45 56 44 5 4
47 56 38 3 4
48 56 36 2 4
16 57 59 4 4
27 57 75 23 4
2 58 47 3 4
22 58 35 2 4
24 58 25 1 4
48 58 26 7 4
46 59 44 16 4
39 60 78 15 4
42 61 39 4 4
43 61 37 12 4
45 61 40 8 4
46 61 39 6 4
47 61 38 4 4
50 61 34 4 4
4 62 47 9 4
22 62 30 3 4
42 62 30 6 4
46 62 30 8 4
47 62 33 4 4
50 62 31 3 4
53 62 45 5 4
34 63 99 34 4
2 64 43 6 4
17 64 35 9 4
22 64 33 4 4
35 64 41 7 4
36 64 34 12 4
46 64 35 8 4
48 64 36 3 4
62 64 35 6 4
65 9 39 2 4
12 65 23 2 4
17 65 38 3 4
23 65 30 2 4
24 65 20 0 4
32 65 54 9 4
33 65 35 4 4
52 65 22 2 4
53 65 43 4 4
54 65 20 1 4
41 67 92 22 4
68 8 78 24 4
10 68 65 8 4
16 69 44 3 4
22 69 42 5 4
46 69 42 10 4
62 69 44 7 4
64 69 41 11 4
70 9 37 3 4
12 70 25 1 4
17 70 34 5 4
22 70 26 3 4
24 70 20 0 4
42 70 34 2 4
45 70 39 4 4
48 70 31 1 4
54 70 22 0 4
62 70 32 3 4
65 70 28 3 4
23 72 42 3 4
30 72 55 11 4
51 72 47 4 4
53 72 51 7 4
12 74 23 0 4
24 74 16 0 4
35 74 32 5 4
52 74 18 2 4
54 74 18 0 4
6 78 34 2 4
11 78 29 4 4
12 78 19 4 4
22 78 30 1 4
23 78 32 1 4
24 78 18 1 4
48 78 27 3 4
51 78 37 2 4
54 78 22 0 4
55 78 37 5 4
56 78 37 2 4
58 78 37 2 4
70 78 30 2 4
72 78 38 5 4
79 9 52 12 4
54 79 47 4 4
12 80 25 1 4
24 80 20 0 4
33 80 29 7 4
48 80 31 1 4
54 80 22 0 4
70 80 32 1 4
72 80 44 2 4
78 80 32 1 4
82 9 42 7 4
24 82 31 1 4
48 82 40 3 4
56 82 44 5 4
80 82 39 4 4
10 84 42 5 4
43 84 48 10 4
61 84 47 6 4
85 9 65 8 4
10 86 33 2 4
22 86 29 2 4
24 86 19 1 4
42 86 35 2 4
47 86 34 2 4
48 86 32 1 4
50 86 18 8 4
61 86 36 4 4
62 86 33 3 4
45 88 57 10 4
86 88 45 10 4
23 89 92 9 4
3 90 60 22 4
16 90 48 5 4
45 90 55 10 4
6 91 28 2 4
10 91 28 1 4
12 91 15 3 4
16 91 22 1 4
22 91 24 1 4
23 91 22 3 4
24 91 12 1 4
48 91 23 2 4
52 91 18 1 4
54 91 14 1 4
55 91 33 4 4
58 91 31 2 4
65 91 26 1 4
78 91 24 2 4
80 91 26 1 4
82 91 37 2 4
86 91 27 1 4
12 93 22 1 4
17 93 35 3 4
22 93 23 3 4
24 93 17 0 4
35 93 39 2 4
36 93 40 3 4
48 93 28 1 4
54 93 19 0 4
55 93 40 2 4
64 93 34 3 4
72 93 41 2 4
74 93 27 0 4
78 93 29 1 4
80 93 19 6 4
91 93 23 1 4
43 94 48 8 4
45 94 45 7 4
50 94 35 5 4
61 94 29 13 4
86 94 33 7 4
10 95 26 0 4
11 95 25 1 4
12 95 13 2 4
16 95 20 0 4
22 95 22 0 4
23 95 18 3 4
24 95 10 0 4
33 95 31 1 4
48 95 19 2 4
50 95 23 0 4
51 95 29 1 4
52 95 16 0 4
54 95 12 0 4
56 95 27 2 4
58 95 29 1 4
65 95 24 0 4
70 95 20 2 4
72 95 34 2 4
74 95 20 0 4
78 95 20 2 4
80 95 20 2 4
86 95 25 0 4
91 95 16 1 4
93 95 19 1 4
24 96 30 1 4
42 96 32 9 4
47 96 35 7 4
50 96 37 4 4
56 96 41 6 4
61 96 35 10 4
62 96 42 4 4
84 96 48 7 4
86 96 39 4 4
11 97 43 6 4
25 97 56 9 4
35 97 46 9 4
36 97 47 10 4
52 97 40 2 4
62 97 44 6 4
74 97 30 9 4
43 99 55 8 4
50 99 34 9 4
84 99 49 10 4
86 99 42 6 4
94 99 49 8 4
101 17 42 9 4
101 22 28 10 4
101 35 42 10 4
101 36 45 10 4
101 51 47 5 4
101 53 49 9 4
101 64 41 9 4
101 70 42 4 4
101 72 50 7 4
101 93 41 3 4
102 94 58 16 4
103 31 63 16 4
103 39 60 8 4
103 41 53 8 4
103 79 63 12 4
105 2 56 7 4
105 6 50 6 4
105 11 49 6 4
105 30 59 14 4
105 51 45 10 4
105 53 57 9 4
105 72 46 13 4
105 78 38 10 4
109 6 49 4 4
109 65 39 7 4
103 109 57 8 4
110 84 56 12 4
111 6 22 0 4
111 12 11 0 4
111 16 14 0 4
111 22 16 0 4
111 23 18 0 4
111 24 4 0 4
111 42 22 0 4
111 46 24 1 4
111 47 21 0 4
111 48 17 0 4
111 50 17 0 4
111 51 25 0 4
111 52 10 0 4
111 54 6 0 4
111 56 25 0 4
111 58 25 0 4
111 62 22 0 4
111 64 25 1 4
111 65 18 0 4
111 70 18 0 4
111 74 14 0 4
111 78 18 0 4
111 80 18 0 4
111 86 19 0 4
111 91 12 0 4
111 93 15 0 4
111 95 8 0 4
10 111 20 0 4
11 111 21 0 4
112 22 35 8 4
112 36 50 9 4
112 86 42 6 4
11 112 44 6 4
101 112 53 8 4
114 41 55 11 4
114 52 46 4 4
115 12 30 3 4
115 41 48 5 4
115 43 45 8 4
115 45 46 5 4
115 52 33 1 4
115 54 29 1 4
115 61 38 7 4
115 86 38 3 4
115 91 31 3 4
115 94 37 9 4
115 95 31 1 4
116 16 39 3 4
116 22 35 6 4
116 42 41 6 4
116 45 46 8 4
116 47 40 6 4
116 62 33 10 4
116 70 37 6 4
116 86 42 4 4
118 17 45 7 4
118 22 37 5 4
118 24 33 1 4
118 35 43 9 4
118 36 40 12 4
118 42 41 6 4
118 47 40 6 4
118 56 46 5 4
118 62 41 6 4
118 64 44 7 4
118 70 37 6 4
118 86 40 5 4
11 118 40 6 4
116 118 24 20 4
120 6 46 9 4
120 31 69 16 4
120 41 61 7 4
120 55 61 6 4
120 78 46 7 4
120 82 57 8 4
120 91 46 4 4
12 120 41 6 4
121 4 55 5 4
121 6 38 2 4
121 9 41 3 4
121 17 42 3 4
121 33 35 6 4
121 50 31 3 4
121 52 28 1 4
121 54 24 1 4
121 65 30 4 4
121 80 36 1 4
121 86 33 3 4
121 91 26 3 4
121 93 33 1 4
121 95 26 1 4
12 121 25 3 4
111 121 22 0 4
115 121 37 5 4
120 121 52 6 4
122 4 44 7 4
122 24 17 0 4
122 42 25 5 4
122 45 36 4 4
122 47 32 1 4
122 50 30 0 4
122 54 19 0 4
122 56 32 3 4
122 70 25 3 4
122 74 27 0 4
122 78 31 0 4
122 80 31 0 4
122 93 28 0 4
122 95 21 0 4
10 122 31 1 4
11 122 30 2 4
111 122 15 0 4
116 122 32 7 4
118 122 34 6 4
123 31 84 24 4
124 13 49 6 4
124 23 28 1 4
124 24 16 0 4
124 33 29 5 4
124 42 28 3 4
124 47 31 1 4
124 50 29 0 4
124 54 18 0 4
124 56 31 3 4
124 65 24 3 4
124 74 26 0 4
124 78 30 0 4
124 80 30 0 4
124 86 29 1 4
124 93 27 0 4
124 95 20 0 4
124 96 34 4 4
12 124 23 0 4
109 124 41 4 4
111 124 14 0 4
122 124 21 3 4
125 16 21 3 4
125 22 27 1 4
125 23 27 2 4
125 24 13 2 4
125 37 53 6 4
125 42 27 4 4
125 45 36 4 4
125 47 30 2 4
125 48 28 1 4
125 54 19 0 4
125 56 32 3 4
125 70 25 3 4
125 78 29 1 4
125 86 26 3 4
125 88 49 6 4
125 91 23 1 4
125 95 21 0 4
125 96 37 3 4
10 125 29 2 4
111 125 15 0 4
118 125 34 6 4
122 125 20 4 4
124 125 25 1 4
126 46 42 17 4
126 47 55 8 4
126 59 58 22 4
127 84 59 15 4
127 94 57 14 4
102 127 71 23 4
128 17 45 8 4
128 22 41 4 4
128 36 52 7 4
128 69 55 8 4
128 70 43 4 4
128 82 44 10 4
128 97 53 8 4
101 128 53 7 4
129 83 73 28 4
130 25 62 8 4
130 50 45 5 4
130 86 41 8 4
130 91 44 3 4
130 94 52 8 4
11 130 49 5 4
127 130 67 14 4
