10	16
10	24
10	42
10	47
10	84
10	86
101	128
101	17
101	22
101	35
101	36
101	51
101	53
101	64
101	70
101	93
102	94
103	31
103	41
103	79
105	2
105	51
105	53
105	6
105	72
105	78
109	65
11	118
11	12
11	25
11	36
11	48
11	6
11	78
11	97
111	12
111	122
111	124
111	125
111	22
111	24
111	42
111	46
111	50
111	52
111	54
111	64
111	65
111	70
111	74
111	80
111	91
111	93
111	95
112	22
112	86
114	41
114	52
115	12
115	121
115	43
115	54
115	61
115	91
115	94
116	118
116	122
116	22
116	42
116	47
116	62
116	70
118	122
118	125
118	22
118	42
118	47
118	56
118	62
118	70
118	86
12	120
12	121
12	17
12	23
12	41
12	48
12	52
12	54
12	55
12	56
12	65
12	70
12	78
12	80
12	9
12	91
12	93
12	95
120	31
120	6
120	78
120	82
120	91
121	33
121	50
121	52
121	54
121	6
121	65
121	91
121	95
122	124
122	125
122	42
122	45
122	47
122	70
123	31
124	125
124	33
124	42
124	56
124	65
124	96
125	16
125	24
125	42
125	45
125	56
125	70
125	86
125	96
126	59
127	84
128	17
128	22
128	36
128	70
128	82
129	83
16	23
16	24
16	30
16	42
16	47
16	48
16	56
16	57
16	90
16	91
17	22
17	36
17	64
17	65
17	70
17	9
17	93
2	30
22	24
22	35
22	52
22	53
22	58
22	62
22	64
22	69
22	70
22	86
22	91
22	93
23	24
23	39
23	48
23	54
23	65
23	91
23	95
24	41
24	48
24	54
24	58
24	6
24	78
24	82
24	86
24	91
25	51
25	6
27	57
3	90
30	72
31	41
32	49
33	40
33	65
33	80
35	74
35	93
35	97
36	64
36	93
36	97
39	54
39	60
4	56
4	62
41	50
41	67
42	45
42	46
42	47
42	50
42	56
42	62
42	70
42	86
42	96
43	45
43	61
43	84
43	94
43	99
45	47
45	56
45	61
45	90
45	94
46	47
46	50
46	59
46	61
46	62
46	64
46	69
47	56
47	61
47	62
47	86
47	96
48	56
48	58
48	64
48	78
48	80
48	82
48	91
48	93
48	95
50	61
50	62
50	86
50	94
50	96
50	99
51	6
51	72
52	54
52	65
52	74
52	91
52	97
54	65
54	74
54	9
54	91
54	95
55	78
55	91
55	93
56	82
56	9
56	95
56	96
58	78
58	91
58	95
6	78
6	91
61	84
61	86
61	94
61	96
62	64
62	69
62	70
62	97
64	69
64	93
65	70
65	91
65	95
70	78
70	95
72	78
72	95
74	97
78	91
78	95
79	9
80	82
80	91
80	93
80	95
82	91
84	99
86	88
86	94
86	99
91	93
91	95
93	95
94	99
