Res1 Res2 NSingle NDouble Method
1 61 54 11 4
1 70 57 7 4
101 2 31 4 4
105 2 33 6 4
107 2 19 0 4
111 2 20 0 4
113 2 19 0 4
2 4 41 5 4
2 30 32 6 4
2 36 29 5 4
2 45 35 4 4
2 51 30 3 4
2 53 32 5 4
2 56 28 3 4
2 58 30 2 4
2 62 30 2 4
2 64 27 4 4
2 72 36 4 4
116 3 35 15 4
118 3 34 15 4
3 42 38 7 4
3 47 38 8 4
3 90 41 17 4
116 4 37 10 4
122 4 33 5 4
4 42 32 6 4
4 56 35 6 4
4 62 27 10 4
5 62 59 12 4
10 6 26 2 4
11 6 26 3 4
12 6 21 1 4
17 6 29 3 4
23 6 25 2 4
24 6 17 1 4
25 6 33 5 4
51 6 27 3 4
52 6 22 1 4
54 6 18 1 4
105 6 34 4 4
107 6 16 0 4
111 6 17 0 4
113 6 16 0 4
120 6 30 7 4
121 6 27 2 4
6 78 27 2 4
6 91 20 2 4
109 7 59 22 4
3 8 42 22 4
116 8 35 18 4
118 8 34 18 4
122 8 43 7 4
12 9 21 3 4
17 9 25 7 4
46 9 31 3 4
48 9 26 3 4
54 9 18 3 4
55 9 31 5 4
56 9 27 4 4
64 9 28 4 4
65 9 27 2 4
70 9 27 3 4
79 9 37 9 4
107 9 20 0 4
113 9 20 0 4
121 9 29 3 4
9 95 24 1 4
10 16 18 4 4
10 24 15 1 4
10 28 60 11 4
10 42 18 4 4
10 47 18 5 4
10 56 23 3 4
10 84 27 6 4
10 86 22 2 4
10 107 14 0 4
10 111 15 0 4
10 113 14 0 4
10 125 22 2 4
11 6 26 3 4
107 11 16 0 4
11 12 19 2 4
11 24 17 1 4
11 25 31 6 4
11 36 26 5 4
11 48 22 3 4
11 78 25 3 4
11 95 20 1 4
11 97 30 5 4
11 111 17 0 4
11 113 16 0 4
11 118 26 7 4
11 122 23 2 4
11 125 22 3 4
12 9 21 3 4
11 12 19 2 4
107 12 7 0 4
111 12 8 0 4
113 12 7 0 4
115 12 21 2 4
12 17 22 2 4
12 23 16 2 4
12 24 10 0 4
12 41 25 2 4
12 48 15 2 4
12 52 13 1 4
12 54 9 1 4
12 55 22 3 4
12 56 16 3 4
12 65 14 2 4
12 70 18 1 4
12 78 12 5 4
12 80 16 1 4
12 91 11 2 4
12 93 14 1 4
12 95 9 2 4
12 120 25 5 4
12 121 18 2 4
13 9 39 6 4
110 13 46 9 4
124 13 32 4 4
13 17 40 5 4
13 65 34 4 4
13 79 46 10 4
13 84 40 8 4
116 14 38 17 4
118 14 39 16 4
122 14 44 7 4
125 14 41 9 4
14 30 42 15 4
122 15 48 8 4
124 15 44 9 4
15 33 49 11 4
15 42 51 7 4
15 65 50 7 4
10 16 18 4 4
14 16 47 6 4
125 16 14 5 4
16 23 19 3 4
16 24 13 1 4
16 30 29 4 4
16 42 18 3 4
16 47 20 3 4
16 48 20 2 4
16 56 21 3 4
16 57 35 7 4
16 86 20 2 4
16 90 35 6 4
16 91 18 1 4
17 9 25 7 4
12 17 22 2 4
101 17 27 6 4
128 17 28 7 4
17 22 23 3 4
17 36 29 5 4
17 54 21 1 4
17 64 25 5 4
17 65 24 3 4
17 70 24 4 4
17 85 45 10 4
17 93 24 2 4
18 32 45 26 4
19 64 50 9 4
19 69 52 14 4
116 20 47 19 4
118 20 46 19 4
16 22 20 1 4
17 22 23 3 4
101 22 18 6 4
107 22 10 0 4
111 22 11 0 4
112 22 20 9 4
113 22 10 0 4
116 22 25 5 4
118 22 26 4 4
125 22 20 1 4
128 22 23 5 4
22 23 21 1 4
22 24 11 1 4
22 35 20 5 4
22 48 20 1 4
22 52 14 2 4
22 53 25 4 4
22 58 21 2 4
22 62 21 2 4
22 64 20 3 4
22 69 26 6 4
22 70 19 2 4
22 86 18 2 4
22 91 16 1 4
22 93 15 2 4
22 97 26 4 4
12 23 16 2 4
16 23 19 3 4
109 23 31 4 4
125 23 21 2 4
23 24 14 1 4
23 30 30 4 4
23 39 32 4 4
23 48 21 2 4
23 54 15 1 4
23 65 20 2 4
23 91 17 2 4
23 95 13 3 4
24 6 17 1 4
10 24 15 1 4
11 24 17 1 4
16 24 13 1 4
22 24 11 1 4
23 24 14 1 4
107 24 3 0 4
111 24 4 0 4
112 24 27 2 4
113 24 3 0 4
125 24 11 2 4
24 25 26 2 4
24 41 21 2 4
24 48 13 1 4
24 54 7 0 4
24 58 16 1 4
24 78 16 1 4
24 82 18 1 4
24 86 13 1 4
24 91 9 1 4
25 6 33 5 4
11 25 31 6 4
24 25 26 2 4
118 25 37 7 4
122 25 30 4 4
125 25 29 5 4
25 37 38 14 4
25 42 31 4 4
25 51 34 5 4
25 62 32 5 4
25 91 31 2 4
25 93 30 3 4
25 96 33 7 4
114 26 46 15 4
26 33 48 7 4
116 27 47 12 4
125 27 42 8 4
27 57 43 20 4
116 28 49 22 4
2 29 48 7 4
126 29 39 19 4
29 46 32 14 4
29 59 45 17 4
29 62 42 8 4
29 64 39 10 4
29 69 49 11 4
2 30 32 6 4
16 30 29 4 4
23 30 30 4 4
24 30 26 1 4
101 30 35 5 4
105 30 31 10 4
30 72 30 10 4
30 78 28 6 4
24 31 40 2 4
103 31 41 14 4
120 31 45 12 4
123 31 50 21 4
31 41 41 11 4
31 99 45 11 4
32 46 44 7 4
32 49 43 17 4
32 59 37 20 4
32 65 38 7 4
12 33 23 1 4
23 33 27 2 4
24 33 21 0 4
107 33 18 0 4
109 33 32 6 4
111 33 19 0 4
113 33 18 0 4
121 33 23 5 4
122 33 25 2 4
124 33 19 4 4
33 40 28 14 4
33 52 22 2 4
33 54 20 1 4
33 65 17 6 4
33 80 21 4 4
33 91 24 1 4
33 95 22 1 4
126 34 49 25 4
34 46 58 12 4
34 59 51 25 4
22 35 20 5 4
101 35 26 7 4
107 35 20 0 4
113 35 20 0 4
118 35 32 6 4
128 35 31 6 4
35 64 28 4 4
35 74 20 4 4
35 86 28 2 4
35 93 25 2 4
35 97 26 9 4
2 36 29 5 4
11 36 26 5 4
17 36 29 5 4
22 36 24 3 4
101 36 28 6 4
107 36 20 0 4
111 36 21 0 4
113 36 20 0 4
118 36 28 8 4
122 36 25 3 4
128 36 31 6 4
36 64 16 10 4
36 93 25 2 4
36 97 30 7 4
22 37 39 5 4
25 37 38 14 4
116 37 32 16 4
118 37 33 15 4
122 37 36 7 4
125 37 37 7 4
37 93 40 4 4
22 39 31 3 4
23 39 32 4 4
39 48 29 5 4
39 54 27 2 4
39 58 34 4 4
39 60 47 12 4
39 78 34 4 4
39 95 29 2 4
33 40 28 14 4
124 40 35 6 4
40 65 37 6 4
40 80 41 4 4
40 93 41 3 4
12 41 25 2 4
24 41 21 2 4
31 41 41 11 4
103 41 34 8 4
114 41 36 9 4
124 41 27 2 4
41 50 25 4 4
41 67 57 19 4
41 91 26 2 4
10 42 18 4 4
16 42 18 3 4
24 42 15 0 4
107 42 12 0 4
111 42 13 0 4
113 42 12 0 4
116 42 23 7 4
118 42 24 6 4
122 42 17 3 4
124 42 17 2 4
125 42 16 4 4
42 45 20 8 4
42 46 21 4 4
42 47 12 7 4
42 50 17 3 4
42 54 16 0 4
42 56 15 6 4
42 62 19 4 4
42 64 24 2 4
42 70 21 2 4
42 86 20 2 4
42 96 18 7 4
110 43 32 13 4
115 43 27 8 4
43 45 35 7 4
43 61 25 9 4
43 84 34 8 4
43 94 31 7 4
43 99 37 7 4
27 44 59 27 4
42 45 20 8 4
43 45 35 7 4
116 45 31 9 4
118 45 34 7 4
122 45 25 5 4
124 45 27 3 4
125 45 26 5 4
45 47 28 5 4
45 56 29 5 4
45 61 26 8 4
45 70 29 4 4
45 90 35 12 4
45 94 30 7 4
45 96 32 6 4
29 46 32 14 4
42 46 21 4 4
107 46 17 0 4
111 46 16 1 4
113 46 17 0 4
46 47 21 5 4
46 48 25 2 4
46 50 22 3 4
46 59 27 13 4
46 61 27 4 4
46 62 20 6 4
46 64 19 7 4
46 69 27 9 4
10 47 18 5 4
16 47 20 3 4
42 47 12 7 4
45 47 28 5 4
46 47 21 5 4
116 47 27 6 4
118 47 26 6 4
122 47 21 2 4
124 47 21 1 4
125 47 22 2 4
47 56 21 4 4
47 61 22 5 4
47 62 23 3 4
47 86 22 2 4
47 96 20 7 4
48 9 26 3 4
11 48 22 3 4
12 48 15 2 4
16 48 20 2 4
23 48 21 2 4
24 48 13 1 4
39 48 29 5 4
48 56 23 2 4
48 58 17 5 4
48 64 22 3 4
48 69 32 4 4
48 78 21 3 4
48 80 19 2 4
48 82 23 3 4
48 91 16 2 4
48 93 19 1 4
48 95 14 2 4
32 49 43 17 4
49 59 40 16 4
49 74 30 7 4
24 50 14 0 4
41 50 25 4 4
42 50 17 3 4
46 50 22 3 4
107 50 11 0 4
110 50 32 6 4
111 50 12 0 4
113 50 11 0 4
121 50 22 2 4
50 54 15 0 4
50 61 21 4 4
50 62 22 2 4
50 86 13 5 4
50 91 17 1 4
50 94 25 3 4
50 96 25 3 4
50 99 23 7 4
51 6 27 3 4
12 51 22 1 4
25 51 34 5 4
47 51 27 2 4
101 51 29 4 4
105 51 27 8 4
107 51 17 0 4
111 51 18 0 4
113 51 17 0 4
122 51 24 2 4
51 53 28 6 4
51 65 24 2 4
51 70 26 2 4
51 72 30 6 4
51 78 28 2 4
51 95 21 1 4
12 52 13 1 4
22 52 14 2 4
23 52 19 1 4
24 52 11 0 4
26 52 44 4 4
33 52 22 2 4
107 52 8 0 4
109 52 30 2 4
111 52 9 0 4
113 52 8 0 4
114 52 34 3 4
121 52 21 1 4
52 54 10 1 4
52 58 21 1 4
52 65 15 2 4
52 74 12 2 4
52 91 14 1 4
52 97 28 2 4
2 53 32 5 4
22 53 25 4 4
51 53 28 6 4
101 53 25 9 4
105 53 31 9 4
116 53 30 9 4
118 53 27 10 4
54 6 18 1 4
54 9 18 3 4
12 54 9 1 4
23 54 15 1 4
24 54 7 0 4
33 54 20 1 4
39 54 27 2 4
52 54 10 1 4
107 54 4 0 4
111 54 5 0 4
113 54 4 0 4
115 54 20 1 4
121 54 17 1 4
128 54 23 2 4
54 55 21 2 4
54 65 13 1 4
54 74 12 0 4
54 91 10 1 4
54 95 10 0 4
55 9 31 5 4
5 55 67 11 4
12 55 22 3 4
24 55 22 1 4
54 55 21 2 4
105 55 37 5 4
55 78 26 5 4
55 91 23 3 4
55 93 26 2 4
56 9 27 4 4
4 56 35 6 4
10 56 23 3 4
12 56 16 3 4
16 56 21 3 4
42 56 15 6 4
45 56 29 5 4
47 56 21 4 4
48 56 23 2 4
53 56 30 4 4
107 56 15 0 4
113 56 15 0 4
116 56 28 6 4
118 56 29 5 4
122 56 22 2 4
124 56 20 2 4
125 56 21 3 4
56 70 24 2 4
56 82 26 3 4
56 86 23 2 4
56 95 17 2 4
56 96 27 4 4
16 57 35 7 4
22 57 35 6 4
27 57 43 20 4
57 69 43 11 4
12 58 20 1 4
22 58 21 2 4
24 58 16 1 4
39 58 34 4 4
48 58 17 5 4
52 58 21 1 4
56 58 26 2 4
105 58 31 5 4
107 58 15 0 4
113 58 15 0 4
58 78 24 3 4
58 80 24 1 4
58 91 19 2 4
58 93 22 1 4
58 95 19 1 4
46 59 27 13 4
126 59 36 17 4
59 62 35 8 4
59 64 36 8 4
30 60 47 11 4
39 60 47 12 4
105 60 48 11 4
60 65 43 6 4
60 72 43 13 4
60 78 45 7 4
42 61 24 3 4
43 61 25 9 4
45 61 26 8 4
46 61 27 4 4
47 61 22 5 4
50 61 21 4 4
102 61 33 13 4
115 61 28 4 4
122 61 25 2 4
61 84 31 6 4
61 86 22 4 4
61 94 18 10 4
61 96 22 8 4
61 99 30 7 4
4 62 27 10 4
22 62 21 2 4
42 62 19 4 4
46 62 20 6 4
47 62 23 3 4
50 62 22 2 4
107 62 15 0 4
113 62 15 0 4
116 62 26 7 4
118 62 27 6 4
122 62 22 2 4
62 64 23 4 4
62 69 31 6 4
62 70 22 3 4
62 86 23 2 4
62 97 29 5 4
34 63 59 30 4
63 66 61 22 4
17 64 25 5 4
22 64 20 3 4
36 64 16 10 4
42 64 24 2 4
46 64 19 7 4
48 64 22 3 4
62 64 23 4 4
101 64 26 5 4
107 64 16 0 4
111 64 15 1 4
113 64 16 0 4
64 69 24 10 4
64 93 21 2 4
12 65 14 2 4
17 65 24 3 4
23 65 20 2 4
24 65 14 0 4
33 65 17 6 4
51 65 24 2 4
52 65 15 2 4
54 65 13 1 4
107 65 11 0 4
109 65 27 5 4
111 65 12 0 4
113 65 11 0 4
121 65 18 4 4
124 65 16 2 4
65 70 18 3 4
65 78 22 2 4
65 91 17 1 4
65 95 15 1 4
30 66 52 12 4
33 66 51 9 4
63 66 61 22 4
65 66 48 7 4
41 67 57 19 4
114 67 63 21 4
22 68 42 8 4
116 68 35 19 4
118 68 38 17 4
22 69 26 6 4
36 69 32 8 4
46 69 27 9 4
48 69 32 4 4
62 69 31 6 4
64 69 24 10 4
101 69 34 7 4
12 70 18 1 4
17 70 24 4 4
22 70 19 2 4
42 70 21 2 4
56 70 24 2 4
62 70 22 3 4
65 70 18 3 4
101 70 25 4 4
107 70 13 0 4
111 70 14 0 4
113 70 13 0 4
116 70 26 6 4
118 70 27 5 4
122 70 18 3 4
125 70 19 3 4
128 70 28 4 4
70 78 24 2 4
70 95 15 2 4
1 71 59 20 4
23 71 44 5 4
30 71 48 9 4
51 71 46 6 4
58 71 44 6 4
101 71 47 7 4
105 71 47 10 4
2 72 36 4 4
12 72 30 1 4
30 72 30 10 4
51 72 30 6 4
53 72 34 7 4
65 72 30 3 4
101 72 33 6 4
105 72 27 12 4
72 78 28 6 4
72 80 32 2 4
72 93 30 2 4
72 95 27 2 4
24 74 11 0 4
35 74 20 4 4
52 74 12 2 4
54 74 12 0 4
107 74 8 0 4
111 74 9 0 4
113 74 8 0 4
74 95 14 0 4
74 97 20 6 4
116 75 49 16 4
122 75 49 9 4
124 75 47 9 4
46 77 51 14 4
59 77 52 23 4
129 77 46 27 4
77 83 53 30 4
6 78 27 2 4
11 78 25 3 4
12 78 12 5 4
23 78 24 2 4
24 78 16 1 4
30 78 28 6 4
48 78 21 3 4
55 78 26 5 4
56 78 26 2 4
58 78 24 3 4
65 78 22 2 4
70 78 24 2 4
72 78 28 6 4
105 78 23 9 4
107 78 15 0 4
111 78 16 0 4
113 78 15 0 4
120 78 31 6 4
78 91 19 2 4
78 95 17 2 4
79 9 37 9 4
12 79 36 3 4
17 79 40 7 4
54 79 33 3 4
65 79 38 4 4
103 79 39 12 4
109 79 43 9 4
12 80 16 1 4
24 80 14 0 4
33 80 21 4 4
48 80 19 2 4
54 80 15 0 4
70 80 22 1 4
107 80 11 0 4
111 80 12 0 4
113 80 11 0 4
120 80 31 4 4
80 82 22 3 4
80 91 17 1 4
80 93 12 4 4
80 95 13 2 4
61 81 51 15 4
118 81 45 21 4
81 96 49 17 4
82 9 29 4 4
12 82 22 1 4
24 82 18 1 4
48 82 23 3 4
54 82 21 0 4
56 82 26 3 4
80 82 22 3 4
107 82 17 0 4
111 82 18 0 4
113 82 17 0 4
120 82 33 6 4
126 82 35 8 4
128 82 28 6 4
82 91 21 2 4
59 83 41 23 4
62 83 52 7 4
74 83 45 7 4
126 83 51 17 4
129 83 39 25 4
10 84 27 6 4
43 84 34 8 4
45 84 33 8 4
47 84 31 4 4
61 84 31 6 4
127 84 35 15 4
84 96 33 6 4
84 99 31 10 4
42 85 44 7 4
56 85 39 11 4
70 85 41 9 4
116 85 31 20 4
118 85 32 19 4
122 85 41 8 4
10 86 22 2 4
16 86 20 2 4
22 86 18 2 4
24 86 13 1 4
42 86 20 2 4
47 86 22 2 4
50 86 13 5 4
61 86 22 4 4
112 86 30 5 4
116 86 29 4 4
118 86 28 4 4
125 86 18 3 4
86 88 32 8 4
86 94 24 4 4
86 99 30 4 4
87 9 54 11 4
46 87 49 12 4
80 87 53 7 4
109 87 54 14 4
121 87 57 7 4
61 88 40 7 4
86 88 32 8 4
118 88 34 13 4
125 88 34 7 4
31 89 68 24 4
3 90 41 17 4
16 90 35 6 4
42 90 35 6 4
45 90 35 12 4
47 90 35 7 4
88 90 43 14 4
122 90 36 5 4
125 90 35 6 4
130 90 43 12 4
90 94 41 7 4
6 91 20 2 4
12 91 11 2 4
16 91 18 1 4
22 91 16 1 4
23 91 17 2 4
24 91 9 1 4
41 91 26 2 4
48 91 16 2 4
50 91 17 1 4
52 91 14 1 4
54 91 10 1 4
55 91 23 3 4
58 91 19 2 4
65 91 17 1 4
78 91 19 2 4
80 91 17 1 4
82 91 21 2 4
86 91 18 1 4
107 91 8 0 4
111 91 9 0 4
113 91 8 0 4
115 91 22 2 4
120 91 30 3 4
121 91 19 2 4
125 91 18 1 4
91 93 15 1 4
91 95 12 1 4
3 92 64 27 4
92 97 64 19 4
12 93 14 1 4
17 93 24 2 4
22 93 15 2 4
24 93 12 0 4
25 93 30 3 4
35 93 25 2 4
36 93 25 2 4
48 93 19 1 4
54 93 13 0 4
55 93 26 2 4
64 93 21 2 4
80 93 12 4 4
91 93 15 1 4
101 93 25 2 4
107 93 9 0 4
111 93 10 0 4
113 93 9 0 4
93 95 13 1 4
10 94 28 3 4
43 94 31 7 4
45 94 30 7 4
47 94 28 3 4
50 94 25 3 4
61 94 18 10 4
86 94 24 4 4
102 94 35 13 4
115 94 28 5 4
122 94 27 2 4
94 99 32 7 4
12 95 9 2 4
23 95 13 3 4
24 95 9 0 4
39 95 29 2 4
48 95 14 2 4
54 95 10 0 4
56 95 17 2 4
58 95 19 1 4
65 95 15 1 4
70 95 15 2 4
72 95 27 2 4
78 95 17 2 4
80 95 13 2 4
91 95 12 1 4
93 95 13 1 4
107 95 6 0 4
111 95 7 0 4
113 95 6 0 4
121 95 19 1 4
24 96 21 1 4
25 96 33 7 4
42 96 18 7 4
47 96 20 7 4
50 96 25 3 4
56 96 27 4 4
61 96 22 8 4
116 96 31 7 4
122 96 23 4 4
124 96 23 3 4
125 96 22 5 4
11 97 30 5 4
22 97 26 4 4
35 97 26 9 4
36 97 30 7 4
52 97 28 2 4
62 97 29 5 4
74 97 20 6 4
93 97 29 2 4
96 97 32 6 4
116 97 29 10 4
118 97 28 10 4
122 97 29 3 4
26 98 52 23 4
82 98 53 9 4
10 99 34 3 4
43 99 37 7 4
50 99 23 7 4
61 99 30 7 4
84 99 31 10 4
86 99 30 4 4
94 99 32 7 4
107 99 26 0 4
110 99 37 11 4
113 99 26 0 4
114 99 36 11 4
100 99 64 19 4
100 114 64 22 4
101 12 25 1 4
101 17 27 6 4
101 22 18 6 4
101 35 26 7 4
101 36 28 6 4
101 51 29 4 4
101 53 25 9 4
101 64 26 5 4
101 69 34 7 4
101 70 25 4 4
101 93 25 2 4
101 95 24 1 4
101 107 20 0 4
101 111 21 0 4
101 112 34 7 4
101 113 20 0 4
101 116 29 8 4
101 118 30 7 4
101 128 29 7 4
102 54 39 3 4
102 61 33 13 4
102 74 41 4 4
102 86 43 5 4
102 94 35 13 4
103 24 29 1 4
103 31 41 14 4
103 41 34 8 4
103 79 39 12 4
103 91 32 2 4
103 109 38 8 4
103 115 36 5 4
1 104 95 44 4
105 2 33 6 4
105 6 34 4 4
105 11 32 5 4
105 12 29 2 4
105 51 27 8 4
105 53 31 9 4
105 58 31 5 4
105 65 33 2 4
105 72 27 12 4
105 78 23 9 4
105 95 30 1 4
101 105 34 6 4
105 107 26 0 4
105 111 27 0 4
105 113 26 0 4
108 45 53 17 4
109 23 31 4 4
109 33 32 6 4
109 52 30 2 4
109 65 27 5 4
109 91 30 2 4
107 109 26 0 4
109 111 27 0 4
109 113 26 0 4
109 122 33 2 4
109 124 27 4 4
110 24 34 1 4
110 35 39 7 4
110 43 32 13 4
110 50 32 6 4
110 61 35 8 4
110 84 34 12 4
110 86 35 5 4
110 99 37 11 4
110 127 43 15 4
111 12 8 0 4
111 16 13 0 4
111 22 11 0 4
111 23 14 0 4
111 24 4 0 4
111 42 13 0 4
111 46 16 1 4
111 48 13 0 4
111 50 12 0 4
111 52 9 0 4
111 54 5 0 4
111 64 15 1 4
111 65 12 0 4
111 70 14 0 4
111 74 9 0 4
111 80 12 0 4
111 86 13 0 4
111 91 9 0 4
111 93 10 0 4
111 95 7 0 4
107 111 1 0 4
111 113 1 0 4
111 122 12 0 4
111 124 10 0 4
111 125 13 0 4
112 22 20 9 4
112 24 27 2 4
112 36 32 8 4
112 86 30 5 4
112 118 32 10 4
114 12 35 2 4
114 22 34 4 4
114 24 33 1 4
114 41 36 9 4
114 50 35 4 4
114 52 34 3 4
114 91 36 2 4
114 99 36 11 4
10 114 36 5 4
115 12 21 2 4
115 43 27 8 4
115 52 24 1 4
115 54 20 1 4
115 61 28 4 4
115 86 26 2 4
115 91 22 2 4
115 94 28 5 4
115 95 22 1 4
110 115 39 6 4
115 121 25 4 4
116 22 25 5 4
116 24 28 0 4
116 42 23 7 4
116 47 27 6 4
116 54 29 0 4
116 56 28 6 4
116 62 26 7 4
116 70 26 6 4
116 93 30 2 4
107 116 25 0 4
111 116 26 0 4
113 116 25 0 4
116 118 9 20 4
116 122 20 8 4
116 124 28 3 4
116 125 27 5 4
117 34 79 53 4
118 22 26 4 4
118 24 25 1 4
118 42 24 6 4
118 47 26 6 4
118 56 29 5 4
118 62 27 6 4
118 70 27 5 4
118 86 28 4 4
11 118 26 7 4
101 118 30 7 4
107 118 24 0 4
113 118 24 0 4
116 118 9 20 4
118 122 21 7 4
118 124 29 2 4
118 125 24 6 4
119 23 59 7 4
119 99 60 13 4
103 119 54 17 4
109 119 54 16 4
110 119 59 17 4
120 6 30 7 4
120 24 29 1 4
120 31 45 12 4
120 55 39 5 4
120 78 31 6 4
120 80 31 4 4
120 82 33 6 4
120 91 30 3 4
12 120 25 5 4
121 6 27 2 4
121 17 28 3 4
121 24 18 0 4
121 33 23 5 4
121 50 22 2 4
121 52 21 1 4
121 54 17 1 4
121 56 26 2 4
121 65 18 4 4
121 86 23 2 4
121 91 19 2 4
121 93 22 1 4
121 95 19 1 4
12 121 18 2 4
107 121 15 0 4
111 121 16 0 4
113 121 15 0 4
115 121 25 4 4
122 24 14 0 4
122 42 17 3 4
122 45 25 5 4
122 47 21 2 4
122 52 19 0 4
122 54 15 0 4
122 70 18 3 4
122 74 19 0 4
122 91 19 0 4
122 95 17 0 4
122 96 23 4 4
12 122 18 0 4
107 122 11 0 4
111 122 12 0 4
113 122 11 0 4
116 122 20 8 4
118 122 21 7 4
122 124 12 4 4
122 125 13 5 4
123 26 55 20 4
123 31 50 21 4
123 41 51 11 4
124 24 12 0 4
124 33 19 4 4
124 40 35 6 4
124 42 17 2 4
124 52 17 0 4
124 54 13 0 4
124 56 20 2 4
124 65 16 2 4
124 74 17 0 4
124 91 17 0 4
124 95 15 0 4
124 96 23 3 4
12 124 16 0 4
107 124 9 0 4
111 124 10 0 4
113 124 9 0 4
122 124 12 4 4
124 125 17 2 4
125 16 14 5 4
125 24 11 2 4
125 25 29 5 4
125 42 16 4 4
125 45 26 5 4
125 56 21 3 4
125 70 19 3 4
125 86 18 3 4
125 96 22 5 4
11 125 22 3 4
107 125 12 0 4
111 125 13 0 4
113 125 12 0 4
116 125 27 5 4
118 125 24 6 4
122 125 13 5 4
124 125 17 2 4
126 46 27 12 4
126 59 36 17 4
126 62 35 7 4
126 64 32 9 4
126 82 35 8 4
111 126 33 1 4
127 61 38 10 4
127 74 38 5 4
127 84 35 15 4
127 94 40 10 4
110 127 43 15 4
128 17 28 7 4
128 22 23 5 4
128 24 26 0 4
128 35 31 6 4
128 36 31 6 4
128 54 23 2 4
128 62 30 4 4
128 64 31 4 4
128 70 28 4 4
128 80 30 2 4
128 82 28 6 4
101 128 29 7 4
107 128 23 0 4
111 128 24 0 4
113 128 23 0 4
116 128 32 8 4
118 128 31 8 4
129 35 42 8 4
129 46 37 9 4
129 74 36 5 4
129 83 39 25 4
111 129 37 1 4
130 3 42 15 4
130 90 43 12 4
