Res1 Res2 NSingle NDouble Method
1 42 83 9 4
1 61 82 12 4
1 70 79 9 4
1 94 87 11 4
1 122 78 8 4
101 2 52 5 4
105 2 56 7 4
107 2 29 0 4
111 2 30 0 4
113 2 29 0 4
2 24 32 0 4
2 30 59 8 4
2 36 53 4 4
2 45 45 7 4
2 53 55 4 4
2 54 34 0 4
2 56 45 4 4
2 58 47 3 4
2 62 44 3 4
2 64 43 6 4
2 95 36 0 4
24 3 58 2 4
116 3 55 18 4
118 3 63 14 4
122 3 61 6 4
125 3 63 5 4
3 42 64 8 4
3 47 63 8 4
3 90 60 22 4
3 97 66 14 4
12 4 50 2 4
116 4 58 9 4
121 4 55 5 4
122 4 44 7 4
125 4 52 3 4
4 42 47 9 4
4 56 50 9 4
4 62 47 9 4
4 70 53 4 4
22 5 84 9 4
36 5 91 14 4
42 5 86 11 4
116 5 91 14 4
5 62 84 12 4
5 64 87 13 4
5 70 86 9 4
5 85 94 24 4
10 6 38 1 4
11 6 33 4 4
12 6 29 1 4
23 6 36 1 4
24 6 22 1 4
25 6 50 5 4
51 6 37 4 4
52 6 30 0 4
54 6 26 0 4
105 6 50 6 4
107 6 21 0 4
109 6 49 4 4
111 6 22 0 4
113 6 21 0 4
120 6 46 9 4
121 6 38 2 4
125 6 33 1 4
6 78 34 2 4
6 84 48 3 4
6 91 28 2 4
6 95 28 0 4
65 7 106 11 4
109 7 99 24 4
3 8 75 24 4
42 8 69 8 4
46 8 71 9 4
47 8 66 9 4
68 8 78 24 4
116 8 62 17 4
118 8 66 15 4
122 8 60 9 4
8 96 69 12 4
12 9 30 3 4
17 9 41 6 4
23 9 39 2 4
24 9 29 0 4
46 9 45 3 4
48 9 40 1 4
52 9 33 1 4
54 9 25 3 4
55 9 50 3 4
56 9 40 5 4
64 9 44 4 4
65 9 39 2 4
70 9 37 3 4
79 9 52 12 4
82 9 42 7 4
85 9 65 8 4
107 9 26 0 4
111 9 27 0 4
113 9 26 0 4
121 9 41 3 4
9 91 35 1 4
9 95 33 0 4
10 16 26 3 4
10 24 20 1 4
10 42 34 3 4
10 47 27 6 4
10 52 28 0 4
10 54 24 0 4
10 68 65 8 4
10 84 42 5 4
10 86 33 2 4
10 91 28 1 4
10 95 26 0 4
10 107 19 0 4
10 111 20 0 4
10 113 19 0 4
10 116 45 3 4
10 118 45 3 4
10 122 31 1 4
10 125 29 2 4
11 6 33 4 4
105 11 49 6 4
107 11 20 0 4
11 12 26 2 4
11 24 23 0 4
11 25 45 7 4
11 36 40 6 4
11 48 30 3 4
11 52 29 0 4
11 54 25 0 4
11 55 44 3 4
11 56 40 2 4
11 70 35 1 4
11 78 29 4 4
11 91 31 0 4
11 95 25 1 4
11 97 43 6 4
11 111 21 0 4
11 112 44 6 4
11 113 20 0 4
11 118 40 6 4
11 122 30 2 4
11 125 32 1 4
11 130 49 5 4
12 6 29 1 4
12 9 30 3 4
11 12 26 2 4
107 12 10 0 4
111 12 11 0 4
113 12 10 0 4
115 12 30 3 4
12 16 23 0 4
12 17 33 2 4
12 23 23 2 4
12 24 13 0 4
12 41 36 3 4
12 48 22 2 4
12 52 17 1 4
12 54 13 1 4
12 55 34 3 4
12 56 28 3 4
12 65 23 2 4
12 70 25 1 4
12 74 23 0 4
12 78 19 4 4
12 80 25 1 4
12 91 15 3 4
12 93 22 1 4
12 95 13 2 4
12 120 41 6 4
12 121 25 3 4
12 124 23 0 4
13 9 64 5 4
109 13 68 8 4
115 13 64 5 4
124 13 49 6 4
13 17 61 7 4
13 65 55 5 4
13 79 76 11 4
14 8 84 24 4
116 14 68 16 4
118 14 70 15 4
122 14 64 9 4
14 30 76 19 4
14 36 64 18 4
14 42 71 9 4
14 97 71 16 4
109 15 88 14 4
122 15 72 11 4
124 15 71 11 4
15 45 84 13 4
15 65 77 10 4
10 16 26 3 4
107 16 13 0 4
111 16 14 0 4
113 16 13 0 4
116 16 39 3 4
125 16 21 3 4
16 22 26 1 4
16 23 24 3 4
16 24 14 1 4
16 27 70 5 4
16 30 49 5 4
16 42 30 2 4
16 47 29 2 4
16 48 27 1 4
16 54 18 0 4
16 56 33 2 4
16 57 59 4 4
16 69 44 3 4
16 90 48 5 4
16 91 22 1 4
16 95 20 0 4
17 9 41 6 4
12 17 33 2 4
101 17 42 9 4
107 17 27 0 4
111 17 28 0 4
113 17 27 0 4
118 17 45 7 4
121 17 42 3 4
122 17 39 1 4
124 17 38 1 4
128 17 45 8 4
17 22 34 4 4
17 23 40 2 4
17 24 30 0 4
17 35 42 7 4
17 36 41 9 4
17 52 34 1 4
17 54 30 1 4
17 64 35 9 4
17 65 38 3 4
17 70 34 5 4
17 91 36 1 4
17 93 35 3 4
10 18 78 8 4
18 23 78 7 4
18 32 82 24 4
18 49 94 14 4
17 19 79 12 4
101 19 79 15 4
116 19 82 13 4
118 19 84 12 4
19 22 71 10 4
19 36 84 12 4
19 62 81 8 4
19 64 74 14 4
116 20 79 17 4
118 20 73 20 4
122 20 79 8 4
20 35 78 16 4
20 42 80 11 4
20 84 86 14 4
21 25 97 16 4
21 85 101 22 4
10 22 32 1 4
12 22 25 0 4
16 22 26 1 4
17 22 34 4 4
101 22 28 10 4
107 22 15 0 4
111 22 16 0 4
112 22 35 8 4
113 22 15 0 4
116 22 35 6 4
118 22 37 5 4
125 22 27 1 4
128 22 41 4 4
22 23 30 1 4
22 24 16 1 4
22 35 34 5 4
22 36 39 4 4
22 48 29 1 4
22 52 22 1 4
22 53 39 5 4
22 54 20 0 4
22 58 35 2 4
22 62 30 3 4
22 64 33 4 4
22 69 42 5 4
22 70 26 3 4
22 78 30 1 4
22 86 29 2 4
22 91 24 1 4
22 93 23 3 4
22 95 22 0 4
23 9 39 2 4
12 23 23 2 4
16 23 24 3 4
22 23 30 1 4
107 23 17 0 4
111 23 18 0 4
113 23 17 0 4
124 23 28 1 4
125 23 27 2 4
23 24 18 1 4
23 39 48 4 4
23 48 31 1 4
23 52 24 1 4
23 54 20 1 4
23 65 30 2 4
23 72 42 3 4
23 78 32 1 4
23 89 92 9 4
23 91 22 3 4
23 95 18 3 4
24 6 22 1 4
10 24 20 1 4
12 24 13 0 4
16 24 14 1 4
22 24 16 1 4
23 24 18 1 4
107 24 3 0 4
111 24 4 0 4
113 24 3 0 4
118 24 33 1 4
122 24 17 0 4
124 24 16 0 4
125 24 13 2 4
24 41 33 1 4
24 48 17 1 4
24 50 19 0 4
24 52 12 0 4
24 54 8 0 4
24 55 31 1 4
24 58 25 1 4
24 65 20 0 4
24 70 20 0 4
24 74 16 0 4
24 78 18 1 4
24 80 20 0 4
24 82 31 1 4
24 86 19 1 4
24 91 12 1 4
24 93 17 0 4
24 95 10 0 4
24 96 30 1 4
25 6 50 5 4
11 25 45 7 4
24 25 40 1 4
107 25 39 0 4
111 25 40 0 4
113 25 39 0 4
118 25 59 6 4
122 25 43 5 4
125 25 47 3 4
130 25 62 8 4
25 36 53 9 4
25 37 60 15 4
25 42 48 6 4
25 47 51 4 4
25 51 51 6 4
25 62 48 6 4
25 91 46 2 4
25 93 47 3 4
25 96 52 8 4
25 97 56 9 4
16 26 70 4 4
114 26 82 14 4
123 26 97 21 4
125 26 67 6 4
26 52 68 3 4
26 91 70 3 4
11 27 73 7 4
16 27 70 5 4
24 27 64 3 4
103 27 76 14 4
118 27 77 11 4
122 27 71 5 4
125 27 69 6 4
27 41 77 11 4
27 57 75 23 4
27 62 74 7 4
116 28 87 20 4
28 94 92 16 4
2 29 73 12 4
10 29 77 5 4
111 29 67 1 4
114 29 81 16 4
126 29 77 21 4
29 42 75 7 4
29 46 59 17 4
29 47 74 7 4
29 50 74 5 4
29 52 69 4 4
29 59 79 20 4
29 62 71 9 4
29 64 68 13 4
29 69 75 15 4
29 93 72 5 4
2 30 59 8 4
14 30 76 19 4
16 30 49 5 4
23 30 55 4 4
24 30 47 1 4
101 30 61 9 4
105 30 59 14 4
107 30 46 0 4
111 30 47 0 4
113 30 46 0 4
30 53 66 7 4
30 65 57 3 4
30 70 57 3 4
30 72 55 11 4
30 78 51 6 4
12 31 60 4 4
24 31 59 1 4
103 31 63 16 4
120 31 69 16 4
123 31 84 24 4
31 41 64 13 4
31 55 72 8 4
31 91 61 4 4
12 32 59 3 4
18 32 82 24 4
124 32 60 4 4
32 33 67 7 4
32 49 74 14 4
32 65 54 9 4
32 74 60 4 4
12 33 34 1 4
16 33 37 1 4
23 33 41 1 4
24 33 29 0 4
107 33 26 0 4
111 33 27 0 4
113 33 26 0 4
121 33 35 6 4
122 33 38 1 4
124 33 29 5 4
33 40 58 16 4
33 52 35 0 4
33 54 31 0 4
33 65 35 4 4
33 70 41 1 4
33 80 29 7 4
33 91 35 1 4
33 95 31 1 4
126 34 99 24 4
34 63 99 34 4
34 82 94 16 4
12 35 39 0 4
17 35 42 7 4
22 35 34 5 4
24 35 32 0 4
101 35 42 10 4
107 35 29 0 4
111 35 30 0 4
113 35 29 0 4
118 35 43 9 4
122 35 41 1 4
35 36 47 7 4
35 52 36 1 4
35 54 34 0 4
35 62 44 3 4
35 64 41 7 4
35 74 32 5 4
35 93 39 2 4
35 95 36 0 4
35 97 46 9 4
11 36 40 6 4
17 36 41 9 4
22 36 39 4 4
24 36 35 0 4
35 36 47 7 4
101 36 45 10 4
107 36 32 0 4
111 36 33 0 4
112 36 50 9 4
113 36 32 0 4
118 36 40 12 4
122 36 40 3 4
128 36 52 7 4
36 48 42 3 4
36 52 41 0 4
36 54 37 0 4
36 62 47 3 4
36 64 34 12 4
36 78 45 2 4
36 93 40 3 4
36 95 39 0 4
36 97 47 10 4
11 37 61 5 4
22 37 58 4 4
24 37 52 1 4
107 37 51 0 4
111 37 52 0 4
113 37 51 0 4
116 37 51 16 4
118 37 57 13 4
122 37 51 7 4
124 37 56 4 4
125 37 53 6 4
37 42 54 9 4
37 56 59 8 4
37 86 61 4 4
37 93 59 3 4
14 38 121 32 4
17 39 56 5 4
22 39 50 2 4
23 39 48 4 4
103 39 60 8 4
107 39 39 0 4
111 39 40 0 4
113 39 39 0 4
39 48 51 2 4
39 50 51 2 4
39 54 38 3 4
39 60 78 15 4
39 78 50 3 4
39 86 51 3 4
33 40 58 16 4
107 40 64 0 4
113 40 64 0 4
124 40 63 7 4
40 65 71 5 4
40 80 73 4 4
40 93 70 4 4
12 41 36 3 4
23 41 45 2 4
24 41 33 1 4
31 41 64 13 4
103 41 53 8 4
107 41 32 0 4
111 41 33 0 4
113 41 32 0 4
114 41 55 11 4
115 41 48 5 4
120 41 61 7 4
122 41 42 2 4
124 41 39 3 4
41 50 40 4 4
41 54 37 0 4
41 55 52 5 4
41 67 92 22 4
41 78 45 2 4
41 91 41 1 4
4 42 47 9 4
10 42 34 3 4
12 42 31 0 4
16 42 30 2 4
24 42 24 0 4
107 42 21 0 4
111 42 22 0 4
113 42 21 0 4
116 42 41 6 4
118 42 41 6 4
122 42 25 5 4
124 42 28 3 4
125 42 27 4 4
42 45 35 8 4
42 46 32 7 4
42 47 27 7 4
42 50 27 5 4
42 52 30 0 4
42 54 26 0 4
42 56 23 11 4
42 61 39 4 4
42 62 30 6 4
42 64 41 3 4
42 70 34 2 4
42 86 35 2 4
42 91 32 0 4
42 95 28 0 4
42 96 32 9 4
24 43 38 0 4
107 43 35 0 4
111 43 36 0 4
113 43 35 0 4
115 43 45 8 4
43 45 51 7 4
43 61 37 12 4
43 84 48 10 4
43 88 60 11 4
43 94 48 8 4
43 95 40 1 4
43 99 55 8 4
22 44 90 12 4
118 44 93 19 4
2 45 45 7 4
16 45 39 2 4
24 45 33 0 4
42 45 35 8 4
43 45 51 7 4
107 45 30 0 4
111 45 31 0 4
113 45 30 0 4
115 45 46 5 4
116 45 46 8 4
122 45 36 4 4
125 45 36 4 4
45 47 42 4 4
45 56 44 5 4
45 61 40 8 4
45 64 46 5 4
45 70 39 4 4
45 88 57 10 4
45 90 55 10 4
45 94 45 7 4
45 95 35 1 4
24 46 28 0 4
42 46 32 7 4
107 46 25 0 4
111 46 24 1 4
113 46 25 0 4
126 46 42 17 4
46 47 29 8 4
46 48 39 1 4
46 50 31 5 4
46 52 34 0 4
46 54 30 0 4
46 59 44 16 4
46 61 39 6 4
46 62 30 8 4
46 64 35 8 4
46 69 42 10 4
46 95 32 0 4
10 47 27 6 4
16 47 29 2 4
24 47 23 0 4
42 47 27 7 4
45 47 42 4 4
46 47 29 8 4
107 47 20 0 4
111 47 21 0 4
113 47 20 0 4
116 47 40 6 4
118 47 40 6 4
122 47 32 1 4
124 47 31 1 4
125 47 30 2 4
126 47 55 8 4
47 50 34 1 4
47 51 38 3 4
47 56 38 3 4
47 61 38 4 4
47 62 33 4 4
47 64 40 3 4
47 86 34 2 4
47 96 35 7 4
10 48 33 1 4
11 48 30 3 4
12 48 22 2 4
16 48 27 1 4
22 48 29 1 4
23 48 31 1 4
24 48 17 1 4
36 48 42 3 4
107 48 16 0 4
111 48 17 0 4
113 48 16 0 4
125 48 28 1 4
48 54 21 0 4
48 56 36 2 4
48 58 26 7 4
48 64 36 3 4
48 69 47 3 4
48 70 31 1 4
48 78 27 3 4
48 80 31 1 4
48 82 40 3 4
48 86 32 1 4
48 91 23 2 4
48 93 28 1 4
48 95 19 2 4
32 49 74 14 4
43 49 66 8 4
126 49 72 13 4
49 52 52 2 4
49 59 64 17 4
49 64 59 7 4
49 74 50 5 4
12 50 26 0 4
16 50 29 0 4
22 50 31 0 4
24 50 19 0 4
41 50 40 4 4
42 50 27 5 4
46 50 31 5 4
107 50 16 0 4
111 50 17 0 4
113 50 16 0 4
121 50 31 3 4
122 50 30 0 4
124 50 29 0 4
125 50 30 0 4
130 50 45 5 4
50 52 25 0 4
50 54 21 0 4
50 61 34 4 4
50 62 31 3 4
50 74 29 0 4
50 86 18 8 4
50 91 27 0 4
50 93 30 0 4
50 94 35 5 4
50 95 23 0 4
50 96 37 4 4
50 99 34 9 4
51 6 37 4 4
10 51 41 1 4
12 51 32 1 4
24 51 27 0 4
25 51 51 6 4
47 51 38 3 4
48 51 38 1 4
101 51 47 5 4
105 51 45 10 4
107 51 24 0 4
111 51 25 0 4
113 51 24 0 4
116 51 48 4 4
118 51 48 4 4
122 51 34 2 4
51 52 33 0 4
51 53 50 4 4
51 54 29 0 4
51 65 39 1 4
51 70 37 2 4
51 72 47 4 4
51 78 37 2 4
51 95 29 1 4
52 9 33 1 4
12 52 17 1 4
17 52 34 1 4
22 52 22 1 4
23 52 24 1 4
24 52 12 0 4
107 52 9 0 4
111 52 10 0 4
113 52 9 0 4
114 52 46 4 4
115 52 33 1 4
121 52 28 1 4
52 54 12 1 4
52 65 22 2 4
52 74 18 2 4
52 91 18 1 4
52 95 16 0 4
52 97 40 2 4
16 53 43 2 4
22 53 39 5 4
24 53 37 0 4
42 53 47 4 4
101 53 49 9 4
105 53 57 9 4
107 53 34 0 4
111 53 35 0 4
113 53 34 0 4
116 53 50 8 4
118 53 48 9 4
53 54 39 0 4
53 62 45 5 4
53 65 43 4 4
53 70 45 3 4
53 72 51 7 4
53 86 46 3 4
53 97 55 7 4
54 9 25 3 4
12 54 13 1 4
16 54 18 0 4
17 54 30 1 4
22 54 20 0 4
23 54 20 1 4
24 54 8 0 4
39 54 38 3 4
48 54 21 0 4
50 54 21 0 4
52 54 12 1 4
107 54 5 0 4
111 54 6 0 4
113 54 5 0 4
115 54 29 1 4
121 54 24 1 4
122 54 19 0 4
124 54 18 0 4
125 54 19 0 4
54 65 20 1 4
54 70 22 0 4
54 74 18 0 4
54 78 22 0 4
54 79 47 4 4
54 80 22 0 4
54 91 14 1 4
54 93 19 0 4
54 95 12 0 4
11 55 44 3 4
12 55 34 3 4
24 55 31 1 4
31 55 72 8 4
41 55 52 5 4
107 55 30 0 4
113 55 30 0 4
120 55 61 6 4
55 70 43 2 4
55 78 37 5 4
55 86 42 3 4
55 91 33 4 4
55 93 40 2 4
55 95 35 1 4
56 9 40 5 4
2 56 45 4 4
4 56 50 9 4
10 56 39 2 4
12 56 28 3 4
16 56 33 2 4
24 56 27 0 4
42 56 23 11 4
45 56 44 5 4
47 56 38 3 4
48 56 36 2 4
52 56 33 0 4
54 56 29 0 4
107 56 24 0 4
111 56 25 0 4
113 56 24 0 4
116 56 46 5 4
118 56 46 5 4
122 56 32 3 4
124 56 31 3 4
125 56 32 3 4
56 70 37 2 4
56 78 37 2 4
56 82 44 5 4
56 86 38 2 4
56 91 33 1 4
56 93 36 1 4
56 95 27 2 4
56 96 41 6 4
16 57 59 4 4
22 57 59 5 4
27 57 75 23 4
48 57 60 5 4
101 57 71 8 4
112 57 68 11 4
116 57 68 9 4
118 57 70 8 4
125 57 58 5 4
128 57 72 8 4
57 58 64 7 4
57 62 65 5 4
2 58 47 3 4
10 58 41 1 4
12 58 32 1 4
16 58 35 1 4
22 58 35 2 4
23 58 39 1 4
24 58 25 1 4
48 58 26 7 4
54 58 29 0 4
56 58 44 2 4
107 58 24 0 4
111 58 25 0 4
113 58 24 0 4
125 58 36 1 4
58 78 37 2 4
58 80 39 1 4
58 86 40 1 4
58 91 31 2 4
58 93 36 1 4
58 95 29 1 4
16 59 60 2 4
24 59 52 1 4
42 59 58 7 4
46 59 44 16 4
47 59 57 7 4
48 59 55 6 4
50 59 57 5 4
54 59 54 1 4
107 59 51 0 4
111 59 52 0 4
113 59 51 0 4
125 59 59 3 4
126 59 58 22 4
59 62 58 7 4
59 64 57 10 4
59 91 56 3 4
30 60 79 18 4
39 60 78 15 4
51 60 73 10 4
53 60 83 10 4
54 60 68 3 4
55 60 79 10 4
105 60 82 14 4
60 65 72 7 4
60 72 68 16 4
60 78 70 8 4
24 61 29 0 4
42 61 39 4 4
43 61 37 12 4
45 61 40 8 4
46 61 39 6 4
47 61 38 4 4
50 61 34 4 4
54 61 31 0 4
107 61 26 0 4
111 61 27 0 4
113 61 26 0 4
115 61 38 7 4
122 61 36 2 4
125 61 38 1 4
61 62 41 3 4
61 84 47 6 4
61 86 36 4 4
61 94 29 13 4
61 95 33 0 4
61 96 35 10 4
4 62 47 9 4
22 62 30 3 4
24 62 24 0 4
42 62 30 6 4
46 62 30 8 4
47 62 33 4 4
50 62 31 3 4
53 62 45 5 4
54 62 26 0 4
107 62 21 0 4
111 62 22 0 4
113 62 21 0 4
116 62 33 10 4
118 62 41 6 4
122 62 33 1 4
62 64 35 6 4
62 69 44 7 4
62 70 32 3 4
62 86 33 3 4
62 95 28 0 4
62 96 42 4 4
62 97 44 6 4
34 63 99 34 4
42 63 78 7 4
46 63 76 10 4
59 63 90 16 4
2 64 43 6 4
17 64 35 9 4
22 64 33 4 4
24 64 29 0 4
35 64 41 7 4
36 64 34 12 4
46 64 35 8 4
48 64 36 3 4
54 64 31 0 4
62 64 35 6 4
101 64 41 9 4
107 64 26 0 4
111 64 25 1 4
113 64 26 0 4
118 64 44 7 4
122 64 38 1 4
64 69 41 11 4
64 93 34 3 4
65 9 39 2 4
12 65 23 2 4
16 65 28 1 4
17 65 38 3 4
23 65 30 2 4
24 65 20 0 4
32 65 54 9 4
33 65 35 4 4
52 65 22 2 4
53 65 43 4 4
54 65 20 1 4
107 65 17 0 4
109 65 39 7 4
111 65 18 0 4
113 65 17 0 4
121 65 30 4 4
124 65 24 3 4
65 70 28 3 4
65 91 26 1 4
65 95 24 0 4
66 9 84 9 4
33 66 78 12 4
46 66 83 9 4
50 66 82 5 4
63 66 103 22 4
65 66 75 9 4
124 66 71 9 4
66 82 84 11 4
41 67 92 22 4
65 67 97 12 4
123 67 106 36 4
124 67 103 7 4
67 95 101 5 4
68 8 78 24 4
10 68 65 8 4
24 68 61 2 4
42 68 61 11 4
45 68 70 11 4
62 68 67 8 4
116 68 60 17 4
118 68 64 15 4
122 68 64 6 4
125 68 66 5 4
68 88 75 17 4
16 69 44 3 4
22 69 42 5 4
24 69 38 1 4
36 69 55 7 4
46 69 42 10 4
62 69 44 7 4
64 69 41 11 4
101 69 56 7 4
107 69 37 0 4
111 69 36 1 4
113 69 37 0 4
116 69 53 8 4
125 69 45 3 4
128 69 55 8 4
70 9 37 3 4
12 70 25 1 4
17 70 34 5 4
22 70 26 3 4
24 70 20 0 4
42 70 34 2 4
45 70 39 4 4
48 70 31 1 4
52 70 26 0 4
54 70 22 0 4
62 70 32 3 4
65 70 28 3 4
101 70 42 4 4
107 70 17 0 4
111 70 18 0 4
113 70 17 0 4
116 70 37 6 4
118 70 37 6 4
122 70 25 3 4
125 70 25 3 4
128 70 43 4 4
70 78 30 2 4
70 80 32 1 4
70 95 20 2 4
71 9 73 5 4
16 71 66 2 4
17 71 68 8 4
23 71 66 4 4
30 71 81 11 4
48 71 67 3 4
51 71 67 7 4
53 71 73 9 4
58 71 69 6 4
70 71 62 6 4
101 71 74 8 4
105 71 74 12 4
71 72 72 8 4
71 79 85 11 4
71 93 61 5 4
71 95 60 2 4
11 72 47 2 4
12 72 39 1 4
23 72 42 3 4
24 72 34 0 4
30 72 55 11 4
48 72 45 1 4
51 72 47 4 4
53 72 51 7 4
54 72 36 0 4
70 72 44 2 4
101 72 50 7 4
105 72 46 13 4
107 72 31 0 4
111 72 32 0 4
113 72 31 0 4
72 78 38 5 4
72 80 44 2 4
72 91 40 1 4
72 93 41 2 4
72 95 34 2 4
73 84 134 23 4
12 74 23 0 4
16 74 26 0 4
24 74 16 0 4
35 74 32 5 4
52 74 18 2 4
54 74 18 0 4
107 74 13 0 4
111 74 14 0 4
113 74 13 0 4
122 74 27 0 4
124 74 26 0 4
125 74 27 0 4
74 91 24 0 4
74 93 27 0 4
74 95 20 0 4
74 97 30 9 4
17 75 79 11 4
65 75 77 7 4
109 75 78 16 4
116 75 70 18 4
118 75 74 16 4
122 75 72 8 4
124 75 69 9 4
46 77 84 16 4
47 77 93 9 4
49 77 96 21 4
59 77 90 26 4
74 77 90 7 4
129 77 87 32 4
77 83 96 32 4
6 78 34 2 4
10 78 34 1 4
11 78 29 4 4
12 78 19 4 4
16 78 28 1 4
22 78 30 1 4
23 78 32 1 4
24 78 18 1 4
48 78 27 3 4
50 78 33 0 4
51 78 37 2 4
52 78 26 0 4
54 78 22 0 4
55 78 37 5 4
56 78 37 2 4
58 78 37 2 4
65 78 32 1 4
70 78 30 2 4
72 78 38 5 4
74 78 30 0 4
105 78 38 10 4
107 78 17 0 4
111 78 18 0 4
113 78 17 0 4
120 78 46 7 4
122 78 31 0 4
124 78 30 0 4
125 78 29 1 4
78 80 32 1 4
78 86 33 1 4
78 91 24 2 4
78 93 29 1 4
78 95 20 2 4
79 9 52 12 4
12 79 54 3 4
17 79 57 10 4
39 79 73 8 4
54 79 47 4 4
65 79 61 3 4
70 79 57 5 4
103 79 63 12 4
107 79 50 0 4
113 79 50 0 4
128 79 68 8 4
12 80 25 1 4
16 80 30 0 4
22 80 32 0 4
23 80 34 0 4
24 80 20 0 4
33 80 29 7 4
48 80 31 1 4
50 80 33 0 4
52 80 26 0 4
54 80 22 0 4
65 80 34 0 4
70 80 32 1 4
72 80 44 2 4
74 80 30 0 4
78 80 32 1 4
107 80 17 0 4
111 80 18 0 4
113 80 17 0 4
121 80 36 1 4
122 80 31 0 4
124 80 30 0 4
125 80 31 0 4
80 82 39 4 4
80 91 26 1 4
80 93 19 6 4
80 95 20 2 4
42 81 80 11 4
61 81 73 17 4
70 81 78 10 4
101 81 86 14 4
118 81 69 22 4
81 96 76 17 4
82 9 42 7 4
12 82 38 1 4
16 82 41 1 4
22 82 43 1 4
24 82 31 1 4
48 82 40 3 4
52 82 39 0 4
54 82 35 0 4
56 82 44 5 4
80 82 39 4 4
107 82 30 0 4
111 82 31 0 4
113 82 30 0 4
120 82 57 8 4
125 82 42 1 4
128 82 44 10 4
82 91 37 2 4
82 95 37 0 4
35 83 78 10 4
46 83 76 9 4
59 83 78 21 4
74 83 66 8 4
129 83 73 28 4
10 84 42 5 4
24 84 36 0 4
35 84 50 6 4
43 84 48 10 4
47 84 45 4 4
54 84 38 0 4
61 84 47 6 4
107 84 33 0 4
110 84 56 12 4
111 84 34 0 4
113 84 33 0 4
125 84 43 2 4
127 84 59 15 4
84 96 48 7 4
84 99 49 10 4
85 9 65 8 4
16 85 62 3 4
17 85 62 10 4
22 85 60 5 4
42 85 62 7 4
56 85 63 8 4
70 85 60 6 4
116 85 55 16 4
118 85 55 16 4
122 85 55 7 4
125 85 63 3 4
85 96 64 10 4
10 86 33 2 4
12 86 28 0 4
16 86 29 1 4
22 86 29 2 4
24 86 19 1 4
42 86 35 2 4
47 86 34 2 4
48 86 32 1 4
50 86 18 8 4
52 86 27 0 4
54 86 23 0 4
61 86 36 4 4
62 86 33 3 4
107 86 18 0 4
111 86 19 0 4
112 86 42 6 4
113 86 18 0 4
115 86 38 3 4
116 86 42 4 4
118 86 40 5 4
121 86 33 3 4
124 86 29 1 4
125 86 26 3 4
130 86 41 8 4
86 88 45 10 4
86 91 27 1 4
86 94 33 7 4
86 95 25 0 4
86 96 39 4 4
86 99 42 6 4
87 9 82 9 4
32 87 89 20 4
33 87 86 7 4
46 87 79 10 4
48 87 80 5 4
54 87 73 3 4
64 87 82 9 4
65 87 79 6 4
80 87 77 7 4
109 87 88 11 4
121 87 81 7 4
126 87 93 16 4
2 88 62 7 4
11 88 55 6 4
22 88 56 3 4
45 88 57 10 4
50 88 53 5 4
61 88 59 7 4
62 88 56 6 4
70 88 52 6 4
86 88 45 10 4
107 88 47 0 4
111 88 48 0 4
113 88 47 0 4
116 88 61 9 4
118 88 49 15 4
122 88 53 4 4
125 88 49 6 4
88 94 60 8 4
88 96 60 8 4
88 97 58 12 4
23 89 92 9 4
31 89 107 22 4
103 89 94 18 4
3 90 60 22 4
16 90 48 5 4
42 90 50 8 4
45 90 55 10 4
47 90 53 6 4
56 90 55 7 4
84 90 62 8 4
86 90 55 4 4
116 90 61 8 4
122 90 51 4 4
125 90 49 5 4
90 94 60 7 4
6 91 28 2 4
10 91 28 1 4
12 91 15 3 4
16 91 22 1 4
22 91 24 1 4
23 91 22 3 4
24 91 12 1 4
48 91 23 2 4
52 91 18 1 4
54 91 14 1 4
55 91 33 4 4
58 91 31 2 4
65 91 26 1 4
78 91 24 2 4
80 91 26 1 4
82 91 37 2 4
86 91 27 1 4
107 91 11 0 4
111 91 12 0 4
113 91 11 0 4
115 91 31 3 4
120 91 46 4 4
121 91 26 3 4
125 91 23 1 4
130 91 44 3 4
91 93 23 1 4
91 95 16 1 4
3 92 109 29 4
12 93 22 1 4
16 93 27 0 4
17 93 35 3 4
22 93 23 3 4
24 93 17 0 4
35 93 39 2 4
36 93 40 3 4
48 93 28 1 4
52 93 23 0 4
54 93 19 0 4
55 93 40 2 4
64 93 34 3 4
72 93 41 2 4
74 93 27 0 4
78 93 29 1 4
80 93 19 6 4
91 93 23 1 4
101 93 41 3 4
107 93 14 0 4
111 93 15 0 4
113 93 14 0 4
121 93 33 1 4
122 93 28 0 4
124 93 27 0 4
125 93 28 0 4
93 95 19 1 4
24 94 32 0 4
43 94 48 8 4
45 94 45 7 4
46 94 48 3 4
47 94 45 2 4
50 94 35 5 4
51 94 47 3 4
54 94 34 0 4
61 94 29 13 4
86 94 33 7 4
102 94 58 16 4
107 94 29 0 4
111 94 30 0 4
113 94 29 0 4
115 94 37 9 4
121 94 44 3 4
127 94 57 14 4
130 94 52 8 4
94 99 49 8 4
10 95 26 0 4
11 95 25 1 4
12 95 13 2 4
16 95 20 0 4
22 95 22 0 4
23 95 18 3 4
24 95 10 0 4
33 95 31 1 4
47 95 27 0 4
48 95 19 2 4
50 95 23 0 4
51 95 29 1 4
52 95 16 0 4
54 95 12 0 4
56 95 27 2 4
58 95 29 1 4
65 95 24 0 4
70 95 20 2 4
72 95 34 2 4
74 95 20 0 4
78 95 20 2 4
80 95 20 2 4
86 95 25 0 4
91 95 16 1 4
93 95 19 1 4
107 95 7 0 4
111 95 8 0 4
113 95 7 0 4
115 95 31 1 4
121 95 26 1 4
122 95 21 0 4
124 95 20 0 4
125 95 21 0 4
24 96 30 1 4
42 96 32 9 4
47 96 35 7 4
50 96 37 4 4
56 96 41 6 4
61 96 35 10 4
62 96 42 4 4
84 96 48 7 4
86 96 39 4 4
107 96 29 0 4
111 96 30 0 4
113 96 29 0 4
122 96 37 3 4
124 96 34 4 4
125 96 37 3 4
11 97 43 6 4
22 97 42 4 4
24 97 38 0 4
25 97 56 9 4
35 97 46 9 4
36 97 47 10 4
52 97 40 2 4
62 97 44 6 4
74 97 30 9 4
86 97 49 2 4
107 97 35 0 4
111 97 36 0 4
113 97 35 0 4
116 97 49 9 4
118 97 47 10 4
122 97 45 2 4
128 97 53 8 4
12 98 75 4 4
26 98 92 23 4
52 98 72 5 4
114 98 82 18 4
6 99 51 3 4
10 99 49 3 4
22 99 47 2 4
24 99 39 0 4
43 99 55 8 4
47 99 50 3 4
50 99 34 9 4
52 99 45 0 4
54 99 41 0 4
61 99 50 6 4
84 99 49 10 4
86 99 42 6 4
94 99 49 8 4
95 99 43 0 4
107 99 36 0 4
111 99 37 0 4
113 99 36 0 4
121 99 51 3 4
100 16 100 7 4
100 43 104 16 4
100 63 114 29 4
100 99 105 16 4
100 114 102 22 4
101 12 41 1 4
101 17 42 9 4
101 22 28 10 4
101 24 36 0 4
101 35 42 10 4
101 36 45 10 4
101 51 47 5 4
101 52 42 0 4
101 53 49 9 4
101 54 38 0 4
101 62 48 3 4
101 64 41 9 4
101 70 42 4 4
101 72 50 7 4
101 93 41 3 4
101 95 38 1 4
101 107 33 0 4
101 111 34 0 4
101 112 53 8 4
101 113 33 0 4
101 116 45 10 4
101 118 45 10 4
101 122 45 1 4
101 128 53 7 4
102 47 69 6 4
102 50 63 7 4
102 54 62 2 4
102 61 57 15 4
102 74 64 5 4
102 86 61 9 4
102 94 58 16 4
102 96 64 13 4
102 99 75 11 4
10 102 70 5 4
102 107 61 0 4
102 113 61 0 4
102 127 71 23 4
103 12 45 1 4
103 23 50 2 4
103 24 40 0 4
103 31 63 16 4
103 39 60 8 4
103 41 53 8 4
103 52 44 1 4
103 78 50 2 4
103 79 63 12 4
103 91 44 2 4
103 107 37 0 4
103 109 57 8 4
103 111 38 0 4
103 113 37 0 4
103 115 55 4 4
105 2 56 7 4
105 6 50 6 4
105 11 49 6 4
105 12 47 2 4
105 24 44 0 4
105 30 59 14 4
105 51 45 10 4
105 52 50 0 4
105 53 57 9 4
105 54 46 0 4
105 58 55 5 4
105 70 54 2 4
105 72 46 13 4
105 78 38 10 4
105 95 46 1 4
101 105 56 9 4
105 107 41 0 4
105 111 42 0 4
105 113 41 0 4
108 45 78 16 4
108 61 76 15 4
108 88 85 21 4
108 94 77 16 4
101 108 77 18 4
108 116 80 16 4
108 118 84 14 4
109 6 49 4 4
109 12 44 1 4
109 23 47 3 4
109 24 39 0 4
109 52 43 1 4
109 54 41 0 4
109 65 39 7 4
109 91 45 1 4
109 95 43 0 4
103 109 57 8 4
107 109 36 0 4
109 111 37 0 4
109 113 36 0 4
109 121 51 3 4
109 122 46 2 4
109 124 41 4 4
110 35 58 9 4
110 43 62 10 4
110 45 63 7 4
110 50 55 4 4
110 84 56 12 4
110 91 54 2 4
110 127 77 13 4
110 129 73 17 4
110 130 66 10 4
111 6 22 0 4
111 12 11 0 4
111 16 14 0 4
111 22 16 0 4
111 23 18 0 4
111 24 4 0 4
111 42 22 0 4
111 46 24 1 4
111 47 21 0 4
111 48 17 0 4
111 50 17 0 4
111 51 25 0 4
111 52 10 0 4
111 54 6 0 4
111 56 25 0 4
111 58 25 0 4
111 62 22 0 4
111 64 25 1 4
111 65 18 0 4
111 70 18 0 4
111 74 14 0 4
111 78 18 0 4
111 80 18 0 4
111 86 19 0 4
111 91 12 0 4
111 93 15 0 4
111 95 8 0 4
10 111 20 0 4
11 111 21 0 4
107 111 1 0 4
111 113 1 0 4
111 121 22 0 4
111 122 15 0 4
111 124 14 0 4
111 125 15 0 4
112 17 53 5 4
112 22 35 8 4
112 35 53 6 4
112 36 50 9 4
112 52 43 1 4
112 64 52 5 4
112 86 42 6 4
112 97 57 7 4
11 112 44 6 4
101 112 53 8 4
107 112 36 0 4
111 112 37 0 4
112 113 36 0 4
112 116 52 8 4
112 118 48 10 4
112 122 46 2 4
112 125 46 2 4
114 2 60 7 4
114 12 49 3 4
114 22 56 2 4
114 24 48 0 4
114 41 55 11 4
114 50 55 3 4
114 52 46 4 4
114 56 59 5 4
114 78 56 3 4
114 91 52 2 4
114 99 63 9 4
10 114 56 4 4
107 114 45 0 4
111 114 46 0 4
113 114 45 0 4
114 115 61 5 4
114 121 58 4 4
115 12 30 3 4
115 24 29 0 4
115 41 48 5 4
115 43 45 8 4
115 45 46 5 4
115 48 40 1 4
115 50 40 1 4
115 52 33 1 4
115 54 29 1 4
115 61 38 7 4
115 86 38 3 4
115 91 31 3 4
115 93 38 1 4
115 94 37 9 4
115 95 31 1 4
107 115 26 0 4
111 115 27 0 4
113 115 26 0 4
115 121 37 5 4
116 12 42 0 4
116 16 39 3 4
116 22 35 6 4
116 24 35 0 4
116 42 41 6 4
116 45 46 8 4
116 47 40 6 4
116 52 41 0 4
116 54 37 0 4
116 62 33 10 4
116 70 37 6 4
116 86 42 4 4
116 91 43 0 4
116 93 44 1 4
116 95 39 0 4
11 116 48 2 4
107 116 32 0 4
111 116 33 0 4
113 116 32 0 4
116 118 24 20 4
116 122 32 7 4
116 124 41 2 4
116 125 40 3 4
117 34 141 55 4
118 16 41 2 4
118 17 45 7 4
118 22 37 5 4
118 24 33 1 4
118 35 43 9 4
118 36 40 12 4
118 42 41 6 4
118 47 40 6 4
118 54 37 0 4
118 56 46 5 4
118 62 41 6 4
118 64 44 7 4
118 70 37 6 4
118 86 40 5 4
118 93 44 1 4
118 95 39 0 4
11 118 40 6 4
107 118 32 0 4
111 118 33 0 4
113 118 32 0 4
116 118 24 20 4
118 122 34 6 4
118 124 43 1 4
118 125 34 6 4
119 13 98 14 4
119 23 81 7 4
119 99 86 14 4
103 119 87 14 4
109 119 84 15 4
119 121 83 8 4
120 6 46 9 4
120 24 44 1 4
120 31 69 16 4
120 41 61 7 4
120 52 50 1 4
120 54 46 1 4
120 55 61 6 4
120 78 46 7 4
120 80 52 4 4
120 82 57 8 4
120 91 46 4 4
120 95 48 1 4
12 120 41 6 4
107 120 43 0 4
111 120 44 0 4
113 120 43 0 4
115 120 59 5 4
120 121 52 6 4
121 4 55 5 4
121 6 38 2 4
121 9 41 3 4
121 16 32 1 4
121 17 42 3 4
121 23 36 1 4
121 24 24 0 4
121 33 35 6 4
121 48 35 1 4
121 50 31 3 4
121 52 28 1 4
121 54 24 1 4
121 65 30 4 4
121 78 36 1 4
121 80 36 1 4
121 86 33 3 4
121 91 26 3 4
121 93 33 1 4
121 95 26 1 4
12 121 25 3 4
107 121 21 0 4
111 121 22 0 4
113 121 21 0 4
115 121 37 5 4
120 121 52 6 4
122 4 44 7 4
122 16 27 0 4
122 22 29 0 4
122 23 31 0 4
122 24 17 0 4
122 42 25 5 4
122 45 36 4 4
122 47 32 1 4
122 48 30 0 4
122 50 30 0 4
122 52 23 0 4
122 54 19 0 4
122 56 32 3 4
122 65 31 0 4
122 70 25 3 4
122 74 27 0 4
122 78 31 0 4
122 80 31 0 4
122 86 32 0 4
122 91 25 0 4
122 93 28 0 4
122 95 21 0 4
10 122 31 1 4
11 122 30 2 4
12 122 24 0 4
107 122 14 0 4
111 122 15 0 4
113 122 14 0 4
116 122 32 7 4
118 122 34 6 4
122 124 21 3 4
122 125 20 4 4
123 31 84 24 4
123 41 80 13 4
103 123 85 13 4
124 13 49 6 4
124 16 26 0 4
124 22 28 0 4
124 23 28 1 4
124 24 16 0 4
124 33 29 5 4
124 42 28 3 4
124 47 31 1 4
124 48 29 0 4
124 50 29 0 4
124 52 22 0 4
124 54 18 0 4
124 56 31 3 4
124 65 24 3 4
124 70 30 0 4
124 74 26 0 4
124 78 30 0 4
124 80 30 0 4
124 86 29 1 4
124 91 24 0 4
124 93 27 0 4
124 95 20 0 4
124 96 34 4 4
12 124 23 0 4
107 124 13 0 4
109 124 41 4 4
111 124 14 0 4
113 124 13 0 4
122 124 21 3 4
124 125 25 1 4
125 16 21 3 4
125 22 27 1 4
125 23 27 2 4
125 24 13 2 4
125 37 53 6 4
125 42 27 4 4
125 45 36 4 4
125 47 30 2 4
125 48 28 1 4
125 52 23 0 4
125 54 19 0 4
125 56 32 3 4
125 70 25 3 4
125 78 29 1 4
125 86 26 3 4
125 88 49 6 4
125 91 23 1 4
125 95 21 0 4
125 96 37 3 4
10 125 29 2 4
12 125 24 0 4
107 125 14 0 4
111 125 15 0 4
113 125 14 0 4
118 125 34 6 4
122 125 20 4 4
124 125 25 1 4
126 24 54 0 4
126 42 62 5 4
126 46 42 17 4
126 47 55 8 4
126 48 59 4 4
126 59 58 22 4
126 62 54 9 4
126 64 57 10 4
126 82 61 10 4
126 91 60 1 4
107 126 51 0 4
111 126 52 0 4
113 126 51 0 4
127 47 64 6 4
127 50 62 5 4
127 61 62 10 4
127 74 57 6 4
127 84 59 15 4
127 86 60 7 4
127 94 57 14 4
127 95 59 2 4
127 99 68 12 4
102 127 71 23 4
107 127 56 0 4
111 127 57 0 4
113 127 56 0 4
127 130 67 14 4
128 9 52 4 4
128 16 45 1 4
128 17 45 8 4
128 22 41 4 4
128 24 37 0 4
128 35 51 6 4
128 36 52 7 4
128 48 46 2 4
128 52 43 0 4
128 54 37 1 4
128 62 47 4 4
128 64 52 4 4
128 69 55 8 4
128 70 43 4 4
128 82 44 10 4
128 85 65 12 4
128 91 43 1 4
128 95 41 0 4
128 97 53 8 4
12 128 44 0 4
101 128 53 7 4
107 128 34 0 4
111 128 35 0 4
113 128 34 0 4
116 128 48 9 4
118 128 50 8 4
129 24 61 1 4
129 46 63 11 4
129 59 71 20 4
129 74 63 5 4
129 83 73 28 4
129 84 69 12 4
111 129 59 1 4
126 129 75 18 4
130 3 74 12 4
130 25 62 8 4
130 50 45 5 4
130 61 53 6 4
130 86 41 8 4
130 91 44 3 4
130 94 52 8 4
11 130 49 5 4
122 130 47 3 4
127 130 67 14 4
