Res1 Res2 NSingle NDouble Method
15 8 10 0 7
30 8 13 1 7
53 8 14 1 7
118 8 5 1 7
8 94 7 1 7
15 8 10 0 7
118 15 7 0 7
123 15 13 0 7
15 94 7 1 7
30 8 13 1 7
118 30 10 1 7
127 30 18 2 7
30 94 12 1 7
23 31 36 10 7
118 41 22 1 7
118 47 17 0 7
53 8 14 1 7
118 53 11 1 7
53 94 13 1 7
61 8 18 3 7
53 61 22 4 7
64 8 22 2 7
15 72 21 3 7
8 82 14 3 7
118 82 15 1 7
82 94 17 1 7
15 84 17 2 7
118 84 18 0 7
84 94 18 1 7
8 94 7 1 7
15 94 7 1 7
30 94 12 1 7
118 94 4 1 7
94 98 13 3 7
105 98 19 4 7
105 94 16 0 7
105 118 14 0 7
116 118 19 0 7
118 121 15 1 7
123 8 13 0 7
123 15 13 0 7
123 94 8 2 7
118 123 10 0 7
125 8 26 3 7
127 30 18 2 7
118 127 14 0 7
