Res1 Res2 NSingle NDouble Method
11 9 131 56 4
12 5 44 0 4
15 5 23 8 4
12 15 35 0 4
16 5 52 0 4
10 16 69 8 4
12 16 48 0 4
14 16 89 12 4
15 16 43 0 4
19 3 179 41 4
20 5 42 0 4
12 20 24 7 4
15 20 33 0 4
16 20 42 2 4
2 21 148 27 4
24 8 68 8 4
14 26 95 28 4
16 26 70 12 4
20 26 68 8 4
29 5 27 0 4
12 29 23 0 4
15 29 18 0 4
16 29 31 0 4
20 29 21 0 4
24 29 42 0 4
12 30 51 2 4
20 30 45 4 4
25 30 94 14 4
29 30 38 0 4
33 8 76 11 4
34 5 55 1 4
34 8 68 5 4
12 34 53 0 4
14 34 80 19 4
15 34 46 1 4
16 34 37 12 4
20 34 47 2 4
26 34 57 21 4
29 34 36 0 4
30 34 66 1 4
24 36 84 13 4
37 8 87 7 4
2 37 104 11 4
12 37 64 6 4
16 37 74 5 4
20 37 68 3 4
26 37 98 12 4
29 37 55 2 4
34 37 73 8 4
38 5 46 0 4
10 38 59 10 4
12 38 42 0 4
15 38 37 0 4
16 38 44 3 4
20 38 40 0 4
29 38 25 0 4
30 38 55 1 4
12 39 59 9 4
20 39 57 9 4
41 5 36 0 4
2 41 66 8 4
12 41 32 0 4
15 41 27 0 4
16 41 40 0 4
20 41 30 0 4
29 41 15 0 4
30 41 47 0 4
34 41 45 0 4
38 41 34 0 4
42 5 55 0 4
12 42 41 5 4
15 42 46 0 4
20 42 49 0 4
29 42 34 0 4
30 42 60 3 4
38 42 53 0 4
39 42 60 14 4
41 42 43 0 4
43 5 44 9 4
12 43 58 0 4
15 43 49 2 4
29 43 41 0 4
36 43 95 7 4
39 43 85 5 4
41 43 48 1 4
33 45 72 17 4
47 5 45 0 4
12 47 41 0 4
15 47 36 0 4
16 47 49 0 4
18 47 68 7 4
20 47 39 0 4
25 47 82 13 4
29 47 24 0 4
30 47 56 0 4
34 47 54 0 4
38 47 43 0 4
41 47 33 0 4
42 47 52 0 4
43 47 59 0 4
45 48 103 28 4
5 50 26 0 4
12 50 22 0 4
15 50 17 0 4
16 50 26 2 4
20 50 20 0 4
24 50 41 0 4
29 50 5 0 4
30 50 37 0 4
34 50 35 0 4
38 50 24 0 4
41 50 14 0 4
42 50 33 0 4
43 50 40 0 4
47 50 23 0 4
51 8 79 15 4
29 51 61 3 4
30 51 81 9 4
33 51 93 12 4
37 51 86 17 4
52 8 83 5 4
14 52 87 23 4
16 52 64 6 4
33 52 83 9 4
34 52 67 7 4
45 52 81 10 4
47 52 65 2 4
5 53 55 0 4
12 53 51 0 4
15 53 46 0 4
16 53 57 1 4
20 53 49 0 4
29 53 34 0 4
33 53 76 4 4
38 53 51 1 4
41 53 43 0 4
47 53 52 0 4
50 53 33 0 4
17 54 120 29 4
2 55 80 17 4
12 55 52 6 4
14 55 91 19 4
16 55 56 8 4
20 55 46 8 4
26 55 88 11 4
29 55 47 0 4
30 55 69 5 4
34 55 61 8 4
39 55 79 11 4
42 55 67 4 4
50 55 42 2 4
12 56 60 16 4
37 56 100 14 4
39 56 97 16 4
42 56 85 9 4
53 56 89 7 4
57 8 50 0 4
5 57 29 0 4
12 57 25 0 4
15 57 20 0 4
16 57 33 0 4
20 57 23 0 4
24 57 44 0 4
29 57 8 0 4
30 57 40 0 4
34 57 38 0 4
38 57 27 0 4
41 57 17 0 4
42 57 36 0 4
43 57 43 0 4
47 57 26 0 4
50 57 7 0 4
52 57 47 3 4
53 57 36 0 4
55 57 49 0 4
2 58 68 5 4
5 58 32 0 4
12 58 28 0 4
15 58 23 0 4
16 58 24 6 4
20 58 26 0 4
29 58 11 0 4
30 58 43 0 4
34 58 33 4 4
38 58 30 0 4
41 58 20 0 4
42 58 39 0 4
47 58 29 0 4
50 58 8 1 4
52 58 50 3 4
53 58 39 0 4
55 58 42 5 4
57 58 13 0 4
12 59 56 1 4
14 59 69 27 4
16 59 44 11 4
20 59 46 5 4
26 59 58 23 4
29 59 41 0 4
30 59 69 2 4
34 59 41 15 4
37 59 78 8 4
38 59 58 1 4
41 59 50 0 4
47 59 59 0 4
50 59 36 2 4
53 59 61 4 4
55 59 48 17 4
57 59 43 0 4
58 59 38 4 4
17 60 127 25 4
54 60 97 31 4
61 8 74 5 4
10 61 70 13 4
16 61 65 1 4
24 61 70 4 4
25 61 100 13 4
29 61 42 0 4
38 61 55 3 4
47 61 58 1 4
50 61 41 0 4
57 61 44 0 4
51 62 114 20 4
17 64 115 19 4
38 64 61 8 4
53 64 64 11 4
66 8 108 19 4
11 67 112 50 4
41 67 88 8 4
38 69 79 6 4
53 69 88 6 4
64 69 80 22 4
1 70 119 24 4
6 70 78 34 4
37 70 108 16 4
42 70 93 11 4
71 8 65 2 4
5 71 48 0 4
12 71 44 0 4
15 71 39 0 4
16 71 52 0 4
20 71 42 0 4
24 71 55 4 4
29 71 27 0 4
30 71 59 0 4
34 71 57 0 4
38 71 46 0 4
41 71 36 0 4
42 71 55 0 4
43 71 62 0 4
47 71 37 4 4
50 71 26 0 4
53 71 55 0 4
57 71 29 0 4
58 71 32 0 4
59 71 62 0 4
72 8 83 5 4
6 72 88 11 4
29 72 49 1 4
43 72 74 6 4
51 72 86 13 4
70 72 106 13 4
5 73 50 0 4
7 73 140 15 4
10 73 67 8 4
12 73 46 0 4
15 73 41 0 4
16 73 48 3 4
20 73 44 0 4
24 73 55 5 4
29 73 29 0 4
38 73 48 0 4
41 73 38 0 4
47 73 47 0 4
50 73 28 0 4
53 73 55 1 4
57 73 31 0 4
58 73 34 0 4
71 73 50 0 4
75 9 141 44 4
18 75 99 34 4
62 75 144 26 4
12 76 70 14 4
20 76 70 13 4
39 76 79 28 4
42 76 75 17 4
55 76 88 17 4
56 76 98 26 4
2 77 135 21 4
37 77 121 21 4
5 78 66 5 4
12 78 40 16 4
15 78 61 3 4
20 78 52 9 4
37 78 90 9 4
39 78 73 18 4
42 78 55 14 4
55 78 78 9 4
56 78 86 19 4
71 78 70 3 4
76 78 74 28 4
5 81 57 3 4
23 81 120 17 4
29 81 42 0 4
41 81 49 1 4
43 81 71 3 4
45 81 82 5 4
48 81 119 13 4
50 81 41 0 4
57 81 38 3 4
75 81 117 14 4
5 82 46 0 4
12 82 42 0 4
15 82 37 0 4
16 82 50 0 4
18 82 65 9 4
20 82 40 0 4
29 82 25 0 4
38 82 44 0 4
41 82 32 1 4
47 82 41 1 4
48 82 106 11 4
50 82 24 0 4
51 82 78 4 4
52 82 64 3 4
57 82 27 0 4
58 82 30 0 4
61 82 59 1 4
71 82 46 0 4
73 82 46 1 4
61 83 141 15 4
66 84 118 49 4
2 85 114 16 4
24 85 77 19 4
47 85 73 12 4
84 85 133 29 4
14 86 111 34 4
26 86 108 26 4
30 86 99 15 4
55 86 82 28 4
59 86 82 25 4
24 87 85 23 4
66 87 123 35 4
85 87 126 21 4
5 88 28 0 4
12 88 24 0 4
15 88 19 0 4
16 88 32 0 4
20 88 22 0 4
24 88 43 0 4
29 88 7 0 4
30 88 39 0 4
34 88 37 0 4
38 88 26 0 4
41 88 16 0 4
42 88 35 0 4
43 88 42 0 4
47 88 25 0 4
50 88 6 0 4
53 88 33 1 4
57 88 9 0 4
58 88 12 0 4
59 88 42 0 4
61 88 41 1 4
71 88 26 1 4
73 88 30 0 4
81 88 43 0 4
82 88 26 0 4
12 89 49 0 4
15 89 44 0 4
18 89 76 7 4
20 89 47 0 4
25 89 96 10 4
29 89 32 0 4
30 89 56 4 4
36 89 86 7 4
38 89 51 0 4
41 89 41 0 4
42 89 54 3 4
47 89 36 7 4
50 89 31 0 4
52 89 69 4 4
53 89 52 4 4
54 89 89 10 4
57 89 34 0 4
58 89 37 0 4
60 89 82 13 4
61 89 60 4 4
76 89 85 11 4
82 89 51 0 4
85 89 87 9 4
88 89 33 0 4
5 90 12 20 4
12 90 48 0 4
15 90 33 5 4
16 90 56 0 4
20 90 46 0 4
29 90 31 0 4
38 90 50 0 4
41 90 40 0 4
43 90 48 9 4
47 90 49 0 4
50 90 30 0 4
57 90 33 0 4
58 90 36 0 4
71 90 52 0 4
78 90 56 12 4
81 90 61 3 4
82 90 50 0 4
88 90 32 0 4
16 91 86 17 4
25 91 115 32 4
30 91 99 14 4
38 91 96 9 4
5 92 35 5 4
8 92 64 1 4
12 92 41 0 4
15 92 30 3 4
16 92 49 0 4
20 92 39 0 4
24 92 48 6 4
29 92 24 0 4
34 92 52 1 4
38 92 43 0 4
41 92 33 0 4
47 92 42 0 4
50 92 23 0 4
57 92 26 0 4
58 92 29 0 4
71 92 41 2 4
73 92 39 4 4
78 92 55 9 4
82 92 43 0 4
88 92 25 0 4
89 92 50 0 4
90 92 31 9 4
5 93 45 0 4
12 93 41 0 4
15 93 28 4 4
16 93 49 0 4
18 93 72 5 4
20 93 39 0 4
29 93 24 0 4
38 93 43 0 4
41 93 33 0 4
47 93 30 6 4
50 93 23 0 4
57 93 26 0 4
58 93 29 0 4
69 93 72 9 4
71 93 33 6 4
73 93 47 0 4
82 93 43 0 4
88 93 25 0 4
89 93 50 0 4
90 93 49 0 4
92 93 42 0 4
5 94 43 0 4
12 94 39 0 4
15 94 34 0 4
16 94 47 0 4
20 94 37 0 4
29 94 22 0 4
38 94 41 0 4
41 94 29 1 4
42 94 50 0 4
47 94 40 0 4
50 94 21 0 4
51 94 77 3 4
53 94 44 3 4
56 94 73 9 4
57 94 24 0 4
58 94 27 0 4
64 94 62 6 4
71 94 39 2 4
73 94 45 0 4
82 94 39 1 4
88 94 23 0 4
89 94 48 0 4
90 94 47 0 4
92 94 40 0 4
93 94 40 0 4
45 95 96 27 4
5 96 52 0 4
6 96 78 6 4
10 96 75 5 4
12 96 48 0 4
15 96 43 0 4
16 96 56 0 4
18 96 79 5 4
20 96 46 0 4
29 96 31 0 4
30 96 61 1 4
38 96 48 1 4
41 96 40 0 4
47 96 47 1 4
50 96 30 0 4
53 96 57 1 4
57 96 33 0 4
58 96 36 0 4
61 96 57 5 4
64 96 75 4 4
71 96 42 5 4
78 96 68 6 4
82 96 50 0 4
88 96 30 1 4
90 96 56 0 4
92 96 49 0 4
93 96 49 0 4
94 96 45 1 4
65 97 180 55 4
100 31 156 40 4
101 15 65 7 4
101 69 103 15 4
101 81 91 6 4
101 93 71 7 4
1 101 111 18 4
100 101 126 31 4
102 23 123 30 4
102 53 85 7 4
102 56 100 20 4
102 69 105 16 4
102 73 84 5 4
102 94 69 9 4
103 8 71 9 4
103 14 101 14 4
103 16 64 4 4
103 29 47 0 4
103 33 65 16 4
103 45 67 15 4
103 52 70 11 4
103 53 67 4 4
103 57 47 1 4
103 64 83 8 4
103 73 66 2 4
104 12 53 0 4
104 15 42 3 4
104 20 51 0 4
104 26 85 7 4
104 29 36 0 4
104 38 51 2 4
104 41 45 0 4
104 47 54 0 4
104 50 35 0 4
104 53 58 3 4
104 57 38 0 4
104 58 41 0 4
104 71 57 0 4
104 81 68 2 4
104 88 37 0 4
104 93 42 6 4
101 104 69 14 4
102 104 79 11 4
105 5 57 6 4
105 8 80 5 4
105 34 74 2 4
105 43 73 5 4
105 57 50 0 4
105 61 76 4 4
105 90 61 6 4
105 94 60 2 4
105 96 63 5 4
103 105 77 6 4
106 2 90 10 4
106 6 74 14 4
106 8 61 12 4
106 29 43 0 4
106 33 71 11 4
106 37 78 9 4
106 42 65 3 4
106 50 42 0 4
106 51 84 10 4
106 52 80 4 4
106 57 45 0 4
106 88 44 0 4
103 106 68 8 4
107 33 93 23 4
107 52 96 19 4
10 107 107 18 4
103 107 90 20 4
108 27 157 44 4
110 5 68 7 4
110 6 98 11 4
110 15 61 6 4
110 18 85 17 4
110 36 103 13 4
110 73 68 8 4
110 78 82 14 4
110 82 68 6 4
110 90 68 9 4
110 92 59 10 4
110 93 67 6 4
110 96 76 5 4
112 31 174 47 4
114 5 55 13 4
114 24 50 23 4
114 36 92 18 4
114 43 81 7 4
114 52 91 7 4
114 57 58 2 4
114 73 69 7 4
114 87 89 30 4
114 90 55 15 4
114 92 60 9 4
105 114 86 8 4
110 114 93 11 4
115 5 28 0 4
115 8 49 0 4
115 12 24 0 4
115 15 19 0 4
115 16 32 0 4
115 20 22 0 4
115 24 43 0 4
115 29 7 0 4
115 30 39 0 4
115 34 37 0 4
115 38 26 0 4
115 41 16 0 4
115 42 35 0 4
115 43 42 0 4
115 47 25 0 4
115 50 6 0 4
115 53 35 0 4
115 55 48 0 4
115 57 9 0 4
115 58 12 0 4
115 59 42 0 4
115 61 43 0 4
115 71 28 0 4
115 73 30 0 4
115 81 39 2 4
115 82 26 0 4
115 88 8 0 4
115 89 33 0 4
115 90 32 0 4
115 92 25 0 4
115 93 25 0 4
115 94 23 0 4
115 96 32 0 4
103 115 48 0 4
104 115 29 4 4
105 115 49 0 4
106 115 44 0 4
117 20 84 13 4
117 78 86 29 4
117 86 118 34 4
118 5 45 0 4
118 12 41 0 4
118 15 36 0 4
118 16 49 0 4
118 20 39 0 4
118 29 24 0 4
118 30 56 0 4
118 34 54 0 4
118 38 43 0 4
118 41 33 0 4
118 42 52 0 4
118 47 42 0 4
118 50 23 0 4
118 51 69 8 4
118 53 52 0 4
118 57 26 0 4
118 58 29 0 4
118 71 45 0 4
118 73 39 4 4
118 82 33 5 4
118 88 25 0 4
118 89 50 0 4
118 90 49 0 4
118 92 42 0 4
118 93 42 0 4
118 94 40 0 4
118 95 96 11 4
118 96 49 0 4
104 118 54 0 4
106 118 57 2 4
110 118 67 6 4
115 118 25 0 4
119 33 98 19 4
119 82 93 6 4
103 119 99 14 4
121 5 44 0 4
121 15 35 0 4
121 16 48 0 4
121 20 38 0 4
121 29 23 0 4
121 30 49 3 4
121 34 53 0 4
121 38 36 3 4
121 41 32 0 4
121 42 49 1 4
121 47 41 0 4
121 50 22 0 4
121 53 43 4 4
121 57 25 0 4
121 58 28 0 4
121 64 51 12 4
121 69 65 12 4
121 71 44 0 4
121 73 46 0 4
121 82 42 0 4
121 88 24 0 4
121 89 49 0 4
121 90 48 0 4
121 92 41 0 4
121 93 41 0 4
121 94 39 0 4
121 96 32 8 4
12 121 40 0 4
104 121 53 0 4
115 121 24 0 4
118 121 41 0 4
122 33 101 25 4
122 72 108 19 4
123 29 41 0 4
123 34 67 2 4
123 41 50 0 4
123 47 55 2 4
123 50 40 0 4
123 53 51 9 4
123 57 43 0 4
123 64 81 6 4
123 71 56 3 4
123 88 42 0 4
123 94 55 1 4
123 96 60 3 4
12 123 58 0 4
101 123 92 5 4
103 123 66 8 4
105 123 61 11 4
115 123 42 0 4
121 123 52 3 4
124 5 39 2 4
124 15 32 1 4
124 16 47 0 4
124 20 37 0 4
124 29 22 0 4
124 30 42 6 4
124 37 67 4 4
124 38 41 0 4
124 41 31 0 4
124 47 40 0 4
124 50 21 0 4
124 51 69 7 4
124 57 24 0 4
124 58 27 0 4
124 71 43 0 4
124 73 45 0 4
124 78 59 6 4
124 82 41 0 4
124 88 23 0 4
124 89 48 0 4
124 90 35 6 4
124 91 93 9 4
124 92 32 4 4
124 93 40 0 4
124 94 38 0 4
124 96 47 0 4
12 124 39 0 4
110 124 63 7 4
115 124 23 0 4
118 124 40 0 4
121 124 39 0 4
125 95 141 34 4
1 125 141 27 4
126 5 42 0 4
126 15 33 0 4
126 16 46 0 4
126 20 36 0 4
126 26 68 8 4
126 29 21 0 4
126 38 40 0 4
126 41 30 0 4
126 47 39 0 4
126 50 20 0 4
126 52 60 3 4
126 56 80 5 4
126 57 23 0 4
126 58 26 0 4
126 71 42 0 4
126 73 40 2 4
126 82 38 1 4
126 88 22 0 4
126 89 47 0 4
126 90 46 0 4
126 92 39 0 4
126 93 39 0 4
126 94 37 0 4
126 96 46 0 4
10 126 65 5 4
12 126 38 0 4
102 126 72 7 4
104 126 37 7 4
106 126 56 1 4
115 126 22 0 4
118 126 39 0 4
121 126 38 0 4
124 126 37 0 4
127 5 31 0 4
127 15 22 0 4
127 16 35 0 4
127 20 25 0 4
127 29 10 0 4
127 30 34 4 4
127 34 40 0 4
127 38 29 0 4
127 41 17 1 4
127 42 38 0 4
127 45 58 1 4
127 47 28 0 4
127 50 9 0 4
127 53 38 0 4
127 57 12 0 4
127 58 15 0 4
127 61 44 1 4
127 71 31 0 4
127 73 33 0 4
127 81 44 1 4
127 82 25 2 4
127 88 11 0 4
127 89 30 3 4
127 90 35 0 4
127 92 28 0 4
127 93 28 0 4
127 94 24 1 4
127 96 35 0 4
12 127 27 0 4
104 127 40 0 4
115 127 11 0 4
118 127 28 0 4
121 127 27 0 4
124 127 26 0 4
126 127 25 0 4
130 53 88 8 4
130 99 149 23 4
1 130 120 18 4
104 130 80 13 4
125 130 143 21 4
