Res1 Res2 NSingle NDouble Method
1 6 65 20 4
1 29 64 1 4
1 41 69 2 4
1 46 63 0 4
1 50 65 0 4
1 53 75 7 4
1 57 67 0 4
1 70 69 27 4
1 81 80 7 4
1 93 73 2 4
1 101 72 19 4
1 104 69 11 4
1 106 76 7 4
1 115 59 4 4
1 118 72 2 4
1 124 69 4 4
1 125 82 31 4
1 130 81 20 4
16 2 61 7 4
106 2 62 7 4
127 2 54 1 4
2 33 64 11 4
2 41 43 8 4
2 46 49 0 4
2 47 58 4 4
2 50 47 2 4
2 55 52 13 4
2 58 47 5 4
2 59 64 7 4
2 71 55 6 4
2 77 77 21 4
2 81 66 7 4
2 88 49 2 4
2 93 55 4 4
2 96 62 4 4
19 3 111 32 4
24 3 82 9 4
106 3 72 14 4
121 3 62 13 4
3 6 87 14 4
3 64 89 12 4
3 72 83 14 4
12 4 74 10 4
20 4 75 9 4
39 4 69 26 4
4 42 79 12 4
4 55 82 14 4
4 57 77 4 4
4 76 78 27 4
4 78 80 18 4
12 5 27 0 4
15 5 12 7 4
20 5 26 0 4
29 5 17 0 4
34 5 38 1 4
38 5 31 0 4
41 5 24 0 4
43 5 29 7 4
46 5 14 0 4
47 5 31 0 4
105 5 35 5 4
110 5 45 7 4
114 5 36 11 4
115 5 18 0 4
118 5 27 0 4
121 5 29 0 4
123 5 39 1 4
124 5 22 3 4
126 5 28 0 4
127 5 21 0 4
5 50 16 0 4
5 57 18 0 4
5 58 22 0 4
5 71 32 0 4
5 78 41 4 4
5 81 41 2 4
5 82 31 0 4
5 88 18 0 4
5 90 5 13 4
5 92 22 5 4
5 93 28 0 4
5 94 30 0 4
29 6 45 0 4
42 6 58 3 4
46 6 42 0 4
47 6 55 2 4
50 6 44 0 4
57 6 46 0 4
104 6 58 6 4
106 6 43 13 4
115 6 46 0 4
118 6 49 3 4
123 6 65 2 4
126 6 54 1 4
6 70 38 32 4
6 71 48 6 4
6 72 62 9 4
6 88 46 0 4
6 93 46 5 4
6 94 56 1 4
6 96 53 5 4
10 7 92 25 4
36 7 108 26 4
103 7 109 14 4
7 73 97 14 4
7 92 109 7 4
24 8 43 10 4
29 8 39 0 4
33 8 53 10 4
34 8 54 4 4
46 8 36 0 4
50 8 38 0 4
51 8 62 11 4
57 8 40 0 4
61 8 56 6 4
66 8 74 18 4
71 8 48 3 4
103 8 52 8 4
105 8 57 5 4
106 8 47 8 4
107 8 70 12 4
114 8 60 10 4
115 8 40 0 4
127 8 41 1 4
8 88 40 0 4
8 92 48 3 4
11 9 61 53 4
29 9 76 3 4
41 9 77 6 4
46 9 79 0 4
51 9 79 24 4
59 9 82 13 4
67 9 76 33 4
86 9 73 35 4
124 9 77 8 4
127 9 82 2 4
9 94 79 8 4
10 5 51 0 4
10 12 50 0 4
10 15 49 0 4
10 16 49 7 4
10 20 49 0 4
10 29 40 0 4
10 38 36 9 4
10 41 47 0 4
10 46 37 0 4
10 47 50 2 4
10 50 39 0 4
10 52 63 5 4
10 57 41 0 4
10 58 45 0 4
10 61 47 11 4
10 71 55 0 4
10 73 47 5 4
10 88 41 0 4
10 89 59 2 4
10 90 54 0 4
10 92 55 0 4
10 93 51 0 4
10 94 53 0 4
10 96 52 3 4
10 105 60 4 4
10 115 41 0 4
10 118 50 0 4
10 121 52 0 4
10 124 51 0 4
10 126 39 6 4
10 127 44 0 4
11 9 61 53 4
11 29 87 2 4
11 30 93 11 4
11 41 86 6 4
11 43 89 14 4
11 51 88 24 4
11 67 63 44 4
11 72 90 18 4
11 88 90 1 4
11 124 88 7 4
12 5 27 0 4
115 12 17 0 4
118 12 26 0 4
12 15 25 0 4
12 20 13 6 4
12 29 16 0 4
12 30 36 2 4
12 37 45 5 4
12 38 30 0 4
12 39 33 10 4
12 41 23 0 4
12 42 25 5 4
12 46 13 0 4
12 47 30 0 4
12 50 15 0 4
12 55 30 6 4
12 56 41 11 4
12 57 17 0 4
12 58 21 0 4
12 71 31 0 4
12 73 33 0 4
12 76 42 11 4
12 78 26 11 4
12 82 30 0 4
12 88 17 0 4
12 90 30 0 4
12 92 31 0 4
12 93 27 0 4
12 94 29 0 4
12 96 34 0 4
12 121 28 0 4
12 124 27 0 4
12 126 27 0 4
12 127 20 0 4
13 14 103 36 4
13 29 112 3 4
13 52 101 25 4
14 16 60 13 4
14 20 64 4 4
14 26 57 26 4
14 34 54 16 4
14 50 58 2 4
14 52 56 20 4
14 53 72 7 4
14 55 63 13 4
14 57 58 3 4
14 58 56 6 4
14 59 39 25 4
14 86 72 26 4
14 94 68 4 4
15 5 12 7 4
12 15 25 0 4
101 15 49 5 4
104 15 32 4 4
110 15 47 5 4
115 15 16 0 4
118 15 25 0 4
121 15 27 0 4
124 15 22 2 4
126 15 26 0 4
127 15 19 0 4
15 20 24 0 4
15 29 15 0 4
15 34 36 1 4
15 38 27 1 4
15 41 22 0 4
15 43 37 2 4
15 46 12 0 4
15 50 14 0 4
15 57 16 0 4
15 58 20 0 4
15 69 52 5 4
15 78 41 3 4
15 88 16 0 4
15 90 17 6 4
15 92 22 4 4
15 93 20 3 4
16 5 40 0 4
10 16 49 7 4
12 16 39 0 4
14 16 60 13 4
15 16 38 0 4
103 16 50 4 4
115 16 30 0 4
118 16 39 0 4
121 16 41 0 4
124 16 40 0 4
126 16 40 0 4
127 16 33 0 4
16 20 34 2 4
16 26 49 13 4
16 29 29 0 4
16 34 28 12 4
16 38 33 5 4
16 41 36 0 4
16 46 26 0 4
16 50 24 2 4
16 52 48 7 4
16 55 35 10 4
16 57 30 0 4
16 58 20 7 4
16 59 23 16 4
16 73 40 3 4
16 88 30 0 4
16 93 40 0 4
17 6 76 21 4
103 17 80 14 4
106 17 71 16 4
121 17 75 8 4
17 42 84 7 4
17 54 73 30 4
17 60 82 23 4
17 64 84 16 4
110 18 57 15 4
115 18 46 0 4
127 18 49 0 4
18 29 45 0 4
18 41 52 0 4
18 46 42 0 4
18 47 43 8 4
18 50 44 0 4
18 53 60 4 4
18 57 46 0 4
18 58 50 0 4
18 60 66 14 4
18 71 40 10 4
18 75 55 31 4
18 81 61 6 4
18 82 49 5 4
18 88 46 0 4
18 89 52 8 4
18 93 46 5 4
18 94 56 1 4
18 96 49 7 4
19 3 111 32 4
10 19 97 21 4
12 19 97 9 4
121 19 97 10 4
126 19 100 8 4
19 28 106 37 4
20 5 26 0 4
12 20 13 6 4
15 20 24 0 4
16 20 34 2 4
115 20 16 0 4
117 20 57 12 4
118 20 25 0 4
121 20 27 0 4
124 20 26 0 4
126 20 26 0 4
127 20 19 0 4
20 26 47 7 4
20 29 15 0 4
20 30 33 3 4
20 34 32 3 4
20 38 29 0 4
20 39 34 9 4
20 41 22 0 4
20 42 32 1 4
20 46 12 0 4
20 47 29 0 4
20 50 14 0 4
20 55 27 7 4
20 57 16 0 4
20 58 20 0 4
20 59 33 4 4
20 71 30 0 4
20 73 32 0 4
20 76 41 11 4
20 78 29 9 4
20 82 29 0 4
20 88 16 0 4
20 90 29 0 4
20 92 30 0 4
20 93 26 0 4
20 94 28 0 4
20 96 33 0 4
2 21 92 21 4
12 21 76 11 4
20 21 75 11 4
121 21 86 7 4
21 39 77 24 4
21 42 71 18 4
21 50 83 2 4
21 55 86 14 4
21 76 90 23 4
21 78 76 22 4
22 36 99 35 4
22 43 105 19 4
22 45 113 21 4
22 72 106 23 4
15 23 78 5 4
101 23 79 22 4
102 23 72 26 4
104 23 72 16 4
115 23 72 4 4
118 23 77 6 4
124 23 82 4 4
126 23 80 5 4
23 26 87 19 4
23 53 80 11 4
23 56 84 21 4
23 81 79 14 4
23 82 83 5 4
23 88 78 1 4
23 93 82 4 4
23 94 78 7 4
24 5 41 0 4
24 8 43 10 4
12 24 40 0 4
15 24 39 0 4
20 24 39 0 4
114 24 29 21 4
115 24 31 0 4
118 24 40 0 4
121 24 42 0 4
124 24 41 0 4
126 24 41 0 4
127 24 34 0 4
24 29 30 0 4
24 41 37 0 4
24 46 27 0 4
24 50 29 0 4
24 52 51 6 4
24 57 31 0 4
24 58 35 0 4
24 61 47 6 4
24 71 39 3 4
24 73 37 5 4
24 88 31 0 4
24 92 29 8 4
24 93 41 0 4
12 25 69 3 4
18 25 72 16 4
20 25 66 4 4
115 25 66 0 4
124 25 62 7 4
127 25 63 3 4
25 29 61 2 4
25 30 67 11 4
25 41 68 2 4
25 46 62 0 4
25 47 57 11 4
25 50 64 0 4
25 57 66 0 4
25 61 76 9 4
25 67 67 29 4
25 71 70 5 4
25 75 79 29 4
25 82 73 3 4
25 88 64 1 4
25 89 64 12 4
25 91 74 24 4
25 93 66 5 4
25 96 71 6 4
12 26 54 4 4
14 26 57 26 4
16 26 49 13 4
20 26 47 7 4
102 26 69 14 4
115 26 53 0 4
126 26 51 6 4
26 29 52 0 4
26 34 43 16 4
26 37 67 12 4
26 46 49 0 4
26 50 49 1 4
26 55 54 12 4
26 57 53 0 4
26 58 49 4 4
26 59 32 23 4
26 86 61 26 4
26 88 53 0 4
26 94 59 3 4
12 27 79 7 4
20 27 72 10 4
24 27 75 16 4
103 27 74 19 4
106 27 81 13 4
108 27 88 44 4
121 27 77 9 4
27 55 77 16 4
27 58 74 7 4
27 59 83 13 4
12 28 69 11 4
16 28 78 13 4
20 28 70 10 4
115 28 76 3 4
28 34 78 13 4
28 39 78 20 4
28 42 78 11 4
28 50 76 2 4
28 55 53 27 4
28 58 72 7 4
28 59 71 18 4
28 76 87 21 4
28 78 75 19 4
29 5 17 0 4
12 29 16 0 4
15 29 15 0 4
16 29 29 0 4
20 29 15 0 4
24 29 30 0 4
104 29 31 0 4
106 29 30 0 4
115 29 7 0 4
118 29 16 0 4
121 29 18 0 4
123 29 30 0 4
124 29 15 1 4
126 29 17 0 4
127 29 10 0 4
29 30 30 0 4
29 34 29 0 4
29 38 20 0 4
29 41 13 0 4
29 42 25 0 4
29 46 3 0 4
29 47 20 0 4
29 50 5 0 4
29 51 45 3 4
29 53 29 0 4
29 57 7 0 4
29 58 11 0 4
29 71 21 0 4
29 72 37 2 4
29 73 23 0 4
29 82 20 0 4
29 88 7 0 4
29 89 29 0 4
29 90 20 0 4
29 92 21 0 4
29 93 17 0 4
29 94 19 0 4
29 96 24 0 4
12 30 36 2 4
15 30 39 0 4
20 30 33 3 4
25 30 67 11 4
29 30 30 0 4
115 30 31 0 4
121 30 36 3 4
124 30 31 5 4
127 30 24 5 4
30 38 42 1 4
30 41 35 1 4
30 42 43 3 4
30 46 27 0 4
30 50 29 0 4
30 51 59 8 4
30 55 48 4 4
30 57 31 0 4
30 58 35 0 4
30 62 67 9 4
30 69 59 9 4
30 82 42 1 4
30 86 65 13 4
30 88 31 0 4
30 89 45 4 4
30 91 67 10 4
30 94 41 1 4
23 31 93 30 4
24 31 88 8 4
100 31 85 41 4
101 31 80 22 4
104 31 73 16 4
115 31 75 3 4
118 31 74 8 4
125 31 86 36 4
126 31 81 5 4
130 31 87 24 4
31 38 78 8 4
31 41 81 3 4
31 61 85 12 4
31 73 83 7 4
31 82 82 6 4
32 9 103 43 4
30 32 109 14 4
102 32 102 28 4
121 32 101 12 4
124 32 108 8 4
32 51 100 29 4
32 64 102 24 4
32 69 104 28 4
33 8 53 10 4
12 33 48 1 4
29 33 40 0 4
103 33 43 13 4
106 33 46 9 4
107 33 59 18 4
115 33 41 0 4
121 33 46 3 4
127 33 44 0 4
33 41 43 2 4
33 45 54 12 4
33 46 37 0 4
33 50 39 0 4
33 57 41 0 4
33 88 41 0 4
33 95 64 22 4
34 5 38 1 4
12 34 39 0 4
14 34 54 16 4
15 34 36 1 4
16 34 28 12 4
20 34 32 3 4
26 34 43 16 4
29 34 29 0 4
105 34 49 4 4
115 34 30 0 4
118 34 39 0 4
123 34 49 2 4
127 34 33 0 4
34 37 54 7 4
34 41 36 0 4
34 46 26 0 4
34 50 28 0 4
34 52 48 7 4
34 53 48 2 4
34 55 37 9 4
34 57 30 0 4
34 58 24 5 4
34 59 23 16 4
34 86 58 16 4
34 88 30 0 4
34 90 41 1 4
34 92 42 1 4
36 5 49 10 4
15 36 55 6 4
24 36 58 12 4
29 36 58 0 4
114 36 57 21 4
124 36 61 4 4
36 42 67 5 4
36 43 70 7 4
36 46 55 0 4
36 47 62 5 4
36 50 57 0 4
36 71 67 3 4
36 73 63 6 4
36 89 65 8 4
36 90 48 12 4
36 92 41 16 4
12 37 45 5 4
16 37 58 5 4
20 37 48 3 4
26 37 67 12 4
29 37 41 2 4
33 37 63 8 4
34 37 54 7 4
106 37 57 6 4
115 37 46 0 4
124 37 48 4 4
126 37 52 2 4
37 42 54 5 4
37 46 42 0 4
37 47 51 4 4
37 50 44 0 4
37 51 62 14 4
37 56 66 13 4
37 57 46 0 4
37 59 55 8 4
37 76 59 17 4
37 77 74 19 4
37 78 59 9 4
37 86 66 20 4
37 88 46 0 4
37 89 58 5 4
38 5 31 0 4
10 38 36 9 4
12 38 30 0 4
15 38 27 1 4
16 38 33 5 4
20 38 29 0 4
29 38 20 0 4
30 38 42 1 4
104 38 39 3 4
115 38 21 0 4
118 38 30 0 4
121 38 26 3 4
124 38 31 0 4
126 38 31 0 4
127 38 24 0 4
38 41 27 0 4
38 46 17 0 4
38 47 34 0 4
38 50 19 0 4
38 53 41 1 4
38 57 21 0 4
38 58 25 0 4
38 61 39 5 4
38 64 43 7 4
38 69 53 7 4
38 82 34 0 4
38 88 21 0 4
38 90 34 0 4
38 91 61 8 4
38 93 31 0 4
38 94 33 0 4
38 96 36 1 4
39 4 69 26 4
12 39 33 10 4
20 39 34 9 4
29 39 43 0 4
115 39 44 0 4
127 39 47 0 4
39 41 48 1 4
39 42 38 12 4
39 46 40 0 4
39 50 42 0 4
39 55 47 11 4
39 56 62 14 4
39 57 44 0 4
39 58 48 0 4
39 76 49 21 4
39 78 39 18 4
39 88 44 0 4
40 9 111 43 4
14 40 98 40 4
16 40 104 20 4
40 51 100 33 4
40 59 107 20 4
40 86 98 42 4
41 5 24 0 4
2 41 43 8 4
12 41 23 0 4
15 41 22 0 4
20 41 22 0 4
29 41 13 0 4
30 41 35 1 4
38 41 27 0 4
115 41 14 0 4
118 41 23 0 4
121 41 25 0 4
123 41 35 1 4
124 41 24 0 4
126 41 24 0 4
127 41 15 1 4
41 43 35 2 4
41 46 10 0 4
41 47 27 0 4
41 50 12 0 4
41 57 14 0 4
41 58 18 0 4
41 71 28 0 4
41 73 30 0 4
41 81 37 2 4
41 82 25 1 4
41 88 14 0 4
41 90 27 0 4
41 92 28 0 4
41 93 24 0 4
41 94 24 1 4
41 96 31 0 4
42 5 36 0 4
12 42 25 5 4
15 42 34 0 4
20 42 32 1 4
29 42 25 0 4
30 42 43 3 4
38 42 39 0 4
39 42 38 12 4
41 42 32 0 4
106 42 45 2 4
115 42 26 0 4
118 42 35 0 4
121 42 35 1 4
124 42 36 0 4
126 42 36 0 4
127 42 29 0 4
42 46 22 0 4
42 47 39 0 4
42 50 24 0 4
42 55 43 4 4
42 56 52 10 4
42 57 26 0 4
42 58 30 0 4
42 76 47 13 4
42 77 66 13 4
42 78 33 12 4
42 82 39 0 4
42 88 26 0 4
42 89 40 4 4
42 90 39 0 4
42 93 36 0 4
42 94 38 0 4
43 5 29 7 4
11 43 89 14 4
12 43 42 0 4
15 43 37 2 4
20 43 41 0 4
29 43 32 0 4
39 43 57 6 4
41 43 35 2 4
105 43 48 6 4
114 43 59 7 4
115 43 33 0 4
118 43 42 0 4
127 43 36 0 4
43 46 29 0 4
43 50 31 0 4
43 57 33 0 4
43 58 37 0 4
43 72 55 6 4
43 88 33 0 4
43 90 32 7 4
17 44 91 33 4
25 44 95 24 4
36 44 100 18 4
41 44 81 5 4
121 44 76 10 4
44 61 85 14 4
44 64 87 17 4
44 96 88 7 4
29 45 44 0 4
33 45 54 12 4
41 45 47 2 4
103 45 57 8 4
115 45 45 0 4
127 45 46 1 4
45 46 41 0 4
45 48 65 26 4
45 50 43 0 4
45 57 45 0 4
45 58 49 0 4
45 81 58 7 4
45 83 64 32 4
45 88 45 0 4
45 95 52 30 4
47 5 31 0 4
12 47 30 0 4
15 47 29 0 4
18 47 43 8 4
20 47 29 0 4
29 47 20 0 4
38 47 34 0 4
41 47 27 0 4
46 47 17 0 4
115 47 21 0 4
118 47 30 0 4
121 47 32 0 4
123 47 40 2 4
124 47 31 0 4
126 47 31 0 4
127 47 24 0 4
47 50 19 0 4
47 53 39 2 4
47 57 21 0 4
47 58 25 0 4
47 60 51 9 4
47 71 25 5 4
47 73 37 0 4
47 82 30 2 4
47 85 46 12 4
47 88 21 0 4
47 89 25 9 4
47 90 34 0 4
47 92 35 0 4
47 93 21 5 4
47 94 33 0 4
47 96 34 2 4
10 48 73 20 4
16 48 86 8 4
33 48 87 13 4
38 48 81 6 4
41 48 82 2 4
45 48 65 26 4
103 48 86 11 4
126 48 78 6 4
48 73 86 5 4
48 81 75 16 4
48 82 79 7 4
49 5 100 11 4
24 49 91 22 4
105 49 89 25 4
114 49 88 32 4
115 49 104 4 4
118 49 107 7 4
49 87 81 50 4
49 90 97 14 4
49 92 100 13 4
5 50 16 0 4
12 50 15 0 4
15 50 14 0 4
16 50 24 2 4
20 50 14 0 4
29 50 5 0 4
38 50 19 0 4
41 50 12 0 4
42 50 24 0 4
46 50 2 0 4
47 50 19 0 4
115 50 6 0 4
118 50 15 0 4
121 50 17 0 4
124 50 16 0 4
126 50 16 0 4
127 50 9 0 4
50 55 27 2 4
50 57 6 0 4
50 58 8 1 4
50 59 27 2 4
50 71 20 0 4
50 73 22 0 4
50 82 19 0 4
50 88 6 0 4
50 90 19 0 4
50 92 20 0 4
50 93 16 0 4
50 94 18 0 4
50 96 23 0 4
51 8 62 11 4
29 51 45 3 4
30 51 59 8 4
33 51 63 11 4
37 51 62 14 4
46 51 48 0 4
50 51 50 0 4
106 51 59 8 4
115 51 52 0 4
118 51 49 6 4
124 51 48 7 4
127 51 51 2 4
51 57 52 0 4
51 58 56 0 4
51 72 60 13 4
51 82 57 4 4
51 88 52 0 4
51 94 56 4 4
14 52 56 20 4
16 52 48 7 4
24 52 51 6 4
29 52 39 0 4
34 52 48 7 4
46 52 36 0 4
47 52 49 2 4
50 52 38 0 4
103 52 52 8 4
107 52 60 17 4
115 52 40 0 4
126 52 44 3 4
127 52 43 0 4
52 55 55 5 4
52 57 34 3 4
52 58 36 4 4
52 59 49 8 4
52 82 47 3 4
52 88 40 0 4
52 89 54 4 4
29 53 29 0 4
46 53 26 0 4
47 53 39 2 4
50 53 28 0 4
102 53 58 8 4
115 53 30 0 4
121 53 33 4 4
123 53 41 6 4
127 53 33 0 4
130 53 64 10 4
53 56 60 8 4
53 57 30 0 4
53 58 34 0 4
53 59 47 4 4
53 64 48 9 4
53 82 39 2 4
53 88 28 1 4
53 89 42 5 4
53 94 34 4 4
54 6 59 20 4
5 54 57 7 4
12 54 66 2 4
15 54 57 6 4
18 54 73 13 4
20 54 61 4 4
29 54 60 0 4
42 54 71 4 4
46 54 57 0 4
47 54 56 9 4
50 54 59 0 4
106 54 60 12 4
115 54 61 0 4
118 54 64 3 4
54 57 61 0 4
54 60 51 29 4
54 88 61 0 4
54 89 57 13 4
54 90 62 6 4
2 55 52 13 4
12 55 30 6 4
15 55 41 0 4
16 55 35 10 4
20 55 27 7 4
26 55 54 12 4
29 55 32 0 4
30 55 48 4 4
34 55 37 9 4
39 55 47 11 4
41 55 39 0 4
42 55 43 4 4
46 55 29 0 4
50 55 27 2 4
115 55 33 0 4
118 55 42 0 4
127 55 36 0 4
55 57 33 0 4
55 58 23 7 4
55 59 28 15 4
55 78 48 8 4
55 86 51 21 4
55 88 33 0 4
12 56 41 11 4
15 56 56 3 4
20 56 52 5 4
26 56 67 16 4
29 56 53 0 4
37 56 66 13 4
39 56 62 14 4
42 56 52 10 4
46 56 50 0 4
50 56 52 0 4
53 56 60 8 4
55 56 59 10 4
102 56 52 23 4
104 56 62 8 4
115 56 54 0 4
126 56 56 4 4
56 57 54 0 4
56 58 52 3 4
56 59 61 9 4
56 76 67 17 4
56 78 57 14 4
56 86 70 22 4
56 88 54 0 4
56 93 60 2 4
56 94 52 7 4
5 57 18 0 4
12 57 17 0 4
15 57 16 0 4
16 57 30 0 4
20 57 16 0 4
24 57 31 0 4
29 57 7 0 4
30 57 31 0 4
34 57 30 0 4
38 57 21 0 4
41 57 14 0 4
42 57 26 0 4
46 57 4 0 4
47 57 21 0 4
50 57 6 0 4
52 57 34 3 4
53 57 30 0 4
103 57 34 1 4
106 57 31 0 4
115 57 8 0 4
118 57 17 0 4
121 57 19 0 4
123 57 31 0 4
124 57 18 0 4
126 57 18 0 4
127 57 11 0 4
57 58 12 0 4
57 71 22 0 4
57 73 24 0 4
57 81 29 3 4
57 82 21 0 4
57 88 8 0 4
57 89 30 0 4
57 90 21 0 4
57 92 22 0 4
57 93 18 0 4
57 94 20 0 4
57 96 25 0 4
2 58 47 5 4
5 58 22 0 4
12 58 21 0 4
15 58 20 0 4
16 58 20 7 4
20 58 20 0 4
29 58 11 0 4
34 58 24 5 4
38 58 25 0 4
41 58 18 0 4
42 58 30 0 4
46 58 8 0 4
47 58 25 0 4
50 58 8 1 4
52 58 36 4 4
55 58 23 7 4
57 58 12 0 4
115 58 12 0 4
118 58 21 0 4
121 58 23 0 4
124 58 22 0 4
126 58 22 0 4
127 58 15 0 4
58 59 25 6 4
58 71 26 0 4
58 73 28 0 4
58 82 25 0 4
58 88 12 0 4
58 90 25 0 4
58 92 26 0 4
58 93 22 0 4
58 94 24 0 4
58 96 29 0 4
5 59 43 0 4
12 59 40 1 4
14 59 39 25 4
15 59 41 0 4
16 59 23 16 4
20 59 33 4 4
26 59 32 23 4
29 59 32 0 4
34 59 23 16 4
37 59 55 8 4
38 59 44 1 4
41 59 39 0 4
46 59 29 0 4
50 59 27 2 4
52 59 49 8 4
53 59 47 4 4
55 59 28 15 4
57 59 33 0 4
58 59 25 6 4
115 59 33 0 4
118 59 42 0 4
121 59 44 0 4
124 59 43 0 4
126 59 43 0 4
127 59 36 0 4
59 88 33 0 4
59 93 43 0 4
59 94 45 0 4
18 60 66 14 4
29 60 55 0 4
34 60 64 7 4
39 60 70 11 4
42 60 62 6 4
46 60 52 0 4
47 60 51 9 4
50 60 54 0 4
53 60 64 7 4
54 60 51 29 4
59 60 61 10 4
106 60 59 10 4
118 60 57 4 4
126 60 62 2 4
60 89 48 15 4
61 8 56 6 4
10 61 47 11 4
24 61 47 6 4
25 61 76 9 4
29 61 35 0 4
38 61 39 5 4
44 61 85 14 4
46 61 32 0 4
47 61 45 2 4
50 61 34 0 4
57 61 36 0 4
105 61 55 4 4
115 61 36 0 4
127 61 37 1 4
61 88 34 1 4
61 89 48 5 4
61 91 74 9 4
61 96 47 3 4
5 62 60 6 4
15 62 62 4 4
18 62 78 11 4
30 62 67 9 4
39 62 76 11 4
42 62 70 5 4
51 62 74 16 4
110 62 65 19 4
118 62 59 6 4
124 62 58 7 4
127 62 59 3 4
62 73 64 7 4
62 75 87 23 4
62 78 71 11 4
62 87 85 23 4
62 89 66 9 4
62 90 57 9 4
62 92 50 13 4
62 94 66 4 4
5 63 99 12 4
10 63 98 24 4
38 63 108 9 4
47 63 108 9 4
105 63 86 27 4
63 89 99 18 4
63 90 98 14 4
15 64 50 1 4
29 64 43 0 4
38 64 43 7 4
46 64 40 0 4
50 64 42 0 4
53 64 48 9 4
57 64 44 0 4
58 64 48 0 4
102 64 64 12 4
103 64 56 8 4
104 64 58 5 4
115 64 44 0 4
121 64 31 12 4
123 64 57 5 4
124 64 52 1 4
127 64 47 0 4
64 69 46 22 4
64 82 55 1 4
64 88 44 0 4
64 94 42 7 4
64 96 51 5 4
5 65 95 10 4
12 65 96 9 4
24 65 100 14 4
39 65 97 22 4
45 65 100 21 4
114 65 101 22 4
65 90 96 11 4
65 92 91 14 4
66 8 74 18 4
5 66 62 13 4
15 66 72 7 4
24 66 57 22 4
41 66 72 6 4
46 66 74 0 4
57 66 74 2 4
114 66 44 37 4
124 66 80 4 4
66 90 59 16 4
66 92 60 16 4
11 67 63 44 4
18 67 71 17 4
25 67 67 29 4
29 67 62 2 4
41 67 61 6 4
43 67 78 7 4
46 67 63 0 4
47 67 68 6 4
124 67 65 6 4
67 71 67 7 4
67 82 72 4 4
67 93 67 5 4
23 68 97 34 4
38 68 92 7 4
57 68 85 4 4
100 68 103 38 4
104 68 93 12 4
118 68 88 7 4
121 68 84 10 4
68 69 93 23 4
68 81 94 13 4
68 90 92 7 4
68 92 89 9 4
15 69 52 5 4
20 69 56 3 4
30 69 59 9 4
38 69 53 7 4
41 69 56 2 4
46 69 50 0 4
50 69 50 1 4
53 69 66 5 4
64 69 46 22 4
102 69 70 14 4
104 69 60 9 4
121 69 41 12 4
127 69 53 2 4
69 93 54 5 4
69 94 60 3 4
69 96 61 5 4
1 70 69 27 4
6 70 38 32 4
12 70 57 8 4
20 70 66 3 4
29 70 57 3 4
37 70 74 14 4
42 70 64 9 4
46 70 60 0 4
106 70 65 11 4
124 70 64 5 4
70 71 72 3 4
70 72 68 15 4
70 76 73 19 4
70 78 71 12 4
70 93 68 3 4
71 8 48 3 4
5 71 32 0 4
12 71 31 0 4
15 71 30 0 4
18 71 40 10 4
20 71 30 0 4
24 71 39 3 4
29 71 21 0 4
38 71 35 0 4
41 71 28 0 4
42 71 40 0 4
46 71 18 0 4
47 71 25 5 4
50 71 20 0 4
57 71 22 0 4
58 71 26 0 4
115 71 22 0 4
118 71 31 0 4
121 71 33 0 4
123 71 39 3 4
124 71 32 0 4
126 71 32 0 4
127 71 25 0 4
71 73 38 0 4
71 82 33 1 4
71 88 18 2 4
71 90 35 0 4
71 92 32 2 4
71 93 22 5 4
71 94 30 2 4
71 96 25 7 4
6 72 62 9 4
29 72 37 2 4
43 72 55 6 4
46 72 38 0 4
50 72 40 0 4
51 72 60 13 4
57 72 42 0 4
70 72 68 15 4
115 72 42 0 4
122 72 67 21 4
127 72 45 0 4
72 88 42 0 4
72 93 50 1 4
72 94 48 3 4
5 73 34 0 4
10 73 47 5 4
12 73 33 0 4
15 73 32 0 4
16 73 40 3 4
20 73 32 0 4
24 73 37 5 4
29 73 23 0 4
41 73 30 0 4
46 73 20 0 4
50 73 22 0 4
57 73 24 0 4
58 73 28 0 4
62 73 64 7 4
110 73 47 9 4
114 73 52 6 4
115 73 24 0 4
118 73 25 4 4
124 73 34 0 4
126 73 30 2 4
127 73 27 0 4
73 82 33 2 4
73 88 24 0 4
73 90 35 1 4
73 92 26 6 4
73 93 34 0 4
102 74 107 22 4
105 74 88 23 4
74 87 114 31 4
75 9 84 35 4
18 75 55 31 4
25 75 79 29 4
41 75 73 6 4
47 75 74 9 4
62 75 87 23 4
67 75 82 28 4
71 75 77 8 4
115 75 73 3 4
127 75 76 3 4
75 81 76 15 4
75 82 82 5 4
75 88 77 1 4
75 89 73 14 4
75 93 77 6 4
75 94 77 7 4
12 76 42 11 4
20 76 41 11 4
29 76 50 2 4
37 76 59 17 4
39 76 49 21 4
42 76 47 13 4
46 76 51 0 4
47 76 56 6 4
50 76 53 0 4
53 76 63 7 4
55 76 58 11 4
56 76 67 17 4
71 76 63 3 4
124 76 59 3 4
76 78 40 23 4
76 89 51 13 4
76 94 61 3 4
2 77 77 21 4
12 77 69 7 4
33 77 73 17 4
37 77 74 19 4
39 77 82 14 4
41 77 64 8 4
42 77 66 13 4
56 77 80 20 4
106 77 69 14 4
77 81 79 11 4
5 78 41 4 4
12 78 26 11 4
15 78 41 3 4
20 78 29 9 4
29 78 38 0 4
34 78 55 3 4
39 78 39 18 4
42 78 33 12 4
46 78 35 0 4
47 78 48 2 4
50 78 37 0 4
55 78 48 8 4
56 78 57 14 4
57 78 39 0 4
58 78 43 0 4
71 78 45 4 4
76 78 40 23 4
110 78 56 12 4
115 78 39 0 4
117 78 60 22 4
124 78 41 4 4
127 78 42 0 4
78 88 39 0 4
78 90 36 8 4
78 92 39 7 4
78 93 47 1 4
78 96 48 4 4
12 79 111 11 4
55 79 105 22 4
76 79 111 30 4
39 80 124 30 4
5 81 41 2 4
29 81 34 0 4
41 81 37 2 4
45 81 58 7 4
46 81 31 0 4
50 81 33 0 4
57 81 29 3 4
58 81 39 0 4
101 81 62 8 4
104 81 51 4 4
115 81 29 3 4
127 81 36 1 4
81 88 33 1 4
81 90 44 2 4
5 82 31 0 4
12 82 30 0 4
15 82 29 0 4
18 82 49 5 4
20 82 29 0 4
29 82 20 0 4
41 82 25 1 4
46 82 17 0 4
47 82 30 2 4
50 82 19 0 4
52 82 47 3 4
53 82 39 2 4
57 82 21 0 4
58 82 25 0 4
71 82 33 1 4
73 82 33 2 4
110 82 48 7 4
115 82 21 0 4
118 82 20 5 4
121 82 32 0 4
124 82 31 0 4
126 82 29 1 4
127 82 20 2 4
82 88 21 0 4
82 93 29 1 4
82 94 29 2 4
24 83 86 14 4
33 83 72 26 4
41 83 83 7 4
45 83 64 32 4
46 83 87 0 4
57 83 83 4 4
113 83 54 67 4
5 84 82 7 4
15 84 80 7 4
24 84 73 18 4
41 84 76 8 4
43 84 89 11 4
57 84 80 3 4
66 84 66 45 4
114 84 72 27 4
84 90 85 7 4
2 85 72 15 4
8 85 71 9 4
16 85 65 7 4
24 85 52 14 4
41 85 59 2 4
47 85 46 12 4
50 85 53 1 4
52 85 67 11 4
55 85 66 8 4
57 85 55 1 4
58 85 47 7 4
59 85 68 7 4
71 85 59 6 4
114 85 71 13 4
85 89 63 8 4
85 93 59 4 4
12 86 61 8 4
16 86 62 14 4
20 86 58 9 4
26 86 61 26 4
29 86 61 3 4
30 86 65 13 4
34 86 58 16 4
37 86 66 20 4
50 86 62 2 4
55 86 51 21 4
56 86 70 22 4
58 86 58 7 4
59 86 45 24 4
76 86 71 22 4
117 86 63 35 4
124 86 66 6 4
127 86 63 4 4
86 94 72 4 4
5 87 65 11 4
8 87 81 14 4
15 87 77 4 4
24 87 56 22 4
36 87 86 21 4
73 87 83 5 4
105 87 64 20 4
114 87 55 31 4
123 87 78 11 4
124 87 81 3 4
127 87 78 1 4
87 90 62 14 4
87 92 67 12 4
87 94 79 5 4
2 88 49 2 4
5 88 18 0 4
12 88 17 0 4
15 88 16 0 4
16 88 30 0 4
20 88 16 0 4
29 88 7 0 4
34 88 30 0 4
38 88 21 0 4
41 88 14 0 4
42 88 26 0 4
46 88 4 0 4
47 88 21 0 4
50 88 6 0 4
53 88 28 1 4
57 88 8 0 4
58 88 12 0 4
61 88 34 1 4
71 88 18 2 4
73 88 24 0 4
81 88 33 1 4
82 88 21 0 4
115 88 8 0 4
118 88 17 0 4
121 88 19 0 4
124 88 18 0 4
126 88 18 0 4
127 88 11 0 4
88 89 30 0 4
88 90 21 0 4
88 92 22 0 4
88 93 18 0 4
88 94 20 0 4
88 96 23 1 4
18 89 52 8 4
25 89 64 12 4
29 89 29 0 4
30 89 45 4 4
42 89 40 4 4
46 89 26 0 4
47 89 25 9 4
50 89 28 0 4
53 89 42 5 4
54 89 57 13 4
57 89 30 0 4
58 89 34 0 4
60 89 48 15 4
61 89 48 5 4
76 89 51 13 4
88 89 30 0 4
115 89 30 0 4
127 89 27 3 4
5 90 5 13 4
12 90 30 0 4
15 90 17 6 4
20 90 29 0 4
29 90 20 0 4
34 90 41 1 4
41 90 27 0 4
43 90 32 7 4
46 90 17 0 4
50 90 19 0 4
57 90 21 0 4
58 90 25 0 4
73 90 35 1 4
78 90 36 8 4
88 90 21 0 4
105 90 38 5 4
110 90 44 9 4
114 90 33 14 4
115 90 21 0 4
118 90 30 0 4
121 90 32 0 4
123 90 42 1 4
124 90 23 4 4
126 90 31 0 4
127 90 24 0 4
90 92 19 8 4
90 93 31 0 4
90 94 33 0 4
10 91 69 14 4
16 91 54 16 4
18 91 76 13 4
20 91 66 3 4
25 91 74 24 4
30 91 67 10 4
34 91 68 9 4
38 91 61 8 4
46 91 60 0 4
47 91 65 6 4
55 91 65 12 4
58 91 54 7 4
59 91 69 10 4
61 91 74 9 4
71 91 66 6 4
82 91 67 5 4
124 91 62 6 4
127 91 61 3 4
91 93 64 5 4
5 92 22 5 4
12 92 31 0 4
15 92 22 4 4
20 92 30 0 4
24 92 29 8 4
29 92 21 0 4
34 92 42 1 4
36 92 41 16 4
41 92 28 0 4
46 92 18 0 4
50 92 20 0 4
57 92 22 0 4
58 92 26 0 4
62 92 50 13 4
71 92 32 2 4
73 92 26 6 4
78 92 39 7 4
88 92 22 0 4
90 92 19 8 4
110 92 33 15 4
114 92 38 12 4
115 92 22 0 4
118 92 31 0 4
121 92 33 0 4
124 92 24 4 4
126 92 32 0 4
127 92 25 0 4
92 93 32 0 4
5 93 28 0 4
6 93 46 5 4
12 93 27 0 4
15 93 20 3 4
18 93 46 5 4
20 93 26 0 4
29 93 17 0 4
41 93 24 0 4
46 93 14 0 4
47 93 21 5 4
50 93 16 0 4
57 93 18 0 4
58 93 22 0 4
71 93 22 5 4
82 93 29 1 4
88 93 18 0 4
101 93 51 5 4
104 93 28 7 4
110 93 49 5 4
115 93 18 0 4
118 93 27 0 4
121 93 29 0 4
124 93 28 0 4
126 93 26 1 4
127 93 21 0 4
93 94 30 0 4
93 96 33 1 4
5 94 30 0 4
12 94 29 0 4
15 94 28 0 4
20 94 28 0 4
29 94 19 0 4
30 94 41 1 4
41 94 24 1 4
46 94 16 0 4
50 94 18 0 4
53 94 34 4 4
56 94 52 7 4
57 94 20 0 4
58 94 24 0 4
64 94 42 7 4
71 94 30 2 4
72 94 48 3 4
82 94 29 2 4
88 94 20 0 4
93 94 30 0 4
102 94 48 8 4
105 94 41 3 4
115 94 20 0 4
118 94 29 0 4
121 94 31 0 4
123 94 41 1 4
124 94 30 0 4
126 94 30 0 4
127 94 21 1 4
94 96 35 1 4
33 95 64 22 4
41 95 73 4 4
45 95 52 30 4
83 95 74 42 4
106 95 82 8 4
118 95 70 7 4
5 96 35 0 4
6 96 53 5 4
10 96 52 3 4
12 96 34 0 4
15 96 33 0 4
18 96 49 7 4
20 96 33 0 4
29 96 24 0 4
38 96 36 1 4
41 96 31 0 4
46 96 21 0 4
47 96 34 2 4
50 96 23 0 4
53 96 45 1 4
57 96 25 0 4
58 96 29 0 4
61 96 47 3 4
64 96 51 5 4
71 96 25 7 4
78 96 48 4 4
88 96 23 1 4
93 96 33 1 4
94 96 35 1 4
105 96 42 5 4
115 96 25 0 4
118 96 34 0 4
121 96 26 5 4
123 96 40 4 4
124 96 35 0 4
126 96 35 0 4
127 96 28 0 4
12 97 91 9 4
15 97 90 9 4
20 97 90 9 4
21 97 101 40 4
39 97 82 27 4
55 97 91 17 4
65 97 101 48 4
69 97 90 28 4
121 97 89 11 4
5 98 125 13 4
10 98 120 27 4
16 98 125 19 4
54 98 128 33 4
90 98 126 14 4
105 98 130 19 4
15 99 88 4 4
18 99 88 19 4
38 99 87 7 4
41 99 84 5 4
46 99 84 0 4
47 99 87 7 4
71 99 78 12 4
82 99 83 9 4
88 99 82 3 4
93 99 78 10 4
96 99 83 11 4
101 99 75 28 4
104 99 82 15 4
110 99 85 22 4
115 99 82 3 4
118 99 83 7 4
121 99 83 8 4
100 15 94 4 4
100 31 85 41 4
100 38 93 7 4
100 57 90 2 4
100 82 95 6 4
100 93 92 6 4
100 101 69 34 4
100 104 68 25 4
100 115 86 4 4
100 118 89 7 4
100 121 81 12 4
100 126 94 5 4
100 127 95 1 4
101 15 49 5 4
101 29 50 0 4
101 38 60 2 4
101 41 55 1 4
101 46 47 0 4
101 50 49 0 4
101 57 51 0 4
101 58 55 0 4
101 64 69 9 4
101 73 65 1 4
101 81 62 8 4
101 82 62 1 4
101 88 49 1 4
101 93 51 5 4
101 94 61 1 4
101 104 43 16 4
101 115 43 4 4
101 118 58 1 4
101 121 54 4 4
101 126 53 4 4
101 127 52 1 4
102 15 52 4 4
102 23 72 26 4
102 24 65 5 4
102 26 69 14 4
102 29 51 0 4
102 38 59 3 4
102 46 48 0 4
102 50 50 0 4
102 53 58 8 4
102 56 52 23 4
102 57 52 0 4
102 64 64 12 4
102 69 70 14 4
102 73 60 4 4
102 88 52 0 4
102 93 54 4 4
102 94 48 8 4
102 104 54 11 4
102 115 52 0 4
102 126 46 8 4
103 5 44 1 4
103 8 52 8 4
103 16 50 4 4
103 27 74 19 4
103 29 35 0 4
103 33 43 13 4
103 38 47 1 4
103 41 42 0 4
103 46 32 0 4
103 50 34 0 4
103 52 52 8 4
103 53 52 3 4
103 57 34 1 4
103 58 40 0 4
103 88 36 0 4
103 90 47 1 4
103 105 53 5 4
103 106 45 7 4
103 107 58 16 4
103 115 36 0 4
103 121 43 2 4
103 123 45 7 4
103 127 39 0 4
104 5 42 0 4
104 12 41 0 4
104 15 32 4 4
104 20 40 0 4
104 29 31 0 4
104 38 39 3 4
104 41 38 0 4
104 46 28 0 4
104 50 30 0 4
104 53 48 3 4
104 57 32 0 4
104 58 36 0 4
104 81 51 4 4
104 88 32 0 4
104 93 28 7 4
101 104 43 16 4
102 104 54 11 4
104 115 24 4 4
104 118 41 0 4
104 121 43 0 4
104 124 42 0 4
104 126 32 5 4
104 127 35 0 4
104 130 60 13 4
105 5 35 5 4
105 8 57 5 4
105 12 44 0 4
105 15 43 0 4
105 20 43 0 4
105 29 34 0 4
105 34 49 4 4
105 41 41 0 4
105 43 48 6 4
105 46 31 0 4
105 47 46 1 4
105 50 33 0 4
105 57 35 0 4
105 58 39 0 4
105 61 55 4 4
105 88 35 0 4
105 90 38 5 4
105 93 45 0 4
105 94 41 3 4
105 96 42 5 4
103 105 53 5 4
105 115 35 0 4
105 118 44 0 4
105 121 46 0 4
105 123 36 11 4
105 124 45 0 4
105 126 45 0 4
105 127 38 0 4
106 6 43 13 4
106 8 47 8 4
106 15 39 0 4
106 20 39 0 4
106 29 30 0 4
106 33 46 9 4
106 41 37 0 4
106 42 45 2 4
106 46 27 0 4
106 50 29 0 4
106 57 31 0 4
106 58 35 0 4
106 60 59 10 4
106 88 31 0 4
103 106 45 7 4
106 115 31 0 4
106 118 34 3 4
106 119 57 14 4
106 126 39 1 4
106 127 34 0 4
107 8 70 12 4
107 29 61 0 4
107 33 59 18 4
107 41 66 1 4
107 45 77 11 4
107 46 58 0 4
107 50 60 0 4
107 52 60 17 4
107 57 54 4 4
107 73 68 5 4
107 88 62 0 4
10 107 67 14 4
103 107 58 16 4
106 107 65 10 4
107 115 62 0 4
107 121 71 1 4
107 126 60 6 4
108 12 87 11 4
108 20 86 11 4
108 24 77 23 4
108 27 88 44 4
108 39 86 25 4
108 78 87 22 4
108 92 86 14 4
108 114 88 26 4
109 5 82 13 4
109 15 92 7 4
109 24 79 21 4
109 57 92 3 4
109 66 66 51 4
109 90 79 16 4
109 92 82 15 4
109 114 60 39 4
110 5 45 7 4
110 12 58 0 4
110 15 47 5 4
110 18 57 15 4
110 20 57 0 4
110 24 60 6 4
110 29 48 0 4
110 41 55 0 4
110 46 45 0 4
110 47 50 6 4
110 50 47 0 4
110 57 49 0 4
110 58 53 0 4
110 71 43 10 4
110 73 47 9 4
110 78 56 12 4
110 82 48 7 4
110 88 49 0 4
110 90 44 9 4
110 92 33 15 4
110 93 49 5 4
110 94 59 1 4
110 96 54 6 4
110 114 65 12 4
110 115 49 0 4
110 118 46 6 4
110 124 47 6 4
110 126 59 0 4
110 127 52 0 4
111 79 98 83 4
10 111 127 27 4
112 15 98 8 4
112 23 100 39 4
112 31 105 37 4
112 55 91 20 4
112 99 116 35 4
101 112 103 23 4
113 24 90 19 4
113 41 99 6 4
113 45 82 30 4
113 57 97 4 4
113 83 54 67 4
113 88 103 1 4
114 5 36 11 4
114 12 57 0 4
114 15 48 4 4
114 20 56 0 4
114 24 29 21 4
114 29 47 0 4
114 41 54 0 4
114 43 59 7 4
114 46 44 0 4
114 50 46 0 4
114 57 44 2 4
114 58 52 0 4
114 66 44 37 4
114 71 56 3 4
114 73 52 6 4
114 88 48 0 4
114 90 33 14 4
114 92 38 12 4
114 93 58 0 4
114 115 48 0 4
114 118 57 0 4
114 124 52 3 4
114 126 58 0 4
114 127 51 0 4
115 5 18 0 4
115 12 17 0 4
115 15 16 0 4
115 16 30 0 4
115 20 16 0 4
115 24 31 0 4
115 29 7 0 4
115 30 31 0 4
115 34 30 0 4
115 38 21 0 4
115 41 14 0 4
115 42 26 0 4
115 43 33 0 4
115 46 4 0 4
115 47 21 0 4
115 50 6 0 4
115 53 30 0 4
115 55 33 0 4
115 57 8 0 4
115 58 12 0 4
115 59 33 0 4
115 71 22 0 4
115 73 24 0 4
115 81 29 3 4
115 82 21 0 4
115 88 8 0 4
115 89 30 0 4
115 90 21 0 4
115 92 22 0 4
115 93 18 0 4
115 94 20 0 4
115 96 25 0 4
101 115 43 4 4
104 115 24 4 4
106 115 31 0 4
115 118 17 0 4
115 121 19 0 4
115 123 31 0 4
115 124 18 0 4
115 126 18 0 4
115 127 11 0 4
116 54 113 42 4
117 12 62 10 4
117 16 69 13 4
117 20 57 12 4
117 26 76 21 4
117 29 70 1 4
117 34 63 16 4
117 39 81 14 4
117 50 67 2 4
117 55 56 21 4
117 58 63 7 4
117 59 56 21 4
117 78 60 22 4
117 86 63 35 4
117 90 70 8 4
117 92 69 9 4
117 124 67 8 4
118 5 27 0 4
118 12 26 0 4
118 15 25 0 4
118 20 25 0 4
118 29 16 0 4
118 38 30 0 4
118 41 23 0 4
118 42 35 0 4
118 46 13 0 4
118 47 30 0 4
118 50 15 0 4
118 51 49 6 4
118 57 17 0 4
118 58 21 0 4
118 71 31 0 4
118 73 25 4 4
118 82 20 5 4
118 88 17 0 4
118 90 30 0 4
118 92 31 0 4
118 93 27 0 4
118 94 29 0 4
118 96 34 0 4
106 118 34 3 4
110 118 46 6 4
115 118 17 0 4
118 121 28 0 4
118 124 27 0 4
118 126 27 0 4
118 127 20 0 4
119 6 60 20 4
119 29 61 0 4
119 33 69 13 4
119 46 58 0 4
119 47 65 5 4
119 50 60 0 4
119 57 54 4 4
119 58 66 0 4
119 67 81 20 4
119 71 62 7 4
119 81 71 9 4
119 82 67 4 4
119 88 62 0 4
119 93 64 4 4
103 119 72 9 4
106 119 57 14 4
110 119 75 14 4
115 119 60 1 4
118 119 63 4 4
119 127 65 0 4
120 54 108 43 4
120 87 122 44 4
121 5 29 0 4
121 15 27 0 4
121 20 27 0 4
121 29 18 0 4
121 30 36 3 4
121 38 26 3 4
121 41 25 0 4
121 42 35 1 4
121 46 15 0 4
121 47 32 0 4
121 50 17 0 4
121 53 33 4 4
121 57 19 0 4
121 58 23 0 4
121 64 31 12 4
121 69 41 12 4
121 71 33 0 4
121 73 35 0 4
121 82 32 0 4
121 88 19 0 4
121 90 32 0 4
121 92 33 0 4
121 93 29 0 4
121 94 31 0 4
121 96 26 5 4
12 121 28 0 4
115 121 19 0 4
118 121 28 0 4
121 123 34 4 4
121 124 29 0 4
121 126 29 0 4
121 127 22 0 4
122 8 85 11 4
122 29 68 3 4
122 33 62 23 4
122 41 75 3 4
122 51 81 19 4
122 52 75 16 4
122 57 69 3 4
122 72 67 21 4
122 83 86 36 4
103 122 81 11 4
106 122 80 9 4
107 122 81 24 4
123 5 39 1 4
123 15 39 0 4
123 20 39 0 4
123 29 30 0 4
123 41 35 1 4
123 46 27 0 4
123 47 40 2 4
123 50 29 0 4
123 53 41 6 4
123 57 31 0 4
123 58 35 0 4
123 64 57 5 4
123 71 39 3 4
123 88 31 0 4
123 90 42 1 4
123 94 41 1 4
123 96 40 4 4
103 123 45 7 4
105 123 36 11 4
115 123 31 0 4
121 123 34 4 4
123 127 34 0 4
124 5 22 3 4
124 15 22 2 4
124 20 26 0 4
124 29 15 1 4
124 30 31 5 4
124 37 48 4 4
124 38 31 0 4
124 41 24 0 4
124 46 14 0 4
124 47 31 0 4
124 50 16 0 4
124 51 48 7 4
124 57 18 0 4
124 58 22 0 4
124 62 58 7 4
124 78 41 4 4
124 82 31 0 4
124 88 18 0 4
124 90 23 4 4
124 92 24 4 4
124 93 28 0 4
124 94 30 0 4
12 124 27 0 4
110 124 47 6 4
115 124 18 0 4
118 124 27 0 4
121 124 29 0 4
124 126 28 0 4
124 127 21 0 4
125 6 67 28 4
125 31 86 36 4
125 41 83 4 4
125 81 90 11 4
125 88 83 1 4
125 93 87 4 4
1 125 82 31 4
101 125 78 25 4
104 125 75 17 4
106 125 84 12 4
115 125 79 3 4
118 125 72 11 4
125 126 87 4 4
125 127 84 2 4
126 5 28 0 4
126 15 26 0 4
126 20 26 0 4
126 26 51 6 4
126 29 17 0 4
126 41 24 0 4
126 46 14 0 4
126 50 16 0 4
126 52 44 3 4
126 57 18 0 4
126 58 22 0 4
126 73 30 2 4
126 82 29 1 4
126 88 18 0 4
126 93 26 1 4
126 94 30 0 4
10 126 39 6 4
12 126 27 0 4
101 126 53 4 4
102 126 46 8 4
104 126 32 5 4
106 126 39 1 4
115 126 18 0 4
118 126 27 0 4
121 126 29 0 4
124 126 28 0 4
126 127 21 0 4
127 5 21 0 4
127 15 19 0 4
127 20 19 0 4
127 29 10 0 4
127 30 24 5 4
127 38 24 0 4
127 41 15 1 4
127 46 7 0 4
127 47 24 0 4
127 50 9 0 4
127 57 11 0 4
127 58 15 0 4
127 61 37 1 4
127 71 25 0 4
127 81 36 1 4
127 82 20 2 4
127 88 11 0 4
127 89 27 3 4
127 90 24 0 4
127 92 25 0 4
127 93 21 0 4
127 94 21 1 4
12 127 20 0 4
115 127 11 0 4
118 127 20 0 4
121 127 22 0 4
124 127 21 0 4
126 127 21 0 4
128 38 116 14 4
128 39 111 28 4
10 128 108 28 4
12 128 118 11 4
121 128 120 11 4
129 25 104 37 4
129 29 113 3 4
129 41 116 5 4
129 67 83 48 4
130 23 96 19 4
130 30 73 6 4
130 31 87 24 4
130 38 65 5 4
130 53 64 10 4
130 88 60 1 4
1 130 81 20 4
101 130 73 16 4
104 130 60 13 4
115 130 54 4 4
118 130 63 4 4
