Res1 Res2 NSingle NDouble Method
1 6 111 17 4
1 15 98 0 4
1 29 86 0 4
1 30 106 6 4
1 41 93 1 4
1 42 108 3 4
1 46 83 0 4
1 50 85 0 4
1 53 106 4 4
1 57 88 0 4
1 58 91 0 4
1 67 131 22 4
1 70 119 24 4
1 72 111 10 4
1 81 106 8 4
1 88 85 1 4
1 89 106 3 4
1 93 100 2 4
1 101 111 18 4
1 104 98 9 4
1 106 103 10 4
1 115 79 4 4
1 118 100 2 4
1 124 90 6 4
1 125 141 27 4
1 127 88 1 4
1 130 120 18 4
12 2 84 3 4
16 2 86 6 4
106 2 90 10 4
115 2 74 0 4
127 2 75 1 4
2 8 99 8 4
2 20 84 2 4
2 21 148 27 4
2 29 73 0 4
2 33 99 12 4
2 37 104 11 4
2 41 66 8 4
2 46 70 0 4
2 47 87 2 4
2 50 68 2 4
2 55 80 17 4
2 57 75 0 4
2 58 68 5 4
2 59 94 7 4
2 71 84 5 4
2 77 135 21 4
2 85 114 16 4
2 88 74 0 4
2 93 87 2 4
2 94 87 1 4
2 96 90 4 4
19 3 179 41 4
24 3 133 10 4
26 3 140 20 4
106 3 118 18 4
121 3 100 17 4
3 34 129 9 4
3 43 126 13 4
3 46 114 0 4
3 53 129 8 4
3 59 134 9 4
3 64 137 16 4
3 72 132 15 4
3 96 126 8 4
12 4 108 7 4
20 4 104 8 4
33 4 125 15 4
39 4 115 22 4
117 4 144 25 4
4 41 110 2 4
4 42 113 10 4
4 55 116 15 4
4 57 97 5 4
4 58 106 2 4
4 76 124 28 4
4 78 124 15 4
4 89 115 8 4
12 5 44 0 4
15 5 23 8 4
16 5 52 0 4
20 5 42 0 4
29 5 27 0 4
34 5 55 1 4
38 5 46 0 4
41 5 36 0 4
42 5 55 0 4
43 5 44 9 4
46 5 24 0 4
47 5 45 0 4
105 5 57 6 4
110 5 68 7 4
114 5 55 13 4
115 5 28 0 4
118 5 45 0 4
121 5 44 0 4
124 5 39 2 4
126 5 42 0 4
127 5 31 0 4
5 50 26 0 4
5 53 55 0 4
5 57 29 0 4
5 58 32 0 4
5 71 48 0 4
5 73 50 0 4
5 78 66 5 4
5 81 57 3 4
5 82 46 0 4
5 88 28 0 4
5 89 53 0 4
5 90 12 20 4
5 92 35 5 4
5 93 45 0 4
5 94 43 0 4
5 96 52 0 4
29 6 65 0 4
41 6 74 0 4
42 6 89 2 4
46 6 62 0 4
47 6 81 1 4
50 6 64 0 4
57 6 67 0 4
58 6 70 0 4
104 6 85 5 4
106 6 74 14 4
110 6 98 11 4
115 6 66 0 4
118 6 79 2 4
123 6 96 2 4
126 6 78 1 4
127 6 69 0 4
6 70 78 34 4
6 71 74 6 4
6 72 88 11 4
6 78 100 7 4
6 88 66 0 4
6 93 77 3 4
6 96 78 6 4
10 7 139 31 4
16 7 158 7 4
36 7 163 26 4
38 7 144 11 4
43 7 160 11 4
61 7 159 12 4
105 7 155 17 4
126 7 150 6 4
7 73 140 15 4
15 8 60 0 4
20 8 63 0 4
24 8 68 8 4
29 8 48 0 4
33 8 76 11 4
34 8 68 5 4
37 8 87 7 4
41 8 57 0 4
46 8 45 0 4
50 8 47 0 4
51 8 79 15 4
52 8 83 5 4
57 8 50 0 4
58 8 53 0 4
61 8 74 5 4
66 8 108 19 4
71 8 65 2 4
72 8 83 5 4
73 8 69 1 4
103 8 71 9 4
105 8 80 5 4
106 8 61 12 4
115 8 49 0 4
126 8 63 0 4
127 8 52 0 4
8 88 49 0 4
8 92 64 1 4
11 9 131 56 4
16 9 139 6 4
29 9 120 3 4
30 9 136 11 4
34 9 132 12 4
37 9 141 19 4
41 9 123 6 4
46 9 123 0 4
50 9 125 0 4
51 9 133 27 4
53 9 138 8 4
57 9 128 0 4
59 9 135 13 4
67 9 129 43 4
75 9 141 44 4
86 9 127 45 4
88 9 125 1 4
115 9 127 0 4
124 9 124 9 4
127 9 126 2 4
9 94 124 9 4
10 5 81 0 4
10 12 77 0 4
10 15 72 0 4
10 16 69 8 4
10 20 75 0 4
10 29 60 0 4
10 34 90 0 4
10 38 59 10 4
10 41 69 0 4
10 42 88 0 4
10 46 57 0 4
10 47 76 1 4
10 50 59 0 4
10 57 62 0 4
10 58 65 0 4
10 61 70 13 4
10 71 81 0 4
10 73 67 8 4
10 82 77 1 4
10 88 61 0 4
10 89 80 3 4
10 90 85 0 4
10 92 78 0 4
10 93 78 0 4
10 94 76 0 4
10 96 75 5 4
10 103 93 4 4
10 104 90 0 4
10 105 94 4 4
10 107 107 18 4
10 115 61 0 4
10 118 78 0 4
10 121 77 0 4
10 124 76 0 4
10 126 65 5 4
10 127 64 0 4
11 9 131 56 4
11 25 149 29 4
11 29 121 1 4
11 30 131 12 4
11 41 116 8 4
11 46 120 0 4
11 50 122 0 4
11 51 144 20 4
11 57 125 0 4
11 67 112 50 4
11 72 142 13 4
11 88 122 1 4
11 94 133 3 4
11 115 124 0 4
11 124 123 8 4
11 127 123 2 4
12 5 44 0 4
104 12 53 0 4
115 12 24 0 4
118 12 41 0 4
12 15 35 0 4
12 16 48 0 4
12 20 24 7 4
12 29 23 0 4
12 30 51 2 4
12 34 53 0 4
12 37 64 6 4
12 38 42 0 4
12 39 59 9 4
12 41 32 0 4
12 42 41 5 4
12 43 58 0 4
12 46 20 0 4
12 47 41 0 4
12 50 22 0 4
12 53 51 0 4
12 55 52 6 4
12 56 60 16 4
12 57 25 0 4
12 58 28 0 4
12 59 56 1 4
12 71 44 0 4
12 73 46 0 4
12 76 70 14 4
12 78 40 16 4
12 82 42 0 4
12 88 24 0 4
12 89 49 0 4
12 90 48 0 4
12 92 41 0 4
12 93 41 0 4
12 94 39 0 4
12 96 48 0 4
12 121 40 0 4
12 123 58 0 4
12 124 39 0 4
12 126 38 0 4
12 127 27 0 4
13 9 180 49 4
115 13 159 0 4
122 13 171 41 4
127 13 156 3 4
13 24 166 14 4
13 29 152 3 4
13 33 160 24 4
13 34 162 13 4
13 45 166 21 4
13 46 155 0 4
13 50 157 0 4
13 52 165 19 4
13 58 153 5 4
13 83 175 56 4
13 88 159 0 4
13 94 160 7 4
103 14 101 14 4
106 14 109 8 4
115 14 89 0 4
127 14 92 0 4
14 16 89 12 4
14 20 93 5 4
14 26 95 28 4
14 29 88 0 4
14 33 110 14 4
14 34 80 19 4
14 45 106 16 4
14 46 85 0 4
14 50 83 2 4
14 52 87 23 4
14 53 104 6 4
14 55 91 19 4
14 57 84 3 4
14 58 83 5 4
14 59 69 27 4
14 86 111 34 4
14 88 89 0 4
14 94 94 5 4
15 5 23 8 4
12 15 35 0 4
101 15 65 7 4
104 15 42 3 4
110 15 61 6 4
115 15 19 0 4
118 15 36 0 4
121 15 35 0 4
124 15 32 1 4
126 15 33 0 4
127 15 22 0 4
15 16 43 0 4
15 20 33 0 4
15 29 18 0 4
15 34 46 1 4
15 38 37 0 4
15 41 27 0 4
15 42 46 0 4
15 43 49 2 4
15 46 15 0 4
15 47 36 0 4
15 50 17 0 4
15 53 46 0 4
15 57 20 0 4
15 58 23 0 4
15 71 39 0 4
15 73 41 0 4
15 78 61 3 4
15 82 37 0 4
15 88 19 0 4
15 89 44 0 4
15 90 33 5 4
15 92 30 3 4
15 93 28 4 4
15 94 34 0 4
15 96 43 0 4
16 5 52 0 4
10 16 69 8 4
12 16 48 0 4
14 16 89 12 4
15 16 43 0 4
103 16 64 4 4
115 16 32 0 4
118 16 49 0 4
121 16 48 0 4
124 16 47 0 4
126 16 46 0 4
127 16 35 0 4
16 20 42 2 4
16 26 70 12 4
16 29 31 0 4
16 34 37 12 4
16 37 74 5 4
16 38 44 3 4
16 41 40 0 4
16 46 28 0 4
16 47 49 0 4
16 50 26 2 4
16 52 64 6 4
16 53 57 1 4
16 55 56 8 4
16 57 33 0 4
16 58 24 6 4
16 59 44 11 4
16 61 65 1 4
16 71 52 0 4
16 73 48 3 4
16 82 50 0 4
16 88 32 0 4
16 89 57 0 4
16 90 56 0 4
16 91 86 17 4
16 92 49 0 4
16 93 49 0 4
16 94 47 0 4
16 96 56 0 4
17 8 117 13 4
103 17 112 15 4
106 17 106 16 4
115 17 102 0 4
118 17 111 4 4
121 17 102 8 4
17 18 121 19 4
17 29 101 0 4
17 33 125 13 4
17 38 110 5 4
17 46 98 0 4
17 50 100 0 4
17 54 120 29 4
17 60 127 25 4
17 64 115 19 4
17 88 102 0 4
17 89 119 4 4
12 18 81 0 4
15 18 76 0 4
110 18 85 17 4
115 18 65 0 4
118 18 82 0 4
121 18 81 0 4
124 18 80 0 4
126 18 79 0 4
127 18 68 0 4
18 20 79 0 4
18 29 64 0 4
18 38 83 0 4
18 39 98 10 4
18 41 73 0 4
18 46 61 0 4
18 47 68 7 4
18 50 63 0 4
18 52 99 5 4
18 53 86 3 4
18 57 66 0 4
18 58 69 0 4
18 71 69 8 4
18 75 99 34 4
18 78 103 5 4
18 81 90 5 4
18 82 65 9 4
18 88 65 0 4
18 89 76 7 4
18 92 82 0 4
18 93 72 5 4
18 94 78 1 4
18 96 79 5 4
19 3 179 41 4
10 19 148 28 4
12 19 147 10 4
16 19 157 9 4
121 19 145 11 4
123 19 149 18 4
19 34 158 11 4
19 37 159 22 4
19 47 148 10 4
19 53 150 14 4
19 56 163 28 4
19 82 149 10 4
20 5 42 0 4
12 20 24 7 4
15 20 33 0 4
16 20 42 2 4
104 20 51 0 4
115 20 22 0 4
117 20 84 13 4
118 20 39 0 4
121 20 38 0 4
124 20 37 0 4
126 20 36 0 4
127 20 25 0 4
20 26 68 8 4
20 29 21 0 4
20 30 45 4 4
20 34 47 2 4
20 37 68 3 4
20 38 40 0 4
20 39 57 9 4
20 41 30 0 4
20 42 49 0 4
20 46 18 0 4
20 47 39 0 4
20 50 20 0 4
20 53 49 0 4
20 55 46 8 4
20 57 23 0 4
20 58 26 0 4
20 59 46 5 4
20 71 42 0 4
20 73 44 0 4
20 76 70 13 4
20 78 52 9 4
20 82 40 0 4
20 88 22 0 4
20 89 47 0 4
20 90 46 0 4
20 92 39 0 4
20 93 39 0 4
20 94 37 0 4
20 96 46 0 4
2 21 148 27 4
12 21 124 14 4
16 21 142 9 4
20 21 126 12 4
121 21 140 6 4
127 21 137 1 4
21 39 137 26 4
21 42 117 23 4
21 50 130 2 4
21 53 147 8 4
21 58 138 1 4
21 76 154 28 4
21 78 132 26 4
22 36 156 36 4
22 42 164 12 4
22 43 159 18 4
22 72 163 21 4
22 83 187 51 4
22 90 167 9 4
22 92 152 13 4
15 23 118 6 4
101 23 127 26 4
102 23 123 30 4
104 23 114 17 4
115 23 111 4 4
118 23 122 7 4
124 23 124 5 4
126 23 119 7 4
127 23 122 0 4
23 26 129 26 4
23 29 118 0 4
23 34 134 7 4
23 46 115 0 4
23 50 117 0 4
23 53 124 11 4
23 57 120 0 4
23 58 123 0 4
23 59 129 12 4
23 81 120 17 4
23 82 127 5 4
23 88 119 0 4
23 90 133 5 4
23 92 122 7 4
23 93 122 7 4
23 94 124 5 4
24 5 63 0 4
24 8 68 8 4
12 24 59 0 4
15 24 54 0 4
16 24 67 0 4
20 24 57 0 4
103 24 79 2 4
114 24 50 23 4
115 24 43 0 4
118 24 60 0 4
121 24 59 0 4
124 24 58 0 4
126 24 57 0 4
127 24 46 0 4
24 29 42 0 4
24 36 84 13 4
24 38 61 0 4
24 41 51 0 4
24 46 39 0 4
24 47 60 0 4
24 50 41 0 4
24 57 44 0 4
24 58 47 0 4
24 61 70 4 4
24 71 55 4 4
24 73 55 5 4
24 82 61 0 4
24 85 77 19 4
24 87 85 23 4
24 88 43 0 4
24 89 68 0 4
24 90 67 0 4
24 92 48 6 4
24 93 60 0 4
24 94 58 0 4
24 96 67 0 4
12 25 99 4 4
15 25 102 0 4
18 25 120 14 4
20 25 97 4 4
105 25 114 9 4
115 25 91 0 4
124 25 92 7 4
127 25 90 2 4
25 29 88 1 4
25 30 94 14 4
25 41 95 2 4
25 46 87 0 4
25 47 82 13 4
25 50 89 0 4
25 57 92 0 4
25 58 95 0 4
25 61 100 13 4
25 67 127 26 4
25 71 103 4 4
25 81 108 9 4
25 82 103 3 4
25 88 89 1 4
25 89 96 10 4
25 91 115 32 4
25 93 96 6 4
25 96 103 6 4
12 26 76 5 4
14 26 95 28 4
15 26 81 0 4
16 26 70 12 4
20 26 68 8 4
104 26 85 7 4
115 26 70 0 4
126 26 68 8 4
127 26 73 0 4
26 29 69 0 4
26 30 95 3 4
26 34 57 21 4
26 37 98 12 4
26 41 78 0 4
26 46 66 0 4
26 50 68 0 4
26 52 100 7 4
26 53 87 5 4
26 55 88 11 4
26 57 71 0 4
26 58 68 3 4
26 59 58 23 4
26 82 86 1 4
26 86 108 26 4
26 88 70 0 4
26 94 81 2 4
27 8 130 13 4
12 27 113 9 4
16 27 123 8 4
20 27 107 11 4
24 27 116 17 4
103 27 113 21 4
108 27 157 44 4
114 27 136 16 4
121 27 113 9 4
27 33 136 14 4
27 50 109 2 4
27 55 113 21 4
27 58 107 6 4
27 59 119 15 4
27 64 124 21 4
27 69 136 22 4
12 28 106 12 4
16 28 118 10 4
20 28 108 10 4
115 28 108 3 4
117 28 146 28 4
126 28 116 6 4
28 29 113 0 4
28 34 125 9 4
28 39 131 18 4
28 42 117 12 4
28 43 130 9 4
28 46 110 0 4
28 50 110 1 4
28 52 130 14 4
28 55 96 29 4
28 58 106 6 4
28 59 118 15 4
28 76 136 26 4
28 78 122 20 4
28 86 150 27 4
28 88 114 0 4
29 5 27 0 4
12 29 23 0 4
15 29 18 0 4
16 29 31 0 4
20 29 21 0 4
24 29 42 0 4
103 29 47 0 4
104 29 36 0 4
106 29 43 0 4
115 29 7 0 4
118 29 24 0 4
121 29 23 0 4
123 29 41 0 4
124 29 22 0 4
126 29 21 0 4
127 29 10 0 4
29 30 38 0 4
29 34 36 0 4
29 37 55 2 4
29 38 25 0 4
29 41 15 0 4
29 42 34 0 4
29 43 41 0 4
29 46 3 0 4
29 47 24 0 4
29 50 5 0 4
29 51 61 3 4
29 53 34 0 4
29 55 47 0 4
29 57 8 0 4
29 58 11 0 4
29 59 41 0 4
29 61 42 0 4
29 71 27 0 4
29 72 49 1 4
29 73 29 0 4
29 81 42 0 4
29 82 25 0 4
29 88 7 0 4
29 89 32 0 4
29 90 31 0 4
29 92 24 0 4
29 93 24 0 4
29 94 22 0 4
29 96 31 0 4
30 5 59 0 4
12 30 51 2 4
15 30 50 0 4
16 30 63 0 4
20 30 45 4 4
25 30 94 14 4
29 30 38 0 4
115 30 39 0 4
118 30 56 0 4
121 30 49 3 4
124 30 42 6 4
126 30 53 0 4
127 30 34 4 4
30 34 66 1 4
30 38 55 1 4
30 41 47 0 4
30 42 60 3 4
30 46 35 0 4
30 47 56 0 4
30 50 37 0 4
30 51 81 9 4
30 55 69 5 4
30 57 40 0 4
30 58 43 0 4
30 59 69 2 4
30 71 59 0 4
30 73 61 0 4
30 82 57 0 4
30 86 99 15 4
30 88 39 0 4
30 89 56 4 4
30 90 63 0 4
30 91 99 14 4
30 92 56 0 4
30 93 56 0 4
30 94 54 0 4
30 96 61 1 4
12 31 128 2 4
16 31 130 5 4
20 31 126 2 4
23 31 153 37 4
24 31 133 9 4
29 31 115 0 4
100 31 156 40 4
101 31 132 22 4
104 31 115 15 4
112 31 174 47 4
115 31 112 2 4
118 31 105 14 4
126 31 116 7 4
127 31 119 0 4
130 31 147 19 4
31 38 114 10 4
31 41 114 5 4
31 46 112 0 4
31 50 114 0 4
31 57 117 0 4
31 58 120 0 4
31 61 133 9 4
31 73 126 6 4
31 81 131 10 4
31 82 124 5 4
31 88 116 0 4
31 92 129 2 4
15 32 157 5 4
29 32 151 2 4
30 32 163 12 4
102 32 156 32 4
118 32 155 9 4
121 32 152 10 4
122 32 188 31 4
124 32 157 7 4
127 32 153 3 4
32 51 164 26 4
32 56 180 22 4
32 64 159 24 4
32 69 149 36 4
32 72 162 19 4
32 94 153 9 4
33 8 76 11 4
12 33 73 0 4
15 33 68 0 4
20 33 71 0 4
29 33 56 0 4
103 33 65 16 4
106 33 71 11 4
107 33 93 23 4
115 33 57 0 4
119 33 98 19 4
121 33 69 2 4
122 33 101 25 4
124 33 72 0 4
126 33 71 0 4
127 33 60 0 4
33 41 61 2 4
33 42 80 2 4
33 45 72 17 4
33 46 53 0 4
33 50 55 0 4
33 51 93 12 4
33 52 83 9 4
33 53 76 4 4
33 57 58 0 4
33 58 61 0 4
33 81 84 4 4
33 88 57 0 4
33 94 72 0 4
34 5 55 1 4
34 8 68 5 4
12 34 53 0 4
14 34 80 19 4
15 34 46 1 4
16 34 37 12 4
20 34 47 2 4
26 34 57 21 4
29 34 36 0 4
30 34 66 1 4
105 34 74 2 4
115 34 37 0 4
118 34 54 0 4
121 34 53 0 4
123 34 67 2 4
124 34 52 0 4
126 34 51 0 4
127 34 40 0 4
34 37 73 8 4
34 38 55 0 4
34 41 45 0 4
34 46 33 0 4
34 47 54 0 4
34 50 35 0 4
34 52 67 7 4
34 53 62 1 4
34 55 61 8 4
34 57 38 0 4
34 58 33 4 4
34 59 41 15 4
34 71 57 0 4
34 73 59 0 4
34 82 55 0 4
34 88 37 0 4
34 90 61 0 4
34 92 52 1 4
34 93 54 0 4
34 94 52 0 4
34 96 61 0 4
27 35 293 73 4
35 45 295 43 4
36 5 71 12 4
15 36 78 4 4
24 36 84 13 4
29 36 74 0 4
110 36 103 13 4
114 36 92 18 4
115 36 75 0 4
124 36 78 6 4
127 36 78 0 4
36 41 83 0 4
36 42 92 5 4
36 43 95 7 4
36 46 71 0 4
36 47 86 3 4
36 50 73 0 4
36 53 96 3 4
36 57 76 0 4
36 58 79 0 4
36 71 87 4 4
36 73 91 3 4
36 78 109 7 4
36 88 75 0 4
36 89 86 7 4
36 90 69 15 4
36 92 64 14 4
37 8 87 7 4
2 37 104 11 4
12 37 64 6 4
15 37 71 0 4
16 37 74 5 4
20 37 68 3 4
26 37 98 12 4
29 37 55 2 4
33 37 95 7 4
34 37 73 8 4
106 37 78 9 4
115 37 60 0 4
124 37 67 4 4
126 37 70 2 4
127 37 63 0 4
37 41 68 0 4
37 46 56 0 4
37 47 69 4 4
37 50 58 0 4
37 51 86 17 4
37 56 100 14 4
37 57 61 0 4
37 58 64 0 4
37 59 78 8 4
37 70 108 16 4
37 76 102 16 4
37 77 121 21 4
37 78 90 9 4
37 88 60 0 4
37 89 79 3 4
38 5 46 0 4
10 38 59 10 4
12 38 42 0 4
15 38 37 0 4
16 38 44 3 4
20 38 40 0 4
29 38 25 0 4
30 38 55 1 4
104 38 51 2 4
115 38 26 0 4
118 38 43 0 4
121 38 36 3 4
124 38 41 0 4
126 38 40 0 4
127 38 29 0 4
38 41 34 0 4
38 42 53 0 4
38 46 22 0 4
38 47 43 0 4
38 50 24 0 4
38 53 51 1 4
38 57 27 0 4
38 58 30 0 4
38 59 58 1 4
38 61 55 3 4
38 64 61 8 4
38 69 79 6 4
38 71 46 0 4
38 73 48 0 4
38 82 44 0 4
38 88 26 0 4
38 89 51 0 4
38 90 50 0 4
38 91 96 9 4
38 92 43 0 4
38 93 43 0 4
38 94 41 0 4
38 96 48 1 4
12 39 59 9 4
15 39 72 0 4
20 39 57 9 4
29 39 60 0 4
34 39 84 3 4
115 39 61 0 4
118 39 78 0 4
121 39 77 0 4
124 39 76 0 4
126 39 75 0 4
127 39 64 0 4
39 41 69 0 4
39 42 60 14 4
39 43 85 5 4
39 46 57 0 4
39 47 78 0 4
39 50 59 0 4
39 55 79 11 4
39 56 97 16 4
39 57 62 0 4
39 58 65 0 4
39 76 79 28 4
39 78 73 18 4
39 88 61 0 4
39 89 82 2 4
39 92 78 0 4
39 93 78 0 4
39 94 76 0 4
14 40 174 43 4
16 40 173 15 4
23 40 188 51 4
29 40 174 2 4
34 40 182 13 4
118 40 178 9 4
119 40 188 35 4
124 40 172 11 4
40 50 173 2 4
40 51 165 37 4
40 52 183 20 4
40 53 180 13 4
40 58 173 5 4
40 59 169 22 4
40 86 167 51 4
41 5 36 0 4
2 41 66 8 4
12 41 32 0 4
15 41 27 0 4
16 41 40 0 4
20 41 30 0 4
29 41 15 0 4
30 41 47 0 4
34 41 45 0 4
38 41 34 0 4
104 41 45 0 4
115 41 16 0 4
118 41 33 0 4
121 41 32 0 4
123 41 50 0 4
124 41 31 0 4
126 41 30 0 4
127 41 17 1 4
41 42 43 0 4
41 43 48 1 4
41 46 12 0 4
41 47 33 0 4
41 50 14 0 4
41 53 43 0 4
41 57 17 0 4
41 58 20 0 4
41 59 50 0 4
41 67 88 8 4
41 71 36 0 4
41 73 38 0 4
41 81 49 1 4
41 82 32 1 4
41 88 16 0 4
41 89 41 0 4
41 90 40 0 4
41 92 33 0 4
41 93 33 0 4
41 94 29 1 4
41 96 40 0 4
42 5 55 0 4
12 42 41 5 4
15 42 46 0 4
16 42 59 0 4
20 42 49 0 4
29 42 34 0 4
30 42 60 3 4
38 42 53 0 4
39 42 60 14 4
41 42 43 0 4
106 42 65 3 4
115 42 35 0 4
118 42 52 0 4
121 42 49 1 4
124 42 50 0 4
126 42 49 0 4
127 42 38 0 4
42 46 31 0 4
42 47 52 0 4
42 50 33 0 4
42 53 60 1 4
42 55 67 4 4
42 56 85 9 4
42 57 36 0 4
42 58 39 0 4
42 70 93 11 4
42 71 55 0 4
42 73 57 0 4
42 76 75 17 4
42 78 55 14 4
42 82 53 0 4
42 88 35 0 4
42 89 54 3 4
42 90 59 0 4
42 92 52 0 4
42 93 52 0 4
42 94 50 0 4
42 96 59 0 4
43 5 44 9 4
12 43 58 0 4
15 43 49 2 4
20 43 56 0 4
29 43 41 0 4
36 43 95 7 4
38 43 60 0 4
39 43 85 5 4
41 43 48 1 4
105 43 73 5 4
114 43 81 7 4
115 43 42 0 4
118 43 59 0 4
121 43 58 0 4
124 43 57 0 4
126 43 56 0 4
127 43 45 0 4
43 46 38 0 4
43 47 59 0 4
43 50 40 0 4
43 57 43 0 4
43 58 46 0 4
43 71 62 0 4
43 72 74 6 4
43 73 64 0 4
43 81 71 3 4
43 82 60 0 4
43 88 42 0 4
43 90 48 9 4
43 92 59 0 4
43 93 59 0 4
43 94 57 0 4
17 44 158 26 4
25 44 145 27 4
41 44 116 4 4
121 44 114 9 4
123 44 130 10 4
44 47 121 6 4
44 53 125 9 4
44 61 131 10 4
44 64 125 21 4
44 69 143 19 4
44 89 125 8 4
44 96 126 7 4
45 8 88 5 4
12 45 73 0 4
15 45 68 0 4
20 45 71 0 4
29 45 56 0 4
33 45 72 17 4
34 45 82 2 4
38 45 75 0 4
41 45 65 0 4
43 45 87 2 4
103 45 67 15 4
106 45 85 4 4
115 45 57 0 4
118 45 74 0 4
121 45 73 0 4
124 45 72 0 4
126 45 71 0 4
127 45 58 1 4
45 46 53 0 4
45 47 74 0 4
45 48 103 28 4
45 50 55 0 4
45 52 81 10 4
45 57 58 0 4
45 58 61 0 4
45 59 85 3 4
45 61 88 2 4
45 81 82 5 4
45 82 75 0 4
45 88 57 0 4
45 92 74 0 4
45 93 74 0 4
45 94 72 0 4
45 95 96 27 4
47 5 45 0 4
12 47 41 0 4
15 47 36 0 4
16 47 49 0 4
18 47 68 7 4
20 47 39 0 4
25 47 82 13 4
29 47 24 0 4
30 47 56 0 4
34 47 54 0 4
38 47 43 0 4
41 47 33 0 4
42 47 52 0 4
43 47 59 0 4
46 47 21 0 4
104 47 54 0 4
115 47 25 0 4
118 47 42 0 4
121 47 41 0 4
123 47 55 2 4
124 47 40 0 4
126 47 39 0 4
127 47 28 0 4
47 50 23 0 4
47 52 65 2 4
47 53 52 0 4
47 57 26 0 4
47 58 29 0 4
47 59 59 0 4
47 61 58 1 4
47 71 37 4 4
47 73 47 0 4
47 82 41 1 4
47 85 73 12 4
47 88 25 0 4
47 89 36 7 4
47 90 49 0 4
47 92 42 0 4
47 93 30 6 4
47 94 40 0 4
47 96 47 1 4
10 48 109 27 4
16 48 118 8 4
18 48 135 16 4
29 48 109 0 4
33 48 129 15 4
38 48 114 7 4
45 48 103 28 4
46 48 106 0 4
103 48 124 13 4
107 48 136 28 4
115 48 110 0 4
119 48 149 20 4
126 48 112 6 4
127 48 111 1 4
48 50 108 0 4
48 57 111 0 4
48 73 122 5 4
48 81 119 13 4
48 82 106 11 4
48 88 110 0 4
48 95 143 30 4
49 5 155 12 4
15 49 164 3 4
24 49 142 26 4
105 49 146 27 4
114 49 154 29 4
115 49 155 2 4
118 49 152 12 4
124 49 164 5 4
126 49 167 3 4
49 87 147 50 4
49 90 151 16 4
49 92 154 11 4
5 50 26 0 4
12 50 22 0 4
15 50 17 0 4
16 50 26 2 4
20 50 20 0 4
24 50 41 0 4
29 50 5 0 4
30 50 37 0 4
34 50 35 0 4
38 50 24 0 4
41 50 14 0 4
42 50 33 0 4
43 50 40 0 4
46 50 2 0 4
47 50 23 0 4
104 50 35 0 4
106 50 42 0 4
115 50 6 0 4
118 50 23 0 4
121 50 22 0 4
123 50 40 0 4
124 50 21 0 4
126 50 20 0 4
127 50 9 0 4
50 53 33 0 4
50 55 42 2 4
50 57 7 0 4
50 58 8 1 4
50 59 36 2 4
50 61 41 0 4
50 71 26 0 4
50 73 28 0 4
50 81 41 0 4
50 82 24 0 4
50 88 6 0 4
50 89 31 0 4
50 90 30 0 4
50 92 23 0 4
50 93 23 0 4
50 94 21 0 4
50 96 30 0 4
51 8 79 15 4
12 51 84 0 4
15 51 79 0 4
20 51 82 0 4
29 51 61 3 4
30 51 81 9 4
33 51 93 12 4
34 51 89 4 4
37 51 86 17 4
41 51 76 0 4
46 51 64 0 4
47 51 85 0 4
50 51 66 0 4
106 51 84 10 4
115 51 68 0 4
118 51 69 8 4
121 51 84 0 4
124 51 69 7 4
126 51 82 0 4
127 51 71 0 4
51 57 69 0 4
51 58 72 0 4
51 62 114 20 4
51 72 86 13 4
51 82 78 4 4
51 88 68 0 4
51 92 85 0 4
51 93 85 0 4
51 94 77 3 4
52 8 83 5 4
14 52 87 23 4
15 52 63 0 4
16 52 64 6 4
20 52 66 0 4
24 52 79 4 4
29 52 51 0 4
33 52 83 9 4
34 52 67 7 4
41 52 60 0 4
45 52 81 10 4
46 52 48 0 4
47 52 65 2 4
50 52 50 0 4
103 52 70 11 4
106 52 80 4 4
107 52 96 19 4
114 52 91 7 4
115 52 52 0 4
124 52 67 0 4
126 52 60 3 4
127 52 55 0 4
52 57 47 3 4
52 58 50 3 4
52 59 78 4 4
52 82 64 3 4
52 88 52 0 4
52 89 69 4 4
52 94 67 0 4
5 53 55 0 4
12 53 51 0 4
15 53 46 0 4
16 53 57 1 4
20 53 49 0 4
29 53 34 0 4
33 53 76 4 4
38 53 51 1 4
41 53 43 0 4
46 53 31 0 4
47 53 52 0 4
50 53 33 0 4
102 53 85 7 4
103 53 67 4 4
104 53 58 3 4
115 53 35 0 4
118 53 52 0 4
121 53 43 4 4
123 53 51 9 4
124 53 50 0 4
126 53 49 0 4
127 53 38 0 4
130 53 88 8 4
53 56 89 7 4
53 57 36 0 4
53 58 39 0 4
53 59 61 4 4
53 64 64 11 4
53 69 88 6 4
53 71 55 0 4
53 73 55 1 4
53 82 53 0 4
53 88 33 1 4
53 89 52 4 4
53 92 52 0 4
53 93 52 0 4
53 94 44 3 4
53 96 57 1 4
54 6 102 20 4
5 54 80 12 4
12 54 94 3 4
15 54 81 7 4
17 54 120 29 4
18 54 113 14 4
20 54 86 6 4
29 54 83 0 4
30 54 105 5 4
41 54 92 0 4
42 54 103 4 4
46 54 80 0 4
47 54 81 10 4
50 54 82 0 4
106 54 94 13 4
115 54 84 0 4
118 54 93 4 4
126 54 96 1 4
127 54 87 0 4
54 57 85 0 4
54 58 88 0 4
54 60 97 31 4
54 88 84 0 4
54 89 89 10 4
54 90 92 8 4
54 92 95 3 4
2 55 80 17 4
5 55 68 0 4
12 55 52 6 4
14 55 91 19 4
15 55 59 0 4
16 55 56 8 4
20 55 46 8 4
26 55 88 11 4
29 55 47 0 4
30 55 69 5 4
34 55 61 8 4
38 55 66 0 4
39 55 79 11 4
41 55 56 0 4
42 55 67 4 4
46 55 44 0 4
47 55 65 0 4
50 55 42 2 4
115 55 48 0 4
118 55 65 0 4
121 55 64 0 4
124 55 63 0 4
126 55 62 0 4
127 55 51 0 4
55 57 49 0 4
55 58 42 5 4
55 59 48 17 4
55 71 68 0 4
55 73 70 0 4
55 76 88 17 4
55 78 78 9 4
55 82 66 0 4
55 86 82 28 4
55 88 48 0 4
55 92 65 0 4
55 93 65 0 4
55 94 63 0 4
12 56 60 16 4
15 56 83 2 4
20 56 80 5 4
26 56 106 16 4
29 56 75 0 4
37 56 100 14 4
38 56 86 4 4
39 56 97 16 4
41 56 84 0 4
42 56 85 9 4
46 56 72 0 4
50 56 74 0 4
53 56 89 7 4
55 56 96 10 4
102 56 100 20 4
104 56 85 10 4
115 56 76 0 4
121 56 90 1 4
126 56 80 5 4
127 56 79 0 4
56 57 77 0 4
56 58 74 3 4
56 64 105 11 4
56 76 98 26 4
56 78 86 19 4
56 88 76 0 4
56 93 87 3 4
56 94 73 9 4
57 8 50 0 4
5 57 29 0 4
12 57 25 0 4
15 57 20 0 4
16 57 33 0 4
20 57 23 0 4
24 57 44 0 4
29 57 8 0 4
30 57 40 0 4
34 57 38 0 4
38 57 27 0 4
41 57 17 0 4
42 57 36 0 4
43 57 43 0 4
46 57 5 0 4
47 57 26 0 4
50 57 7 0 4
52 57 47 3 4
53 57 36 0 4
55 57 49 0 4
103 57 47 1 4
104 57 38 0 4
105 57 50 0 4
106 57 45 0 4
114 57 58 2 4
115 57 9 0 4
118 57 26 0 4
121 57 25 0 4
123 57 43 0 4
124 57 24 0 4
126 57 23 0 4
127 57 12 0 4
57 58 13 0 4
57 59 43 0 4
57 61 44 0 4
57 71 29 0 4
57 73 31 0 4
57 81 38 3 4
57 82 27 0 4
57 88 9 0 4
57 89 34 0 4
57 90 33 0 4
57 92 26 0 4
57 93 26 0 4
57 94 24 0 4
57 96 33 0 4
2 58 68 5 4
5 58 32 0 4
12 58 28 0 4
15 58 23 0 4
16 58 24 6 4
20 58 26 0 4
29 58 11 0 4
30 58 43 0 4
34 58 33 4 4
38 58 30 0 4
41 58 20 0 4
42 58 39 0 4
46 58 8 0 4
47 58 29 0 4
50 58 8 1 4
52 58 50 3 4
53 58 39 0 4
55 58 42 5 4
57 58 13 0 4
104 58 41 0 4
115 58 12 0 4
118 58 29 0 4
121 58 28 0 4
124 58 27 0 4
126 58 26 0 4
127 58 15 0 4
58 59 38 4 4
58 71 32 0 4
58 73 34 0 4
58 82 30 0 4
58 88 12 0 4
58 89 37 0 4
58 90 36 0 4
58 92 29 0 4
58 93 29 0 4
58 94 27 0 4
58 96 36 0 4
5 59 62 0 4
12 59 56 1 4
14 59 69 27 4
15 59 53 0 4
16 59 44 11 4
20 59 46 5 4
26 59 58 23 4
29 59 41 0 4
30 59 69 2 4
34 59 41 15 4
37 59 78 8 4
38 59 58 1 4
41 59 50 0 4
46 59 38 0 4
47 59 59 0 4
50 59 36 2 4
53 59 61 4 4
55 59 48 17 4
57 59 43 0 4
58 59 38 4 4
115 59 42 0 4
118 59 59 0 4
121 59 58 0 4
123 59 72 2 4
124 59 57 0 4
126 59 56 0 4
127 59 45 0 4
59 71 62 0 4
59 73 64 0 4
59 82 60 0 4
59 86 82 25 4
59 88 42 0 4
59 89 67 0 4
59 90 66 0 4
59 92 59 0 4
59 93 59 0 4
59 94 57 0 4
59 96 66 0 4
16 60 97 5 4
17 60 127 25 4
18 60 106 17 4
26 60 117 14 4
29 60 82 0 4
34 60 94 9 4
37 60 109 13 4
39 60 106 15 4
42 60 98 6 4
46 60 79 0 4
47 60 78 11 4
50 60 81 0 4
53 60 102 4 4
54 60 97 31 4
57 60 84 0 4
58 60 87 0 4
59 60 99 9 4
106 60 99 10 4
115 60 83 0 4
118 60 90 5 4
126 60 93 2 4
127 60 86 0 4
60 88 83 0 4
60 89 82 13 4
61 8 74 5 4
10 61 70 13 4
15 61 54 0 4
16 61 65 1 4
20 61 57 0 4
24 61 70 4 4
25 61 100 13 4
29 61 42 0 4
38 61 55 3 4
41 61 51 0 4
46 61 39 0 4
47 61 58 1 4
50 61 41 0 4
57 61 44 0 4
58 61 47 0 4
105 61 76 4 4
115 61 43 0 4
126 61 57 0 4
127 61 44 1 4
61 82 59 1 4
61 83 141 15 4
61 88 41 1 4
61 89 60 4 4
61 96 57 5 4
5 62 100 7 4
15 62 97 4 4
30 62 105 10 4
39 62 115 16 4
42 62 105 8 4
46 62 90 0 4
51 62 114 20 4
110 62 112 18 4
118 62 93 9 4
124 62 93 8 4
127 62 91 3 4
62 73 106 5 4
62 75 144 26 4
62 78 110 16 4
62 82 104 4 4
62 87 132 25 4
62 89 101 9 4
62 90 94 12 4
62 92 83 14 4
62 94 99 5 4
5 63 146 15 4
10 63 149 30 4
15 63 157 5 4
18 63 177 18 4
38 63 156 9 4
46 63 152 0 4
47 63 153 10 4
61 63 167 12 4
105 63 141 28 4
118 63 155 9 4
123 63 168 11 4
63 73 160 9 4
63 87 176 34 4
63 89 147 17 4
63 90 140 20 4
12 64 75 0 4
15 64 70 0 4
17 64 115 19 4
20 64 73 0 4
29 64 58 0 4
38 64 61 8 4
41 64 67 0 4
46 64 55 0 4
50 64 57 0 4
53 64 64 11 4
57 64 60 0 4
58 64 63 0 4
103 64 83 8 4
104 64 80 4 4
115 64 59 0 4
121 64 51 12 4
123 64 81 6 4
124 64 72 1 4
126 64 73 0 4
127 64 62 0 4
64 69 80 22 4
64 82 75 1 4
64 88 59 0 4
64 94 62 6 4
64 96 75 4 4
5 65 154 11 4
12 65 152 10 4
15 65 159 4 4
39 65 159 25 4
42 65 157 13 4
123 65 162 14 4
65 78 156 24 4
65 92 153 10 4
65 97 180 55 4
66 8 108 19 4
5 66 91 17 4
15 66 104 6 4
24 66 100 20 4
29 66 104 0 4
36 66 122 25 4
41 66 103 5 4
46 66 101 0 4
50 66 103 0 4
52 66 121 14 4
57 66 100 3 4
58 66 109 0 4
61 66 124 8 4
103 66 121 12 4
114 66 92 33 4
115 66 105 0 4
124 66 108 6 4
127 66 108 0 4
66 71 121 2 4
66 73 115 6 4
66 84 118 49 4
66 87 123 35 4
66 88 105 0 4
66 90 93 18 4
66 92 92 15 4
11 67 112 50 4
18 67 121 16 4
29 67 91 2 4
41 67 88 8 4
43 67 120 5 4
46 67 92 0 4
47 67 103 5 4
50 67 94 0 4
57 67 97 0 4
115 67 96 0 4
124 67 95 8 4
126 67 108 1 4
127 67 99 0 4
67 71 100 8 4
67 82 104 5 4
67 88 96 0 4
67 89 117 2 4
67 93 101 6 4
67 96 112 4 4
15 68 119 7 4
23 68 159 37 4
57 68 113 5 4
64 68 141 16 4
100 68 174 34 4
110 68 148 14 4
121 68 114 12 4
124 68 123 7 4
68 69 133 27 4
68 81 129 14 4
68 90 126 10 4
68 92 123 8 4
15 69 70 7 4
20 69 81 3 4
29 69 72 0 4
30 69 92 6 4
38 69 79 6 4
41 69 77 2 4
42 69 94 3 4
46 69 69 0 4
50 69 71 0 4
53 69 88 6 4
56 69 115 13 4
57 69 74 0 4
58 69 77 0 4
64 69 80 22 4
101 69 103 15 4
102 69 105 16 4
104 69 86 8 4
115 69 73 0 4
121 69 65 12 4
123 69 97 5 4
127 69 74 1 4
69 88 73 0 4
69 93 72 9 4
69 94 82 3 4
69 96 89 4 4
1 70 119 24 4
6 70 78 34 4
12 70 86 9 4
20 70 98 2 4
29 70 81 3 4
37 70 108 16 4
42 70 93 11 4
46 70 84 0 4
50 70 86 0 4
57 70 89 0 4
58 70 92 0 4
104 70 107 5 4
106 70 100 12 4
115 70 88 0 4
124 70 93 5 4
127 70 91 0 4
70 71 104 2 4
70 72 106 13 4
70 76 118 22 4
70 78 102 17 4
70 88 88 0 4
70 93 101 2 4
71 8 65 2 4
5 71 48 0 4
12 71 44 0 4
15 71 39 0 4
16 71 52 0 4
20 71 42 0 4
24 71 55 4 4
29 71 27 0 4
30 71 59 0 4
34 71 57 0 4
38 71 46 0 4
41 71 36 0 4
42 71 55 0 4
43 71 62 0 4
46 71 24 0 4
47 71 37 4 4
50 71 26 0 4
53 71 55 0 4
57 71 29 0 4
58 71 32 0 4
59 71 62 0 4
104 71 57 0 4
115 71 28 0 4
118 71 45 0 4
121 71 44 0 4
123 71 56 3 4
124 71 43 0 4
126 71 42 0 4
127 71 31 0 4
71 73 50 0 4
71 78 70 3 4
71 82 46 0 4
71 88 26 1 4
71 89 53 0 4
71 90 52 0 4
71 92 41 2 4
71 93 33 6 4
71 94 39 2 4
71 96 42 5 4
72 8 83 5 4
6 72 88 11 4
12 72 68 0 4
15 72 63 0 4
20 72 66 0 4
29 72 49 1 4
33 72 89 6 4
34 72 75 3 4
41 72 60 0 4
43 72 74 6 4
46 72 48 0 4
50 72 50 0 4
51 72 86 13 4
57 72 53 0 4
58 72 56 0 4
70 72 106 13 4
115 72 52 0 4
121 72 68 0 4
122 72 108 19 4
124 72 67 0 4
126 72 66 0 4
127 72 55 0 4
72 88 52 0 4
72 94 65 1 4
5 73 50 0 4
7 73 140 15 4
10 73 67 8 4
12 73 46 0 4
15 73 41 0 4
16 73 48 3 4
20 73 44 0 4
24 73 55 5 4
29 73 29 0 4
38 73 48 0 4
41 73 38 0 4
46 73 26 0 4
47 73 47 0 4
50 73 28 0 4
53 73 55 1 4
57 73 31 0 4
58 73 34 0 4
71 73 50 0 4
102 73 84 5 4
103 73 66 2 4
110 73 68 8 4
114 73 69 7 4
115 73 30 0 4
118 73 39 4 4
121 73 46 0 4
124 73 45 0 4
126 73 40 2 4
127 73 33 0 4
73 82 46 1 4
73 88 30 0 4
73 92 39 4 4
73 93 47 0 4
73 94 45 0 4
74 8 147 16 4
24 74 151 11 4
26 74 162 19 4
29 74 133 2 4
43 74 142 15 4
72 74 146 18 4
104 74 145 11 4
105 74 135 22 4
124 74 137 8 4
126 74 138 7 4
75 9 141 44 4
18 75 99 34 4
25 75 141 26 4
29 75 109 0 4
30 75 125 8 4
41 75 106 6 4
46 75 106 0 4
47 75 111 8 4
50 75 108 0 4
62 75 144 26 4
67 75 132 33 4
71 75 116 7 4
115 75 106 2 4
127 75 109 2 4
75 81 117 14 4
75 82 116 6 4
75 88 108 1 4
75 89 113 11 4
75 93 113 7 4
75 94 113 6 4
12 76 70 14 4
20 76 70 13 4
29 76 77 2 4
39 76 79 28 4
41 76 90 0 4
42 76 75 17 4
46 76 78 0 4
47 76 87 6 4
50 76 80 0 4
53 76 99 5 4
55 76 88 17 4
56 76 98 26 4
57 76 83 0 4
58 76 86 0 4
71 76 98 2 4
115 76 82 0 4
124 76 93 2 4
127 76 85 0 4
76 78 74 28 4
76 88 82 0 4
76 89 85 11 4
76 94 87 5 4
76 96 100 3 4
77 9 162 34 4
2 77 135 21 4
12 77 113 7 4
33 77 120 20 4
34 77 124 8 4
37 77 121 21 4
41 77 103 8 4
42 77 112 13 4
56 77 133 23 4
59 77 119 13 4
67 77 149 25 4
106 77 121 13 4
77 78 133 13 4
77 81 122 12 4
77 88 109 1 4
5 78 66 5 4
12 78 40 16 4
15 78 61 3 4
20 78 52 9 4
29 78 55 0 4
30 78 81 3 4
34 78 79 3 4
37 78 90 9 4
39 78 73 18 4
41 78 64 0 4
42 78 55 14 4
46 78 52 0 4
47 78 71 1 4
50 78 54 0 4
55 78 78 9 4
56 78 86 19 4
57 78 57 0 4
58 78 60 0 4
71 78 70 3 4
76 78 74 28 4
110 78 82 14 4
115 78 56 0 4
117 78 86 29 4
121 78 72 0 4
124 78 59 6 4
126 78 70 0 4
127 78 59 0 4
78 88 56 0 4
78 89 77 2 4
78 90 56 12 4
78 92 55 9 4
78 94 71 0 4
78 96 68 6 4
39 79 175 26 4
47 79 173 9 4
55 79 166 24 4
58 79 164 7 4
60 79 179 35 4
76 79 186 31 4
126 79 170 9 4
79 89 173 13 4
2 80 193 34 4
20 80 183 13 4
33 80 188 28 4
39 80 192 28 4
45 80 188 28 4
80 81 188 21 4
5 81 57 3 4
12 81 59 0 4
15 81 54 0 4
20 81 57 0 4
23 81 120 17 4
29 81 42 0 4
41 81 49 1 4
43 81 71 3 4
45 81 82 5 4
46 81 39 0 4
48 81 119 13 4
50 81 41 0 4
57 81 38 3 4
58 81 47 0 4
75 81 117 14 4
101 81 91 6 4
104 81 68 2 4
115 81 39 2 4
121 81 59 0 4
124 81 58 0 4
126 81 57 0 4
127 81 44 1 4
81 88 43 0 4
81 90 61 3 4
81 94 58 0 4
5 82 46 0 4
12 82 42 0 4
15 82 37 0 4
16 82 50 0 4
18 82 65 9 4
20 82 40 0 4
29 82 25 0 4
38 82 44 0 4
41 82 32 1 4
46 82 22 0 4
47 82 41 1 4
48 82 106 11 4
50 82 24 0 4
51 82 78 4 4
52 82 64 3 4
57 82 27 0 4
58 82 30 0 4
61 82 59 1 4
71 82 46 0 4
73 82 46 1 4
110 82 68 6 4
115 82 26 0 4
118 82 33 5 4
119 82 93 6 4
121 82 42 0 4
124 82 41 0 4
126 82 38 1 4
127 82 25 2 4
82 88 26 0 4
82 89 51 0 4
82 90 50 0 4
82 92 43 0 4
82 93 43 0 4
82 94 39 1 4
82 96 50 0 4
8 83 139 19 4
24 83 141 15 4
29 83 135 0 4
33 83 113 36 4
41 83 132 6 4
45 83 113 36 4
46 83 132 0 4
50 83 134 0 4
52 83 142 19 4
57 83 127 5 4
58 83 140 0 4
61 83 141 15 4
103 83 140 18 4
115 83 136 0 4
127 83 139 0 4
83 88 134 1 4
5 84 123 8 4
8 84 134 13 4
15 84 118 6 4
24 84 112 21 4
29 84 118 0 4
41 84 115 6 4
46 84 115 0 4
50 84 117 0 4
57 84 116 2 4
61 84 136 9 4
66 84 118 49 4
81 84 136 9 4
103 84 129 15 4
114 84 118 27 4
127 84 120 1 4
84 85 133 29 4
84 88 117 1 4
84 90 127 8 4
2 85 114 16 4
8 85 103 9 4
16 85 94 5 4
24 85 77 19 4
29 85 79 0 4
34 85 99 5 4
41 85 84 2 4
46 85 76 0 4
47 85 73 12 4
50 85 76 1 4
52 85 104 10 4
55 85 102 9 4
57 85 81 0 4
58 85 72 6 4
59 85 104 5 4
71 85 88 6 4
81 85 105 5 4
84 85 133 29 4
114 85 105 14 4
115 85 80 0 4
127 85 81 1 4
85 87 126 21 4
85 88 80 0 4
85 89 87 9 4
85 92 93 2 4
85 93 91 3 4
12 86 102 6 4
14 86 111 34 4
16 86 98 12 4
20 86 92 10 4
26 86 108 26 4
29 86 91 3 4
30 86 99 15 4
34 86 93 17 4
37 86 116 17 4
46 86 94 0 4
50 86 92 2 4
55 86 82 28 4
57 86 99 0 4
58 86 92 5 4
59 86 82 25 4
76 86 126 23 4
115 86 98 0 4
117 86 118 34 4
124 86 103 5 4
127 86 95 3 4
86 88 98 0 4
86 89 115 4 4
86 94 109 2 4
5 87 94 11 4
8 87 113 12 4
15 87 103 2 4
24 87 85 23 4
29 87 95 0 4
36 87 123 20 4
46 87 92 0 4
47 87 109 2 4
50 87 94 0 4
57 87 97 0 4
58 87 100 0 4
61 87 115 8 4
66 87 123 35 4
71 87 108 4 4
73 87 110 4 4
85 87 126 21 4
105 87 105 16 4
110 87 122 14 4
114 87 89 30 4
115 87 96 0 4
123 87 114 8 4
124 87 101 5 4
127 87 99 0 4
87 88 96 0 4
87 89 111 5 4
87 90 88 16 4
87 92 95 9 4
87 94 101 5 4
5 88 28 0 4
12 88 24 0 4
15 88 19 0 4
16 88 32 0 4
20 88 22 0 4
24 88 43 0 4
29 88 7 0 4
30 88 39 0 4
34 88 37 0 4
38 88 26 0 4
41 88 16 0 4
42 88 35 0 4
43 88 42 0 4
46 88 4 0 4
47 88 25 0 4
50 88 6 0 4
53 88 33 1 4
57 88 9 0 4
58 88 12 0 4
59 88 42 0 4
61 88 41 1 4
71 88 26 1 4
73 88 30 0 4
81 88 43 0 4
82 88 26 0 4
104 88 37 0 4
106 88 44 0 4
115 88 8 0 4
118 88 25 0 4
121 88 24 0 4
123 88 42 0 4
124 88 23 0 4
126 88 22 0 4
127 88 11 0 4
88 89 33 0 4
88 90 32 0 4
88 92 25 0 4
88 93 25 0 4
88 94 23 0 4
88 96 30 1 4
12 89 49 0 4
15 89 44 0 4
18 89 76 7 4
20 89 47 0 4
25 89 96 10 4
29 89 32 0 4
30 89 56 4 4
36 89 86 7 4
38 89 51 0 4
41 89 41 0 4
42 89 54 3 4
46 89 29 0 4
47 89 36 7 4
50 89 31 0 4
52 89 69 4 4
53 89 52 4 4
54 89 89 10 4
57 89 34 0 4
58 89 37 0 4
60 89 82 13 4
61 89 60 4 4
76 89 85 11 4
82 89 51 0 4
85 89 87 9 4
88 89 33 0 4
115 89 33 0 4
118 89 50 0 4
121 89 49 0 4
124 89 48 0 4
126 89 47 0 4
127 89 30 3 4
89 92 50 0 4
89 93 50 0 4
89 94 48 0 4
5 90 12 20 4
12 90 48 0 4
15 90 33 5 4
16 90 56 0 4
20 90 46 0 4
29 90 31 0 4
38 90 50 0 4
41 90 40 0 4
43 90 48 9 4
46 90 28 0 4
47 90 49 0 4
50 90 30 0 4
57 90 33 0 4
58 90 36 0 4
71 90 52 0 4
73 90 54 0 4
78 90 56 12 4
81 90 61 3 4
82 90 50 0 4
88 90 32 0 4
89 90 57 0 4
105 90 61 6 4
110 90 68 9 4
114 90 55 15 4
115 90 32 0 4
118 90 49 0 4
121 90 48 0 4
124 90 35 6 4
126 90 46 0 4
127 90 35 0 4
90 92 31 9 4
90 93 49 0 4
90 94 47 0 4
90 96 56 0 4
10 91 117 16 4
16 91 86 17 4
18 91 121 16 4
20 91 106 2 4
25 91 115 32 4
29 91 95 0 4
30 91 99 14 4
34 91 111 7 4
38 91 96 9 4
46 91 92 0 4
47 91 99 7 4
50 91 94 0 4
55 91 114 11 4
57 91 97 0 4
58 91 88 6 4
59 91 114 8 4
61 91 117 7 4
71 91 104 6 4
73 91 110 4 4
82 91 102 6 4
88 91 96 0 4
89 91 115 3 4
115 91 96 0 4
124 91 93 9 4
127 91 95 2 4
91 93 99 7 4
91 96 114 3 4
5 92 35 5 4
8 92 64 1 4
12 92 41 0 4
15 92 30 3 4
16 92 49 0 4
20 92 39 0 4
24 92 48 6 4
29 92 24 0 4
34 92 52 1 4
38 92 43 0 4
41 92 33 0 4
46 92 21 0 4
47 92 42 0 4
50 92 23 0 4
57 92 26 0 4
58 92 29 0 4
71 92 41 2 4
73 92 39 4 4
78 92 55 9 4
82 92 43 0 4
88 92 25 0 4
89 92 50 0 4
90 92 31 9 4
110 92 59 10 4
114 92 60 9 4
115 92 25 0 4
118 92 42 0 4
121 92 41 0 4
124 92 32 4 4
126 92 39 0 4
127 92 28 0 4
92 93 42 0 4
92 94 40 0 4
92 96 49 0 4
5 93 45 0 4
12 93 41 0 4
15 93 28 4 4
16 93 49 0 4
18 93 72 5 4
20 93 39 0 4
29 93 24 0 4
38 93 43 0 4
41 93 33 0 4
46 93 21 0 4
47 93 30 6 4
50 93 23 0 4
57 93 26 0 4
58 93 29 0 4
69 93 72 9 4
71 93 33 6 4
73 93 47 0 4
82 93 43 0 4
88 93 25 0 4
89 93 50 0 4
90 93 49 0 4
92 93 42 0 4
101 93 71 7 4
104 93 42 6 4
110 93 67 6 4
115 93 25 0 4
118 93 42 0 4
121 93 41 0 4
124 93 40 0 4
126 93 39 0 4
127 93 28 0 4
93 94 40 0 4
93 96 49 0 4
5 94 43 0 4
12 94 39 0 4
15 94 34 0 4
16 94 47 0 4
20 94 37 0 4
29 94 22 0 4
38 94 41 0 4
41 94 29 1 4
42 94 50 0 4
46 94 19 0 4
47 94 40 0 4
50 94 21 0 4
51 94 77 3 4
53 94 44 3 4
56 94 73 9 4
57 94 24 0 4
58 94 27 0 4
64 94 62 6 4
71 94 39 2 4
73 94 45 0 4
82 94 39 1 4
88 94 23 0 4
89 94 48 0 4
90 94 47 0 4
92 94 40 0 4
93 94 40 0 4
102 94 69 9 4
105 94 60 2 4
115 94 23 0 4
118 94 40 0 4
121 94 39 0 4
123 94 55 1 4
124 94 38 0 4
126 94 37 0 4
127 94 24 1 4
94 96 45 1 4
33 95 104 23 4
41 95 105 2 4
45 95 96 27 4
46 95 97 0 4
50 95 99 0 4
82 95 113 3 4
83 95 135 47 4
89 95 114 6 4
93 95 112 3 4
106 95 121 8 4
118 95 96 11 4
125 95 141 34 4
127 95 102 1 4
5 96 52 0 4
6 96 78 6 4
10 96 75 5 4
12 96 48 0 4
15 96 43 0 4
16 96 56 0 4
18 96 79 5 4
20 96 46 0 4
29 96 31 0 4
30 96 61 1 4
38 96 48 1 4
41 96 40 0 4
46 96 28 0 4
47 96 47 1 4
50 96 30 0 4
53 96 57 1 4
57 96 33 0 4
58 96 36 0 4
61 96 57 5 4
64 96 75 4 4
71 96 42 5 4
73 96 54 0 4
78 96 68 6 4
82 96 50 0 4
88 96 30 1 4
89 96 57 0 4
90 96 56 0 4
92 96 49 0 4
93 96 49 0 4
94 96 45 1 4
105 96 63 5 4
110 96 76 5 4
115 96 32 0 4
118 96 49 0 4
121 96 32 8 4
123 96 60 3 4
124 96 47 0 4
126 96 46 0 4
127 96 35 0 4
5 97 132 15 4
12 97 138 10 4
15 97 133 10 4
20 97 134 11 4
39 97 133 31 4
41 97 138 6 4
42 97 137 16 4
65 97 180 55 4
69 97 141 33 4
78 97 146 22 4
90 97 140 13 4
93 97 141 9 4
121 97 136 11 4
5 98 194 19 4
10 98 191 37 4
59 98 210 18 4
90 98 196 20 4
105 98 209 22 4
126 98 208 9 4
15 99 125 6 4
18 99 131 26 4
29 99 125 0 4
38 99 132 6 4
41 99 126 4 4
46 99 122 0 4
47 99 127 8 4
50 99 124 0 4
57 99 127 0 4
58 99 130 0 4
71 99 116 15 4
82 99 122 11 4
88 99 124 1 4
93 99 115 14 4
94 99 137 2 4
96 99 128 11 4
101 99 130 28 4
104 99 129 13 4
110 99 122 29 4
115 99 122 2 4
118 99 127 8 4
121 99 128 7 4
124 99 137 2 4
126 99 132 4 4
127 99 129 0 4
130 99 149 23 4
100 15 131 4 4
100 29 127 0 4
100 31 156 40 4
100 38 134 6 4
100 46 124 0 4
100 50 126 0 4
100 53 135 10 4
100 57 125 2 4
100 64 139 20 4
100 69 145 24 4
100 88 128 0 4
100 93 127 9 4
100 101 126 31 4
100 104 109 24 4
100 115 120 4 4
100 118 129 8 4
100 121 120 12 4
100 126 134 4 4
101 12 84 0 4
101 15 65 7 4
101 20 82 0 4
101 29 67 0 4
101 34 95 1 4
101 38 84 1 4
101 41 76 0 4
101 46 64 0 4
101 47 85 0 4
101 50 66 0 4
101 53 89 3 4
101 55 98 5 4
101 57 69 0 4
101 58 72 0 4
101 64 105 7 4
101 69 103 15 4
101 73 88 1 4
101 81 91 6 4
101 82 86 0 4
101 88 68 0 4
101 92 85 0 4
101 93 71 7 4
101 94 83 0 4
101 96 90 1 4
1 101 111 18 4
100 101 126 31 4
101 104 69 14 4
101 115 66 1 4
101 118 83 1 4
101 121 78 3 4
101 123 92 5 4
101 124 83 0 4
101 126 76 3 4
101 127 71 0 4
102 8 101 6 4
102 15 77 3 4
102 23 123 30 4
102 26 110 12 4
102 29 71 0 4
102 38 82 4 4
102 41 80 0 4
102 46 68 0 4
102 50 70 0 4
102 53 85 7 4
102 56 100 20 4
102 57 73 0 4
102 58 76 0 4
102 61 95 6 4
102 64 103 10 4
102 69 105 16 4
102 73 84 5 4
102 88 72 0 4
102 93 81 4 4
102 94 69 9 4
102 104 79 11 4
102 115 72 0 4
102 126 72 7 4
102 127 75 0 4
103 8 71 9 4
103 12 64 0 4
103 14 101 14 4
103 15 59 0 4
103 16 64 4 4
103 20 62 0 4
103 29 47 0 4
103 33 65 16 4
103 38 64 1 4
103 41 56 0 4
103 45 67 15 4
103 46 44 0 4
103 47 65 0 4
103 50 46 0 4
103 52 70 11 4
103 53 67 4 4
103 57 47 1 4
103 58 52 0 4
103 64 83 8 4
103 73 66 2 4
103 82 66 0 4
103 88 48 0 4
103 92 65 0 4
103 93 65 0 4
103 94 63 0 4
103 105 77 6 4
103 106 68 8 4
103 107 90 20 4
103 115 48 0 4
103 118 65 0 4
103 119 99 14 4
103 121 62 1 4
103 123 66 8 4
103 124 63 0 4
103 126 62 0 4
103 127 51 0 4
104 5 57 0 4
104 12 53 0 4
104 15 42 3 4
104 16 61 0 4
104 20 51 0 4
104 26 85 7 4
104 29 36 0 4
104 38 51 2 4
104 41 45 0 4
104 46 33 0 4
104 47 54 0 4
104 50 35 0 4
104 53 58 3 4
104 57 38 0 4
104 58 41 0 4
104 71 57 0 4
104 73 59 0 4
104 81 68 2 4
104 82 55 0 4
104 88 37 0 4
104 89 62 0 4
104 90 61 0 4
104 92 54 0 4
104 93 42 6 4
104 94 52 0 4
104 96 61 0 4
101 104 69 14 4
102 104 79 11 4
104 115 29 4 4
104 118 54 0 4
104 121 53 0 4
104 124 52 0 4
104 126 37 7 4
104 127 40 0 4
104 130 80 13 4
105 5 57 6 4
105 8 80 5 4
105 12 65 0 4
105 15 60 0 4
105 20 63 0 4
105 29 48 0 4
105 34 74 2 4
105 38 67 0 4
105 41 57 0 4
105 43 73 5 4
105 46 45 0 4
105 47 66 0 4
105 50 47 0 4
105 57 50 0 4
105 58 53 0 4
105 61 76 4 4
105 71 69 0 4
105 72 85 4 4
105 73 71 0 4
105 82 67 0 4
105 88 49 0 4
105 89 72 1 4
105 90 61 6 4
105 92 66 0 4
105 93 66 0 4
105 94 60 2 4
105 96 63 5 4
103 105 77 6 4
105 114 86 8 4
105 115 49 0 4
105 118 66 0 4
105 121 65 0 4
105 123 61 11 4
105 124 64 0 4
105 126 63 0 4
105 127 52 0 4
106 2 90 10 4
106 6 74 14 4
106 8 61 12 4
106 12 60 0 4
106 15 55 0 4
106 20 58 0 4
106 24 77 1 4
106 29 43 0 4
106 30 73 1 4
106 33 71 11 4
106 37 78 9 4
106 38 62 0 4
106 41 52 0 4
106 42 65 3 4
106 46 40 0 4
106 47 61 0 4
106 50 42 0 4
106 51 84 10 4
106 52 80 4 4
106 57 45 0 4
106 58 48 0 4
106 82 62 0 4
106 88 44 0 4
106 92 61 0 4
106 93 61 0 4
106 94 59 0 4
103 106 68 8 4
106 115 44 0 4
106 118 57 2 4
106 121 60 0 4
106 124 59 0 4
106 126 56 1 4
106 127 47 0 4
107 8 107 12 4
107 15 101 0 4
107 16 106 4 4
107 29 89 0 4
107 33 93 23 4
107 41 98 0 4
107 42 105 6 4
107 45 107 16 4
107 46 86 0 4
107 50 88 0 4
107 52 96 19 4
107 57 81 5 4
107 58 94 0 4
107 73 100 6 4
107 81 113 6 4
107 88 90 0 4
10 107 107 18 4
103 107 90 20 4
106 107 100 13 4
107 115 90 0 4
107 121 104 1 4
107 126 96 4 4
107 127 93 0 4
108 12 132 11 4
108 20 128 12 4
108 24 119 27 4
108 27 157 44 4
108 39 143 24 4
108 42 147 9 4
108 57 137 1 4
108 64 149 20 4
108 78 142 22 4
108 87 156 35 4
108 92 133 11 4
108 114 137 27 4
108 121 136 9 4
109 5 117 18 4
109 15 132 6 4
109 24 130 19 4
109 41 135 3 4
109 57 128 3 4
109 66 136 47 4
109 73 141 7 4
109 85 155 25 4
109 87 153 34 4
109 90 119 19 4
109 92 128 11 4
109 114 104 41 4
110 5 68 7 4
110 6 98 11 4
110 12 78 0 4
110 15 61 6 4
110 16 86 0 4
110 18 85 17 4
110 20 76 0 4
110 24 89 4 4
110 29 61 0 4
110 34 89 1 4
110 36 103 13 4
110 38 80 0 4
110 41 70 0 4
110 46 58 0 4
110 47 71 4 4
110 50 60 0 4
110 57 63 0 4
110 58 66 0 4
110 71 68 7 4
110 73 68 8 4
110 78 82 14 4
110 82 68 6 4
110 88 62 0 4
110 90 68 9 4
110 92 59 10 4
110 93 67 6 4
110 94 77 0 4
110 96 76 5 4
110 114 93 11 4
110 115 62 0 4
110 118 67 6 4
110 121 78 0 4
110 124 63 7 4
110 126 76 0 4
110 127 65 0 4
111 20 206 9 4
111 39 207 28 4
10 111 195 34 4
111 121 202 12 4
111 126 200 12 4
112 5 162 9 4
112 20 158 8 4
112 23 173 49 4
112 31 174 47 4
112 55 160 20 4
104 112 157 16 4
112 115 156 2 4
112 126 158 8 4
112 130 175 27 4
113 8 152 19 4
113 24 142 21 4
113 29 148 0 4
113 33 156 21 4
113 41 149 4 4
113 45 134 32 4
113 46 145 0 4
113 50 147 0 4
113 57 142 4 4
113 58 153 0 4
113 81 150 17 4
113 83 117 80 4
113 88 147 1 4
113 115 149 0 4
113 127 150 1 4
114 5 55 13 4
114 8 90 6 4
114 12 77 0 4
114 15 68 2 4
114 16 85 0 4
114 20 75 0 4
114 24 50 23 4
114 29 60 0 4
114 36 92 18 4
114 38 79 0 4
114 41 69 0 4
114 43 81 7 4
114 46 57 0 4
114 47 78 0 4
114 50 59 0 4
114 52 91 7 4
114 57 58 2 4
114 58 65 0 4
114 71 75 3 4
114 73 69 7 4
114 81 88 4 4
114 82 79 0 4
114 87 89 30 4
114 88 61 0 4
114 90 55 15 4
114 92 60 9 4
114 93 78 0 4
114 94 76 0 4
114 96 85 0 4
105 114 86 8 4
110 114 93 11 4
114 115 61 0 4
114 118 78 0 4
114 121 77 0 4
114 124 70 3 4
114 126 75 0 4
114 127 64 0 4
115 5 28 0 4
115 8 49 0 4
115 12 24 0 4
115 15 19 0 4
115 16 32 0 4
115 20 22 0 4
115 24 43 0 4
115 29 7 0 4
115 30 39 0 4
115 34 37 0 4
115 38 26 0 4
115 41 16 0 4
115 42 35 0 4
115 43 42 0 4
115 46 4 0 4
115 47 25 0 4
115 50 6 0 4
115 53 35 0 4
115 55 48 0 4
115 57 9 0 4
115 58 12 0 4
115 59 42 0 4
115 61 43 0 4
115 71 28 0 4
115 73 30 0 4
115 81 39 2 4
115 82 26 0 4
115 88 8 0 4
115 89 33 0 4
115 90 32 0 4
115 92 25 0 4
115 93 25 0 4
115 94 23 0 4
115 96 32 0 4
103 115 48 0 4
104 115 29 4 4
105 115 49 0 4
106 115 44 0 4
115 118 25 0 4
115 121 24 0 4
115 123 42 0 4
115 124 23 0 4
115 126 22 0 4
115 127 11 0 4
116 20 185 13 4
116 54 187 43 4
116 60 200 36 4
10 116 194 28 4
117 12 88 12 4
117 16 98 11 4
117 20 84 13 4
117 34 101 12 4
117 37 118 15 4
117 46 92 0 4
117 50 90 2 4
117 55 100 18 4
117 58 88 6 4
117 59 98 16 4
117 72 114 13 4
117 76 132 19 4
117 78 86 29 4
117 86 118 34 4
117 90 96 12 4
117 92 91 11 4
117 124 87 12 4
118 5 45 0 4
118 12 41 0 4
118 15 36 0 4
118 16 49 0 4
118 20 39 0 4
118 29 24 0 4
118 30 56 0 4
118 34 54 0 4
118 38 43 0 4
118 41 33 0 4
118 42 52 0 4
118 46 21 0 4
118 47 42 0 4
118 50 23 0 4
118 51 69 8 4
118 53 52 0 4
118 57 26 0 4
118 58 29 0 4
118 71 45 0 4
118 73 39 4 4
118 82 33 5 4
118 88 25 0 4
118 89 50 0 4
118 90 49 0 4
118 92 42 0 4
118 93 42 0 4
118 94 40 0 4
118 95 96 11 4
118 96 49 0 4
104 118 54 0 4
106 118 57 2 4
110 118 67 6 4
115 118 25 0 4
118 121 41 0 4
118 124 40 0 4
118 126 39 0 4
118 127 28 0 4
119 6 93 26 4
119 12 103 0 4
119 15 98 0 4
119 18 114 15 4
119 20 101 0 4
119 29 86 0 4
119 33 98 19 4
119 38 105 0 4
119 41 95 0 4
119 45 110 13 4
119 46 83 0 4
119 47 94 5 4
119 50 85 0 4
119 57 78 5 4
119 58 91 0 4
119 71 93 7 4
119 72 113 9 4
119 81 110 6 4
119 82 93 6 4
119 88 87 0 4
119 92 104 0 4
119 93 94 5 4
119 94 102 0 4
119 96 103 4 4
103 119 99 14 4
106 119 99 12 4
110 119 109 16 4
115 119 87 0 4
119 121 103 0 4
119 124 102 0 4
119 126 99 1 4
119 127 90 0 4
120 20 183 12 4
120 36 198 31 4
120 55 191 21 4
120 90 181 18 4
120 92 184 13 4
12 120 185 12 4
121 5 44 0 4
121 15 35 0 4
121 16 48 0 4
121 20 38 0 4
121 29 23 0 4
121 30 49 3 4
121 34 53 0 4
121 38 36 3 4
121 41 32 0 4
121 42 49 1 4
121 46 20 0 4
121 47 41 0 4
121 50 22 0 4
121 53 43 4 4
121 57 25 0 4
121 58 28 0 4
121 64 51 12 4
121 69 65 12 4
121 71 44 0 4
121 73 46 0 4
121 82 42 0 4
121 88 24 0 4
121 89 49 0 4
121 90 48 0 4
121 92 41 0 4
121 93 41 0 4
121 94 39 0 4
121 96 32 8 4
12 121 40 0 4
104 121 53 0 4
115 121 24 0 4
118 121 41 0 4
121 123 52 3 4
121 124 39 0 4
121 126 38 0 4
121 127 27 0 4
122 8 119 12 4
122 29 97 2 4
122 33 101 25 4
122 37 124 15 4
122 41 106 2 4
122 43 116 10 4
122 45 127 12 4
122 46 98 0 4
122 50 100 0 4
122 51 120 21 4
122 52 118 14 4
122 57 97 3 4
122 58 106 0 4
122 72 108 19 4
122 88 102 0 4
103 122 118 12 4
106 122 114 12 4
115 122 102 0 4
122 126 110 3 4
122 127 105 0 4
123 5 62 0 4
123 15 53 0 4
123 20 56 0 4
123 29 41 0 4
123 34 67 2 4
123 38 60 0 4
123 41 50 0 4
123 46 38 0 4
123 47 55 2 4
123 50 40 0 4
123 53 51 9 4
123 57 43 0 4
123 58 46 0 4
123 64 81 6 4
123 71 56 3 4
123 82 60 0 4
123 88 42 0 4
123 89 65 1 4
123 92 59 0 4
123 93 59 0 4
123 94 55 1 4
123 96 60 3 4
12 123 58 0 4
101 123 92 5 4
103 123 66 8 4
105 123 61 11 4
115 123 42 0 4
118 123 59 0 4
121 123 52 3 4
123 124 57 0 4
123 126 56 0 4
123 127 45 0 4
124 5 39 2 4
124 15 32 1 4
124 16 47 0 4
124 20 37 0 4
124 29 22 0 4
124 30 42 6 4
124 37 67 4 4
124 38 41 0 4
124 41 31 0 4
124 46 19 0 4
124 47 40 0 4
124 50 21 0 4
124 51 69 7 4
124 57 24 0 4
124 58 27 0 4
124 71 43 0 4
124 73 45 0 4
124 78 59 6 4
124 82 41 0 4
124 88 23 0 4
124 89 48 0 4
124 90 35 6 4
124 91 93 9 4
124 92 32 4 4
124 93 40 0 4
124 94 38 0 4
124 96 47 0 4
12 124 39 0 4
110 124 63 7 4
115 124 23 0 4
118 124 40 0 4
121 124 39 0 4
124 126 37 0 4
124 127 26 0 4
125 6 120 27 4
125 29 115 0 4
125 41 118 3 4
125 46 112 0 4
125 50 114 0 4
125 70 136 30 4
125 81 135 8 4
125 82 128 3 4
125 93 127 3 4
125 95 141 34 4
1 125 141 27 4
101 125 124 26 4
104 125 119 13 4
106 125 128 12 4
115 125 114 1 4
118 125 109 12 4
125 126 122 4 4
125 130 143 21 4
126 5 42 0 4
126 15 33 0 4
126 16 46 0 4
126 20 36 0 4
126 26 68 8 4
126 29 21 0 4
126 38 40 0 4
126 41 30 0 4
126 46 18 0 4
126 47 39 0 4
126 50 20 0 4
126 52 60 3 4
126 56 80 5 4
126 57 23 0 4
126 58 26 0 4
126 71 42 0 4
126 73 40 2 4
126 82 38 1 4
126 88 22 0 4
126 89 47 0 4
126 90 46 0 4
126 92 39 0 4
126 93 39 0 4
126 94 37 0 4
126 96 46 0 4
10 126 65 5 4
12 126 38 0 4
102 126 72 7 4
104 126 37 7 4
106 126 56 1 4
115 126 22 0 4
118 126 39 0 4
121 126 38 0 4
124 126 37 0 4
126 127 25 0 4
127 5 31 0 4
127 15 22 0 4
127 16 35 0 4
127 20 25 0 4
127 29 10 0 4
127 30 34 4 4
127 34 40 0 4
127 38 29 0 4
127 41 17 1 4
127 42 38 0 4
127 45 58 1 4
127 46 7 0 4
127 47 28 0 4
127 50 9 0 4
127 53 38 0 4
127 57 12 0 4
127 58 15 0 4
127 61 44 1 4
127 71 31 0 4
127 73 33 0 4
127 81 44 1 4
127 82 25 2 4
127 88 11 0 4
127 89 30 3 4
127 90 35 0 4
127 92 28 0 4
127 93 28 0 4
127 94 24 1 4
127 96 35 0 4
12 127 27 0 4
104 127 40 0 4
115 127 11 0 4
118 127 28 0 4
121 127 27 0 4
124 127 26 0 4
126 127 25 0 4
128 38 168 15 4
128 39 171 31 4
128 72 184 20 4
10 128 165 34 4
12 128 168 14 4
129 20 160 8 4
129 29 155 3 4
129 37 172 21 4
129 41 160 5 4
129 51 164 29 4
129 67 156 47 4
129 71 166 8 4
129 72 168 19 4
129 76 170 33 4
11 129 172 53 4
12 129 160 9 4
124 129 159 9 4
130 29 76 0 4
130 30 96 6 4
130 38 83 6 4
130 41 85 0 4
130 46 73 0 4
130 50 75 0 4
130 53 88 8 4
130 57 78 0 4
130 58 81 0 4
130 73 93 3 4
130 81 100 6 4
130 88 75 1 4
130 93 90 2 4
130 94 88 2 4
130 99 149 23 4
1 130 120 18 4
12 130 89 2 4
104 130 80 13 4
115 130 69 4 4
118 130 88 3 4
121 130 91 1 4
123 130 101 5 4
124 130 90 1 4
125 130 143 21 4
126 130 89 1 4
127 130 78 1 4
