1	125
1	130
1	70
10	126
10	16
10	38
10	61
10	73
10	96
100	31
101	104
101	15
101	81
101	93
102	104
102	126
102	23
102	53
102	56
102	69
102	94
103	105
103	106
103	107
103	123
103	16
103	33
103	52
103	57
103	8
104	115
104	126
104	130
104	15
104	29
104	38
104	81
104	93
105	123
105	34
105	43
105	5
105	61
105	8
105	90
105	94
105	96
106	115
106	118
106	126
106	29
106	33
106	42
106	57
106	6
106	8
107	33
107	52
108	27
11	67
11	9
110	118
110	124
110	15
110	18
110	5
110	73
110	78
110	82
110	90
110	92
110	93
114	24
114	43
114	5
114	73
114	90
114	92
115	118
115	12
115	121
115	123
115	124
115	126
115	127
115	15
115	16
115	20
115	24
115	29
115	30
115	34
115	38
115	41
115	42
115	43
115	47
115	5
115	50
115	53
115	55
115	57
115	58
115	59
115	71
115	73
115	81
115	82
115	88
115	89
115	90
115	92
115	93
115	94
115	96
117	20
117	78
117	86
118	12
118	121
118	124
118	126
118	127
118	15
118	20
118	29
118	38
118	41
118	42
118	47
118	5
118	50
118	51
118	57
118	58
118	71
118	73
118	82
118	88
118	90
118	92
118	93
118	94
118	96
12	121
12	124
12	126
12	127
12	15
12	20
12	29
12	30
12	37
12	38
12	39
12	41
12	42
12	47
12	5
12	50
12	55
12	56
12	57
12	58
12	71
12	73
12	76
12	78
12	82
12	88
12	90
12	92
12	93
12	94
12	96
121	123
121	124
121	126
121	127
121	15
121	20
121	29
121	30
121	38
121	41
121	42
121	47
121	5
121	50
121	53
121	57
121	58
121	64
121	69
121	71
121	82
121	88
121	90
121	92
121	93
121	94
121	96
122	72
123	29
123	41
123	47
123	53
123	57
123	64
123	71
123	94
123	96
124	126
124	127
124	15
124	20
124	29
124	30
124	37
124	38
124	41
124	47
124	5
124	50
124	51
124	57
124	58
124	78
124	82
124	88
124	90
124	92
124	93
124	94
126	127
126	15
126	20
126	26
126	29
126	41
126	5
126	50
126	52
126	57
126	58
126	73
126	82
126	88
126	93
126	94
127	15
127	20
127	29
127	30
127	38
127	41
127	47
127	5
127	50
127	57
127	58
127	61
127	71
127	81
127	82
127	88
127	89
127	90
127	92
127	93
127	94
130	53
14	16
14	26
14	34
14	52
14	59
15	20
15	29
15	34
15	38
15	41
15	43
15	5
15	50
15	57
15	58
15	78
15	88
15	90
15	92
15	93
16	20
16	26
16	29
16	34
16	38
16	50
16	52
16	55
16	57
16	58
16	59
16	73
16	88
18	47
18	75
18	82
18	89
18	93
18	96
19	3
2	41
2	55
2	58
2	77
20	26
20	29
20	30
20	34
20	38
20	39
20	41
20	42
20	47
20	5
20	50
20	55
20	57
20	58
20	59
20	71
20	73
20	76
20	78
20	82
20	88
20	90
20	92
20	93
20	94
20	96
24	29
24	57
24	61
24	71
24	73
24	8
24	92
25	30
25	61
25	89
25	91
26	34
26	37
26	55
26	59
26	86
29	30
29	34
29	38
29	41
29	42
29	47
29	5
29	50
29	51
29	53
29	57
29	58
29	71
29	72
29	73
29	82
29	88
29	89
29	90
29	92
29	93
29	94
29	96
30	38
30	41
30	42
30	51
30	55
30	57
30	86
30	89
30	91
33	45
33	8
34	37
34	5
34	52
34	55
34	57
34	58
34	59
34	88
34	92
37	51
37	56
37	59
37	77
38	41
38	47
38	5
38	50
38	57
38	58
38	61
38	64
38	69
38	88
38	91
38	96
39	42
39	55
39	56
39	76
39	78
41	43
41	47
41	5
41	50
41	57
41	58
41	71
41	73
41	81
41	82
41	88
41	90
41	92
41	93
41	94
41	96
42	50
42	55
42	56
42	57
42	58
42	76
42	78
42	88
42	89
43	5
43	72
43	90
45	48
45	81
45	95
47	5
47	50
47	53
47	57
47	58
47	71
47	82
47	85
47	88
47	89
47	93
47	96
5	50
5	57
5	58
5	71
5	78
5	81
5	82
5	88
5	90
5	92
5	93
5	94
50	55
50	57
50	58
50	59
50	71
50	73
50	82
50	88
50	90
50	92
50	93
50	94
50	96
51	72
51	8
52	57
52	58
52	82
53	56
53	57
53	59
53	64
53	88
53	89
53	94
54	60
54	89
55	58
55	59
55	78
55	86
56	76
56	78
56	94
57	58
57	71
57	73
57	81
57	82
57	88
57	89
57	90
57	92
57	93
57	94
57	96
58	59
58	71
58	73
58	82
58	88
58	90
58	92
58	93
58	94
58	96
6	70
6	72
6	96
60	89
61	8
61	88
61	89
61	96
62	75
64	69
64	94
64	96
66	8
70	72
71	8
71	82
71	88
71	92
71	93
71	94
71	96
73	82
73	88
73	92
76	78
76	89
78	90
78	92
78	96
81	88
82	88
82	93
82	94
88	89
88	90
88	92
88	93
88	94
88	96
90	92
93	94
93	96
94	96
