Res1 Res2 NSingle NDouble Method
11 9 61 53 4
12 5 27 0 4
15 5 12 7 4
12 15 25 0 4
10 16 49 7 4
14 16 60 13 4
19 3 111 32 4
20 5 26 0 4
12 20 13 6 4
15 20 24 0 4
16 20 34 2 4
24 8 43 10 4
14 26 57 26 4
16 26 49 13 4
20 26 47 7 4
29 5 17 0 4
12 29 16 0 4
15 29 15 0 4
16 29 29 0 4
20 29 15 0 4
24 29 30 0 4
12 30 36 2 4
20 30 33 3 4
25 30 67 11 4
29 30 30 0 4
33 8 53 10 4
34 5 38 1 4
14 34 54 16 4
15 34 36 1 4
16 34 28 12 4
20 34 32 3 4
26 34 43 16 4
29 34 29 0 4
12 37 45 5 4
26 37 67 12 4
34 37 54 7 4
38 5 31 0 4
10 38 36 9 4
12 38 30 0 4
15 38 27 1 4
16 38 33 5 4
20 38 29 0 4
29 38 20 0 4
30 38 42 1 4
39 4 69 26 4
12 39 33 10 4
20 39 34 9 4
41 5 24 0 4
2 41 43 8 4
12 41 23 0 4
15 41 22 0 4
20 41 22 0 4
29 41 13 0 4
30 41 35 1 4
38 41 27 0 4
12 42 25 5 4
20 42 32 1 4
29 42 25 0 4
30 42 43 3 4
39 42 38 12 4
43 5 29 7 4
11 43 89 14 4
15 43 37 2 4
41 43 35 2 4
33 45 54 12 4
47 5 31 0 4
12 47 30 0 4
18 47 43 8 4
20 47 29 0 4
29 47 20 0 4
38 47 34 0 4
41 47 27 0 4
45 48 65 26 4
5 50 16 0 4
12 50 15 0 4
15 50 14 0 4
16 50 24 2 4
20 50 14 0 4
29 50 5 0 4
38 50 19 0 4
41 50 12 0 4
42 50 24 0 4
47 50 19 0 4
51 8 62 11 4
29 51 45 3 4
30 51 59 8 4
37 51 62 14 4
14 52 56 20 4
16 52 48 7 4
24 52 51 6 4
34 52 48 7 4
29 53 29 0 4
47 53 39 2 4
2 55 52 13 4
12 55 30 6 4
16 55 35 10 4
20 55 27 7 4
26 55 54 12 4
30 55 48 4 4
34 55 37 9 4
39 55 47 11 4
42 55 43 4 4
50 55 27 2 4
12 56 41 11 4
37 56 66 13 4
39 56 62 14 4
42 56 52 10 4
53 56 60 8 4
5 57 18 0 4
12 57 17 0 4
15 57 16 0 4
16 57 30 0 4
20 57 16 0 4
24 57 31 0 4
29 57 7 0 4
30 57 31 0 4
34 57 30 0 4
38 57 21 0 4
41 57 14 0 4
42 57 26 0 4
47 57 21 0 4
50 57 6 0 4
52 57 34 3 4
53 57 30 0 4
2 58 47 5 4
5 58 22 0 4
12 58 21 0 4
15 58 20 0 4
16 58 20 7 4
20 58 20 0 4
29 58 11 0 4
34 58 24 5 4
38 58 25 0 4
41 58 18 0 4
42 58 30 0 4
47 58 25 0 4
50 58 8 1 4
52 58 36 4 4
55 58 23 7 4
57 58 12 0 4
14 59 39 25 4
16 59 23 16 4
20 59 33 4 4
26 59 32 23 4
34 59 23 16 4
37 59 55 8 4
50 59 27 2 4
52 59 49 8 4
53 59 47 4 4
55 59 28 15 4
58 59 25 6 4
18 60 66 14 4
47 60 51 9 4
54 60 51 29 4
61 8 56 6 4
10 61 47 11 4
24 61 47 6 4
25 61 76 9 4
38 61 39 5 4
44 61 85 14 4
30 62 67 9 4
38 64 43 7 4
53 64 48 9 4
66 8 74 18 4
11 67 63 44 4
25 67 67 29 4
15 69 52 5 4
30 69 59 9 4
38 69 53 7 4
64 69 46 22 4
1 70 69 27 4
6 70 38 32 4
71 8 48 3 4
5 71 32 0 4
12 71 31 0 4
18 71 40 10 4
20 71 30 0 4
24 71 39 3 4
29 71 21 0 4
41 71 28 0 4
47 71 25 5 4
50 71 20 0 4
57 71 22 0 4
58 71 26 0 4
6 72 62 9 4
29 72 37 2 4
43 72 55 6 4
51 72 60 13 4
70 72 68 15 4
10 73 47 5 4
12 73 33 0 4
16 73 40 3 4
20 73 32 0 4
24 73 37 5 4
29 73 23 0 4
41 73 30 0 4
50 73 22 0 4
57 73 24 0 4
58 73 28 0 4
62 73 64 7 4
18 75 55 31 4
25 75 79 29 4
62 75 87 23 4
12 76 42 11 4
20 76 41 11 4
37 76 59 17 4
39 76 49 21 4
42 76 47 13 4
56 76 67 17 4
2 77 77 21 4
37 77 74 19 4
42 77 66 13 4
5 78 41 4 4
12 78 26 11 4
15 78 41 3 4
20 78 29 9 4
39 78 39 18 4
42 78 33 12 4
55 78 48 8 4
56 78 57 14 4
76 78 40 23 4
5 81 41 2 4
41 81 37 2 4
45 81 58 7 4
57 81 29 3 4
5 82 31 0 4
12 82 30 0 4
18 82 49 5 4
20 82 29 0 4
29 82 20 0 4
41 82 25 1 4
47 82 30 2 4
50 82 19 0 4
52 82 47 3 4
53 82 39 2 4
57 82 21 0 4
58 82 25 0 4
71 82 33 1 4
73 82 33 2 4
45 83 64 32 4
47 85 46 12 4
26 86 61 26 4
30 86 65 13 4
34 86 58 16 4
37 86 66 20 4
55 86 51 21 4
56 86 70 22 4
2 88 49 2 4
5 88 18 0 4
12 88 17 0 4
15 88 16 0 4
16 88 30 0 4
20 88 16 0 4
29 88 7 0 4
34 88 30 0 4
38 88 21 0 4
41 88 14 0 4
42 88 26 0 4
47 88 21 0 4
50 88 6 0 4
53 88 28 1 4
57 88 8 0 4
58 88 12 0 4
61 88 34 1 4
71 88 18 2 4
73 88 24 0 4
81 88 33 1 4
82 88 21 0 4
18 89 52 8 4
25 89 64 12 4
29 89 29 0 4
30 89 45 4 4
42 89 40 4 4
47 89 25 9 4
53 89 42 5 4
54 89 57 13 4
57 89 30 0 4
60 89 48 15 4
61 89 48 5 4
76 89 51 13 4
88 89 30 0 4
5 90 5 13 4
12 90 30 0 4
15 90 17 6 4
20 90 29 0 4
29 90 20 0 4
34 90 41 1 4
41 90 27 0 4
43 90 32 7 4
50 90 19 0 4
57 90 21 0 4
58 90 25 0 4
73 90 35 1 4
78 90 36 8 4
88 90 21 0 4
25 91 74 24 4
30 91 67 10 4
38 91 61 8 4
61 91 74 9 4
5 92 22 5 4
12 92 31 0 4
15 92 22 4 4
20 92 30 0 4
24 92 29 8 4
29 92 21 0 4
34 92 42 1 4
36 92 41 16 4
41 92 28 0 4
50 92 20 0 4
57 92 22 0 4
58 92 26 0 4
62 92 50 13 4
71 92 32 2 4
73 92 26 6 4
78 92 39 7 4
88 92 22 0 4
90 92 19 8 4
5 93 28 0 4
6 93 46 5 4
12 93 27 0 4
15 93 20 3 4
18 93 46 5 4
20 93 26 0 4
29 93 17 0 4
41 93 24 0 4
47 93 21 5 4
50 93 16 0 4
57 93 18 0 4
58 93 22 0 4
71 93 22 5 4
82 93 29 1 4
88 93 18 0 4
5 94 30 0 4
12 94 29 0 4
20 94 28 0 4
29 94 19 0 4
30 94 41 1 4
41 94 24 1 4
50 94 18 0 4
53 94 34 4 4
56 94 52 7 4
57 94 20 0 4
58 94 24 0 4
64 94 42 7 4
71 94 30 2 4
72 94 48 3 4
82 94 29 2 4
88 94 20 0 4
93 94 30 0 4
33 95 64 22 4
45 95 52 30 4
6 96 53 5 4
10 96 52 3 4
12 96 34 0 4
18 96 49 7 4
20 96 33 0 4
29 96 24 0 4
38 96 36 1 4
41 96 31 0 4
47 96 34 2 4
50 96 23 0 4
57 96 25 0 4
58 96 29 0 4
61 96 47 3 4
64 96 51 5 4
71 96 25 7 4
78 96 48 4 4
88 96 23 1 4
93 96 33 1 4
94 96 35 1 4
100 31 85 41 4
101 15 49 5 4
101 81 62 8 4
101 93 51 5 4
102 23 72 26 4
102 26 69 14 4
102 53 58 8 4
102 56 52 23 4
102 64 64 12 4
102 69 70 14 4
102 94 48 8 4
103 8 52 8 4
103 16 50 4 4
103 27 74 19 4
103 33 43 13 4
103 52 52 8 4
103 57 34 1 4
104 15 32 4 4
104 29 31 0 4
104 38 39 3 4
104 81 51 4 4
104 93 28 7 4
101 104 43 16 4
102 104 54 11 4
105 5 35 5 4
105 8 57 5 4
105 34 49 4 4
105 43 48 6 4
105 61 55 4 4
105 90 38 5 4
105 94 41 3 4
105 96 42 5 4
103 105 53 5 4
106 6 43 13 4
106 8 47 8 4
106 29 30 0 4
106 33 46 9 4
106 42 45 2 4
106 57 31 0 4
106 60 59 10 4
103 106 45 7 4
107 8 70 12 4
107 33 59 18 4
107 52 60 17 4
103 107 58 16 4
108 27 88 44 4
110 5 45 7 4
110 15 47 5 4
110 18 57 15 4
110 73 47 9 4
110 78 56 12 4
110 82 48 7 4
110 90 44 9 4
110 92 33 15 4
110 93 49 5 4
113 83 54 67 4
114 5 36 11 4
114 24 29 21 4
114 43 59 7 4
114 66 44 37 4
114 73 52 6 4
114 90 33 14 4
114 92 38 12 4
115 5 18 0 4
115 12 17 0 4
115 15 16 0 4
115 16 30 0 4
115 20 16 0 4
115 24 31 0 4
115 29 7 0 4
115 30 31 0 4
115 34 30 0 4
115 38 21 0 4
115 41 14 0 4
115 42 26 0 4
115 43 33 0 4
115 47 21 0 4
115 50 6 0 4
115 53 30 0 4
115 55 33 0 4
115 57 8 0 4
115 58 12 0 4
115 59 33 0 4
115 71 22 0 4
115 73 24 0 4
115 81 29 3 4
115 82 21 0 4
115 88 8 0 4
115 89 30 0 4
115 90 21 0 4
115 92 22 0 4
115 93 18 0 4
115 94 20 0 4
115 96 25 0 4
101 115 43 4 4
104 115 24 4 4
106 115 31 0 4
117 20 57 12 4
117 78 60 22 4
117 86 63 35 4
118 5 27 0 4
118 12 26 0 4
118 15 25 0 4
118 20 25 0 4
118 29 16 0 4
118 38 30 0 4
118 41 23 0 4
118 42 35 0 4
118 47 30 0 4
118 50 15 0 4
118 51 49 6 4
118 57 17 0 4
118 58 21 0 4
118 71 31 0 4
118 73 25 4 4
118 82 20 5 4
118 88 17 0 4
118 90 30 0 4
118 92 31 0 4
118 93 27 0 4
118 94 29 0 4
118 96 34 0 4
106 118 34 3 4
110 118 46 6 4
115 118 17 0 4
106 119 57 14 4
121 5 29 0 4
121 15 27 0 4
121 20 27 0 4
121 29 18 0 4
121 30 36 3 4
121 38 26 3 4
121 41 25 0 4
121 42 35 1 4
121 47 32 0 4
121 50 17 0 4
121 53 33 4 4
121 57 19 0 4
121 58 23 0 4
121 64 31 12 4
121 69 41 12 4
121 71 33 0 4
121 82 32 0 4
121 88 19 0 4
121 90 32 0 4
121 92 33 0 4
121 93 29 0 4
121 94 31 0 4
121 96 26 5 4
12 121 28 0 4
115 121 19 0 4
118 121 28 0 4
122 72 67 21 4
123 5 39 1 4
123 29 30 0 4
123 41 35 1 4
123 47 40 2 4
123 53 41 6 4
123 57 31 0 4
123 64 57 5 4
123 71 39 3 4
123 90 42 1 4
123 94 41 1 4
123 96 40 4 4
103 123 45 7 4
105 123 36 11 4
115 123 31 0 4
121 123 34 4 4
124 5 22 3 4
124 15 22 2 4
124 20 26 0 4
124 29 15 1 4
124 30 31 5 4
124 37 48 4 4
124 38 31 0 4
124 41 24 0 4
124 47 31 0 4
124 50 16 0 4
124 51 48 7 4
124 57 18 0 4
124 58 22 0 4
124 62 58 7 4
124 78 41 4 4
124 82 31 0 4
124 88 18 0 4
124 90 23 4 4
124 92 24 4 4
124 93 28 0 4
124 94 30 0 4
12 124 27 0 4
110 124 47 6 4
115 124 18 0 4
118 124 27 0 4
121 124 29 0 4
125 31 86 36 4
1 125 82 31 4
126 5 28 0 4
126 15 26 0 4
126 20 26 0 4
126 26 51 6 4
126 29 17 0 4
126 41 24 0 4
126 50 16 0 4
126 52 44 3 4
126 57 18 0 4
126 58 22 0 4
126 73 30 2 4
126 82 29 1 4
126 88 18 0 4
126 93 26 1 4
126 94 30 0 4
10 126 39 6 4
12 126 27 0 4
101 126 53 4 4
102 126 46 8 4
104 126 32 5 4
106 126 39 1 4
115 126 18 0 4
118 126 27 0 4
121 126 29 0 4
124 126 28 0 4
127 5 21 0 4
127 15 19 0 4
127 20 19 0 4
127 29 10 0 4
127 30 24 5 4
127 38 24 0 4
127 41 15 1 4
127 47 24 0 4
127 50 9 0 4
127 57 11 0 4
127 58 15 0 4
127 61 37 1 4
127 71 25 0 4
127 81 36 1 4
127 82 20 2 4
127 88 11 0 4
127 89 27 3 4
127 90 24 0 4
127 92 25 0 4
127 93 21 0 4
127 94 21 1 4
12 127 20 0 4
115 127 11 0 4
118 127 20 0 4
121 127 22 0 4
124 127 21 0 4
126 127 21 0 4
130 31 87 24 4
130 53 64 10 4
1 130 81 20 4
104 130 60 13 4
