Res1 Res2 NSingle NDouble Method
7 8 26 4 4
15 8 10 0 4
15 16 25 1 4
12 18 28 11 4
17 21 41 17 4
15 27 25 1 4
16 27 26 9 4
30 8 11 1 4
15 30 13 0 4
16 33 30 8 4
22 37 40 8 4
31 40 34 11 4
22 41 29 5 4
27 41 31 5 4
15 44 17 1 4
21 47 29 6 4
23 47 25 2 4
33 47 25 6 4
12 48 30 3 4
18 48 32 5 4
47 48 23 2 4
22 50 30 4 4
53 8 13 1 4
15 53 15 0 4
22 53 26 2 4
25 53 28 3 4
30 53 16 1 4
50 53 22 3 4
61 7 31 8 4
61 8 15 4 4
50 61 24 6 4
53 61 22 3 4
63 8 26 3 4
44 63 31 5 4
46 63 35 14 4
64 8 23 1 4
15 64 23 1 4
47 64 23 5 4
61 64 30 4 4
33 65 25 10 4
47 65 16 9 4
64 65 29 6 4
23 67 29 6 4
12 71 23 13 4
44 71 31 5 4
15 72 21 3 4
61 72 30 5 4
72 74 30 4 4
15 76 17 1 4
50 76 26 3 4
53 76 20 2 4
61 76 24 4 4
18 77 33 5 4
65 77 30 3 4
25 79 41 13 4
50 81 37 7 4
8 82 16 2 4
12 82 27 5 4
23 82 25 3 4
55 82 32 4 4
67 82 32 4 4
74 82 27 2 4
8 84 19 1 4
15 84 15 3 4
22 84 30 3 4
30 84 16 4 4
41 84 31 2 4
44 84 26 2 4
50 84 28 3 4
53 84 20 3 4
61 84 28 3 4
33 86 26 16 4
44 86 36 6 4
72 87 33 9 4
8 88 18 1 4
12 88 21 8 4
19 88 33 6 4
23 88 27 2 4
24 88 28 8 4
30 88 19 2 4
48 88 25 2 4
71 88 30 6 4
74 88 27 2 4
76 88 25 2 4
19 89 36 11 4
48 89 32 5 4
53 93 21 3 4
65 93 26 6 4
74 93 19 7 4
77 93 24 4 4
8 94 7 1 4
15 94 7 1 4
27 94 20 3 4
30 94 10 1 4
44 94 16 1 4
53 94 12 1 4
84 94 16 2 4
88 94 17 1 4
93 95 27 11 4
33 97 26 12 4
44 97 30 5 4
47 97 23 8 4
64 97 28 9 4
65 97 31 8 4
86 97 32 14 4
15 98 19 1 4
27 98 28 5 4
44 98 26 2 4
48 98 26 2 4
64 98 28 4 4
82 98 25 3 4
84 98 28 2 4
94 98 14 3 4
12 99 20 12 4
18 99 26 12 4
48 99 28 4 4
71 99 25 12 4
88 99 27 5 4
100 71 21 15 4
103 33 27 9 4
103 55 28 9 4
103 76 29 3 4
104 93 32 14 4
105 15 17 0 4
105 16 24 5 4
105 27 24 5 4
105 33 26 5 4
105 55 25 6 4
105 76 24 1 4
105 82 21 3 4
105 98 18 5 4
100 105 26 5 4
103 105 25 4 4
106 66 32 11 4
106 76 28 6 4
107 23 19 11 4
108 39 36 15 4
111 33 22 13 4
100 111 26 11 4
105 111 26 5 4
112 55 34 12 4
103 112 32 11 4
116 15 17 1 4
116 44 24 2 4
116 74 26 2 4
116 77 21 4 4
116 93 21 5 4
116 94 16 1 4
116 98 24 3 4
105 116 20 3 4
111 116 20 9 4
117 23 20 7 4
117 47 25 3 4
117 93 29 3 4
107 117 21 11 4
118 8 5 1 4
118 12 22 1 4
118 15 7 0 4
118 30 8 1 4
118 40 20 1 4
118 53 10 1 4
118 84 16 1 4
118 88 15 1 4
118 94 4 1 4
105 118 14 0 4
119 40 32 7 4
121 16 25 5 4
121 27 25 5 4
121 44 23 2 4
121 76 23 2 4
103 121 22 6 4
105 121 19 3 4
111 121 21 8 4
116 121 25 1 4
118 121 13 1 4
122 81 23 17 4
122 94 24 2 4
123 8 13 0 4
123 15 13 0 4
123 27 24 3 4
123 30 16 0 4
123 76 18 2 4
123 94 8 2 4
123 98 20 2 4
106 123 28 3 4
108 123 30 7 4
118 123 10 0 4
125 8 24 4 4
125 61 29 8 4
127 8 14 1 4
127 15 16 0 4
127 16 25 4 4
127 20 25 8 4
127 24 28 6 4
127 30 11 4 4
127 53 19 1 4
127 76 23 1 4
127 84 25 1 4
127 88 20 3 4
127 94 13 1 4
127 97 25 6 4
127 99 25 4 4
12 127 25 4 4
100 127 23 6 4
105 127 21 1 4
116 127 23 1 4
118 127 11 1 4
121 127 18 3 4
123 127 19 0 4
128 31 38 15 4
128 40 36 8 4
129 50 37 7 4
