Res1 Res2 NSingle NDouble Method
1 97 45 10 4
1 127 40 5 4
122 2 66 14 4
2 84 58 14 4
16 3 40 14 4
116 3 46 7 4
121 3 43 8 4
3 55 43 14 4
125 4 63 21 4
129 4 67 22 4
4 8 73 5 4
16 6 48 14 4
20 6 38 23 4
111 6 50 14 4
12 7 37 7 4
39 7 41 9 4
61 7 31 8 4
125 7 40 8 4
7 8 26 4 4
7 89 37 10 4
7 8 26 4 4
15 8 10 0 4
30 8 11 1 4
53 8 13 1 4
61 8 15 4 4
63 8 26 3 4
64 8 23 1 4
118 8 5 1 4
123 8 13 0 4
125 8 24 4 4
127 8 14 1 4
8 82 16 2 4
8 84 19 1 4
8 88 18 1 4
8 94 7 1 4
10 55 45 10 4
10 74 42 7 4
10 76 38 8 4
10 123 40 4 4
107 11 37 10 4
11 23 38 5 4
11 53 34 4 4
11 74 36 6 4
11 82 39 4 4
11 93 31 9 4
11 117 32 9 4
12 8 25 1 4
100 12 26 10 4
118 12 22 1 4
12 15 27 0 4
12 18 28 11 4
12 23 30 4 4
12 30 24 3 4
12 48 30 3 4
12 71 23 13 4
12 82 27 5 4
12 88 21 8 4
12 94 24 1 4
12 99 20 12 4
12 127 25 4 4
116 14 38 8 4
14 44 40 7 4
14 77 41 7 4
14 93 43 7 4
15 8 10 0 4
105 15 17 0 4
116 15 17 1 4
118 15 7 0 4
123 15 13 0 4
127 15 16 0 4
15 16 25 1 4
15 27 25 1 4
15 30 13 0 4
15 44 17 1 4
15 53 15 0 4
15 64 23 1 4
15 72 21 3 4
15 76 17 1 4
15 84 15 3 4
15 94 7 1 4
15 98 19 1 4
15 16 25 1 4
100 16 30 8 4
103 16 33 5 4
105 16 24 5 4
111 16 22 12 4
116 16 26 5 4
118 16 24 0 4
121 16 25 5 4
123 16 28 1 4
127 16 25 4 4
16 27 26 9 4
16 33 30 8 4
16 53 28 2 4
16 94 24 1 4
17 21 41 17 4
18 8 31 1 4
12 18 28 11 4
100 18 36 8 4
118 18 28 1 4
127 18 33 3 4
18 23 32 6 4
18 30 30 3 4
18 48 32 5 4
18 71 33 11 4
18 77 33 5 4
18 88 33 5 4
18 94 30 1 4
18 99 26 12 4
19 8 33 1 4
12 19 32 10 4
118 19 30 1 4
19 48 34 5 4
19 71 39 9 4
19 74 34 6 4
19 88 33 6 4
19 89 36 11 4
19 94 32 1 4
19 99 34 9 4
15 20 33 1 4
16 20 32 10 4
100 20 32 11 4
103 20 35 8 4
105 20 28 7 4
111 20 30 12 4
118 20 32 0 4
121 20 29 7 4
127 20 25 8 4
20 30 34 2 4
20 33 32 11 4
20 94 32 1 4
20 98 34 6 4
17 21 41 17 4
118 21 28 1 4
21 47 29 6 4
22 8 25 0 4
15 22 25 0 4
118 22 22 0 4
122 22 36 4 4
22 37 40 8 4
22 41 29 5 4
22 50 30 4 4
22 53 26 2 4
22 84 30 3 4
22 94 24 0 4
23 8 21 0 4
15 23 21 0 4
107 23 19 11 4
117 23 20 7 4
118 23 18 0 4
123 23 24 0 4
23 30 24 0 4
23 47 25 2 4
23 67 29 6 4
23 74 28 2 4
23 82 25 3 4
23 88 27 2 4
23 94 20 0 4
12 24 37 7 4
118 24 29 1 4
127 24 28 6 4
24 30 29 4 4
24 53 33 3 4
24 88 28 8 4
24 99 35 8 4
16 25 32 7 4
121 25 29 4 4
25 53 28 3 4
25 79 41 13 4
27 8 27 0 4
15 27 25 1 4
16 27 26 9 4
100 27 28 9 4
103 27 31 6 4
105 27 24 5 4
111 27 22 12 4
116 27 26 5 4
118 27 24 0 4
121 27 25 5 4
123 27 24 3 4
127 27 27 3 4
27 41 31 5 4
27 94 20 3 4
27 98 28 5 4
28 53 38 5 4
100 29 44 11 4
103 29 49 7 4
121 29 45 5 4
29 48 42 7 4
29 71 43 13 4
30 8 11 1 4
15 30 13 0 4
118 30 8 1 4
123 30 16 0 4
127 30 11 4 4
30 53 16 1 4
30 84 16 4 4
30 88 19 2 4
30 94 10 1 4
23 31 34 9 4
117 31 36 9 4
128 31 38 15 4
31 40 34 11 4
31 67 43 9 4
32 8 32 1 4
12 32 37 7 4
30 32 31 3 4
116 32 37 3 4
118 32 29 1 4
32 47 36 3 4
32 65 36 7 4
32 72 39 6 4
32 77 36 4 4
32 84 37 4 4
32 94 31 1 4
32 99 37 7 4
16 33 30 8 4
100 33 32 8 4
103 33 27 9 4
105 33 26 5 4
111 33 22 13 4
116 33 30 4 4
118 33 26 0 4
121 33 25 6 4
127 33 29 3 4
33 47 25 6 4
33 65 25 10 4
33 86 26 16 4
33 94 28 0 4
33 97 26 12 4
34 69 61 23 4
125 35 60 19 4
36 93 61 14 4
22 37 40 8 4
37 48 42 4 4
37 50 40 7 4
37 53 38 4 4
37 61 36 9 4
37 76 40 5 4
37 77 45 3 4
38 8 49 3 4
125 38 53 12 4
38 82 51 7 4
39 8 31 2 4
15 39 31 2 4
108 39 36 15 4
116 39 36 4 4
118 39 30 1 4
121 39 33 5 4
39 44 36 4 4
39 61 38 5 4
39 77 37 4 4
39 82 37 4 4
39 93 37 5 4
40 8 25 0 4
15 40 25 0 4
31 40 34 11 4
103 40 33 4 4
118 40 20 1 4
119 40 32 7 4
128 40 36 8 4
40 94 24 0 4
11 41 39 6 4
22 41 29 5 4
23 41 31 2 4
27 41 31 5 4
30 41 25 1 4
118 41 21 0 4
41 44 29 2 4
41 82 30 2 4
41 84 31 2 4
18 42 36 11 4
23 42 32 7 4
116 42 32 6 4
117 42 34 7 4
42 53 34 3 4
42 93 33 7 4
44 8 19 0 4
15 44 17 1 4
111 44 30 4 4
116 44 24 2 4
118 44 16 0 4
121 44 23 2 4
44 63 31 5 4
44 71 31 5 4
44 84 26 2 4
44 86 36 6 4
44 94 16 1 4
44 95 34 6 4
44 97 30 5 4
44 98 26 2 4
107 45 41 17 4
117 45 42 13 4
100 46 38 11 4
116 46 40 5 4
121 46 33 8 4
127 46 37 5 4
46 63 35 14 4
46 71 37 13 4
46 77 37 7 4
47 8 18 0 4
15 47 18 0 4
21 47 29 6 4
23 47 25 2 4
33 47 25 6 4
117 47 25 3 4
118 47 15 0 4
47 48 23 2 4
47 64 23 5 4
47 65 16 9 4
47 94 17 0 4
47 97 23 8 4
48 8 19 0 4
12 48 30 3 4
15 48 19 0 4
18 48 32 5 4
47 48 23 2 4
118 48 16 0 4
48 88 25 2 4
48 89 32 5 4
48 94 18 0 4
48 98 26 2 4
48 99 28 4 4
104 49 35 26 4
116 49 44 7 4
49 74 42 9 4
49 93 37 12 4
49 95 38 19 4
50 8 23 0 4
15 50 23 0 4
22 50 30 4 4
23 50 30 2 4
40 50 32 3 4
103 50 33 3 4
118 50 20 0 4
129 50 37 7 4
50 53 22 3 4
50 61 24 6 4
50 76 26 3 4
50 81 37 7 4
50 84 28 3 4
50 94 22 0 4
11 52 41 21 4
117 52 55 7 4
52 70 52 22 4
53 8 13 1 4
15 53 15 0 4
22 53 26 2 4
25 53 28 3 4
30 53 16 1 4
50 53 22 3 4
118 53 10 1 4
127 53 19 1 4
53 61 22 3 4
53 76 20 2 4
53 84 20 3 4
53 93 21 3 4
53 94 12 1 4
23 54 52 12 4
54 74 48 14 4
33 55 35 7 4
47 55 32 3 4
103 55 28 9 4
105 55 25 6 4
112 55 34 12 4
121 55 30 4 4
127 55 32 2 4
55 82 32 4 4
55 98 33 4 4
15 56 37 1 4
23 56 32 9 4
33 56 34 12 4
105 56 36 5 4
111 56 32 13 4
56 74 36 7 4
56 94 36 1 4
57 8 39 2 4
55 57 29 17 4
103 57 29 15 4
105 57 38 6 4
121 57 37 7 4
40 58 42 7 4
48 58 42 4 4
123 58 40 2 4
60 7 53 16 4
60 8 51 5 4
18 60 56 14 4
60 89 52 16 4
61 7 31 8 4
61 8 15 4 4
15 61 23 0 4
50 61 24 6 4
53 61 22 3 4
118 61 20 0 4
125 61 29 8 4
61 64 30 4 4
61 72 30 5 4
61 76 24 4 4
61 82 29 2 4
61 84 28 3 4
61 94 22 0 4
111 62 50 19 4
116 62 56 11 4
121 62 53 12 4
62 76 56 11 4
63 8 26 3 4
44 63 31 5 4
46 63 35 14 4
116 63 33 4 4
121 63 32 4 4
63 71 36 9 4
64 8 23 1 4
15 64 23 1 4
47 64 23 5 4
61 64 30 4 4
105 64 28 2 4
116 64 28 3 4
64 65 29 6 4
64 94 22 1 4
64 97 28 9 4
64 98 28 4 4
23 65 31 3 4
33 65 25 10 4
47 65 16 9 4
64 65 29 6 4
116 65 27 4 4
118 65 23 0 4
65 77 30 3 4
65 93 26 6 4
65 94 25 0 4
65 97 31 8 4
15 66 29 2 4
24 66 41 8 4
30 66 30 3 4
44 66 36 3 4
106 66 32 11 4
123 66 30 3 4
127 66 29 5 4
66 94 30 1 4
66 97 38 8 4
23 67 29 6 4
45 67 39 18 4
107 67 30 10 4
125 67 38 7 4
67 82 32 4 4
12 68 49 14 4
23 68 45 13 4
47 68 54 7 4
117 68 47 13 4
12 69 37 12 4
69 74 41 7 4
69 89 39 14 4
70 96 41 23 4
12 71 23 13 4
30 71 31 2 4
44 71 31 5 4
48 71 33 4 4
100 71 21 15 4
111 71 35 8 4
118 71 29 0 4
121 71 24 8 4
127 71 28 5 4
71 88 30 6 4
71 99 25 12 4
15 72 21 3 4
53 72 28 2 4
61 72 30 5 4
116 72 28 4 4
118 72 24 0 4
72 74 30 4 4
72 76 32 2 4
72 82 33 2 4
72 84 30 4 4
72 87 33 9 4
72 93 33 3 4
72 94 26 0 4
105 73 38 8 4
111 73 38 14 4
118 73 42 1 4
121 73 35 10 4
73 94 44 1 4
74 8 21 0 4
15 74 21 0 4
72 74 30 4 4
116 74 26 2 4
118 74 18 0 4
74 82 27 2 4
74 88 27 2 4
74 93 19 7 4
74 94 20 0 4
23 75 38 11 4
107 75 35 17 4
76 8 19 0 4
15 76 17 1 4
50 76 26 3 4
53 76 20 2 4
61 76 24 4 4
103 76 29 3 4
105 76 24 1 4
106 76 28 6 4
118 76 16 0 4
121 76 23 2 4
123 76 18 2 4
127 76 23 1 4
76 88 25 2 4
76 94 18 0 4
77 8 20 0 4
15 77 20 0 4
18 77 33 5 4
65 77 30 3 4
116 77 21 4 4
118 77 17 0 4
77 93 24 4 4
77 94 19 0 4
15 78 33 1 4
16 78 36 8 4
33 78 38 8 4
100 78 32 11 4
103 78 37 7 4
105 78 32 5 4
111 78 32 11 4
116 78 34 5 4
121 78 29 7 4
127 78 33 4 4
78 94 32 1 4
16 79 47 9 4
25 79 41 13 4
12 80 43 11 4
18 80 49 11 4
19 80 45 14 4
48 80 45 6 4
123 80 43 4 4
80 89 43 14 4
80 99 43 11 4
8 81 36 1 4
30 81 31 5 4
48 81 39 4 4
50 81 37 7 4
53 81 35 4 4
61 81 37 7 4
118 81 33 1 4
122 81 23 17 4
81 84 31 9 4
81 94 35 1 4
8 82 16 2 4
12 82 27 5 4
23 82 25 3 4
55 82 32 4 4
67 82 32 4 4
74 82 27 2 4
105 82 21 3 4
118 82 17 0 4
82 98 25 3 4
8 84 19 1 4
15 84 15 3 4
22 84 30 3 4
30 84 16 4 4
41 84 31 2 4
44 84 26 2 4
50 84 28 3 4
53 84 20 3 4
61 84 28 3 4
118 84 16 1 4
123 84 24 0 4
127 84 25 1 4
84 94 16 2 4
84 98 28 2 4
40 85 51 14 4
15 86 37 1 4
20 86 36 14 4
23 86 36 7 4
27 86 32 12 4
33 86 26 16 4
44 86 36 6 4
47 86 37 5 4
105 86 36 5 4
116 86 34 7 4
121 86 31 8 4
86 94 36 1 4
86 97 32 14 4
15 87 30 2 4
72 87 33 9 4
82 87 38 3 4
105 87 37 2 4
111 87 35 9 4
116 87 29 7 4
87 93 32 7 4
8 88 18 1 4
12 88 21 8 4
15 88 20 0 4
19 88 33 6 4
23 88 27 2 4
24 88 28 8 4
30 88 19 2 4
48 88 25 2 4
53 88 23 1 4
71 88 30 6 4
74 88 27 2 4
76 88 25 2 4
118 88 15 1 4
127 88 20 3 4
88 94 17 1 4
88 99 27 5 4
8 89 31 1 4
12 89 32 9 4
18 89 30 13 4
19 89 36 11 4
48 89 32 5 4
71 89 35 10 4
77 89 35 4 4
89 94 30 1 4
89 99 30 10 4
91 98 64 12 4
84 92 53 7 4
123 92 51 4 4
92 96 47 23 4
92 99 49 12 4
8 93 22 0 4
15 93 22 0 4
53 93 21 3 4
65 93 26 6 4
74 93 19 7 4
77 93 24 4 4
104 93 32 14 4
116 93 21 5 4
117 93 29 3 4
118 93 19 0 4
93 94 21 0 4
93 95 27 11 4
8 94 7 1 4
15 94 7 1 4
27 94 20 3 4
30 94 10 1 4
44 94 16 1 4
53 94 12 1 4
84 94 16 2 4
88 94 17 1 4
116 94 16 1 4
118 94 4 1 4
122 94 24 2 4
123 94 8 2 4
127 94 13 1 4
94 98 14 3 4
16 95 32 11 4
53 95 36 3 4
93 95 27 11 4
94 95 34 1 4
105 95 34 5 4
111 95 28 14 4
116 95 22 12 4
8 96 41 3 4
30 96 44 3 4
118 96 42 1 4
127 96 43 5 4
15 97 29 1 4
30 97 30 2 4
33 97 26 12 4
44 97 30 5 4
47 97 23 8 4
64 97 28 9 4
65 97 31 8 4
86 97 32 14 4
94 97 28 1 4
100 97 34 8 4
105 97 32 3 4
111 97 30 10 4
116 97 28 6 4
118 97 28 0 4
121 97 31 4 4
127 97 25 6 4
97 98 34 4 4
8 98 21 0 4
15 98 19 1 4
27 98 28 5 4
44 98 26 2 4
48 98 26 2 4
64 98 28 4 4
82 98 25 3 4
84 98 28 2 4
94 98 14 3 4
105 98 18 5 4
116 98 24 3 4
118 98 18 0 4
123 98 20 2 4
8 99 27 0 4
12 99 20 12 4
15 99 27 0 4
18 99 26 12 4
30 99 26 2 4
44 99 32 2 4
47 99 31 2 4
48 99 28 4 4
71 99 25 12 4
77 99 31 3 4
88 99 27 5 4
94 99 26 0 4
100 99 26 10 4
118 99 24 0 4
127 99 25 4 4
100 15 27 1 4
100 30 30 1 4
100 48 32 3 4
100 71 21 15 4
100 77 33 3 4
100 88 33 3 4
100 94 26 1 4
100 105 26 5 4
100 111 26 11 4
100 116 28 5 4
100 118 26 0 4
100 121 25 6 4
100 127 23 6 4
101 47 48 9 4
103 33 27 9 4
103 44 29 3 4
103 55 28 9 4
103 74 31 3 4
103 76 29 3 4
103 88 30 3 4
103 105 25 4 4
103 111 27 9 4
103 112 32 11 4
103 118 23 0 4
103 121 22 6 4
103 127 28 2 4
104 74 33 13 4
104 93 32 14 4
104 95 31 22 4
104 116 43 7 4
105 8 17 0 4
105 15 17 0 4
105 16 24 5 4
105 27 24 5 4
105 33 26 5 4
105 55 25 6 4
105 76 24 1 4
105 82 21 3 4
105 94 16 0 4
105 98 18 5 4
100 105 26 5 4
103 105 25 4 4
105 111 26 5 4
105 116 20 3 4
105 118 14 0 4
105 121 19 3 4
105 127 21 1 4
106 15 29 1 4
106 50 36 4 4
106 66 32 11 4
106 76 28 6 4
106 77 33 4 4
106 123 28 3 4
107 23 19 11 4
107 47 32 3 4
107 74 33 4 4
107 117 21 11 4
107 118 27 0 4
108 15 37 2 4
108 39 36 15 4
108 94 38 1 4
108 118 36 1 4
108 123 30 7 4
109 37 47 21 4
109 61 57 7 4
110 75 53 28 4
111 15 27 1 4
111 33 22 13 4
111 93 31 5 4
111 94 26 1 4
100 111 26 11 4
105 111 26 5 4
111 116 20 9 4
111 118 26 0 4
111 121 21 8 4
111 127 27 4 4
112 15 36 1 4
112 44 37 5 4
112 55 34 12 4
112 94 35 1 4
100 112 35 11 4
103 112 32 11 4
105 112 35 5 4
111 112 35 11 4
112 116 37 5 4
112 121 34 6 4
105 113 49 5 4
115 18 36 15 4
115 77 43 5 4
115 89 44 11 4
116 8 19 0 4
116 15 17 1 4
116 44 24 2 4
116 74 26 2 4
116 77 21 4 4
116 93 21 5 4
116 94 16 1 4
116 98 24 3 4
105 116 20 3 4
111 116 20 9 4
116 118 16 0 4
116 121 25 1 4
116 127 23 1 4
117 23 20 7 4
117 47 25 3 4
117 93 29 3 4
117 94 22 0 4
107 117 21 11 4
117 118 20 0 4
118 8 5 1 4
118 12 22 1 4
118 15 7 0 4
118 30 8 1 4
118 40 20 1 4
118 53 10 1 4
118 84 16 1 4
118 88 15 1 4
118 94 4 1 4
105 118 14 0 4
118 121 13 1 4
118 123 10 0 4
118 127 11 1 4
119 12 34 7 4
119 40 32 7 4
119 47 31 4 4
119 48 32 4 4
119 88 33 4 4
119 94 28 1 4
100 119 34 8 4
10 120 49 19 4
121 8 18 0 4
121 15 18 0 4
121 16 25 5 4
121 27 25 5 4
121 30 21 0 4
121 44 23 2 4
121 76 23 2 4
121 94 17 0 4
103 121 22 6 4
105 121 19 3 4
111 121 21 8 4
116 121 25 1 4
118 121 13 1 4
121 123 21 0 4
121 127 18 3 4
122 8 27 1 4
122 15 27 1 4
122 30 26 3 4
122 44 34 2 4
122 48 32 3 4
122 53 32 1 4
122 81 23 17 4
122 84 30 5 4
122 94 24 2 4
118 122 24 1 4
122 127 33 1 4
123 8 13 0 4
123 15 13 0 4
123 27 24 3 4
123 30 16 0 4
123 53 18 0 4
123 76 18 2 4
123 94 8 2 4
123 98 20 2 4
105 123 20 0 4
106 123 28 3 4
108 123 30 7 4
118 123 10 0 4
123 127 19 0 4
124 40 61 12 4
124 58 57 22 4
125 8 24 4 4
125 61 29 8 4
118 125 29 0 4
123 125 31 2 4
126 23 44 10 4
107 126 39 17 4
117 126 44 11 4
127 8 14 1 4
127 15 16 0 4
127 16 25 4 4
127 20 25 8 4
127 24 28 6 4
127 30 11 4 4
127 53 19 1 4
127 76 23 1 4
127 84 25 1 4
127 88 20 3 4
127 94 13 1 4
127 97 25 6 4
127 99 25 4 4
12 127 25 4 4
100 127 23 6 4
105 127 21 1 4
116 127 23 1 4
118 127 11 1 4
121 127 18 3 4
123 127 19 0 4
128 31 38 15 4
128 40 36 8 4
128 48 38 4 4
118 128 34 0 4
122 128 30 13 4
123 128 34 3 4
129 8 34 2 4
129 50 37 7 4
129 61 37 7 4
129 82 38 5 4
129 94 33 2 4
129 98 35 7 4
118 129 35 0 4
123 129 35 3 4
125 129 38 11 4
130 27 40 7 4
130 33 36 10 4
130 47 33 6 4
130 74 28 10 4
130 94 32 2 4
130 97 36 11 4
103 130 35 9 4
105 130 34 5 4
118 130 32 1 4
