Res1 Res2 NSingle NDouble Method
1 30 57 3 4
1 47 59 4 4
1 83 99 17 4
1 94 51 2 4
1 97 66 11 4
1 98 64 5 4
1 99 63 6 4
1 118 48 2 4
1 123 58 3 4
1 127 56 5 4
15 2 106 2 4
106 2 100 20 4
2 22 110 11 4
2 30 101 8 4
2 84 94 17 4
16 3 72 11 4
23 3 66 7 4
105 3 70 6 4
117 3 65 11 4
118 3 63 1 4
121 3 63 7 4
3 94 64 2 4
11 4 115 21 4
4 8 112 5 4
4 41 116 14 4
15 6 80 1 4
20 6 76 21 4
44 6 81 7 4
105 6 81 7 4
116 6 83 5 4
118 6 78 0 4
121 6 76 7 4
6 8 74 5 4
6 63 71 21 4
6 86 82 23 4
6 94 79 1 4
12 7 55 10 4
15 7 42 0 4
19 7 61 10 4
39 7 60 9 4
42 7 61 5 4
48 7 48 4 4
53 7 49 1 4
61 7 46 9 4
118 7 38 0 4
7 8 38 3 4
7 82 51 3 4
7 89 55 7 4
7 94 41 0 4
7 99 53 4 4
7 8 38 3 4
15 8 14 0 4
23 8 25 0 4
30 8 19 1 4
44 8 27 0 4
47 8 25 0 4
48 8 28 0 4
53 8 21 1 4
61 8 22 7 4
63 8 35 5 4
64 8 33 1 4
76 8 25 0 4
105 8 27 0 4
116 8 25 0 4
118 8 8 1 4
121 8 22 0 4
123 8 22 0 4
125 8 40 5 4
127 8 22 1 4
8 82 23 3 4
8 88 29 1 4
8 94 11 1 4
53 9 89 11 4
123 9 96 7 4
10 42 72 8 4
10 44 64 4 4
10 55 72 8 4
10 72 72 8 4
10 74 61 7 4
10 76 60 5 4
10 87 73 11 4
10 105 64 4 4
10 116 62 4 4
10 123 53 7 4
11 8 51 0 4
11 15 49 0 4
11 22 57 7 4
11 23 54 3 4
11 27 61 6 4
11 41 51 11 4
11 52 75 23 4
11 53 52 3 4
11 74 55 5 4
11 82 58 3 4
11 93 52 6 4
11 94 48 0 4
11 117 57 5 4
11 118 45 0 4
11 123 55 1 4
12 8 45 1 4
100 12 48 15 4
117 12 53 5 4
118 12 39 1 4
12 15 45 0 4
12 18 53 14 4
12 23 48 4 4
12 30 44 4 4
12 48 53 3 4
12 53 52 1 4
12 71 50 14 4
12 77 55 4 4
12 82 44 8 4
12 88 34 14 4
12 94 42 1 4
12 99 44 10 4
12 127 45 5 4
105 14 68 5 4
111 14 73 12 4
116 14 58 9 4
14 15 63 1 4
14 23 66 5 4
14 32 75 14 4
14 44 64 7 4
14 64 64 11 4
14 77 67 8 4
14 93 66 7 4
14 94 62 1 4
14 95 75 14 4
14 97 73 12 4
14 98 69 7 4
15 8 14 0 4
105 15 25 0 4
116 15 23 0 4
117 15 30 0 4
118 15 8 0 4
121 15 20 0 4
123 15 20 0 4
127 15 22 0 4
15 23 23 0 4
15 30 19 0 4
15 44 23 1 4
15 47 23 0 4
15 48 26 0 4
15 53 21 0 4
15 64 31 1 4
15 74 28 0 4
15 76 21 1 4
15 77 30 0 4
15 82 27 0 4
15 88 29 0 4
15 93 27 0 4
15 94 9 1 4
15 98 28 1 4
16 8 39 0 4
15 16 35 1 4
103 16 48 9 4
105 16 32 9 4
111 16 33 18 4
116 16 38 5 4
118 16 33 0 4
121 16 37 4 4
123 16 43 1 4
127 16 37 5 4
16 27 33 14 4
16 30 44 0 4
16 33 42 12 4
16 40 51 4 4
16 44 48 1 4
16 47 46 1 4
16 53 42 2 4
16 55 50 8 4
16 74 47 3 4
16 76 46 1 4
16 93 46 3 4
16 94 34 1 4
17 21 74 21 4
17 23 76 6 4
17 42 80 13 4
18 8 48 1 4
15 18 48 0 4
115 18 57 19 4
117 18 54 6 4
118 18 42 1 4
127 18 50 4 4
18 23 47 6 4
18 30 47 4 4
18 44 55 3 4
18 47 55 2 4
18 48 54 4 4
18 69 51 26 4
18 77 56 5 4
18 88 53 6 4
18 89 51 12 4
18 94 45 1 4
18 99 49 9 4
19 8 51 1 4
12 19 58 13 4
15 19 51 0 4
18 19 61 13 4
117 19 57 6 4
118 19 45 1 4
119 19 63 7 4
130 19 66 11 4
19 23 58 2 4
19 30 56 1 4
19 48 51 7 4
19 74 51 8 4
19 88 54 7 4
19 89 56 11 4
19 93 54 6 4
19 94 48 1 4
19 99 50 10 4
20 8 50 0 4
15 20 46 1 4
16 20 47 13 4
105 20 41 10 4
111 20 44 18 4
116 20 53 3 4
118 20 44 0 4
121 20 44 6 4
127 20 36 11 4
20 23 55 2 4
20 27 46 13 4
20 30 51 2 4
20 44 55 3 4
20 47 57 1 4
20 76 57 1 4
20 94 45 1 4
20 97 52 14 4
20 98 56 5 4
20 99 59 4 4
17 21 74 21 4
118 21 45 1 4
121 21 55 2 4
21 23 56 3 4
21 24 69 11 4
21 44 56 4 4
21 47 56 3 4
21 65 57 9 4
22 8 36 0 4
11 22 57 7 4
15 22 34 0 4
118 22 30 0 4
122 22 52 7 4
125 22 60 5 4
128 22 58 5 4
22 30 41 0 4
22 37 62 10 4
22 41 48 5 4
22 50 45 4 4
22 53 37 3 4
22 76 43 1 4
22 84 42 5 4
22 94 33 0 4
23 8 25 0 4
15 23 23 0 4
18 23 47 6 4
107 23 35 9 4
116 23 34 0 4
117 23 33 4 4
118 23 19 0 4
121 23 31 0 4
123 23 31 0 4
127 23 33 0 4
23 30 30 0 4
23 31 52 9 4
23 42 42 5 4
23 47 34 0 4
23 48 35 1 4
23 50 38 2 4
23 53 32 0 4
23 67 41 5 4
23 74 37 1 4
23 76 34 0 4
23 82 32 3 4
23 93 36 1 4
23 94 22 0 4
24 8 52 1 4
12 24 63 11 4
15 24 52 0 4
20 24 64 12 4
117 24 62 4 4
118 24 46 1 4
127 24 42 10 4
24 30 49 5 4
24 42 65 8 4
24 44 57 4 4
24 53 57 2 4
24 88 47 11 4
24 94 49 1 4
24 99 55 8 4
16 25 53 6 4
116 25 47 2 4
118 25 36 0 4
121 25 44 2 4
127 25 46 2 4
25 53 39 5 4
25 79 65 15 4
25 89 57 5 4
100 26 125 23 4
26 71 129 21 4
26 89 121 22 4
27 8 38 0 4
15 27 34 1 4
16 27 33 14 4
105 27 31 9 4
111 27 36 16 4
116 27 37 5 4
118 27 32 0 4
121 27 34 5 4
123 27 40 2 4
127 27 38 4 4
27 30 43 0 4
27 33 41 12 4
27 41 44 8 4
27 44 47 1 4
27 53 45 0 4
27 55 49 8 4
27 76 45 1 4
27 77 52 1 4
27 84 52 1 4
27 93 47 2 4
27 94 31 2 4
27 98 46 4 4
15 28 57 2 4
103 28 68 11 4
118 28 57 0 4
28 53 56 7 4
28 74 67 5 4
28 76 64 4 4
28 88 66 6 4
100 29 75 11 4
115 29 81 15 4
121 29 62 5 4
29 40 72 7 4
29 48 66 6 4
29 53 67 3 4
29 58 84 13 4
29 71 71 13 4
29 89 73 9 4
29 99 69 7 4
30 8 19 1 4
15 30 19 0 4
23 30 30 0 4
105 30 32 0 4
116 30 30 0 4
118 30 13 1 4
121 30 27 0 4
122 30 41 5 4
123 30 27 0 4
127 30 19 5 4
30 44 32 0 4
30 47 30 0 4
30 48 33 0 4
30 53 26 1 4
30 76 30 0 4
30 84 29 4 4
30 88 32 2 4
30 94 16 1 4
30 99 34 2 4
23 31 52 9 4
107 31 63 13 4
117 31 51 13 4
118 31 55 0 4
128 31 67 13 4
31 40 53 14 4
31 67 65 11 4
32 8 50 1 4
30 32 47 5 4
116 32 55 3 4
118 32 44 1 4
127 32 58 1 4
32 42 61 9 4
32 47 55 3 4
32 53 57 1 4
32 65 56 9 4
32 72 63 8 4
32 77 58 5 4
32 82 59 3 4
32 84 60 4 4
32 89 63 7 4
32 93 59 3 4
32 94 47 1 4
32 99 55 7 4
33 8 43 0 4
15 33 41 0 4
16 33 42 12 4
23 33 50 1 4
27 33 41 12 4
30 33 48 0 4
105 33 36 9 4
111 33 35 19 4
116 33 44 4 4
117 33 49 5 4
118 33 37 0 4
121 33 37 6 4
127 33 45 3 4
33 47 38 7 4
33 55 52 9 4
33 65 41 12 4
33 76 50 1 4
33 93 52 2 4
33 94 40 0 4
30 34 106 7 4
34 99 106 13 4
24 35 107 22 4
125 35 101 23 4
35 57 109 25 4
35 88 106 11 4
35 99 108 11 4
23 36 96 11 4
30 36 100 7 4
36 93 100 11 4
37 8 62 0 4
15 37 60 0 4
22 37 62 10 4
118 37 56 0 4
37 48 68 3 4
37 50 65 7 4
37 53 55 7 4
37 61 62 10 4
37 76 61 5 4
37 77 72 3 4
37 84 64 7 4
37 94 59 0 4
38 8 79 3 4
15 38 81 1 4
108 38 87 21 4
118 38 77 1 4
121 38 83 4 4
123 38 81 5 4
38 98 87 7 4
39 7 60 9 4
39 8 44 3 4
15 39 46 1 4
108 39 66 14 4
116 39 51 4 4
118 39 44 0 4
121 39 48 4 4
39 44 53 4 4
39 61 56 7 4
39 63 59 10 4
39 64 59 5 4
39 65 58 7 4
39 72 63 7 4
39 77 58 4 4
39 82 55 4 4
39 93 53 5 4
39 94 47 0 4
40 8 36 0 4
15 40 34 0 4
16 40 51 4 4
23 40 43 1 4
30 40 41 0 4
31 40 53 14 4
105 40 45 1 4
116 40 43 1 4
118 40 28 1 4
119 40 44 8 4
121 40 40 1 4
123 40 42 0 4
128 40 52 8 4
40 50 49 2 4
40 88 47 2 4
40 94 33 0 4
40 99 49 2 4
41 8 38 0 4
11 41 51 11 4
15 41 36 0 4
22 41 48 5 4
23 41 45 1 4
27 41 44 8 4
30 41 41 1 4
118 41 32 0 4
41 44 43 3 4
41 48 48 1 4
41 67 56 4 4
41 82 47 2 4
41 94 35 0 4
42 8 43 0 4
15 42 41 0 4
16 42 52 7 4
18 42 57 10 4
23 42 42 5 4
116 42 46 3 4
117 42 51 4 4
118 42 37 0 4
42 44 48 3 4
42 53 44 3 4
42 72 56 7 4
42 74 51 3 4
42 77 51 4 4
42 93 48 4 4
42 94 40 0 4
43 84 121 14 4
44 8 27 0 4
15 44 23 1 4
30 44 32 0 4
41 44 43 3 4
103 44 46 4 4
116 44 34 1 4
118 44 21 0 4
121 44 31 1 4
123 44 33 0 4
44 63 44 6 4
44 64 40 3 4
44 66 50 4 4
44 71 48 5 4
44 84 37 3 4
44 94 22 1 4
44 95 47 8 4
44 97 47 5 4
44 98 37 3 4
117 45 77 11 4
118 45 75 1 4
45 53 76 7 4
45 67 69 20 4
45 93 82 7 4
45 94 76 2 4
15 46 59 0 4
20 46 65 15 4
44 46 64 4 4
100 46 60 16 4
116 46 62 4 4
118 46 55 0 4
121 46 53 7 4
127 46 59 5 4
46 48 65 4 4
46 63 58 16 4
46 71 62 15 4
46 77 57 10 4
46 88 66 5 4
46 94 58 0 4
47 8 25 0 4
15 47 23 0 4
23 47 34 0 4
30 47 30 0 4
33 47 38 7 4
116 47 34 0 4
117 47 35 3 4
118 47 19 0 4
119 47 37 6 4
121 47 31 0 4
123 47 31 0 4
127 47 33 0 4
130 47 46 7 4
47 48 35 1 4
47 50 40 1 4
47 53 32 0 4
47 64 34 5 4
47 65 31 8 4
47 74 37 1 4
47 76 34 0 4
47 88 38 1 4
47 94 22 0 4
47 97 39 8 4
47 99 40 1 4
48 7 48 4 4
48 8 28 0 4
15 48 26 0 4
19 48 51 7 4
23 48 35 1 4
30 48 33 0 4
47 48 35 1 4
116 48 37 0 4
118 48 22 0 4
119 48 44 4 4
121 48 34 0 4
123 48 34 0 4
127 48 36 0 4
48 53 35 0 4
48 69 61 10 4
48 71 49 5 4
48 76 37 0 4
48 82 39 1 4
48 88 39 2 4
48 89 43 5 4
48 94 25 0 4
48 98 38 3 4
48 99 33 6 4
42 49 66 11 4
44 49 66 3 4
111 49 63 14 4
116 49 58 6 4
118 49 55 0 4
49 53 64 2 4
49 74 61 7 4
49 93 56 9 4
49 94 58 0 4
49 95 69 14 4
50 8 33 0 4
15 50 31 0 4
22 50 45 4 4
23 50 38 2 4
30 50 38 0 4
47 50 40 1 4
106 50 51 5 4
116 50 40 1 4
118 50 27 0 4
121 50 39 0 4
123 50 39 0 4
129 50 50 10 4
50 53 34 3 4
50 61 45 4 4
50 76 36 3 4
50 81 50 8 4
50 84 43 3 4
50 93 44 1 4
50 94 30 0 4
119 51 93 14 4
51 88 88 12 4
51 99 92 11 4
11 52 75 23 4
123 52 78 7 4
128 52 90 14 4
52 76 85 5 4
53 8 21 1 4
15 53 21 0 4
22 53 37 3 4
25 53 39 5 4
28 53 56 7 4
30 53 26 1 4
37 53 55 7 4
50 53 34 3 4
118 53 15 1 4
121 53 29 0 4
123 53 29 0 4
127 53 29 1 4
53 61 35 4 4
53 76 28 2 4
53 84 33 3 4
53 93 32 2 4
53 94 18 1 4
23 54 87 10 4
107 54 84 21 4
117 54 88 13 4
54 93 89 11 4
55 8 43 0 4
15 55 41 0 4
16 55 50 8 4
27 55 49 8 4
33 55 52 9 4
44 55 48 3 4
47 55 48 2 4
100 55 54 10 4
103 55 44 13 4
105 55 36 9 4
111 55 53 10 4
118 55 37 0 4
121 55 43 3 4
127 55 45 3 4
55 57 49 20 4
55 64 54 4 4
55 94 40 0 4
55 98 49 5 4
15 56 56 1 4
16 56 55 14 4
23 56 53 8 4
27 56 60 11 4
33 56 59 14 4
105 56 55 8 4
107 56 62 13 4
116 56 61 4 4
117 56 62 7 4
118 56 54 0 4
121 56 60 3 4
127 56 62 3 4
56 74 58 8 4
56 82 65 4 4
56 94 55 1 4
57 8 56 3 4
44 57 63 5 4
53 57 63 3 4
55 57 49 20 4
103 57 49 20 4
105 57 59 7 4
112 57 69 14 4
118 57 56 0 4
121 57 56 6 4
57 71 69 12 4
57 82 63 6 4
57 88 67 5 4
57 98 64 7 4
15 58 56 1 4
40 58 64 8 4
44 58 65 3 4
48 58 66 3 4
50 58 67 5 4
118 58 54 0 4
123 58 62 2 4
129 58 71 13 4
58 77 66 5 4
58 82 67 3 4
58 84 66 5 4
58 94 57 0 4
53 59 103 7 4
100 59 101 20 4
121 59 100 8 4
60 7 83 13 4
60 8 71 5 4
60 61 83 9 4
60 89 80 13 4
60 94 70 4 4
61 7 46 9 4
61 8 22 7 4
15 61 34 0 4
23 61 43 1 4
39 61 56 7 4
50 61 45 4 4
53 61 35 4 4
118 61 30 0 4
125 61 50 10 4
61 64 47 4 4
61 72 53 5 4
61 76 41 2 4
61 81 55 7 4
61 82 43 3 4
61 84 46 3 4
61 89 53 4 4
61 94 33 0 4
15 62 84 2 4
53 62 83 7 4
116 62 79 10 4
121 62 74 11 4
62 76 81 9 4
62 87 86 19 4
63 8 35 5 4
15 63 43 0 4
44 63 44 6 4
46 63 58 16 4
61 63 55 5 4
116 63 50 2 4
118 63 39 0 4
121 63 43 4 4
123 63 49 1 4
63 71 52 12 4
63 77 51 5 4
63 88 50 5 4
63 94 42 0 4
64 8 33 1 4
15 64 31 1 4
44 64 40 3 4
47 64 34 5 4
61 64 47 4 4
100 64 52 7 4
105 64 40 3 4
116 64 36 4 4
118 64 29 0 4
119 64 51 4 4
64 65 49 4 4
64 84 45 3 4
64 94 30 1 4
64 95 55 8 4
64 97 43 11 4
64 98 37 7 4
65 8 38 0 4
15 65 36 0 4
23 65 43 2 4
30 65 43 0 4
33 65 41 12 4
47 65 31 8 4
64 65 49 4 4
111 65 52 8 4
116 65 39 4 4
118 65 32 0 4
65 72 51 7 4
65 77 48 3 4
65 93 39 6 4
65 94 35 0 4
15 66 43 1 4
30 66 48 2 4
44 66 50 4 4
64 66 56 5 4
106 66 53 11 4
112 66 64 9 4
116 66 52 2 4
118 66 41 0 4
123 66 43 5 4
127 66 43 6 4
66 76 52 2 4
66 77 57 3 4
66 84 57 3 4
66 88 56 3 4
66 94 42 1 4
66 97 61 8 4
66 98 53 5 4
66 99 56 4 4
67 8 42 0 4
15 67 40 0 4
23 67 41 5 4
44 67 47 3 4
45 67 69 20 4
65 67 54 5 4
107 67 48 11 4
118 67 36 0 4
125 67 62 7 4
67 74 50 3 4
67 82 49 3 4
67 93 49 3 4
67 94 39 0 4
18 68 72 23 4
23 68 73 10 4
107 68 62 25 4
117 68 70 15 4
118 68 78 0 4
15 69 67 0 4
18 69 51 26 4
23 69 66 6 4
48 69 61 10 4
118 69 61 1 4
69 88 70 7 4
69 89 62 16 4
69 94 64 1 4
69 99 64 11 4
70 8 63 3 4
15 70 65 1 4
23 70 68 5 4
39 70 73 15 4
107 70 79 9 4
117 70 75 5 4
118 70 61 1 4
121 70 67 4 4
70 82 70 6 4
70 96 79 22 4
71 8 47 0 4
12 71 50 14 4
15 71 45 0 4
30 71 50 1 4
44 71 48 5 4
48 71 49 5 4
63 71 52 12 4
100 71 38 20 4
105 71 52 3 4
116 71 52 2 4
118 71 41 0 4
121 71 39 7 4
127 71 47 4 4
71 88 52 5 4
71 89 54 9 4
71 94 44 0 4
71 99 42 11 4
72 8 43 0 4
15 72 33 4 4
30 72 48 0 4
42 72 56 7 4
44 72 52 1 4
53 72 44 3 4
61 72 53 5 4
65 72 51 7 4
111 72 55 9 4
116 72 46 3 4
118 72 37 0 4
72 74 47 5 4
72 76 48 2 4
72 82 50 3 4
72 84 47 6 4
72 93 50 3 4
72 94 40 0 4
15 73 62 1 4
44 73 63 7 4
105 73 63 7 4
111 73 66 15 4
116 73 69 3 4
118 73 58 1 4
121 73 54 9 4
73 94 61 1 4
73 98 66 8 4
74 8 30 0 4
15 74 28 0 4
23 74 37 1 4
30 74 35 0 4
47 74 37 1 4
53 74 37 0 4
72 74 47 5 4
116 74 37 1 4
118 74 24 0 4
121 74 36 0 4
123 74 36 0 4
127 74 38 0 4
130 74 41 12 4
74 76 39 0 4
74 88 41 2 4
74 93 27 8 4
74 94 27 0 4
12 75 74 13 4
21 75 78 14 4
23 75 64 7 4
48 75 71 5 4
107 75 67 15 4
117 75 63 11 4
123 75 65 5 4
75 82 64 9 4
76 8 25 0 4
15 76 21 1 4
30 76 30 0 4
50 76 36 3 4
53 76 28 2 4
103 76 46 3 4
105 76 34 1 4
106 76 41 6 4
118 76 19 0 4
121 76 29 1 4
123 76 27 2 4
127 76 31 1 4
76 84 39 1 4
76 88 36 2 4
76 94 22 0 4
77 8 32 0 4
15 77 30 0 4
30 77 37 0 4
44 77 41 1 4
46 77 57 10 4
63 77 51 5 4
65 77 48 3 4
116 77 35 3 4
118 77 26 0 4
77 87 52 7 4
77 93 39 3 4
77 94 29 0 4
77 99 43 3 4
78 8 55 0 4
15 78 51 1 4
27 78 55 11 4
44 78 56 5 4
53 78 56 3 4
64 78 60 7 4
76 78 56 4 4
105 78 52 7 4
111 78 57 14 4
116 78 50 7 4
118 78 49 0 4
121 78 51 5 4
127 78 53 5 4
78 94 50 1 4
78 98 57 7 4
16 79 74 9 4
25 79 65 15 4
40 79 73 8 4
53 79 70 3 4
74 79 67 8 4
79 93 66 8 4
79 94 62 2 4
12 80 78 11 4
19 80 72 17 4
48 80 67 7 4
74 80 69 7 4
123 80 69 3 4
80 88 72 6 4
80 89 70 12 4
80 93 70 6 4
80 94 64 1 4
80 99 66 10 4
8 81 47 1 4
15 81 47 0 4
22 81 61 4 4
23 81 56 1 4
30 81 46 4 4
48 81 57 2 4
50 81 50 8 4
53 81 48 4 4
61 81 55 7 4
76 81 56 1 4
118 81 41 1 4
122 81 41 19 4
127 81 55 1 4
81 84 51 7 4
81 94 44 1 4
8 82 23 3 4
12 82 44 8 4
15 82 27 0 4
23 82 32 3 4
61 82 43 3 4
67 82 49 3 4
75 82 64 9 4
105 82 34 3 4
107 82 49 4 4
117 82 39 3 4
118 82 23 0 4
82 94 26 0 4
82 98 41 2 4
42 83 72 23 4
74 83 77 14 4
116 83 86 7 4
118 83 83 1 4
83 93 82 11 4
8 84 32 0 4
15 84 22 4 4
22 84 42 5 4
23 84 41 0 4
30 84 29 4 4
44 84 37 3 4
47 84 41 0 4
50 84 43 3 4
53 84 33 3 4
61 84 46 3 4
64 84 45 3 4
72 84 47 6 4
76 84 39 1 4
82 84 43 1 4
105 84 43 0 4
116 84 39 1 4
118 84 26 0 4
121 84 38 0 4
123 84 38 0 4
127 84 40 0 4
84 94 27 1 4
84 98 42 3 4
40 85 77 13 4
48 85 75 10 4
71 85 86 14 4
77 85 85 7 4
119 85 85 11 4
121 85 81 4 4
85 99 86 7 4
15 86 58 0 4
20 86 66 14 4
23 86 57 6 4
27 86 56 13 4
44 86 59 6 4
47 86 61 4 4
64 86 65 7 4
71 86 59 16 4
100 86 63 14 4
105 86 61 5 4
111 86 62 14 4
116 86 59 5 4
118 86 54 0 4
121 86 52 7 4
127 86 62 3 4
86 94 57 0 4
86 97 62 14 4
15 87 42 3 4
65 87 58 7 4
72 87 53 12 4
74 87 56 4 4
76 87 55 2 4
77 87 52 7 4
82 87 57 3 4
84 87 52 7 4
116 87 47 6 4
118 87 44 0 4
121 87 52 2 4
123 87 54 1 4
87 88 59 3 4
87 93 53 5 4
87 94 47 0 4
8 88 29 1 4
12 88 34 14 4
15 88 29 0 4
23 88 38 1 4
24 88 47 11 4
30 88 32 2 4
47 88 38 1 4
48 88 39 2 4
53 88 36 1 4
63 88 50 5 4
74 88 41 2 4
76 88 36 2 4
103 88 48 5 4
118 88 23 1 4
119 88 47 4 4
127 88 33 3 4
130 88 50 8 4
88 94 26 1 4
88 99 38 5 4
7 89 55 7 4
8 89 39 1 4
15 89 39 0 4
18 89 51 12 4
19 89 56 11 4
48 89 43 5 4
61 89 53 4 4
69 89 62 16 4
71 89 54 9 4
77 89 51 3 4
118 89 35 0 4
123 89 45 1 4
89 94 36 1 4
89 99 42 8 4
105 91 99 13 4
15 92 78 3 4
50 92 79 12 4
53 92 83 5 4
84 92 78 12 4
123 92 78 7 4
127 92 80 7 4
92 99 81 11 4
8 93 29 0 4
15 93 27 0 4
23 93 36 1 4
30 93 34 0 4
53 93 32 2 4
65 93 39 6 4
74 93 27 8 4
77 93 39 3 4
107 93 45 6 4
116 93 30 4 4
118 93 23 0 4
121 93 35 0 4
123 93 35 0 4
130 93 50 7 4
93 94 26 0 4
93 95 49 8 4
8 94 11 1 4
15 94 9 1 4
23 94 22 0 4
27 94 31 2 4
30 94 16 1 4
44 94 22 1 4
47 94 22 0 4
48 94 25 0 4
53 94 18 1 4
64 94 30 1 4
74 94 27 0 4
76 94 22 0 4
82 94 26 0 4
84 94 27 1 4
88 94 26 1 4
93 94 26 0 4
105 94 24 0 4
116 94 22 0 4
118 94 5 1 4
121 94 19 0 4
123 94 13 3 4
127 94 19 1 4
94 98 21 4 4
8 95 52 0 4
15 95 48 1 4
16 95 51 12 4
27 95 52 11 4
44 95 47 8 4
53 95 53 3 4
64 95 55 8 4
74 95 56 5 4
93 95 49 8 4
94 95 47 1 4
105 95 45 9 4
111 95 50 16 4
116 95 41 10 4
118 95 46 0 4
121 95 54 2 4
95 98 54 7 4
8 96 64 3 4
30 96 67 4 4
88 96 71 7 4
94 96 67 0 4
118 96 62 1 4
121 96 70 3 4
127 96 66 6 4
96 99 73 7 4
8 97 46 0 4
15 97 42 1 4
20 97 52 14 4
23 97 53 1 4
30 97 47 2 4
33 97 51 11 4
44 97 47 5 4
47 97 39 8 4
64 97 43 11 4
84 97 56 3 4
94 97 41 1 4
105 97 47 5 4
111 97 54 11 4
116 97 39 8 4
118 97 40 0 4
121 97 46 3 4
127 97 42 6 4
97 98 48 7 4
97 99 55 4 4
8 98 32 0 4
15 98 28 1 4
27 98 46 4 4
30 98 37 0 4
44 98 37 3 4
48 98 38 3 4
55 98 49 5 4
64 98 37 7 4
82 98 41 2 4
84 98 42 3 4
94 98 21 4 4
97 98 48 7 4
100 98 49 7 4
105 98 31 6 4
116 98 33 4 4
118 98 26 0 4
123 98 32 3 4
8 99 33 0 4
12 99 44 10 4
15 99 31 0 4
18 99 49 9 4
19 99 50 10 4
23 99 40 1 4
30 99 34 2 4
44 99 42 1 4
47 99 40 1 4
48 99 33 6 4
53 99 40 0 4
71 99 42 11 4
77 99 43 3 4
82 99 44 1 4
88 99 38 5 4
89 99 42 8 4
94 99 30 0 4
118 99 27 0 4
121 99 39 0 4
123 99 39 0 4
127 99 33 4 4
100 8 47 0 4
100 15 43 1 4
100 27 47 11 4
100 30 50 1 4
100 44 52 3 4
100 48 51 4 4
100 64 52 7 4
100 71 38 20 4
100 84 57 3 4
100 88 52 5 4
100 94 42 1 4
100 98 49 7 4
100 99 50 7 4
100 105 44 7 4
100 116 46 5 4
100 118 41 0 4
100 121 43 5 4
100 127 41 7 4
101 47 72 11 4
101 65 83 12 4
101 76 84 5 4
101 123 77 7 4
102 63 119 22 4
103 8 43 0 4
103 15 41 0 4
103 16 48 9 4
103 27 47 9 4
103 33 48 11 4
103 44 46 4 4
103 50 54 3 4
103 74 49 4 4
103 76 46 3 4
103 88 48 5 4
103 94 40 0 4
103 105 40 7 4
103 111 45 14 4
103 116 50 1 4
103 118 37 0 4
103 121 39 5 4
103 127 45 3 4
104 53 68 5 4
104 74 57 14 4
104 77 73 7 4
104 82 70 7 4
104 93 62 11 4
104 116 68 6 4
104 117 73 7 4
105 8 27 0 4
105 15 25 0 4
105 16 32 9 4
105 27 31 9 4
105 30 32 0 4
105 33 36 9 4
105 53 34 0 4
105 55 36 9 4
105 64 40 3 4
105 76 34 1 4
105 82 34 3 4
105 94 24 0 4
105 98 31 6 4
105 111 39 9 4
105 116 26 5 4
105 118 21 0 4
105 121 29 2 4
105 123 33 0 4
105 127 33 1 4
106 8 44 0 4
106 15 40 1 4
106 50 51 5 4
106 61 58 3 4
106 66 53 11 4
106 76 41 6 4
106 77 54 3 4
106 88 55 2 4
106 94 41 0 4
106 118 38 0 4
106 121 48 1 4
106 123 42 4 4
107 8 44 0 4
107 15 42 0 4
107 23 35 9 4
107 47 49 2 4
107 67 48 11 4
107 74 50 4 4
107 82 49 4 4
107 93 45 6 4
107 94 41 0 4
107 98 54 3 4
107 117 38 11 4
107 118 38 0 4
107 123 48 1 4
108 8 58 1 4
108 15 54 2 4
108 39 66 14 4
108 76 57 6 4
108 94 55 1 4
106 108 66 11 4
108 118 52 1 4
108 121 58 4 4
108 123 46 10 4
108 125 68 13 4
109 25 82 9 4
109 37 74 23 4
109 50 77 7 4
109 53 75 3 4
109 76 77 3 4
109 89 77 11 4
109 123 74 3 4
110 8 94 7 4
110 23 99 9 4
111 8 46 0 4
111 15 42 1 4
111 16 33 18 4
111 27 36 16 4
111 44 53 2 4
111 74 54 3 4
111 76 53 1 4
111 77 56 3 4
111 93 49 5 4
111 94 41 1 4
111 98 56 3 4
105 111 39 9 4
111 116 39 8 4
111 118 40 0 4
111 121 38 7 4
111 127 46 4 4
112 15 49 0 4
112 27 59 7 4
112 44 52 5 4
112 55 60 9 4
112 74 59 3 4
112 94 48 0 4
112 98 61 3 4
103 112 52 13 4
105 112 54 4 4
112 116 54 3 4
112 118 45 0 4
112 121 47 5 4
112 127 55 2 4
113 40 75 13 4
113 50 78 10 4
113 53 74 7 4
113 94 76 1 4
113 123 79 4 4
113 127 79 5 4
114 23 80 8 4
114 47 78 9 4
114 53 84 5 4
114 93 74 13 4
114 94 82 1 4
107 114 77 19 4
114 116 86 5 4
114 117 79 12 4
114 118 79 1 4
115 18 57 19 4
115 23 60 5 4
115 50 68 5 4
115 77 67 5 4
115 84 67 5 4
115 89 68 9 4
115 99 68 5 4
107 115 71 9 4
115 117 65 6 4
116 8 25 0 4
116 15 23 0 4
116 16 38 5 4
116 27 37 5 4
116 30 30 0 4
116 44 34 1 4
116 50 40 1 4
116 53 32 0 4
116 64 36 4 4
116 74 37 1 4
116 77 35 3 4
116 84 39 1 4
116 93 30 4 4
116 94 22 0 4
116 98 33 4 4
105 116 26 5 4
116 118 19 0 4
116 121 31 0 4
116 123 31 0 4
116 127 31 1 4
117 8 32 0 4
117 15 30 0 4
117 23 33 4 4
117 31 51 13 4
117 33 49 5 4
117 47 35 3 4
117 82 39 3 4
117 93 41 2 4
117 94 29 0 4
107 117 38 11 4
117 118 26 0 4
118 8 8 1 4
118 15 8 0 4
118 23 19 0 4
118 30 13 1 4
118 40 28 1 4
118 44 21 0 4
118 47 19 0 4
118 48 22 0 4
118 53 15 1 4
118 74 24 0 4
118 76 19 0 4
118 82 23 0 4
118 88 23 1 4
118 93 23 0 4
118 94 5 1 4
105 118 21 0 4
116 118 19 0 4
118 121 14 1 4
118 123 16 0 4
118 127 16 1 4
119 15 38 0 4
119 40 44 8 4
119 47 37 6 4
119 48 44 4 4
119 64 51 4 4
119 88 47 4 4
119 94 37 0 4
119 99 49 4 4
100 119 55 8 4
116 119 45 2 4
118 119 34 0 4
120 15 73 2 4
120 41 83 9 4
120 47 78 5 4
120 67 83 11 4
120 72 82 12 4
121 8 22 0 4
121 15 20 0 4
121 16 37 4 4
121 23 31 0 4
121 27 34 5 4
121 30 27 0 4
121 44 31 1 4
121 47 31 0 4
121 53 29 0 4
121 71 39 7 4
121 76 29 1 4
121 94 19 0 4
103 121 39 5 4
105 121 29 2 4
111 121 38 7 4
116 121 31 0 4
118 121 14 1 4
121 123 28 0 4
121 127 26 2 4
122 8 44 1 4
122 15 42 1 4
122 22 52 7 4
122 30 41 5 4
122 44 51 3 4
122 48 54 2 4
122 53 51 1 4
122 64 59 3 4
122 81 41 19 4
122 82 57 1 4
122 84 52 5 4
122 94 39 2 4
122 98 56 3 4
116 122 53 1 4
118 122 38 1 4
122 127 52 1 4
123 8 22 0 4
123 15 20 0 4
123 23 31 0 4
123 27 40 2 4
123 30 27 0 4
123 44 33 0 4
123 47 31 0 4
123 48 34 0 4
123 53 29 0 4
123 66 43 5 4
123 74 36 0 4
123 76 27 2 4
123 82 35 0 4
123 93 35 0 4
123 94 13 3 4
123 98 32 3 4
10 123 53 7 4
105 123 33 0 4
108 123 46 10 4
116 123 31 0 4
118 123 16 0 4
121 123 28 0 4
123 127 30 0 4
124 15 96 2 4
124 40 94 14 4
118 124 94 1 4
125 8 40 5 4
125 15 48 0 4
125 22 60 5 4
125 41 58 7 4
125 61 50 10 4
125 64 59 5 4
125 94 47 0 4
118 125 44 0 4
123 125 50 3 4
126 23 72 8 4
126 47 72 8 4
126 74 71 11 4
126 93 72 10 4
107 126 67 20 4
117 126 71 12 4
127 8 22 1 4
127 15 22 0 4
127 16 37 5 4
127 23 33 0 4
127 27 38 4 4
127 30 19 5 4
127 44 35 0 4
127 47 33 0 4
127 53 29 1 4
127 76 31 1 4
127 88 33 3 4
127 94 19 1 4
127 99 33 4 4
100 127 41 7 4
105 127 33 1 4
116 127 31 1 4
118 127 16 1 4
121 127 26 2 4
123 127 30 0 4
128 8 48 0 4
128 15 46 0 4
128 22 58 5 4
128 31 67 13 4
128 40 52 8 4
128 48 54 3 4
128 76 55 1 4
128 94 45 0 4
118 128 42 0 4
122 128 58 10 4
123 128 46 4 4
129 8 51 1 4
129 15 51 0 4
129 23 58 2 4
129 40 63 5 4
129 50 50 10 4
129 61 61 6 4
129 76 54 4 4
129 82 60 3 4
129 94 48 1 4
129 98 59 5 4
105 129 60 2 4
118 129 47 0 4
123 129 55 2 4
130 8 49 1 4
130 15 47 1 4
130 16 60 7 4
130 47 46 7 4
130 74 41 12 4
130 76 54 3 4
130 88 50 8 4
130 93 50 7 4
130 94 44 2 4
130 97 59 11 4
103 130 56 11 4
105 130 54 4 4
116 130 54 3 4
118 130 43 1 4
127 130 53 3 4
