Res1 Res2 NSingle NDouble Method
7 8 38 3 4
15 8 14 0 4
17 21 74 21 4
11 22 57 7 4
23 8 25 0 4
15 23 23 0 4
18 23 47 6 4
16 27 33 14 4
30 8 19 1 4
15 30 19 0 4
23 30 30 0 4
23 31 52 9 4
16 33 42 12 4
27 33 41 12 4
22 37 62 10 4
39 7 60 9 4
16 40 51 4 4
31 40 53 14 4
11 41 51 11 4
22 41 48 5 4
27 41 44 8 4
23 42 42 5 4
44 8 27 0 4
15 44 23 1 4
30 44 32 0 4
41 44 43 3 4
47 8 25 0 4
15 47 23 0 4
23 47 34 0 4
30 47 30 0 4
33 47 38 7 4
48 7 48 4 4
48 8 28 0 4
15 48 26 0 4
19 48 51 7 4
23 48 35 1 4
30 48 33 0 4
47 48 35 1 4
22 50 45 4 4
23 50 38 2 4
47 50 40 1 4
11 52 75 23 4
53 8 21 1 4
15 53 21 0 4
22 53 37 3 4
25 53 39 5 4
28 53 56 7 4
30 53 26 1 4
37 53 55 7 4
50 53 34 3 4
16 55 50 8 4
27 55 49 8 4
33 55 52 9 4
55 57 49 20 4
61 7 46 9 4
61 8 22 7 4
39 61 56 7 4
50 61 45 4 4
53 61 35 4 4
63 8 35 5 4
44 63 44 6 4
46 63 58 16 4
64 8 33 1 4
15 64 31 1 4
44 64 40 3 4
47 64 34 5 4
61 64 47 4 4
33 65 41 12 4
47 65 31 8 4
64 65 49 4 4
44 66 50 4 4
23 67 41 5 4
45 67 69 20 4
18 69 51 26 4
48 69 61 10 4
12 71 50 14 4
44 71 48 5 4
48 71 49 5 4
63 71 52 12 4
42 72 56 7 4
61 72 53 5 4
65 72 51 7 4
15 74 28 0 4
23 74 37 1 4
47 74 37 1 4
72 74 47 5 4
76 8 25 0 4
15 76 21 1 4
30 76 30 0 4
50 76 36 3 4
53 76 28 2 4
15 77 30 0 4
46 77 57 10 4
63 77 51 5 4
65 77 48 3 4
25 79 65 15 4
50 81 50 8 4
61 81 55 7 4
8 82 23 3 4
12 82 44 8 4
15 82 27 0 4
23 82 32 3 4
61 82 43 3 4
67 82 49 3 4
75 82 64 9 4
22 84 42 5 4
30 84 29 4 4
44 84 37 3 4
50 84 43 3 4
53 84 33 3 4
61 84 46 3 4
64 84 45 3 4
72 84 47 6 4
76 84 39 1 4
77 87 52 7 4
8 88 29 1 4
12 88 34 14 4
15 88 29 0 4
24 88 47 11 4
30 88 32 2 4
47 88 38 1 4
48 88 39 2 4
63 88 50 5 4
74 88 41 2 4
76 88 36 2 4
7 89 55 7 4
18 89 51 12 4
19 89 56 11 4
48 89 43 5 4
61 89 53 4 4
69 89 62 16 4
71 89 54 9 4
15 93 27 0 4
23 93 36 1 4
53 93 32 2 4
65 93 39 6 4
74 93 27 8 4
77 93 39 3 4
8 94 11 1 4
15 94 9 1 4
23 94 22 0 4
27 94 31 2 4
30 94 16 1 4
44 94 22 1 4
47 94 22 0 4
48 94 25 0 4
53 94 18 1 4
64 94 30 1 4
74 94 27 0 4
76 94 22 0 4
82 94 26 0 4
84 94 27 1 4
88 94 26 1 4
93 94 26 0 4
44 95 47 8 4
64 95 55 8 4
93 95 49 8 4
20 97 52 14 4
44 97 47 5 4
47 97 39 8 4
64 97 43 11 4
15 98 28 1 4
27 98 46 4 4
44 98 37 3 4
48 98 38 3 4
55 98 49 5 4
64 98 37 7 4
82 98 41 2 4
84 98 42 3 4
94 98 21 4 4
97 98 48 7 4
12 99 44 10 4
18 99 49 9 4
19 99 50 10 4
30 99 34 2 4
47 99 40 1 4
48 99 33 6 4
71 99 42 11 4
77 99 43 3 4
88 99 38 5 4
89 99 42 8 4
100 64 52 7 4
100 71 38 20 4
100 98 49 7 4
103 16 48 9 4
103 44 46 4 4
103 76 46 3 4
103 88 48 5 4
105 8 27 0 4
105 15 25 0 4
105 16 32 9 4
105 27 31 9 4
105 30 32 0 4
105 33 36 9 4
105 55 36 9 4
105 64 40 3 4
105 76 34 1 4
105 82 34 3 4
105 94 24 0 4
105 98 31 6 4
106 50 51 5 4
106 66 53 11 4
106 76 41 6 4
107 23 35 9 4
107 67 48 11 4
107 82 49 4 4
107 93 45 6 4
108 39 66 14 4
111 16 33 18 4
111 27 36 16 4
105 111 39 9 4
115 18 57 19 4
116 8 25 0 4
116 15 23 0 4
116 16 38 5 4
116 27 37 5 4
116 30 30 0 4
116 44 34 1 4
116 50 40 1 4
116 64 36 4 4
116 74 37 1 4
116 77 35 3 4
116 84 39 1 4
116 93 30 4 4
116 94 22 0 4
116 98 33 4 4
105 116 26 5 4
117 15 30 0 4
117 23 33 4 4
117 31 51 13 4
117 33 49 5 4
117 47 35 3 4
117 82 39 3 4
107 117 38 11 4
118 8 8 1 4
118 15 8 0 4
118 23 19 0 4
118 30 13 1 4
118 40 28 1 4
118 44 21 0 4
118 47 19 0 4
118 48 22 0 4
118 53 15 1 4
118 74 24 0 4
118 76 19 0 4
118 82 23 0 4
118 88 23 1 4
118 93 23 0 4
118 94 5 1 4
105 118 21 0 4
116 118 19 0 4
119 40 44 8 4
119 47 37 6 4
119 48 44 4 4
119 64 51 4 4
119 88 47 4 4
121 8 22 0 4
121 15 20 0 4
121 16 37 4 4
121 23 31 0 4
121 27 34 5 4
121 30 27 0 4
121 44 31 1 4
121 47 31 0 4
121 53 29 0 4
121 71 39 7 4
121 76 29 1 4
121 94 19 0 4
103 121 39 5 4
105 121 29 2 4
111 121 38 7 4
116 121 31 0 4
118 121 14 1 4
122 22 52 7 4
122 30 41 5 4
122 81 41 19 4
123 8 22 0 4
123 15 20 0 4
123 23 31 0 4
123 27 40 2 4
123 30 27 0 4
123 44 33 0 4
123 47 31 0 4
123 48 34 0 4
123 53 29 0 4
123 66 43 5 4
123 74 36 0 4
123 76 27 2 4
123 93 35 0 4
123 94 13 3 4
123 98 32 3 4
10 123 53 7 4
105 123 33 0 4
108 123 46 10 4
116 123 31 0 4
118 123 16 0 4
121 123 28 0 4
125 8 40 5 4
125 22 60 5 4
125 61 50 10 4
127 8 22 1 4
127 15 22 0 4
127 16 37 5 4
127 23 33 0 4
127 27 38 4 4
127 30 19 5 4
127 47 33 0 4
127 53 29 1 4
127 76 31 1 4
127 88 33 3 4
127 94 19 1 4
127 99 33 4 4
100 127 41 7 4
105 127 33 1 4
116 127 31 1 4
118 127 16 1 4
121 127 26 2 4
123 127 30 0 4
128 22 58 5 4
128 31 67 13 4
128 40 52 8 4
129 50 50 10 4
130 47 46 7 4
130 74 41 12 4
130 88 50 8 4
130 93 50 7 4
