Res1 Res2 NSingle NDouble Method
10 12 6 1 6
11 12 6 1 6
10 22 6 1 6
11 22 6 1 6
12 22 2 1 6
22 50 6 1 6
12 52 4 0 6
22 52 4 0 6
17 55 10 5 6
12 56 8 1 6
22 56 8 1 6
12 58 4 0 6
15 58 12 2 6
22 58 4 0 6
52 58 4 0 6
50 75 10 5 6
11 80 9 1 6
12 80 5 1 6
22 80 5 1 6
81 88 14 22 6
21 94 21 14 6
102 52 5 1 6
102 58 7 0 6
102 80 8 1 6
107 12 4 0 6
107 22 4 0 6
107 52 4 0 6
107 58 4 0 6
108 11 10 2 6
108 12 8 1 6
108 50 6 4 6
111 30 14 6 6
113 12 5 1 6
113 22 5 1 6
113 58 7 0 6
104 113 10 3 6
115 12 3 1 6
115 22 3 1 6
115 50 7 1 6
115 52 5 0 6
115 56 9 1 6
115 58 5 0 6
115 80 6 1 6
10 115 7 1 6
11 115 7 1 6
107 115 5 0 6
113 115 6 1 6
118 48 11 7 6
103 118 6 13 6
103 129 5 14 6
118 129 7 13 6
