Res1 Res2 NSingle NDouble Method
10 11 14 1 6
10 12 9 1 6
11 12 7 1 6
12 17 11 0 6
10 22 10 1 6
11 22 8 1 6
12 22 3 1 6
15 22 19 2 6
17 22 12 0 6
12 23 12 0 6
30 8 28 7 6
11 50 15 1 6
22 50 11 1 6
10 52 11 0 6
11 52 9 0 6
12 52 4 0 6
17 52 11 0 6
22 52 5 0 6
23 52 12 0 6
50 52 12 0 6
12 55 21 1 6
17 55 18 6 6
10 56 16 1 6
11 56 12 2 6
12 56 9 1 6
22 56 10 1 6
50 56 17 1 6
52 56 11 0 6
10 58 12 0 6
11 58 10 0 6
12 58 5 0 6
15 58 17 3 6
17 58 12 0 6
22 58 6 0 6
23 58 13 0 6
50 58 13 0 6
52 58 5 0 6
56 58 12 0 6
22 67 25 2 6
10 75 24 2 6
50 75 17 6 6
30 77 18 7 6
11 78 25 2 6
56 79 17 3 6
10 80 13 1 6
11 80 11 1 6
12 80 6 1 6
22 80 7 1 6
30 80 17 1 6
50 80 14 1 6
52 80 8 0 6
55 80 23 2 6
56 80 13 1 6
58 80 9 0 6
56 82 18 3 6
17 83 30 4 6
30 87 23 7 6
58 89 24 1 6
10 91 23 4 6
15 96 21 9 6
102 12 7 0 6
102 17 14 0 6
102 22 8 0 6
102 23 15 0 6
102 30 14 2 6
102 48 11 3 6
102 50 15 0 6
102 52 5 1 6
102 56 14 0 6
102 58 8 0 6
102 63 18 2 6
102 77 16 4 6
10 102 14 0 6
103 48 18 9 6
105 78 27 4 6
102 105 14 2 6
107 11 9 0 6
107 12 4 0 6
107 17 11 0 6
107 22 5 0 6
107 23 10 1 6
107 27 25 1 6
107 50 12 0 6
107 52 4 0 6
107 56 11 0 6
107 58 5 0 6
107 80 8 0 6
10 107 11 0 6
102 107 7 0 6
108 11 12 3 6
108 12 11 1 6
108 50 9 6 6
108 52 13 0 6
108 58 14 0 6
108 79 21 2 6
107 108 13 0 6
111 22 22 3 6
111 26 32 12 6
113 12 8 1 6
113 22 9 1 6
113 52 10 0 6
113 58 11 0 6
113 67 28 3 6
113 80 12 1 6
11 113 13 1 6
102 113 13 0 6
107 113 10 0 6
115 12 4 1 6
115 17 13 0 6
115 22 5 1 6
115 50 12 1 6
115 52 6 0 6
115 56 11 1 6
115 58 7 0 6
115 80 8 1 6
115 83 29 2 6
10 115 11 1 6
11 115 9 1 6
102 115 9 0 6
104 115 15 3 6
107 115 6 0 6
113 115 10 1 6
119 50 25 4 6
121 22 12 0 6
121 48 17 2 6
121 52 11 0 6
121 56 16 1 6
121 58 12 0 6
12 121 11 0 6
107 121 11 0 6
115 121 13 0 6
126 17 20 5 6
129 30 25 7 6
