Res1 Res2 NSingle NDouble Method
117 2 4 4 6
126 2 4 4 6
128 4 4 12 6
6 96 4 10 6
122 8 3 9 6
105 9 8 13 6
14 17 5 10 6
108 32 4 7 6
122 39 5 8 6
32 52 5 6 6
45 56 5 17 6
106 59 4 10 6
125 59 7 9 6
67 68 7 15 6
67 95 0 17 6
54 90 4 5 6
54 91 4 5 6
67 95 0 17 6
68 95 7 15 6
116 98 6 9 6
107 99 5 7 6
110 99 5 7 6
111 99 4 7 6
100 123 1 11 6
101 108 2 8 6
102 127 0 9 6
106 59 4 10 6
106 125 3 11 6
108 32 4 7 6
101 108 2 8 6
106 109 2 12 6
109 125 5 11 6
112 118 1 14 6
116 77 9 10 6
117 2 4 4 6
101 117 5 5 6
108 117 7 4 6
117 126 0 6 6
118 86 6 12 6
122 8 3 9 6
100 123 1 11 6
106 125 3 11 6
109 125 5 11 6
126 2 4 4 6
101 126 5 5 6
108 126 7 4 6
117 126 0 6 6
102 127 0 9 6
128 4 4 12 6
