Res1 Res2 NSingle NDouble Method
14 17 6 11 6
14 17 6 11 6
18 27 20 15 6
4 59 13 8 6
45 67 19 12 6
75 85 14 9 6
80 88 18 24 6
85 92 10 11 6
112 86 11 11 6
46 87 15 15 6
43 89 19 15 6
14 93 10 12 6
88 94 19 23 6
45 95 19 12 6
116 98 11 7 6
100 112 15 8 6
101 2 7 5 6
101 108 4 8 6
102 52 11 4 6
106 77 12 10 6
106 120 12 8 6
102 107 8 8 6
107 127 8 8 6
108 99 9 5 6
109 4 14 9 6
102 110 8 8 6
110 127 8 8 6
111 99 8 6 6
112 58 10 12 6
105 113 18 13 6
105 115 18 13 6
116 98 11 7 6
118 86 7 12 6
112 120 13 9 6
111 122 7 8 6
118 123 13 7 6
120 125 12 8 6
125 128 14 8 6
127 52 11 4 6
112 128 11 11 6
129 32 9 5 6
101 129 9 5 6
102 129 9 5 6
127 129 9 5 6
