1	34
10	11
10	111
10	115
10	12
10	120
10	121
10	18
10	24
10	48
10	52
10	56
10	58
10	78
10	82
10	91
10	95
11	12
11	121
11	125
11	18
11	21
11	48
11	50
11	58
11	82
11	91
11	95
111	12
111	120
111	18
111	24
111	52
111	56
111	58
113	24
113	50
113	80
113	82
113	93
113	95
115	12
115	120
115	18
115	48
115	50
115	52
115	56
115	58
115	78
115	8
115	80
115	82
115	91
115	95
12	120
12	18
12	24
12	38
12	48
12	50
12	52
12	56
12	58
12	62
12	78
12	8
12	82
12	91
120	121
120	24
120	48
120	50
120	52
120	56
120	58
120	78
120	80
120	82
120	91
120	95
121	18
121	22
121	24
121	50
121	52
121	56
121	58
121	82
121	91
121	93
121	95
125	38
125	46
125	78
125	80
125	82
125	91
125	93
18	34
18	56
18	58
18	78
18	80
18	82
18	91
18	95
21	52
22	50
22	52
22	54
22	82
22	93
22	95
23	54
23	95
24	54
24	56
24	58
24	82
24	93
24	95
34	80
36	46
36	54
44	93
46	93
48	52
48	56
48	58
48	78
48	82
50	56
50	8
50	93
52	56
52	58
52	78
52	82
52	91
52	95
54	56
54	58
54	82
54	93
56	58
56	78
56	80
56	82
56	91
56	95
58	78
58	80
58	82
58	91
58	93
58	95
78	82
78	95
80	82
80	91
80	93
80	95
82	91
82	95
91	93
91	95
