Res1 Res2 NSingle NDouble Method
10 11 218 7 7
12 8 278 11 7
10 12 174 8 7
11 12 226 10 7
17 9 384 29 7
10 18 197 4 7
11 18 245 8 7
12 18 209 5 7
21 8 354 21 7
11 21 310 16 7
11 22 285 7 7
21 22 325 14 7
10 23 219 4 7
12 23 233 4 7
18 23 242 7 7
24 8 244 9 7
10 24 144 4 7
11 24 196 6 7
12 24 158 4 7
18 24 173 4 7
22 24 211 4 7
23 24 195 4 7
23 26 351 21 7
1 34 371 30 7
18 34 277 16 7
22 34 325 11 7
12 38 265 8 7
18 38 272 12 7
12 46 276 8 7
36 46 324 43 7
10 48 199 2 7
11 48 247 6 7
12 48 205 6 7
24 48 175 2 7
50 8 316 18 7
11 50 280 9 7
12 50 244 6 7
22 50 289 10 7
24 50 212 3 7
36 50 342 16 7
10 52 175 5 7
11 52 233 4 7
12 52 189 5 7
18 52 214 0 7
21 52 279 8 7
22 52 234 9 7
24 52 159 1 7
48 52 198 7 7
50 52 243 4 7
22 54 284 9 7
23 54 270 8 7
24 54 199 6 7
36 54 329 19 7
46 54 315 11 7
52 54 238 3 7
10 56 132 3 7
11 56 184 5 7
12 56 148 2 7
18 56 159 4 7
23 56 179 5 7
24 56 106 4 7
48 56 155 5 7
50 56 200 2 7
52 56 139 4 7
54 56 181 8 7
10 58 190 3 7
11 58 240 6 7
12 58 202 4 7
18 58 205 10 7
21 58 282 12 7
23 58 239 4 7
24 58 162 5 7
48 58 219 2 7
52 58 195 5 7
54 58 245 5 7
56 58 150 4 7
12 62 295 18 7
57 76 437 53 7
78 8 289 9 7
10 78 195 1 7
11 78 245 4 7
12 78 199 6 7
18 78 214 6 7
24 78 167 3 7
48 78 212 6 7
52 78 202 2 7
56 78 155 2 7
58 78 211 3 7
8 80 287 11 7
10 80 197 1 7
12 80 209 2 7
18 80 206 11 7
24 80 171 2 7
34 80 279 12 7
44 80 299 19 7
52 80 206 1 7
56 80 155 3 7
58 80 207 6 7
78 80 214 3 7
10 82 147 5 7
11 82 193 10 7
12 82 167 2 7
18 82 182 2 7
21 82 253 7 7
22 82 214 5 7
23 82 204 2 7
24 82 125 4 7
34 82 251 5 7
46 82 247 6 7
48 82 176 4 7
50 82 219 2 7
52 82 154 6 7
54 82 194 11 7
56 82 109 5 7
58 82 175 1 7
78 82 176 1 7
80 82 178 1 7
10 91 202 5 7
11 91 252 8 7
12 91 214 6 7
18 91 225 8 7
24 91 186 1 7
50 91 268 5 7
52 91 201 10 7
56 91 162 6 7
58 91 212 10 7
78 91 229 2 7
80 91 221 7 7
82 91 187 3 7
22 93 280 13 7
24 93 201 7 7
28 93 338 20 7
44 93 337 20 7
46 93 311 15 7
50 93 269 18 7
54 93 260 19 7
56 93 193 4 7
58 93 237 11 7
80 93 242 10 7
82 93 216 2 7
91 93 265 5 7
10 95 169 6 7
11 95 227 5 7
18 95 200 5 7
22 95 236 6 7
23 95 224 4 7
24 95 147 5 7
26 95 317 15 7
46 95 263 10 7
48 95 204 2 7
52 95 186 2 7
56 95 131 6 7
58 95 193 4 7
78 95 186 8 7
80 95 196 4 7
82 95 156 3 7
91 95 207 5 7
93 95 234 5 7
111 12 229 6 7
111 18 242 7 7
111 24 193 5 7
111 52 222 7 7
111 56 177 6 7
111 58 225 11 7
111 78 238 5 7
111 80 240 5 7
111 82 206 1 7
10 111 223 2 7
113 22 298 7 7
113 24 213 4 7
113 50 281 15 7
113 52 246 4 7
113 56 203 2 7
113 78 256 5 7
113 80 248 10 7
113 82 218 4 7
113 93 292 8 7
113 95 236 7 7
115 8 291 16 7
115 12 209 9 7
115 18 234 4 7
115 23 250 7 7
115 24 183 3 7
115 48 216 12 7
115 50 253 13 7
115 52 210 6 7
115 56 169 3 7
115 58 223 5 7
115 78 218 8 7
115 80 220 8 7
115 82 190 2 7
115 91 233 8 7
115 95 212 3 7
10 115 207 3 7
120 18 195 1 7
120 24 140 2 7
120 48 181 7 7
120 50 218 8 7
120 52 169 4 7
120 56 126 2 7
120 58 186 1 7
120 78 185 2 7
120 80 187 2 7
120 82 145 2 7
120 91 190 7 7
120 95 169 2 7
10 120 160 4 7
11 120 212 6 7
12 120 172 5 7
111 120 211 4 7
115 120 197 4 7
121 8 293 11 7
121 18 226 4 7
121 21 295 10 7
121 22 256 8 7
121 24 171 5 7
121 50 251 10 7
121 52 200 7 7
121 56 157 5 7
121 58 219 3 7
121 82 182 2 7
121 91 227 7 7
121 93 254 7 7
121 95 202 4 7
10 121 197 4 7
11 121 239 11 7
12 121 213 3 7
113 121 258 8 7
115 121 232 5 7
120 121 191 3 7
125 24 201 6 7
125 38 302 13 7
125 46 309 15 7
125 50 287 8 7
125 56 193 3 7
125 58 243 7 7
125 78 238 10 7
125 80 248 6 7
125 82 206 6 7
125 91 257 8 7
125 93 252 24 7
125 95 230 6 7
11 125 263 15 7
113 125 288 9 7
120 125 221 4 7
121 125 252 7 7
