Res1 Res2 NSingle NDouble Method
10 11 156 7 7
12 8 196 14 7
10 12 130 6 7
11 12 162 9 7
10 18 140 6 7
11 18 168 11 7
12 18 148 7 7
11 21 219 16 7
10 24 109 4 7
12 24 117 5 7
1 34 243 32 7
18 34 191 16 7
11 38 207 11 7
12 38 175 13 7
36 46 212 40 7
10 48 147 3 7
11 48 177 7 7
12 48 147 8 7
50 8 224 15 7
11 50 194 8 7
12 50 168 7 7
22 50 192 12 7
46 50 215 13 7
10 52 127 5 7
12 52 135 6 7
21 52 198 10 7
22 52 163 9 7
48 52 144 7 7
22 54 197 13 7
23 54 199 10 7
24 54 148 8 7
36 54 226 22 7
10 56 98 3 7
12 56 106 4 7
18 56 116 4 7
24 56 81 4 7
48 56 115 5 7
50 56 138 3 7
52 56 101 4 7
54 56 133 9 7
10 58 136 5 7
11 58 170 7 7
12 58 144 6 7
18 58 146 10 7
24 58 121 5 7
48 58 153 7 7
52 58 137 7 7
54 58 177 8 7
56 58 110 4 7
12 62 203 16 7
10 78 143 1 7
12 78 143 6 7
18 78 151 7 7
44 78 207 12 7
48 78 152 7 7
52 78 146 2 7
56 78 111 3 7
58 78 151 4 7
18 80 147 8 7
34 80 190 12 7
56 80 109 3 7
58 80 143 7 7
10 82 113 5 7
11 82 139 11 7
12 82 129 2 7
18 82 135 4 7
22 82 159 4 7
24 82 100 4 7
48 82 130 7 7
52 82 114 7 7
54 82 144 13 7
56 82 81 7 7
58 82 131 3 7
78 82 132 2 7
80 82 130 2 7
10 91 148 4 7
11 91 176 9 7
12 91 154 6 7
18 91 156 10 7
21 91 209 14 7
34 91 201 13 7
38 91 197 9 7
52 91 141 10 7
56 91 114 7 7
58 91 150 10 7
80 91 155 6 7
82 91 139 4 7
22 93 192 13 7
24 93 145 7 7
44 93 218 21 7
46 93 213 15 7
48 93 183 6 7
50 93 188 13 7
54 93 183 19 7
58 93 172 8 7
80 93 169 8 7
91 93 184 7 7
10 95 124 6 7
11 95 162 6 7
18 95 144 6 7
22 95 162 9 7
23 95 164 6 7
24 95 111 5 7
52 95 135 3 7
56 95 96 6 7
58 95 140 5 7
78 95 131 9 7
80 95 139 4 7
82 95 121 3 7
91 95 146 7 7
111 12 158 5 7
111 18 164 7 7
111 24 133 5 7
111 52 151 6 7
111 56 120 5 7
111 58 156 8 7
10 111 152 3 7
113 24 152 6 7
113 48 186 7 7
113 50 193 13 7
113 80 172 9 7
113 82 158 6 7
113 93 197 12 7
113 95 169 7 7
115 8 206 17 7
115 12 148 10 7
115 18 160 9 7
115 48 157 11 7
115 50 170 14 7
115 52 151 6 7
115 56 122 4 7
115 58 158 7 7
115 78 153 9 7
115 80 151 9 7
115 82 143 3 7
115 91 160 11 7
115 95 146 8 7
10 115 150 4 7
120 24 102 3 7
120 28 202 10 7
120 48 132 6 7
120 50 149 7 7
120 52 120 4 7
120 56 89 3 7
120 58 133 2 7
120 78 130 3 7
120 80 130 2 7
120 82 110 2 7
120 91 135 6 7
120 95 123 2 7
10 120 115 4 7
12 120 123 5 7
111 120 139 5 7
115 120 137 6 7
121 18 163 8 7
121 22 183 10 7
121 24 134 5 7
121 48 166 7 7
121 50 173 13 7
121 52 152 6 7
121 56 121 5 7
121 57 220 18 7
121 58 163 5 7
121 82 144 3 7
121 91 159 12 7
121 93 179 11 7
121 95 153 5 7
10 121 149 5 7
11 121 171 13 7
120 121 140 5 7
125 38 210 15 7
125 46 222 14 7
125 78 170 12 7
125 80 174 9 7
125 82 160 6 7
125 91 183 11 7
125 93 187 18 7
11 125 183 18 7
