Res1 Res2 NSingle NDouble Method
1 11 361 11 7
1 12 319 11 7
1 18 334 11 7
1 21 395 21 7
1 24 299 2 7
1 34 371 30 7
1 38 378 20 7
1 50 365 14 7
1 52 328 4 7
1 56 285 2 7
1 78 338 5 7
1 80 340 5 7
1 82 292 8 7
1 91 323 20 7
1 120 313 3 7
1 125 366 11 7
10 2 468 12 7
115 2 479 25 7
2 9 532 45 7
2 23 495 24 7
2 38 517 33 7
2 56 444 5 7
2 80 477 19 7
3 9 497 55 7
3 56 423 8 7
3 66 498 55 7
3 80 450 25 7
3 82 438 10 7
120 4 425 13 7
4 7 525 60 7
4 9 515 37 7
4 48 440 23 7
4 54 468 25 7
4 82 422 9 7
18 5 410 17 7
44 5 455 49 7
111 5 432 17 7
5 52 402 11 7
5 54 418 28 7
5 56 361 8 7
5 62 478 39 7
5 79 489 48 7
5 82 386 5 7
38 6 491 39 7
115 6 475 20 7
120 6 442 14 7
10 7 340 11 7
12 7 358 9 7
18 7 369 11 7
23 7 377 18 7
24 7 326 6 7
50 7 400 14 7
54 7 369 26 7
56 7 314 5 7
7 9 436 28 7
7 95 353 7 7
10 8 276 5 7
12 8 278 11 7
18 8 297 9 7
21 8 354 21 7
24 8 244 9 7
48 8 299 7 7
50 8 316 18 7
56 8 232 8 7
58 8 292 7 7
78 8 289 9 7
115 8 291 16 7
120 8 270 4 7
121 8 293 11 7
8 80 287 11 7
8 82 257 5 7
10 9 286 10 7
12 9 302 9 7
17 9 384 29 7
23 9 337 10 7
24 9 276 3 7
38 9 361 18 7
56 9 264 2 7
58 9 314 6 7
78 9 313 7 7
9 91 316 13 7
9 95 295 8 7
10 11 218 7 7
10 12 174 8 7
10 18 197 4 7
10 23 219 4 7
10 24 144 4 7
10 48 199 2 7
10 52 175 5 7
10 56 132 3 7
10 58 190 3 7
10 78 195 1 7
10 80 197 1 7
10 82 147 5 7
10 91 202 5 7
10 95 169 6 7
10 111 223 2 7
10 115 207 3 7
10 120 160 4 7
10 121 197 4 7
10 11 218 7 7
11 12 226 10 7
11 18 245 8 7
11 21 310 16 7
11 22 285 7 7
11 24 196 6 7
11 48 247 6 7
11 50 280 9 7
11 52 233 4 7
11 56 184 5 7
11 58 240 6 7
11 78 245 4 7
11 80 249 3 7
11 82 193 10 7
11 91 252 8 7
11 95 227 5 7
11 115 259 5 7
11 120 212 6 7
11 121 239 11 7
11 125 263 15 7
12 8 278 11 7
10 12 174 8 7
11 12 226 10 7
111 12 229 6 7
115 12 209 9 7
12 18 209 5 7
12 23 233 4 7
12 24 158 4 7
12 38 265 8 7
12 46 276 8 7
12 48 205 6 7
12 50 244 6 7
12 52 189 5 7
12 56 148 2 7
12 58 202 4 7
12 62 295 18 7
12 78 199 6 7
12 80 209 2 7
12 82 167 2 7
12 91 214 6 7
12 95 193 1 7
12 120 172 5 7
12 121 213 3 7
10 13 527 19 7
13 38 584 36 7
13 58 531 27 7
13 91 547 27 7
14 8 414 27 7
11 14 382 16 7
12 14 358 7 7
111 14 379 15 7
120 14 334 8 7
121 14 345 21 7
14 21 402 33 7
14 22 397 14 7
14 24 326 4 7
14 52 347 10 7
14 56 314 3 7
14 78 361 9 7
14 95 343 10 7
10 15 364 10 7
115 15 351 35 7
15 48 371 20 7
15 58 372 16 7
15 66 433 41 7
15 91 386 17 7
10 16 377 17 7
12 16 399 13 7
115 16 398 25 7
16 18 376 32 7
16 24 379 4 7
16 56 357 8 7
16 58 405 13 7
16 62 456 48 7
16 80 402 16 7
17 9 384 29 7
10 17 302 5 7
115 17 327 11 7
121 17 321 10 7
17 18 325 8 7
17 24 282 3 7
17 54 345 13 7
17 56 270 2 7
17 80 311 12 7
17 95 305 6 7
10 18 197 4 7
11 18 245 8 7
12 18 209 5 7
111 18 242 7 7
115 18 234 4 7
120 18 195 1 7
121 18 226 4 7
18 23 242 7 7
18 24 173 4 7
18 34 277 16 7
18 38 272 12 7
18 48 226 3 7
18 52 214 0 7
18 56 159 4 7
18 58 205 10 7
18 78 214 6 7
18 80 206 11 7
18 82 182 2 7
18 91 225 8 7
18 95 200 5 7
11 19 475 19 7
19 23 468 20 7
19 24 409 12 7
19 36 501 44 7
19 58 441 18 7
20 9 470 39 7
125 20 433 23 7
20 21 456 36 7
20 38 451 29 7
20 46 450 35 7
20 56 364 8 7
20 78 415 12 7
20 81 475 47 7
21 8 354 21 7
10 21 282 2 7
11 21 310 16 7
12 21 292 4 7
113 21 335 10 7
120 21 276 1 7
121 21 295 10 7
21 22 325 14 7
21 24 256 3 7
21 52 279 8 7
21 56 240 4 7
21 58 282 12 7
21 80 303 3 7
21 82 253 7 7
21 91 302 10 7
21 93 325 12 7
21 95 289 1 7
10 22 235 4 7
11 22 285 7 7
12 22 253 2 7
21 22 325 14 7
113 22 298 7 7
115 22 268 6 7
120 22 229 3 7
121 22 256 8 7
125 22 294 5 7
22 24 211 4 7
22 34 325 11 7
22 50 289 10 7
22 52 234 9 7
22 54 284 9 7
22 56 197 4 7
22 58 259 2 7
22 78 260 2 7
22 80 264 1 7
22 82 214 5 7
22 91 273 3 7
22 93 280 13 7
22 95 236 6 7
10 23 219 4 7
12 23 233 4 7
18 23 242 7 7
115 23 250 7 7
120 23 215 2 7
23 24 195 4 7
23 26 351 21 7
23 48 244 5 7
23 54 270 8 7
23 56 179 5 7
23 58 239 4 7
23 82 204 2 7
23 95 224 4 7
24 8 244 9 7
10 24 144 4 7
11 24 196 6 7
12 24 158 4 7
18 24 173 4 7
22 24 211 4 7
23 24 195 4 7
111 24 193 5 7
113 24 213 4 7
115 24 183 3 7
120 24 140 2 7
121 24 171 5 7
125 24 201 6 7
24 48 175 2 7
24 50 212 3 7
24 52 159 1 7
24 54 199 6 7
24 56 106 4 7
24 58 162 5 7
24 78 167 3 7
24 80 171 2 7
24 82 125 4 7
24 91 186 1 7
24 93 201 7 7
24 95 147 5 7
25 9 468 33 7
10 25 388 8 7
24 25 366 7 7
120 25 382 7 7
125 25 431 17 7
25 38 413 41 7
25 56 356 5 7
25 58 400 12 7
25 66 453 41 7
25 82 367 9 7
25 91 400 20 7
10 26 312 15 7
18 26 351 10 7
23 26 351 21 7
24 26 308 5 7
111 26 357 18 7
26 95 317 15 7
10 27 321 18 7
12 27 357 7 7
18 27 344 21 7
24 27 323 5 7
111 27 380 14 7
120 27 343 3 7
125 27 392 13 7
27 44 427 34 7
27 46 399 30 7
27 52 350 8 7
27 54 390 13 7
27 56 293 13 7
27 58 339 19 7
27 80 360 10 7
27 82 326 6 7
27 93 366 27 7
27 95 344 9 7
10 28 297 9 7
11 28 345 13 7
23 28 344 11 7
24 28 271 10 7
115 28 328 12 7
120 28 285 11 7
28 50 351 15 7
28 56 269 4 7
28 78 322 7 7
28 80 322 8 7
28 93 338 20 7
28 95 306 7 7
10 29 326 25 7
11 29 400 16 7
18 29 369 18 7
24 29 340 6 7
28 29 441 37 7
113 29 409 18 7
115 29 385 14 7
120 29 352 8 7
29 80 363 18 7
29 82 349 4 7
29 93 405 17 7
29 95 367 7 7
30 8 452 26 7
23 30 409 18 7
24 30 358 6 7
121 30 399 12 7
125 30 421 17 7
30 54 421 16 7
30 55 457 44 7
30 82 367 4 7
30 95 383 8 7
18 31 467 19 7
120 31 442 13 7
31 56 410 14 7
10 32 444 13 7
12 32 452 16 7
18 32 461 19 7
32 56 412 10 7
32 82 429 11 7
33 66 566 51 7
1 34 371 30 7
10 34 270 5 7
18 34 277 16 7
22 34 325 11 7
24 34 252 2 7
111 34 311 10 7
113 34 329 10 7
115 34 303 7 7
120 34 262 5 7
125 34 321 10 7
34 48 295 6 7
34 56 240 1 7
34 78 289 6 7
34 80 279 12 7
34 82 251 5 7
34 91 296 10 7
11 35 437 19 7
18 35 418 15 7
125 35 444 18 7
35 48 410 18 7
35 82 380 10 7
35 95 402 11 7
12 36 308 7 7
22 36 349 13 7
24 36 276 4 7
36 46 324 43 7
36 50 342 16 7
36 54 329 19 7
36 56 256 7 7
36 58 308 10 7
36 82 281 4 7
36 93 347 12 7
36 95 297 8 7
37 8 417 45 7
21 37 435 36 7
115 37 406 14 7
37 38 428 30 7
37 50 423 20 7
37 56 343 8 7
37 80 380 20 7
37 82 360 9 7
10 38 263 2 7
11 38 307 8 7
12 38 265 8 7
18 38 272 12 7
24 38 237 3 7
120 38 253 3 7
125 38 302 13 7
38 56 221 4 7
38 78 280 4 7
38 80 278 6 7
38 82 246 1 7
38 91 289 7 7
38 95 260 6 7
12 39 373 12 7
18 39 378 17 7
23 39 394 20 7
24 39 347 6 7
34 39 427 30 7
39 78 384 10 7
39 95 364 12 7
18 41 514 25 7
34 41 561 39 7
41 42 567 61 7
41 54 538 28 7
41 66 574 46 7
41 80 502 28 7
41 91 529 21 7
18 42 339 10 7
23 42 361 10 7
24 42 296 5 7
121 42 335 12 7
42 56 284 4 7
42 95 315 10 7
17 43 550 78 7
125 43 567 32 7
11 44 350 10 7
18 44 271 36 7
24 44 282 4 7
111 44 335 15 7
121 44 325 9 7
44 56 262 7 7
44 58 316 9 7
44 78 317 9 7
44 80 299 19 7
44 82 289 3 7
44 93 337 20 7
44 95 305 7 7
45 8 461 33 7
38 45 436 36 7
120 45 383 13 7
45 54 432 22 7
45 56 367 6 7
45 58 405 16 7
12 46 276 8 7
24 46 250 2 7
36 46 324 43 7
120 46 262 4 7
121 46 291 8 7
125 46 309 15 7
46 52 277 5 7
46 54 315 11 7
46 56 228 6 7
46 58 288 5 7
46 80 293 4 7
46 82 247 6 7
46 91 300 7 7
46 93 311 15 7
46 95 263 10 7
12 47 460 18 7
21 47 512 40 7
111 47 479 27 7
115 47 461 29 7
47 80 469 18 7
10 48 199 2 7
11 48 247 6 7
12 48 205 6 7
24 48 175 2 7
115 48 216 12 7
120 48 181 7 7
48 52 198 7 7
48 56 155 5 7
48 58 219 2 7
48 78 212 6 7
48 82 176 4 7
48 95 204 2 7
49 8 584 50 7
50 8 316 18 7
10 50 230 6 7
11 50 280 9 7
12 50 244 6 7
18 50 261 5 7
22 50 289 10 7
23 50 281 6 7
24 50 212 3 7
36 50 342 16 7
113 50 281 15 7
115 50 253 13 7
120 50 218 8 7
121 50 251 10 7
125 50 287 8 7
50 52 243 4 7
50 56 200 2 7
50 58 256 3 7
50 82 219 2 7
50 91 268 5 7
50 93 269 18 7
50 95 239 4 7
10 51 604 25 7
51 78 603 36 7
10 52 175 5 7
11 52 233 4 7
12 52 189 5 7
18 52 214 0 7
21 52 279 8 7
22 52 234 9 7
24 52 159 1 7
48 52 198 7 7
50 52 243 4 7
111 52 222 7 7
113 52 246 4 7
115 52 210 6 7
120 52 169 4 7
121 52 200 7 7
52 54 238 3 7
52 56 139 4 7
52 58 195 5 7
52 78 202 2 7
52 80 206 1 7
52 82 154 6 7
52 91 201 10 7
52 95 186 2 7
10 53 433 28 7
18 53 466 26 7
23 53 486 27 7
24 53 443 11 7
34 53 513 40 7
38 53 466 57 7
10 54 229 3 7
22 54 284 9 7
23 54 270 8 7
24 54 199 6 7
36 54 329 19 7
46 54 315 11 7
48 54 252 5 7
52 54 238 3 7
54 56 181 8 7
54 58 245 5 7
54 82 194 11 7
54 93 260 19 7
54 95 234 3 7
23 55 360 9 7
24 55 291 6 7
52 55 306 15 7
120 55 301 9 7
121 55 332 12 7
55 58 333 7 7
10 56 132 3 7
11 56 184 5 7
12 56 148 2 7
18 56 159 4 7
23 56 179 5 7
24 56 106 4 7
48 56 155 5 7
50 56 200 2 7
52 56 139 4 7
54 56 181 8 7
111 56 177 6 7
113 56 203 2 7
115 56 169 3 7
120 56 126 2 7
121 56 157 5 7
125 56 193 3 7
56 58 150 4 7
56 78 155 2 7
56 80 155 3 7
56 82 109 5 7
56 91 162 6 7
56 93 193 4 7
56 95 131 6 7
10 57 309 3 7
11 57 347 12 7
18 57 316 14 7
24 57 277 7 7
48 57 316 13 7
52 57 308 8 7
56 57 273 2 7
111 57 336 15 7
120 57 299 4 7
121 57 312 16 7
125 57 342 17 7
57 58 305 15 7
57 76 437 53 7
57 78 312 12 7
57 80 316 11 7
57 82 292 2 7
57 91 337 7 7
57 95 308 6 7
10 58 190 3 7
11 58 240 6 7
12 58 202 4 7
18 58 205 10 7
21 58 282 12 7
23 58 239 4 7
24 58 162 5 7
48 58 219 2 7
52 58 195 5 7
54 58 245 5 7
56 58 150 4 7
111 58 225 11 7
115 58 223 5 7
120 58 186 1 7
121 58 219 3 7
125 58 243 7 7
58 78 211 3 7
58 80 207 6 7
58 82 175 1 7
58 91 212 10 7
58 93 237 11 7
58 95 193 4 7
59 8 506 31 7
21 59 496 36 7
23 59 457 26 7
46 59 492 34 7
121 59 453 17 7
59 91 460 17 7
10 60 355 9 7
115 60 386 12 7
120 60 345 10 7
125 60 400 17 7
60 66 442 31 7
24 61 415 4 7
34 61 481 35 7
56 61 401 4 7
125 61 470 19 7
61 78 438 15 7
61 80 430 20 7
61 84 532 41 7
61 95 416 18 7
12 62 295 18 7
18 62 304 21 7
23 62 340 14 7
24 62 287 3 7
46 62 375 22 7
52 62 308 9 7
56 62 275 2 7
115 62 332 11 7
62 80 320 10 7
62 82 288 5 7
62 91 331 11 7
46 63 539 30 7
52 63 470 18 7
58 63 483 17 7
63 78 456 31 7
21 64 614 55 7
10 65 355 10 7
48 65 378 12 7
58 65 369 13 7
120 65 347 10 7
65 95 360 10 7
10 66 295 6 7
12 66 311 5 7
22 66 344 15 7
24 66 275 4 7
38 66 366 16 7
56 66 265 2 7
58 66 307 10 7
111 66 340 9 7
120 66 291 4 7
121 66 322 7 7
125 66 336 16 7
66 82 278 5 7
66 91 317 13 7
66 93 348 11 7
67 78 612 26 7
67 80 610 28 7
34 68 461 29 7
38 68 452 27 7
111 68 438 14 7
120 68 387 10 7
24 69 327 5 7
38 69 414 19 7
56 69 307 8 7
111 69 372 20 7
120 69 333 10 7
69 78 364 9 7
52 70 518 18 7
54 70 544 30 7
55 70 566 65 7
115 70 536 23 7
70 81 584 56 7
10 71 358 9 7
12 71 368 11 7
17 71 404 54 7
38 71 425 21 7
52 71 361 12 7
111 71 399 14 7
120 71 356 6 7
71 80 373 13 7
71 82 347 5 7
11 72 462 18 7
24 72 394 12 7
54 72 457 22 7
56 72 388 8 7
58 72 436 13 7
111 72 431 31 7
121 72 423 24 7
72 93 453 26 7
72 95 423 12 7
17 73 654 72 7
18 74 394 22 7
23 74 414 23 7
56 74 359 6 7
62 74 474 38 7
115 74 384 31 7
121 74 408 15 7
74 82 374 8 7
74 95 390 12 7
52 75 399 11 7
75 78 403 15 7
18 76 405 14 7
24 76 368 6 7
52 76 393 10 7
56 76 362 2 7
57 76 437 53 7
58 76 398 13 7
111 76 415 20 7
125 76 433 16 7
76 78 393 16 7
76 95 391 9 7
46 77 482 61 7
58 77 482 20 7
78 8 289 9 7
10 78 195 1 7
11 78 245 4 7
12 78 199 6 7
18 78 214 6 7
23 78 242 3 7
24 78 167 3 7
48 78 212 6 7
52 78 202 2 7
56 78 155 2 7
58 78 211 3 7
111 78 238 5 7
113 78 256 5 7
115 78 218 8 7
120 78 185 2 7
125 78 238 10 7
78 80 214 3 7
78 82 176 1 7
78 91 229 2 7
78 95 186 8 7
10 79 342 2 7
12 79 354 3 7
18 79 333 21 7
23 79 369 14 7
24 79 316 3 7
48 79 363 5 7
52 79 345 5 7
54 79 351 27 7
56 79 302 3 7
58 79 356 5 7
78 79 337 15 7
115 79 359 12 7
120 79 336 1 7
121 79 365 5 7
79 80 345 12 7
79 82 325 1 7
79 91 366 8 7
79 95 343 4 7
8 80 287 11 7
10 80 197 1 7
12 80 209 2 7
18 80 206 11 7
24 80 171 2 7
34 80 279 12 7
44 80 299 19 7
48 80 220 3 7
52 80 206 1 7
56 80 155 3 7
58 80 207 6 7
78 80 214 3 7
111 80 240 5 7
113 80 248 10 7
115 80 220 8 7
120 80 187 2 7
125 80 248 6 7
80 82 178 1 7
80 91 221 7 7
80 93 242 10 7
80 95 196 4 7
81 9 395 31 7
11 81 357 13 7
12 81 319 11 7
24 81 297 3 7
38 81 374 22 7
56 81 281 4 7
120 81 295 12 7
81 95 312 10 7
10 82 147 5 7
11 82 193 10 7
12 82 167 2 7
18 82 182 2 7
21 82 253 7 7
22 82 214 5 7
23 82 204 2 7
24 82 125 4 7
34 82 251 5 7
46 82 247 6 7
48 82 176 4 7
50 82 219 2 7
52 82 154 6 7
54 82 194 11 7
56 82 109 5 7
58 82 175 1 7
78 82 176 1 7
80 82 178 1 7
111 82 206 1 7
113 82 218 4 7
115 82 190 2 7
120 82 145 2 7
121 82 182 2 7
125 82 206 6 7
82 91 187 3 7
82 93 216 2 7
82 95 156 3 7
10 83 356 15 7
21 83 446 25 7
22 83 417 18 7
24 83 346 8 7
54 83 407 19 7
82 83 357 5 7
7 84 455 37 7
18 84 350 11 7
24 84 303 8 7
38 84 380 27 7
46 84 403 21 7
56 84 293 6 7
84 95 332 8 7
8 85 491 40 7
12 85 447 14 7
14 85 527 58 7
18 85 452 19 7
56 85 403 10 7
58 85 435 23 7
11 86 442 31 7
42 86 516 43 7
58 86 432 18 7
86 91 452 16 7
86 95 423 15 7
24 87 381 7 7
56 87 361 10 7
58 87 401 19 7
62 87 484 38 7
113 87 448 20 7
121 87 396 26 7
87 93 444 19 7
87 95 404 10 7
38 88 483 27 7
54 88 447 29 7
58 88 436 15 7
121 88 445 15 7
88 93 449 30 7
89 9 425 30 7
18 89 362 11 7
24 89 317 7 7
38 89 396 25 7
56 89 307 5 7
58 89 345 15 7
78 89 358 9 7
81 89 400 53 7
120 89 311 18 7
18 90 523 21 7
22 90 529 37 7
10 91 202 5 7
11 91 252 8 7
12 91 214 6 7
18 91 225 8 7
24 91 186 1 7
48 91 233 3 7
50 91 268 5 7
52 91 201 10 7
56 91 162 6 7
58 91 212 10 7
78 91 229 2 7
80 91 221 7 7
82 91 187 3 7
111 91 257 3 7
115 91 233 8 7
120 91 190 7 7
121 91 227 7 7
125 91 257 8 7
91 93 265 5 7
91 95 207 5 7
8 92 410 24 7
10 92 338 5 7
12 92 340 11 7
18 92 341 18 7
23 92 373 13 7
54 92 365 21 7
56 92 292 9 7
58 92 348 10 7
62 92 401 44 7
80 92 351 10 7
82 92 313 8 7
113 92 383 17 7
115 92 361 12 7
92 95 341 6 7
10 93 229 5 7
12 93 245 4 7
18 93 262 3 7
22 93 280 13 7
23 93 280 5 7
24 93 201 7 7
28 93 338 20 7
44 93 337 20 7
46 93 311 15 7
48 93 256 5 7
50 93 269 18 7
52 93 246 1 7
54 93 260 19 7
56 93 193 4 7
58 93 237 11 7
78 93 258 1 7
80 93 242 10 7
82 93 216 2 7
91 93 265 5 7
111 93 276 7 7
113 93 292 8 7
120 93 231 0 7
121 93 254 7 7
125 93 252 24 7
93 95 234 5 7
38 94 448 27 7
56 94 359 7 7
62 94 434 59 7
82 94 370 11 7
94 98 479 37 7
10 95 169 6 7
11 95 227 5 7
18 95 200 5 7
22 95 236 6 7
23 95 224 4 7
24 95 147 5 7
26 95 317 15 7
46 95 263 10 7
48 95 204 2 7
52 95 186 2 7
56 95 131 6 7
58 95 193 4 7
78 95 186 8 7
80 95 196 4 7
82 95 156 3 7
91 95 207 5 7
93 95 234 5 7
113 95 236 7 7
115 95 212 3 7
120 95 169 2 7
121 95 202 4 7
125 95 230 6 7
8 96 386 47 7
9 96 432 34 7
10 96 350 10 7
12 96 366 9 7
18 96 371 14 7
24 96 332 7 7
52 96 359 10 7
56 96 324 4 7
58 96 364 13 7
80 96 343 25 7
115 96 373 17 7
11 97 388 19 7
24 97 332 7 7
58 97 350 20 7
66 97 433 34 7
82 97 337 7 7
93 97 391 21 7
95 97 357 9 7
113 97 405 17 7
121 97 365 17 7
125 97 373 29 7
11 98 352 11 7
12 98 320 6 7
18 98 333 7 7
24 98 272 11 7
52 98 317 5 7
56 98 276 2 7
58 98 308 15 7
111 98 277 46 7
113 98 361 13 7
120 98 302 4 7
121 98 331 8 7
10 99 397 13 7
48 99 390 30 7
56 99 359 13 7
82 99 388 8 7
100 11 487 29 7
100 24 447 9 7
100 120 455 13 7
100 125 498 26 7
101 28 660 59 7
101 55 636 77 7
102 24 433 9 7
102 38 510 28 7
102 82 424 16 7
103 78 467 24 7
103 93 507 25 7
10 103 458 18 7
103 115 491 20 7
104 8 425 28 7
104 24 337 5 7
104 42 447 39 7
104 48 370 14 7
104 52 368 6 7
104 56 321 6 7
104 58 357 17 7
104 82 346 3 7
104 93 400 17 7
104 115 376 16 7
104 120 347 8 7
104 121 370 15 7
105 17 640 69 7
106 22 572 28 7
106 56 503 10 7
106 66 586 53 7
106 83 611 80 7
106 95 528 19 7
10 106 523 19 7
107 9 469 44 7
107 52 410 13 7
108 8 606 50 7
109 78 598 23 7
109 115 610 25 7
109 125 624 30 7
110 58 529 18 7
110 80 506 31 7
110 93 550 29 7
110 113 528 43 7
111 12 229 6 7
111 18 242 7 7
111 24 193 5 7
111 48 252 1 7
111 52 222 7 7
111 56 177 6 7
111 58 225 11 7
111 78 238 5 7
111 80 240 5 7
111 82 206 1 7
111 95 226 3 7
10 111 223 2 7
111 120 211 4 7
111 121 250 3 7
112 18 415 15 7
112 24 374 9 7
112 50 438 22 7
112 52 379 23 7
112 113 443 21 7
113 12 255 2 7
113 22 298 7 7
113 24 213 4 7
113 48 260 6 7
113 50 281 15 7
113 52 246 4 7
113 56 203 2 7
113 58 259 3 7
113 78 256 5 7
113 80 248 10 7
113 82 218 4 7
113 91 273 4 7
113 93 292 8 7
113 95 236 7 7
10 113 239 3 7
11 113 289 6 7
113 115 272 5 7
113 120 229 4 7
113 121 258 8 7
113 125 288 9 7
114 38 643 39 7
115 8 291 16 7
115 12 209 9 7
115 18 234 4 7
115 23 250 7 7
115 24 183 3 7
115 48 216 12 7
115 50 253 13 7
115 52 210 6 7
115 56 169 3 7
115 58 223 5 7
115 78 218 8 7
115 80 220 8 7
115 82 190 2 7
115 91 233 8 7
115 95 212 3 7
10 115 207 3 7
115 120 197 4 7
115 121 232 5 7
116 21 552 45 7
117 38 765 76 7
118 8 389 31 7
118 12 335 10 7
118 18 352 9 7
118 22 352 28 7
118 24 299 9 7
118 52 342 4 7
118 54 374 13 7
118 56 297 3 7
118 78 340 11 7
118 82 318 2 7
118 91 359 9 7
118 95 322 12 7
118 120 327 3 7
119 8 417 30 7
119 18 346 25 7
119 23 380 19 7
119 24 327 8 7
119 54 388 19 7
119 56 313 8 7
119 57 444 31 7
119 58 333 27 7
119 79 447 45 7
119 95 350 11 7
111 119 364 27 7
120 18 195 1 7
120 24 140 2 7
120 48 181 7 7
120 50 218 8 7
120 52 169 4 7
120 56 126 2 7
120 58 186 1 7
120 78 185 2 7
120 80 187 2 7
120 82 145 2 7
120 91 190 7 7
120 95 169 2 7
10 120 160 4 7
11 120 212 6 7
12 120 172 5 7
111 120 211 4 7
115 120 197 4 7
120 121 191 3 7
120 125 221 4 7
121 8 293 11 7
121 18 226 4 7
121 21 295 10 7
121 22 256 8 7
121 24 171 5 7
121 48 224 4 7
121 50 251 10 7
121 52 200 7 7
121 56 157 5 7
121 58 219 3 7
121 80 224 2 7
121 82 182 2 7
121 91 227 7 7
121 93 254 7 7
121 95 202 4 7
10 121 197 4 7
11 121 239 11 7
12 121 213 3 7
113 121 258 8 7
115 121 232 5 7
120 121 191 3 7
121 125 252 7 7
122 24 333 15 7
122 38 428 25 7
122 57 458 34 7
122 58 361 23 7
11 122 411 16 7
12 123 538 27 7
113 124 566 33 7
125 23 278 5 7
125 24 201 6 7
125 38 302 13 7
125 46 309 15 7
125 48 256 4 7
125 50 287 8 7
125 52 242 2 7
125 56 193 3 7
125 58 243 7 7
125 78 238 10 7
125 80 248 6 7
125 82 206 6 7
125 91 257 8 7
125 93 252 24 7
125 95 230 6 7
10 125 231 3 7
11 125 263 15 7
12 125 247 2 7
111 125 276 6 7
113 125 288 9 7
120 125 221 4 7
121 125 252 7 7
126 24 401 4 7
126 48 428 16 7
126 56 375 10 7
126 78 436 9 7
126 82 398 8 7
126 95 422 8 7
111 126 448 18 7
115 126 442 14 7
121 126 416 23 7
127 21 556 35 7
127 23 523 22 7
121 127 483 31 7
128 38 534 27 7
128 48 490 17 7
128 56 441 9 7
128 78 476 21 7
129 23 445 20 7
129 28 435 69 7
129 52 419 12 7
129 55 477 54 7
129 95 415 12 7
120 129 386 20 7
130 9 442 52 7
130 80 407 16 7
11 130 434 19 7
