Res1 Res2 NSingle NDouble Method
1 11 248 13 7
1 12 226 10 7
1 18 236 10 7
1 34 243 32 7
1 38 253 21 7
1 56 200 4 7
1 78 231 9 7
1 80 229 9 7
1 82 209 9 7
1 91 222 19 7
115 2 336 26 7
3 9 327 50 7
3 66 313 58 7
3 80 298 25 7
4 7 344 50 7
4 48 299 25 7
18 5 278 21 7
44 5 300 43 7
5 54 291 28 7
5 56 252 10 7
5 62 311 41 7
38 6 330 39 7
115 6 327 24 7
10 7 230 9 7
12 7 240 9 7
23 7 252 18 7
24 7 221 6 7
54 7 255 20 7
56 7 208 6 7
7 9 280 29 7
7 95 236 8 7
12 8 196 14 7
18 8 216 9 7
23 8 228 13 7
24 8 175 12 7
50 8 224 15 7
56 8 170 8 7
58 8 210 9 7
78 8 209 9 7
115 8 206 17 7
120 8 195 5 7
121 8 215 13 7
8 80 209 8 7
8 82 193 6 7
10 9 204 9 7
12 9 210 11 7
38 9 241 20 7
56 9 188 3 7
58 9 220 8 7
9 91 222 12 7
9 95 212 7 7
10 11 156 7 7
10 12 130 6 7
10 18 140 6 7
10 24 109 4 7
10 48 147 3 7
10 52 127 5 7
10 56 98 3 7
10 58 136 5 7
10 78 143 1 7
10 80 139 2 7
10 82 113 5 7
10 91 148 4 7
10 95 124 6 7
10 111 152 3 7
10 115 150 4 7
10 120 115 4 7
10 121 149 5 7
10 11 156 7 7
11 12 162 9 7
11 18 168 11 7
11 21 219 16 7
11 23 194 8 7
11 24 145 5 7
11 38 207 11 7
11 48 177 7 7
11 50 194 8 7
11 52 167 4 7
11 56 132 5 7
11 58 170 7 7
11 78 175 4 7
11 82 139 11 7
11 91 176 9 7
11 95 162 6 7
11 115 184 6 7
11 120 151 5 7
11 121 171 13 7
11 125 183 18 7
12 8 196 14 7
10 12 130 6 7
11 12 162 9 7
111 12 158 5 7
115 12 148 10 7
12 18 148 7 7
12 24 117 5 7
12 38 175 13 7
12 48 147 8 7
12 50 168 7 7
12 52 135 6 7
12 56 106 4 7
12 58 144 6 7
12 62 203 16 7
12 78 143 6 7
12 82 129 2 7
12 91 154 6 7
12 120 123 5 7
13 58 362 30 7
13 91 372 30 7
12 14 256 9 7
111 14 262 14 7
120 14 239 8 7
121 14 247 22 7
14 21 277 34 7
14 24 237 6 7
14 52 249 10 7
14 78 257 10 7
14 95 250 9 7
115 15 239 35 7
15 48 256 24 7
15 58 267 15 7
15 66 291 42 7
10 16 264 16 7
12 16 276 15 7
115 16 280 21 7
16 18 248 34 7
16 56 254 7 7
16 62 291 49 7
16 80 277 15 7
17 9 262 30 7
10 17 214 9 7
115 17 236 11 7
17 18 232 10 7
17 80 221 11 7
17 95 220 8 7
10 18 140 6 7
11 18 168 11 7
12 18 148 7 7
111 18 164 7 7
115 18 160 9 7
120 18 141 1 7
121 18 163 8 7
18 24 129 4 7
18 34 191 16 7
18 56 116 4 7
18 58 146 10 7
18 78 151 7 7
18 80 147 8 7
18 82 135 4 7
18 91 156 10 7
18 95 144 6 7
19 23 317 23 7
19 36 328 43 7
125 20 306 27 7
20 38 316 27 7
20 46 314 33 7
20 81 328 50 7
10 21 207 3 7
11 21 219 16 7
12 21 213 5 7
120 21 200 2 7
121 21 218 11 7
21 22 231 13 7
21 24 190 4 7
21 52 198 10 7
21 56 173 6 7
21 58 205 11 7
21 82 190 7 7
21 91 209 14 7
21 95 209 4 7
10 22 168 4 7
115 22 190 6 7
120 22 159 4 7
121 22 183 10 7
22 24 153 4 7
22 50 192 12 7
22 52 163 9 7
22 54 197 13 7
22 56 140 4 7
22 78 181 4 7
22 80 179 4 7
22 82 159 4 7
22 93 192 13 7
22 95 162 9 7
10 23 162 5 7
18 23 176 8 7
111 23 184 7 7
23 24 149 4 7
23 54 199 10 7
23 56 134 5 7
23 95 164 6 7
10 24 109 4 7
12 24 117 5 7
111 24 133 5 7
113 24 152 6 7
120 24 102 3 7
121 24 134 5 7
24 54 148 8 7
24 56 81 4 7
24 58 121 5 7
24 82 100 4 7
24 93 145 7 7
24 95 111 5 7
24 25 262 9 7
25 38 284 35 7
25 56 255 6 7
25 66 297 45 7
25 82 264 11 7
25 91 279 20 7
10 26 229 16 7
23 26 257 22 7
111 26 257 15 7
26 95 237 14 7
10 27 230 13 7
12 27 250 8 7
18 27 238 19 7
24 27 227 7 7
111 27 254 14 7
27 46 255 35 7
27 52 245 8 7
27 56 204 12 7
27 58 236 17 7
27 80 243 12 7
27 82 231 8 7
27 93 250 24 7
27 95 240 10 7
10 28 209 11 7
24 28 198 9 7
115 28 233 12 7
120 28 202 10 7
28 50 241 15 7
28 80 222 10 7
28 93 243 15 7
28 95 217 9 7
10 29 234 23 7
18 29 258 21 7
29 80 255 18 7
24 30 253 7 7
30 54 285 22 7
30 55 301 41 7
31 56 302 13 7
32 56 284 10 7
1 34 243 32 7
18 34 191 16 7
22 34 225 11 7
24 34 182 3 7
111 34 213 8 7
120 34 182 6 7
34 48 210 7 7
34 56 169 3 7
34 78 202 7 7
34 80 190 12 7
34 82 186 4 7
34 91 201 13 7
35 48 284 21 7
35 82 272 12 7
12 36 211 11 7
36 46 212 40 7
36 50 235 14 7
36 54 226 22 7
36 56 181 7 7
36 58 217 10 7
36 82 200 7 7
37 8 273 47 7
115 37 275 18 7
37 38 288 28 7
37 50 285 20 7
37 56 243 7 7
37 80 264 16 7
11 38 207 11 7
12 38 175 13 7
18 38 193 9 7
24 38 170 3 7
120 38 174 4 7
125 38 210 15 7
38 56 155 4 7
38 80 190 6 7
38 91 197 9 7
18 39 247 20 7
23 39 261 23 7
24 39 236 8 7
34 39 278 30 7
39 78 254 13 7
39 95 247 12 7
41 66 379 47 7
41 80 344 24 7
18 42 237 11 7
24 42 212 6 7
121 42 240 13 7
42 56 201 5 7
42 91 241 11 7
42 95 223 10 7
17 43 363 71 7
10 44 208 5 7
18 44 170 34 7
24 44 193 5 7
111 44 218 13 7
44 56 174 8 7
44 58 214 9 7
44 78 207 12 7
44 80 205 12 7
44 82 197 6 7
44 93 218 21 7
44 95 202 10 7
38 45 293 31 7
45 58 276 17 7
12 46 197 7 7
24 46 176 5 7
36 46 212 40 7
120 46 184 4 7
121 46 208 10 7
125 46 222 14 7
46 50 215 13 7
46 52 192 7 7
46 56 161 6 7
46 58 205 5 7
46 80 198 7 7
46 82 180 6 7
46 91 211 7 7
46 93 213 15 7
46 95 189 8 7
111 47 326 24 7
115 47 318 28 7
10 48 147 3 7
11 48 177 7 7
12 48 147 8 7
18 48 163 5 7
24 48 132 3 7
113 48 186 7 7
115 48 157 11 7
120 48 132 6 7
121 48 166 7 7
48 52 144 7 7
48 56 115 5 7
48 58 153 7 7
48 78 152 7 7
48 80 156 4 7
48 82 130 7 7
48 93 183 6 7
48 95 153 2 7
50 8 224 15 7
10 50 158 7 7
11 50 194 8 7
12 50 168 7 7
18 50 180 6 7
22 50 192 12 7
24 50 149 4 7
46 50 215 13 7
113 50 193 13 7
115 50 170 14 7
120 50 149 7 7
121 50 173 13 7
50 56 138 3 7
50 80 173 5 7
50 82 157 3 7
50 93 188 13 7
50 95 168 4 7
10 52 127 5 7
12 52 135 6 7
21 52 198 10 7
22 52 163 9 7
24 52 118 2 7
48 52 144 7 7
111 52 151 6 7
115 52 151 6 7
120 52 120 4 7
121 52 152 6 7
52 56 101 4 7
52 58 137 7 7
52 78 146 2 7
52 82 114 7 7
52 91 141 10 7
52 95 135 3 7
10 53 312 20 7
18 53 326 23 7
38 53 315 48 7
53 60 341 75 7
53 82 313 15 7
10 54 169 5 7
22 54 197 13 7
23 54 199 10 7
24 54 148 8 7
36 54 226 22 7
54 56 133 9 7
54 58 177 8 7
54 82 144 13 7
54 93 183 19 7
54 95 173 5 7
24 55 204 7 7
52 55 214 12 7
120 55 206 9 7
121 55 236 12 7
55 58 231 8 7
10 56 98 3 7
12 56 106 4 7
18 56 116 4 7
24 56 81 4 7
48 56 115 5 7
50 56 138 3 7
52 56 101 4 7
54 56 133 9 7
111 56 120 5 7
115 56 122 4 7
120 56 89 3 7
121 56 121 5 7
56 58 110 4 7
56 78 111 3 7
56 80 109 3 7
56 82 81 7 7
56 91 114 7 7
56 95 96 6 7
18 57 225 12 7
24 57 202 6 7
48 57 226 12 7
52 57 214 10 7
56 57 197 2 7
111 57 229 13 7
120 57 212 4 7
121 57 220 18 7
125 57 242 18 7
57 58 209 17 7
57 78 220 11 7
57 80 218 11 7
57 82 212 4 7
57 95 219 7 7
10 58 136 5 7
11 58 170 7 7
12 58 144 6 7
18 58 146 10 7
24 58 121 5 7
48 58 153 7 7
52 58 137 7 7
54 58 177 8 7
56 58 110 4 7
111 58 156 8 7
115 58 158 7 7
120 58 133 2 7
121 58 163 5 7
58 78 151 4 7
58 80 143 7 7
58 82 131 3 7
58 91 150 10 7
58 93 172 8 7
58 95 140 5 7
23 59 334 26 7
46 59 349 33 7
60 66 295 34 7
34 61 315 35 7
56 61 272 7 7
61 80 293 16 7
61 95 284 17 7
12 62 203 16 7
18 62 195 25 7
23 62 235 15 7
24 62 200 5 7
46 62 252 21 7
52 62 212 9 7
56 62 187 5 7
115 62 227 12 7
62 82 204 6 7
62 91 227 11 7
62 95 213 8 7
63 78 311 27 7
10 65 246 13 7
58 65 256 15 7
10 66 210 7 7
24 66 193 8 7
125 66 243 15 7
66 91 226 11 7
66 93 236 15 7
38 68 298 26 7
111 68 289 14 7
120 68 264 9 7
38 69 273 26 7
56 69 220 9 7
111 69 258 17 7
52 70 344 21 7
55 70 350 66 7
17 71 267 55 7
38 71 288 24 7
111 71 275 14 7
71 80 264 12 7
24 72 279 14 7
54 72 319 25 7
56 72 278 8 7
58 72 304 16 7
111 72 304 22 7
72 93 306 29 7
18 74 272 22 7
62 74 305 42 7
115 74 282 20 7
74 82 261 13 7
74 95 272 14 7
18 76 266 18 7
24 76 249 9 7
52 76 265 11 7
56 76 246 4 7
57 76 289 45 7
58 76 272 12 7
111 76 268 20 7
76 78 265 15 7
46 77 313 56 7
58 77 328 21 7
10 78 143 1 7
12 78 143 6 7
18 78 151 7 7
24 78 124 3 7
44 78 207 12 7
48 78 152 7 7
52 78 146 2 7
56 78 111 3 7
58 78 151 4 7
111 78 161 5 7
115 78 153 9 7
120 78 130 3 7
125 78 170 12 7
78 80 150 3 7
78 82 132 2 7
78 95 131 9 7
10 79 236 4 7
12 79 244 5 7
18 79 230 17 7
24 79 221 4 7
52 79 239 5 7
54 79 253 19 7
56 79 208 4 7
58 79 246 6 7
78 79 227 15 7
111 79 252 9 7
115 79 248 11 7
120 79 231 2 7
79 80 227 14 7
79 82 231 2 7
79 91 250 9 7
79 95 238 5 7
18 80 147 8 7
24 80 124 2 7
34 80 190 12 7
56 80 109 3 7
58 80 143 7 7
113 80 172 9 7
115 80 151 9 7
120 80 130 2 7
125 80 174 9 7
80 82 130 2 7
80 91 155 6 7
80 93 169 8 7
80 95 139 4 7
12 81 235 12 7
38 81 268 20 7
56 81 213 4 7
78 81 240 11 7
120 81 220 10 7
81 95 231 11 7
10 82 113 5 7
11 82 139 11 7
12 82 129 2 7
18 82 135 4 7
22 82 159 4 7
24 82 100 4 7
48 82 130 7 7
52 82 114 7 7
54 82 144 13 7
56 82 81 7 7
58 82 131 3 7
78 82 132 2 7
80 82 130 2 7
113 82 158 6 7
115 82 143 3 7
120 82 110 2 7
121 82 144 3 7
125 82 160 6 7
82 91 139 4 7
82 95 121 3 7
10 83 247 14 7
12 83 261 12 7
22 83 287 16 7
54 83 286 18 7
24 84 219 8 7
38 84 269 20 7
56 84 208 7 7
56 85 282 8 7
58 85 296 22 7
11 86 302 26 7
42 86 339 42 7
58 86 294 18 7
24 87 259 11 7
56 87 252 8 7
58 87 276 17 7
121 87 277 23 7
54 88 307 30 7
88 93 298 32 7
24 89 224 7 7
38 89 268 22 7
81 89 258 56 7
120 89 218 13 7
10 91 148 4 7
11 91 176 9 7
12 91 154 6 7
18 91 156 10 7
21 91 209 14 7
24 91 135 3 7
34 91 201 13 7
38 91 197 9 7
52 91 141 10 7
56 91 114 7 7
58 91 150 10 7
80 91 155 6 7
82 91 139 4 7
115 91 160 11 7
120 91 135 6 7
121 91 159 12 7
125 91 183 11 7
91 93 184 7 7
91 95 146 7 7
12 92 240 13 7
18 92 242 17 7
56 92 212 8 7
62 92 267 41 7
82 92 233 7 7
115 92 250 16 7
10 93 160 7 7
12 93 174 5 7
22 93 192 13 7
24 93 145 7 7
44 93 218 21 7
46 93 213 15 7
48 93 183 6 7
50 93 188 13 7
54 93 183 19 7
56 93 136 5 7
58 93 172 8 7
80 93 169 8 7
82 93 161 2 7
91 93 184 7 7
111 93 186 7 7
113 93 197 12 7
120 93 159 3 7
121 93 179 11 7
125 93 187 18 7
93 95 166 6 7
38 94 296 28 7
62 94 282 52 7
82 94 256 14 7
10 95 124 6 7
11 95 162 6 7
18 95 144 6 7
22 95 162 9 7
23 95 164 6 7
24 95 111 5 7
52 95 135 3 7
56 95 96 6 7
58 95 140 5 7
78 95 131 9 7
80 95 139 4 7
82 95 121 3 7
91 95 146 7 7
113 95 169 7 7
115 95 146 8 7
120 95 123 2 7
121 95 153 5 7
8 96 266 43 7
10 96 248 11 7
24 96 239 8 7
52 96 251 12 7
80 96 245 18 7
11 97 274 19 7
24 97 243 8 7
58 97 256 16 7
82 97 247 9 7
121 97 267 17 7
125 97 269 27 7
11 98 235 15 7
12 98 221 8 7
24 98 196 8 7
58 98 215 13 7
111 98 185 34 7
121 98 234 10 7
10 99 268 17 7
48 99 275 24 7
56 99 248 13 7
111 99 290 19 7
100 11 328 26 7
100 120 307 13 7
101 55 420 71 7
102 22 338 26 7
102 82 309 14 7
103 78 323 21 7
103 93 336 29 7
104 24 238 7 7
104 48 256 16 7
104 56 227 6 7
104 58 251 15 7
104 93 271 19 7
104 115 263 15 7
104 120 240 9 7
106 66 390 53 7
106 95 364 22 7
110 80 340 29 7
110 113 360 37 7
111 12 158 5 7
111 18 164 7 7
111 24 133 5 7
111 52 151 6 7
111 56 120 5 7
111 58 156 8 7
111 82 145 2 7
111 95 156 3 7
10 111 152 3 7
111 120 139 5 7
112 24 262 11 7
112 52 260 22 7
112 113 296 25 7
113 24 152 6 7
113 48 186 7 7
113 50 193 13 7
113 56 145 3 7
113 58 181 6 7
113 80 172 9 7
113 82 158 6 7
113 93 197 12 7
113 95 169 7 7
10 113 169 5 7
113 115 189 8 7
113 120 160 5 7
115 8 206 17 7
115 12 148 10 7
115 18 160 9 7
115 24 137 3 7
115 48 157 11 7
115 50 170 14 7
115 52 151 6 7
115 56 122 4 7
115 58 158 7 7
115 78 153 9 7
115 80 151 9 7
115 82 143 3 7
115 91 160 11 7
115 95 146 8 7
10 115 150 4 7
115 120 137 6 7
116 21 373 49 7
118 8 271 28 7
118 12 233 11 7
118 18 247 9 7
118 22 237 26 7
118 24 212 9 7
118 56 209 4 7
118 78 238 10 7
118 82 228 4 7
118 95 231 9 7
119 18 249 22 7
119 56 231 7 7
119 58 243 22 7
119 79 299 43 7
119 95 251 13 7
111 119 247 26 7
120 24 102 3 7
120 28 202 10 7
120 48 132 6 7
120 50 149 7 7
120 52 120 4 7
120 56 89 3 7
120 58 133 2 7
120 78 130 3 7
120 80 130 2 7
120 82 110 2 7
120 91 135 6 7
120 95 123 2 7
10 120 115 4 7
12 120 123 5 7
111 120 139 5 7
115 120 137 6 7
120 121 140 5 7
121 18 163 8 7
121 22 183 10 7
121 24 134 5 7
121 48 166 7 7
121 50 173 13 7
121 52 152 6 7
121 56 121 5 7
121 57 220 18 7
121 58 163 5 7
121 80 162 4 7
121 82 144 3 7
121 91 159 12 7
121 93 179 11 7
121 95 153 5 7
10 121 149 5 7
11 121 171 13 7
12 121 161 4 7
115 121 173 6 7
120 121 140 5 7
122 24 232 14 7
122 38 288 23 7
122 58 243 23 7
12 123 374 28 7
125 24 156 5 7
125 38 210 15 7
125 46 222 14 7
125 48 190 6 7
125 56 147 3 7
125 78 170 12 7
125 80 174 9 7
125 82 160 6 7
125 91 183 11 7
125 93 187 18 7
125 95 173 6 7
11 125 183 18 7
111 125 193 7 7
120 125 164 4 7
121 125 192 8 7
126 24 281 6 7
126 56 264 8 7
126 82 285 7 7
126 95 292 10 7
111 126 294 20 7
121 126 297 19 7
127 52 341 18 7
121 127 351 24 7
129 23 305 28 7
129 28 284 68 7
129 55 328 47 7
120 129 278 17 7
130 9 308 47 7
