Res1 Res2 NSingle NDouble Method
104 5 34 5 7
15 8 11 1 7
52 8 13 2 7
61 8 7 0 7
107 8 14 0 7
127 8 8 2 7
8 87 13 0 7
8 94 13 1 7
15 8 11 1 7
107 15 13 0 7
127 15 9 1 7
15 61 6 0 7
15 87 12 0 7
15 94 12 1 7
17 59 33 11 7
104 18 27 4 7
127 25 23 4 7
30 8 19 1 7
127 30 17 1 7
30 52 20 2 7
30 61 14 0 7
127 34 21 1 7
34 61 18 0 7
36 87 27 4 7
127 41 20 2 7
41 53 25 3 7
41 61 19 0 7
41 94 19 4 7
42 53 27 5 7
50 61 21 0 7
52 8 13 2 7
127 52 13 1 7
52 61 10 0 7
53 8 15 2 7
15 53 16 1 7
127 53 13 2 7
53 61 12 0 7
53 94 18 1 7
127 59 20 1 7
59 61 17 0 7
104 60 20 3 7
105 60 18 3 7
122 60 18 5 7
127 60 18 1 7
60 61 15 0 7
61 67 19 0 7
67 82 21 5 7
67 87 21 2 7
61 68 19 0 7
104 68 20 5 7
105 68 20 4 7
107 68 22 2 7
68 87 21 2 7
61 70 21 0 7
59 72 28 9 7
105 73 29 7 7
61 82 12 0 7
107 82 19 0 7
82 87 18 0 7
61 85 21 0 7
15 87 12 0 7
61 87 6 0 7
127 87 11 0 7
8 88 16 2 7
15 88 17 1 7
53 88 21 2 7
61 88 13 0 7
113 88 21 2 7
127 88 14 2 7
88 94 19 1 7
8 94 13 1 7
15 94 12 1 7
61 94 8 0 7
87 94 14 0 7
105 94 15 1 7
107 94 15 0 7
127 94 11 1 7
102 8 23 1 7
102 61 18 0 7
104 15 17 0 7
104 61 11 0 7
104 87 17 0 7
104 105 18 1 7
104 107 16 1 7
104 114 14 5 7
104 122 16 4 7
104 127 16 0 7
105 8 16 0 7
105 15 15 0 7
105 61 9 0 7
105 87 15 0 7
105 94 15 1 7
105 107 14 1 7
105 114 16 3 7
105 127 14 0 7
107 8 14 0 7
107 15 13 0 7
107 61 7 0 7
107 87 13 0 7
107 94 15 0 7
104 107 16 1 7
105 107 14 1 7
107 114 12 4 7
107 127 12 0 7
112 61 16 0 7
112 94 20 2 7
104 112 21 3 7
105 112 15 5 7
107 112 15 4 7
112 114 17 6 7
113 15 18 0 7
113 61 12 0 7
113 87 18 0 7
113 88 21 2 7
113 127 17 0 7
114 61 13 0 7
104 114 14 5 7
105 114 16 3 7
107 114 12 4 7
114 127 18 0 7
118 61 25 0 7
122 52 19 2 7
122 60 18 5 7
122 61 13 0 7
104 122 16 4 7
114 122 20 3 7
123 53 19 5 7
123 61 17 0 7
127 8 8 2 7
127 15 9 1 7
127 61 5 0 7
127 87 11 0 7
105 127 14 0 7
107 127 12 0 7
128 61 36 0 7
