Res1 Res2 NSingle NDouble Method
11 3 1 0 5
14 3 1 0 5
18 3 1 0 5
22 3 1 0 5
25 3 1 0 5
26 3 1 0 5
27 3 1 0 5
28 3 1 0 5
29 3 1 0 5
102 3 1 0 5
105 3 1 0 5
107 3 1 0 5
111 3 1 0 5
119 3 1 0 5
121 3 1 0 5
129 3 1 0 5
3 5 1 0 5
3 31 1 0 5
3 32 1 0 5
3 38 1 0 5
3 43 1 0 5
3 46 1 0 5
3 47 1 0 5
3 48 1 0 5
3 50 1 0 5
3 55 1 0 5
3 65 1 0 5
3 66 2 1 5
3 69 1 0 5
3 70 1 0 5
3 74 1 0 5
3 75 1 0 5
3 76 1 0 5
3 77 1 0 5
3 79 0 1 5
3 81 1 0 5
3 84 1 0 5
3 86 1 0 5
3 90 1 0 5
3 93 1 0 5
3 95 1 0 5
3 98 1 0 5
17 7 14 8 5
60 8 8 3 5
36 9 3 3 5
80 9 2 3 5
118 9 1 3 5
10 63 12 11 5
10 78 11 11 5
117 13 5 16 5
15 5 1 0 5
11 15 1 0 5
14 15 1 0 5
102 15 1 0 5
105 15 1 0 5
107 15 1 0 5
111 15 1 0 5
119 15 1 0 5
121 15 1 0 5
129 15 1 0 5
15 18 1 0 5
15 22 1 0 5
15 25 1 0 5
15 26 1 0 5
15 27 1 0 5
15 28 1 0 5
15 29 1 0 5
15 31 1 0 5
15 32 1 0 5
15 38 1 0 5
15 43 1 0 5
15 46 1 0 5
15 47 1 0 5
15 48 1 0 5
15 50 1 0 5
15 55 1 0 5
15 65 1 0 5
15 67 6 1 5
15 69 1 0 5
15 70 1 0 5
15 74 1 0 5
15 75 1 0 5
15 76 1 0 5
15 77 1 0 5
15 81 1 0 5
15 84 1 0 5
15 86 1 0 5
15 90 1 0 5
15 93 1 0 5
15 95 1 0 5
15 98 1 0 5
16 35 3 4 5
16 57 2 5 5
17 66 8 3 5
30 67 6 2 5
100 33 4 4 5
108 33 7 7 5
33 34 5 6 5
33 52 5 4 5
33 34 5 6 5
100 34 5 4 5
34 73 8 5 5
16 35 3 4 5
116 35 3 2 5
35 57 1 5 5
36 9 3 3 5
103 39 6 9 5
114 39 4 11 5
39 58 7 5 5
41 9 5 1 5
36 41 6 1 5
118 41 4 1 5
41 78 11 2 5
41 80 5 1 5
41 91 8 2 5
101 44 2 8 5
112 44 2 8 5
17 51 12 9 5
33 52 5 4 5
52 82 3 2 5
114 53 12 4 5
13 56 11 19 5
16 57 2 5 5
35 57 1 5 5
39 58 7 5 5
103 58 9 4 5
58 59 14 5 5
114 59 9 12 5
117 60 8 9 5
17 61 10 3 5
126 61 5 1 5
3 66 2 1 5
17 66 8 3 5
66 79 2 1 5
30 67 6 2 5
35 73 6 4 5
57 73 5 5 5
113 73 6 5 5
10 78 11 11 5
3 79 0 1 5
5 79 1 0 5
11 79 1 0 5
14 79 1 0 5
18 79 1 0 5
22 79 1 0 5
25 79 1 0 5
26 79 1 0 5
27 79 1 0 5
28 79 1 0 5
29 79 1 0 5
31 79 1 0 5
32 79 1 0 5
38 79 1 0 5
43 79 1 0 5
46 79 1 0 5
47 79 1 0 5
48 79 1 0 5
50 79 1 0 5
55 79 1 0 5
65 79 1 0 5
66 79 2 1 5
69 79 1 0 5
70 79 1 0 5
74 79 1 0 5
75 79 1 0 5
76 79 1 0 5
77 79 1 0 5
102 79 1 0 5
105 79 1 0 5
107 79 1 0 5
111 79 1 0 5
119 79 1 0 5
121 79 1 0 5
129 79 1 0 5
79 81 1 0 5
79 84 1 0 5
79 86 1 0 5
79 90 1 0 5
79 93 1 0 5
79 95 1 0 5
79 98 1 0 5
80 9 2 3 5
118 80 1 3 5
33 82 6 2 5
52 82 3 2 5
80 82 4 1 5
1 88 12 4 5
60 88 8 3 5
33 89 7 2 5
108 89 10 3 5
41 91 8 2 5
78 91 7 7 5
100 33 4 4 5
100 34 5 4 5
101 44 2 8 5
101 112 0 9 5
103 39 6 9 5
103 114 6 10 5
108 33 7 7 5
101 112 0 9 5
113 16 3 5 5
113 35 4 4 5
113 57 3 5 5
114 39 4 11 5
103 114 6 10 5
115 57 7 5 5
116 5 2 0 5
116 14 2 0 5
116 18 2 0 5
116 22 2 0 5
116 25 2 0 5
116 26 2 0 5
116 27 2 0 5
116 28 2 0 5
116 29 2 0 5
116 31 2 0 5
116 32 2 0 5
116 35 3 2 5
116 38 2 0 5
116 43 2 0 5
116 46 2 0 5
116 47 2 0 5
116 48 2 0 5
116 50 2 0 5
116 55 2 0 5
116 65 2 0 5
116 69 2 0 5
116 70 2 0 5
116 74 2 0 5
116 75 2 0 5
116 76 2 0 5
116 77 2 0 5
116 81 2 0 5
116 84 2 0 5
116 86 2 0 5
116 90 2 0 5
116 93 2 0 5
116 95 2 0 5
116 98 2 0 5
11 116 2 0 5
102 116 2 0 5
105 116 2 0 5
107 116 2 0 5
111 116 2 0 5
116 119 2 0 5
116 121 2 0 5
116 129 2 0 5
117 13 5 16 5
118 9 1 3 5
118 36 4 2 5
118 80 1 3 5
120 44 6 5 5
122 91 8 1 5
115 122 10 1 5
123 63 11 2 5
123 78 10 2 5
126 61 5 1 5
127 39 10 2 5
103 127 10 2 5
114 127 12 2 5
