Res1 Res2 NSingle NDouble Method
1 59 28 7 5
1 88 18 4 5
11 3 1 0 5
14 3 1 0 5
15 3 2 0 5
18 3 1 0 5
22 3 1 0 5
25 3 1 0 5
26 3 1 0 5
27 3 1 0 5
28 3 1 0 5
29 3 1 0 5
102 3 1 0 5
105 3 1 0 5
107 3 1 0 5
111 3 1 0 5
116 3 3 0 5
119 3 1 0 5
121 3 1 0 5
122 3 2 0 5
123 3 3 0 5
126 3 3 0 5
129 3 1 0 5
3 5 1 0 5
3 31 1 0 5
3 32 1 0 5
3 38 1 0 5
3 43 1 0 5
3 46 1 0 5
3 47 1 0 5
3 48 1 0 5
3 50 1 0 5
3 55 1 0 5
3 65 1 0 5
3 66 2 1 5
3 69 1 0 5
3 70 1 0 5
3 74 1 0 5
3 75 1 0 5
3 76 1 0 5
3 77 1 0 5
3 79 0 1 5
3 81 1 0 5
3 82 3 0 5
3 84 1 0 5
3 86 1 0 5
3 90 1 0 5
3 93 1 0 5
3 95 1 0 5
3 98 1 0 5
17 7 21 12 5
62 7 25 4 5
60 8 11 4 5
117 8 20 6 5
36 9 5 3 5
80 9 2 4 5
118 9 4 3 5
10 63 23 12 5
117 13 16 22 5
13 88 27 7 5
15 3 2 0 5
15 5 1 0 5
11 15 1 0 5
14 15 1 0 5
102 15 1 0 5
105 15 1 0 5
107 15 1 0 5
111 15 1 0 5
116 15 3 0 5
119 15 1 0 5
121 15 1 0 5
122 15 2 0 5
123 15 3 0 5
126 15 3 0 5
127 15 4 0 5
129 15 1 0 5
15 18 1 0 5
15 22 1 0 5
15 25 1 0 5
15 26 1 0 5
15 27 1 0 5
15 28 1 0 5
15 29 1 0 5
15 30 4 0 5
15 31 1 0 5
15 32 1 0 5
15 38 1 0 5
15 41 4 0 5
15 43 1 0 5
15 46 1 0 5
15 47 1 0 5
15 48 1 0 5
15 50 1 0 5
15 55 1 0 5
15 65 1 0 5
15 66 4 0 5
15 69 1 0 5
15 70 1 0 5
15 74 1 0 5
15 75 1 0 5
15 76 1 0 5
15 77 1 0 5
15 79 2 0 5
15 81 1 0 5
15 82 3 0 5
15 84 1 0 5
15 86 1 0 5
15 89 4 0 5
15 90 1 0 5
15 93 1 0 5
15 95 1 0 5
15 98 1 0 5
113 16 7 6 5
116 16 8 1 5
16 35 7 5 5
16 57 6 6 5
17 66 13 3 5
20 92 15 25 5
30 5 3 0 5
11 30 3 0 5
14 30 3 0 5
18 30 3 0 5
22 30 3 0 5
25 30 3 0 5
26 30 3 0 5
27 30 3 0 5
28 30 3 0 5
29 30 3 0 5
102 30 3 0 5
105 30 3 0 5
107 30 3 0 5
111 30 3 0 5
119 30 3 0 5
121 30 3 0 5
129 30 3 0 5
30 31 3 0 5
30 32 3 0 5
30 38 3 0 5
30 43 3 0 5
30 46 3 0 5
30 47 3 0 5
30 48 3 0 5
30 50 3 0 5
30 55 3 0 5
30 65 3 0 5
30 67 11 1 5
30 69 3 0 5
30 70 3 0 5
30 71 27 2 5
30 74 3 0 5
30 75 3 0 5
30 76 3 0 5
30 77 3 0 5
30 81 3 0 5
30 84 3 0 5
30 86 3 0 5
30 90 3 0 5
30 93 3 0 5
30 95 3 0 5
30 98 3 0 5
12 33 18 9 5
33 34 8 7 5
33 52 10 3 5
33 82 8 2 5
33 34 8 7 5
34 73 13 5 5
16 35 7 5 5
116 35 7 2 5
35 57 1 9 5
36 9 5 3 5
118 36 7 2 5
36 41 7 1 5
36 80 7 2 5
103 39 14 11 5
114 39 15 13 5
127 39 14 3 5
39 58 14 5 5
39 59 20 10 5
36 41 7 1 5
118 41 6 1 5
41 91 12 2 5
41 97 14 1 5
17 42 19 12 5
112 44 6 10 5
44 97 8 10 5
114 49 28 20 5
17 51 21 14 5
33 52 10 3 5
108 52 13 5 5
39 53 17 4 5
114 53 22 5 5
130 53 21 6 5
53 99 23 6 5
16 57 6 6 5
35 57 1 9 5
101 57 4 10 5
113 57 5 8 5
116 57 8 2 5
39 58 14 5 5
103 59 20 11 5
60 8 11 4 5
117 60 19 10 5
60 88 12 4 5
60 89 12 2 5
5 61 5 0 5
11 61 5 0 5
14 61 5 0 5
17 61 15 3 5
18 61 5 0 5
22 61 5 0 5
25 61 5 0 5
26 61 5 0 5
27 61 5 0 5
28 61 5 0 5
29 61 5 0 5
31 61 5 0 5
32 61 5 0 5
38 61 5 0 5
43 61 5 0 5
46 61 5 0 5
47 61 5 0 5
48 61 5 0 5
50 61 5 0 5
55 61 5 0 5
102 61 5 0 5
105 61 5 0 5
107 61 5 0 5
111 61 5 0 5
119 61 5 0 5
121 61 5 0 5
126 61 5 1 5
129 61 5 0 5
61 65 5 0 5
61 69 5 0 5
61 70 5 0 5
61 74 5 0 5
61 75 5 0 5
61 76 5 0 5
61 77 5 0 5
61 81 5 0 5
61 84 5 0 5
61 86 5 0 5
61 90 5 0 5
61 93 5 0 5
61 95 5 0 5
61 96 23 3 5
61 98 5 0 5
62 7 25 4 5
1 62 17 3 5
5 62 4 0 5
11 62 4 0 5
14 62 4 0 5
18 62 4 0 5
22 62 4 0 5
25 62 4 0 5
26 62 4 0 5
27 62 4 0 5
28 62 4 0 5
29 62 4 0 5
31 62 4 0 5
32 62 4 0 5
38 62 4 0 5
43 62 4 0 5
46 62 4 0 5
47 62 4 0 5
48 62 4 0 5
50 62 4 0 5
55 62 4 0 5
59 62 19 4 5
102 62 4 0 5
105 62 4 0 5
107 62 4 0 5
111 62 4 0 5
119 62 4 0 5
121 62 4 0 5
129 62 4 0 5
62 65 4 0 5
62 69 4 0 5
62 70 4 0 5
62 74 4 0 5
62 75 4 0 5
62 76 4 0 5
62 77 4 0 5
62 81 4 0 5
62 84 4 0 5
62 86 4 0 5
62 90 4 0 5
62 93 4 0 5
62 95 4 0 5
62 98 4 0 5
62 99 23 4 5
63 78 20 8 5
63 96 16 13 5
49 64 33 22 5
3 66 2 1 5
66 79 2 1 5
67 71 24 7 5
71 78 22 12 5
71 91 25 8 5
57 73 9 6 5
112 73 10 6 5
116 73 9 2 5
73 97 12 6 5
78 91 15 8 5
78 96 18 12 5
3 79 0 1 5
5 79 1 0 5
11 79 1 0 5
14 79 1 0 5
15 79 2 0 5
18 79 1 0 5
22 79 1 0 5
25 79 1 0 5
26 79 1 0 5
27 79 1 0 5
28 79 1 0 5
29 79 1 0 5
31 79 1 0 5
32 79 1 0 5
38 79 1 0 5
43 79 1 0 5
46 79 1 0 5
47 79 1 0 5
48 79 1 0 5
50 79 1 0 5
55 79 1 0 5
65 79 1 0 5
66 79 2 1 5
69 79 1 0 5
70 79 1 0 5
74 79 1 0 5
75 79 1 0 5
76 79 1 0 5
77 79 1 0 5
102 79 1 0 5
105 79 1 0 5
107 79 1 0 5
111 79 1 0 5
116 79 3 0 5
119 79 1 0 5
121 79 1 0 5
122 79 2 0 5
123 79 3 0 5
126 79 3 0 5
129 79 1 0 5
79 81 1 0 5
79 82 3 0 5
79 84 1 0 5
79 86 1 0 5
79 90 1 0 5
79 93 1 0 5
79 95 1 0 5
79 98 1 0 5
80 9 2 4 5
36 80 7 2 5
118 80 4 3 5
3 82 3 0 5
5 82 2 0 5
11 82 2 0 5
14 82 2 0 5
15 82 3 0 5
18 82 2 0 5
22 82 2 0 5
25 82 2 0 5
26 82 2 0 5
27 82 2 0 5
28 82 2 0 5
29 82 2 0 5
31 82 2 0 5
32 82 2 0 5
33 82 8 2 5
38 82 2 0 5
43 82 2 0 5
46 82 2 0 5
47 82 2 0 5
48 82 2 0 5
50 82 2 0 5
55 82 2 0 5
65 82 2 0 5
69 82 2 0 5
70 82 2 0 5
74 82 2 0 5
75 82 2 0 5
76 82 2 0 5
77 82 2 0 5
79 82 3 0 5
81 82 2 0 5
102 82 2 0 5
105 82 2 0 5
107 82 2 0 5
111 82 2 0 5
119 82 2 0 5
121 82 2 0 5
122 82 3 0 5
129 82 2 0 5
82 84 2 0 5
82 86 2 0 5
82 90 2 0 5
82 93 2 0 5
82 95 2 0 5
82 98 2 0 5
85 97 10 11 5
1 88 18 4 5
13 88 27 7 5
60 88 12 4 5
5 89 3 0 5
8 89 7 1 5
11 89 3 0 5
14 89 3 0 5
18 89 3 0 5
22 89 3 0 5
25 89 3 0 5
26 89 3 0 5
27 89 3 0 5
28 89 3 0 5
29 89 3 0 5
31 89 3 0 5
32 89 3 0 5
38 89 3 0 5
43 89 3 0 5
46 89 3 0 5
47 89 3 0 5
48 89 3 0 5
50 89 3 0 5
55 89 3 0 5
60 89 12 2 5
65 89 3 0 5
69 89 3 0 5
70 89 3 0 5
74 89 3 0 5
75 89 3 0 5
76 89 3 0 5
77 89 3 0 5
81 89 3 0 5
84 89 3 0 5
86 89 3 0 5
102 89 3 0 5
105 89 3 0 5
107 89 3 0 5
111 89 3 0 5
119 89 3 0 5
121 89 3 0 5
129 89 3 0 5
89 90 3 0 5
89 93 3 0 5
89 95 3 0 5
89 98 3 0 5
41 91 12 2 5
78 91 15 8 5
5 94 4 0 5
11 94 4 0 5
14 94 4 0 5
18 94 4 0 5
22 94 4 0 5
25 94 4 0 5
26 94 4 0 5
27 94 4 0 5
28 94 4 0 5
29 94 4 0 5
31 94 4 0 5
32 94 4 0 5
38 94 4 0 5
43 94 4 0 5
46 94 4 0 5
47 94 4 0 5
48 94 4 0 5
50 94 4 0 5
55 94 4 0 5
65 94 4 0 5
67 94 12 1 5
69 94 4 0 5
70 94 4 0 5
74 94 4 0 5
75 94 4 0 5
76 94 4 0 5
77 94 4 0 5
81 94 4 0 5
84 94 4 0 5
86 94 4 0 5
90 94 4 0 5
93 94 4 0 5
102 94 4 0 5
105 94 4 0 5
107 94 4 0 5
111 94 4 0 5
119 94 4 0 5
121 94 4 0 5
129 94 4 0 5
94 95 4 0 5
94 98 4 0 5
63 96 16 13 5
78 96 18 12 5
91 96 23 7 5
114 99 27 12 5
100 5 5 0 5
100 11 5 0 5
100 14 5 0 5
100 18 5 0 5
100 22 5 0 5
100 25 5 0 5
100 26 5 0 5
100 27 5 0 5
100 28 5 0 5
100 29 5 0 5
100 31 5 0 5
100 32 5 0 5
100 33 11 2 5
100 38 5 0 5
100 43 5 0 5
100 45 21 4 5
100 46 5 0 5
100 47 5 0 5
100 48 5 0 5
100 50 5 0 5
100 55 5 0 5
100 65 5 0 5
100 69 5 0 5
100 70 5 0 5
100 74 5 0 5
100 75 5 0 5
100 76 5 0 5
100 77 5 0 5
100 81 5 0 5
100 84 5 0 5
100 86 5 0 5
100 90 5 0 5
100 93 5 0 5
100 95 5 0 5
100 98 5 0 5
100 102 5 0 5
100 105 5 0 5
100 107 5 0 5
100 111 5 0 5
100 119 5 0 5
100 121 5 0 5
100 129 5 0 5
101 16 10 6 5
101 35 5 9 5
101 57 4 10 5
103 39 14 11 5
106 114 34 17 5
108 33 17 5 5
108 52 13 5 5
108 109 25 11 5
112 97 8 8 5
101 112 5 10 5
112 116 9 2 5
113 16 7 6 5
113 57 5 8 5
114 58 21 5 5
103 114 13 15 5
115 97 11 7 5
112 115 11 6 5
113 115 13 5 5
115 116 10 2 5
115 120 11 5 5
115 122 11 1 5
116 3 3 0 5
116 5 2 0 5
116 14 2 0 5
116 15 3 0 5
116 18 2 0 5
116 22 2 0 5
116 25 2 0 5
116 26 2 0 5
116 27 2 0 5
116 28 2 0 5
116 29 2 0 5
116 31 2 0 5
116 32 2 0 5
116 35 7 2 5
116 38 2 0 5
116 43 2 0 5
116 46 2 0 5
116 47 2 0 5
116 48 2 0 5
116 50 2 0 5
116 55 2 0 5
116 57 8 2 5
116 65 2 0 5
116 69 2 0 5
116 70 2 0 5
116 74 2 0 5
116 75 2 0 5
116 76 2 0 5
116 77 2 0 5
116 79 3 0 5
116 81 2 0 5
116 84 2 0 5
116 86 2 0 5
116 90 2 0 5
116 93 2 0 5
116 95 2 0 5
116 98 2 0 5
11 116 2 0 5
102 116 2 0 5
105 116 2 0 5
107 116 2 0 5
111 116 2 0 5
116 119 2 0 5
116 121 2 0 5
116 122 3 0 5
116 129 2 0 5
118 9 4 3 5
118 36 7 2 5
118 41 6 1 5
118 80 4 3 5
120 44 10 7 5
120 97 10 6 5
112 120 12 4 5
115 120 11 5 5
122 3 2 0 5
122 5 1 0 5
122 14 1 0 5
122 15 2 0 5
122 18 1 0 5
122 22 1 0 5
122 25 1 0 5
122 26 1 0 5
122 27 1 0 5
122 28 1 0 5
122 29 1 0 5
122 31 1 0 5
122 32 1 0 5
122 38 1 0 5
122 43 1 0 5
122 46 1 0 5
122 47 1 0 5
122 48 1 0 5
122 50 1 0 5
122 55 1 0 5
122 65 1 0 5
122 69 1 0 5
122 70 1 0 5
122 74 1 0 5
122 75 1 0 5
122 76 1 0 5
122 77 1 0 5
122 79 2 0 5
122 81 1 0 5
122 82 3 0 5
122 84 1 0 5
122 86 1 0 5
122 90 1 0 5
122 93 1 0 5
122 95 1 0 5
122 98 1 0 5
11 122 1 0 5
102 122 1 0 5
105 122 1 0 5
107 122 1 0 5
111 122 1 0 5
115 122 11 1 5
116 122 3 0 5
119 122 1 0 5
121 122 1 0 5
122 123 3 0 5
122 126 3 0 5
122 129 1 0 5
123 3 3 0 5
123 5 2 0 5
123 14 2 0 5
123 15 3 0 5
123 18 2 0 5
123 22 2 0 5
123 25 2 0 5
123 26 2 0 5
123 27 2 0 5
123 28 2 0 5
123 29 2 0 5
123 31 2 0 5
123 32 2 0 5
123 38 2 0 5
123 43 2 0 5
123 46 2 0 5
123 47 2 0 5
123 48 2 0 5
123 50 2 0 5
123 55 2 0 5
123 65 2 0 5
123 69 2 0 5
123 70 2 0 5
123 74 2 0 5
123 75 2 0 5
123 76 2 0 5
123 77 2 0 5
123 79 3 0 5
123 81 2 0 5
123 82 4 0 5
123 84 2 0 5
123 86 2 0 5
123 90 2 0 5
123 93 2 0 5
123 95 2 0 5
123 98 2 0 5
11 123 2 0 5
102 123 2 0 5
105 123 2 0 5
107 123 2 0 5
111 123 2 0 5
115 123 12 1 5
116 123 4 0 5
119 123 2 0 5
121 123 2 0 5
122 123 3 0 5
123 126 4 0 5
123 129 2 0 5
101 124 26 14 5
126 3 3 0 5
126 5 2 0 5
126 14 2 0 5
126 15 3 0 5
126 17 16 1 5
126 18 2 0 5
126 22 2 0 5
126 25 2 0 5
126 26 2 0 5
126 27 2 0 5
126 28 2 0 5
126 29 2 0 5
126 31 2 0 5
126 32 2 0 5
126 38 2 0 5
126 43 2 0 5
126 46 2 0 5
126 47 2 0 5
126 48 2 0 5
126 50 2 0 5
126 55 2 0 5
126 61 5 1 5
126 65 2 0 5
126 69 2 0 5
126 70 2 0 5
126 74 2 0 5
126 75 2 0 5
126 76 2 0 5
126 77 2 0 5
126 79 3 0 5
126 81 2 0 5
126 82 4 0 5
126 84 2 0 5
126 86 2 0 5
126 90 2 0 5
126 93 2 0 5
126 95 2 0 5
126 98 2 0 5
11 126 2 0 5
102 126 2 0 5
105 126 2 0 5
107 126 2 0 5
111 126 2 0 5
116 126 4 0 5
119 126 2 0 5
121 126 2 0 5
122 126 3 0 5
123 126 4 0 5
126 129 2 0 5
127 3 4 0 5
127 5 3 0 5
127 14 3 0 5
127 15 4 0 5
127 18 3 0 5
127 22 3 0 5
127 25 3 0 5
127 26 3 0 5
127 27 3 0 5
127 28 3 0 5
127 29 3 0 5
127 31 3 0 5
127 32 3 0 5
127 38 3 0 5
127 39 14 3 5
127 43 3 0 5
127 46 3 0 5
127 47 3 0 5
127 48 3 0 5
127 50 3 0 5
127 55 3 0 5
127 65 3 0 5
127 69 3 0 5
127 70 3 0 5
127 74 3 0 5
127 75 3 0 5
127 76 3 0 5
127 77 3 0 5
127 79 4 0 5
127 81 3 0 5
127 82 5 0 5
127 84 3 0 5
127 86 3 0 5
127 90 3 0 5
127 93 3 0 5
127 95 3 0 5
127 98 3 0 5
11 127 3 0 5
102 127 3 0 5
103 127 16 3 5
105 127 3 0 5
107 127 3 0 5
111 127 3 0 5
116 127 5 0 5
119 127 3 0 5
121 127 3 0 5
122 127 4 0 5
123 127 5 0 5
126 127 5 0 5
127 129 3 0 5
130 53 21 6 5
124 130 33 16 5
