Res1 Res2 NSingle NDouble Method
15 3 2 0 5
33 34 8 7 5
16 35 7 5 5
36 9 5 3 5
36 41 7 1 5
33 52 10 3 5
16 57 6 6 5
35 57 1 9 5
39 58 14 5 5
60 8 11 4 5
62 7 25 4 5
3 66 2 1 5
3 79 0 1 5
15 79 2 0 5
66 79 2 1 5
80 9 2 4 5
36 80 7 2 5
3 82 3 0 5
15 82 3 0 5
33 82 8 2 5
79 82 3 0 5
1 88 18 4 5
13 88 27 7 5
60 88 12 4 5
60 89 12 2 5
41 91 12 2 5
78 91 15 8 5
63 96 16 13 5
78 96 18 12 5
101 57 4 10 5
103 39 14 11 5
108 52 13 5 5
113 16 7 6 5
113 57 5 8 5
116 3 3 0 5
116 15 3 0 5
116 35 7 2 5
116 57 8 2 5
116 79 3 0 5
118 9 4 3 5
118 36 7 2 5
118 41 6 1 5
118 80 4 3 5
115 120 11 5 5
122 3 2 0 5
122 15 2 0 5
122 79 2 0 5
122 82 3 0 5
115 122 11 1 5
116 122 3 0 5
123 3 3 0 5
123 15 3 0 5
123 79 3 0 5
122 123 3 0 5
126 3 3 0 5
126 15 3 0 5
126 61 5 1 5
126 79 3 0 5
122 126 3 0 5
123 126 4 0 5
127 15 4 0 5
127 39 14 3 5
130 53 21 6 5
