Res1 Res2 NSingle NDouble Method
5 7 18 6 4
30 8 2 0 4
60 8 4 0 4
118 8 2 0 4
123 8 2 0 4
124 8 4 0 4
127 8 2 0 4
8 82 2 0 4
8 88 2 0 4
10 13 14 18 4
11 23 13 14 4
11 90 17 11 4
15 20 18 4 4
15 26 16 3 4
15 27 22 5 4
16 7 12 3 4
16 18 18 4 4
11 17 17 12 4
17 23 16 8 4
15 20 18 4 4
103 22 13 7 4
116 22 14 5 4
11 23 13 14 4
103 23 13 6 4
121 23 12 6 4
124 24 7 1 4
24 73 10 3 4
25 37 15 6 4
25 65 19 5 4
26 75 20 7 4
129 28 23 7 4
13 31 12 15 4
32 76 17 12 4
104 33 12 8 4
33 98 9 9 4
34 36 11 4 4
34 60 9 2 4
101 35 6 4 4
116 35 7 3 4
124 35 7 1 4
128 35 6 4 4
35 36 7 4 4
35 45 8 6 4
35 60 7 1 4
35 83 5 4 4
35 98 6 5 4
34 36 11 4 4
35 36 7 4 4
101 36 9 3 4
119 36 11 3 4
36 37 12 4 4
36 45 13 4 4
36 73 9 4 4
36 87 10 3 4
36 98 11 3 4
103 38 13 6 4
104 38 16 5 4
116 38 12 5 4
117 38 14 5 4
128 38 13 5 4
38 98 15 5 4
38 99 10 7 4
109 40 15 4 4
110 40 15 4 4
20 41 19 3 4
106 41 12 2 4
109 41 12 2 4
120 41 13 2 4
44 56 9 4 4
44 60 8 2 4
44 95 9 3 4
35 45 8 6 4
101 45 10 5 4
103 45 10 6 4
117 45 11 5 4
119 45 8 7 4
45 49 12 10 4
45 73 12 5 4
45 87 11 5 4
45 98 10 6 4
114 50 30 4 4
121 51 9 6 4
124 53 9 1 4
53 66 11 1 4
53 95 10 2 4
44 55 14 8 4
44 56 9 4 4
56 60 7 1 4
56 70 7 3 4
56 95 6 3 4
37 57 15 6 4
51 57 16 6 4
104 57 15 5 4
57 98 14 5 4
28 58 30 9 4
103 59 12 6 4
59 99 11 6 4
60 8 4 0 4
30 60 2 0 4
35 60 7 1 4
36 60 8 1 4
56 60 7 1 4
118 60 2 0 4
123 60 2 0 4
124 60 4 0 4
127 60 2 0 4
60 82 2 0 4
60 88 2 0 4
30 61 4 0 4
118 61 4 0 4
123 61 4 0 4
127 61 4 0 4
61 66 6 1 4
61 82 4 0 4
61 88 4 0 4
61 94 5 3 4
129 62 25 8 4
65 89 12 6 4
44 66 10 2 4
61 66 6 1 4
66 89 10 2 4
66 94 9 1 4
66 95 7 1 4
68 69 11 7 4
68 70 9 4 4
68 74 10 6 4
68 69 11 7 4
69 74 9 8 4
56 70 7 3 4
103 70 9 3 4
116 70 6 3 4
124 70 4 2 4
128 70 7 3 4
70 95 5 3 4
70 99 8 3 4
35 73 8 4 4
36 73 9 4 4
101 73 6 5 4
103 73 10 4 4
117 73 9 4 4
119 73 10 4 4
124 73 9 1 4
73 83 7 4 4
73 87 5 6 4
73 98 10 4 4
69 74 9 8 4
74 76 11 9 4
74 80 8 9 4
75 95 14 5 4
106 78 17 3 4
114 78 16 3 4
120 78 14 5 4
74 80 8 9 4
108 80 10 11 4
116 80 11 5 4
35 83 5 4 4
73 83 7 4 4
101 83 7 3 4
103 83 7 4 4
116 83 4 4 4
117 83 6 4 4
124 83 6 1 4
128 83 3 5 4
83 95 7 2 4
83 98 7 4 4
103 84 12 8 4
121 84 13 7 4
129 86 25 5 4
73 87 5 6 4
83 87 8 3 4
101 87 7 4 4
103 87 9 4 4
104 87 8 5 4
117 87 8 4 4
119 87 9 4 4
124 87 8 1 4
87 98 9 4 4
55 89 16 7 4
65 89 12 6 4
66 89 10 2 4
103 90 11 6 4
117 90 10 6 4
121 90 8 7 4
90 98 11 6 4
70 91 13 5 4
7 94 15 2 4
61 94 5 3 4
66 94 9 1 4
44 95 9 3 4
56 95 6 3 4
66 95 7 1 4
70 95 5 3 4
83 95 7 2 4
124 95 5 1 4
8 97 12 1 4
110 97 16 3 4
35 98 6 5 4
83 98 7 4 4
101 98 6 5 4
103 98 4 7 4
104 98 3 8 4
116 98 7 4 4
121 98 7 5 4
124 98 7 2 4
128 98 6 5 4
70 99 8 3 4
83 99 8 3 4
98 99 9 4 4
101 99 7 4 4
103 99 5 6 4
104 99 10 4 4
116 99 4 5 4
117 99 6 5 4
124 99 6 2 4
128 99 5 5 4
100 13 16 8 4
100 87 12 4 4
100 117 12 4 4
101 35 6 4 4
101 73 6 5 4
101 83 7 3 4
101 87 7 4 4
101 98 6 5 4
101 99 7 4 4
101 103 6 5 4
101 104 9 4 4
101 116 7 3 4
101 117 7 4 4
101 119 8 4 4
101 124 5 2 4
101 128 6 4 4
103 35 8 4 4
103 83 7 4 4
103 99 5 6 4
101 103 6 5 4
103 116 5 5 4
103 117 5 6 4
103 121 5 6 4
103 124 7 2 4
103 128 4 6 4
104 35 9 4 4
104 87 8 5 4
104 98 3 8 4
101 104 9 4 4
104 116 8 4 4
104 121 8 5 4
104 124 8 2 4
104 128 7 5 4
106 41 12 2 4
106 61 10 2 4
106 114 11 4 4
106 120 13 4 4
108 80 10 11 4
108 113 11 11 4
109 8 10 1 4
109 35 11 3 4
109 40 15 4 4
109 83 10 3 4
109 124 10 1 4
109 128 11 3 4
110 8 8 2 4
110 35 11 3 4
110 83 8 4 4
110 99 12 3 4
101 110 11 3 4
110 116 8 4 4
110 117 12 3 4
110 124 10 1 4
110 128 9 4 4
112 70 11 3 4
112 76 17 6 4
113 83 12 5 4
113 98 13 6 4
103 113 13 6 4
108 113 11 11 4
113 117 12 6 4
113 121 10 7 4
114 41 13 1 4
106 114 11 4 4
109 114 13 3 4
114 120 12 4 4
116 35 7 3 4
116 70 6 3 4
116 83 4 4 4
116 98 7 4 4
116 99 4 5 4
101 116 7 3 4
103 116 5 5 4
104 116 8 4 4
110 116 8 4 4
116 117 6 4 4
116 124 4 2 4
116 128 1 6 4
117 73 9 4 4
117 83 6 4 4
117 87 8 4 4
117 98 9 4 4
117 99 6 5 4
101 117 7 4 4
103 117 5 6 4
104 117 10 4 4
116 117 6 4 4
117 121 4 6 4
117 124 8 1 4
117 128 5 5 4
119 35 8 4 4
119 45 8 7 4
119 73 10 4 4
119 83 9 3 4
119 87 9 4 4
119 98 10 4 4
101 119 8 4 4
104 119 11 4 4
119 128 10 3 4
120 41 13 2 4
120 78 14 5 4
106 120 13 4 4
114 120 12 4 4
121 51 9 6 4
121 83 8 3 4
121 90 8 7 4
121 98 7 5 4
103 121 5 6 4
104 121 8 5 4
116 121 8 3 4
117 121 4 6 4
121 128 7 4 4
124 8 4 0 4
124 24 7 1 4
124 30 2 0 4
124 35 7 1 4
124 60 4 0 4
124 70 4 2 4
124 82 2 0 4
124 83 6 1 4
124 88 2 0 4
124 95 5 1 4
124 98 7 2 4
124 99 6 2 4
101 124 5 2 4
103 124 7 2 4
104 124 8 2 4
116 124 4 2 4
118 124 2 0 4
123 124 2 0 4
124 127 2 0 4
124 128 5 2 4
128 35 6 4 4
128 70 7 3 4
128 83 3 5 4
128 98 6 5 4
128 99 5 5 4
101 128 6 4 4
103 128 4 6 4
104 128 7 5 4
116 128 1 6 4
117 128 5 5 4
124 128 5 2 4
129 28 23 7 4
129 62 25 8 4
