Res1 Res2 NSingle NDouble Method
15 20 18 4 4
11 23 13 14 4
34 36 11 4 4
35 36 7 4 4
35 45 8 6 4
44 56 9 4 4
60 8 4 0 4
35 60 7 1 4
56 60 7 1 4
61 66 6 1 4
68 69 11 7 4
56 70 7 3 4
36 73 9 4 4
69 74 9 8 4
74 80 8 9 4
35 83 5 4 4
73 83 7 4 4
73 87 5 6 4
65 89 12 6 4
66 89 10 2 4
61 94 5 3 4
66 94 9 1 4
44 95 9 3 4
56 95 6 3 4
66 95 7 1 4
70 95 5 3 4
83 95 7 2 4
35 98 6 5 4
83 98 7 4 4
70 99 8 3 4
101 35 6 4 4
101 73 6 5 4
101 83 7 3 4
101 87 7 4 4
101 98 6 5 4
101 99 7 4 4
103 83 7 4 4
103 99 5 6 4
101 103 6 5 4
104 87 8 5 4
104 98 3 8 4
101 104 9 4 4
106 41 12 2 4
108 80 10 11 4
109 40 15 4 4
108 113 11 11 4
106 114 11 4 4
116 35 7 3 4
116 70 6 3 4
116 83 4 4 4
116 98 7 4 4
116 99 4 5 4
101 116 7 3 4
103 116 5 5 4
104 116 8 4 4
110 116 8 4 4
117 73 9 4 4
117 83 6 4 4
117 87 8 4 4
117 99 6 5 4
101 117 7 4 4
103 117 5 6 4
116 117 6 4 4
119 45 8 7 4
119 73 10 4 4
119 87 9 4 4
101 119 8 4 4
120 41 13 2 4
120 78 14 5 4
106 120 13 4 4
114 120 12 4 4
121 51 9 6 4
121 90 8 7 4
121 98 7 5 4
103 121 5 6 4
104 121 8 5 4
117 121 4 6 4
124 8 4 0 4
124 24 7 1 4
124 35 7 1 4
124 60 4 0 4
124 70 4 2 4
124 83 6 1 4
124 95 5 1 4
124 98 7 2 4
124 99 6 2 4
101 124 5 2 4
103 124 7 2 4
104 124 8 2 4
116 124 4 2 4
128 35 6 4 4
128 70 7 3 4
128 83 3 5 4
128 98 6 5 4
128 99 5 5 4
101 128 6 4 4
103 128 4 6 4
104 128 7 5 4
116 128 1 6 4
117 128 5 5 4
124 128 5 2 4
129 28 23 7 4
129 62 25 8 4
