Res1 Res2 NSingle NDouble Method
1 131 0 25 4
132 2 0 17 4
133 3 0 31 4
134 4 0 28 4
135 5 0 18 4
136 6 0 15 4
16 7 12 3 4
30 7 12 0 4
118 7 12 0 4
123 7 12 0 4
127 7 12 0 4
137 7 0 12 4
146 7 12 3 4
160 7 12 0 4
7 82 12 0 4
7 88 12 0 4
16 8 8 0 4
30 8 2 0 4
41 8 8 0 4
60 8 4 0 4
61 8 6 0 4
66 8 6 0 4
70 8 8 0 4
116 8 8 0 4
118 8 2 0 4
123 8 2 0 4
124 8 4 0 4
127 8 2 0 4
138 8 0 2 4
146 8 8 0 4
160 8 2 0 4
171 8 8 0 4
190 8 4 0 4
191 8 6 0 4
8 82 2 0 4
8 83 8 0 4
8 88 2 0 4
8 95 7 0 4
139 9 0 35 4
10 140 0 30 4
11 23 13 14 4
11 141 0 25 4
11 153 13 14 4
12 142 0 31 4
13 143 0 20 4
14 144 0 23 4
15 8 9 0 4
118 15 7 0 4
123 15 7 0 4
124 15 9 0 4
127 15 7 0 4
138 15 9 0 4
145 15 0 7 4
15 30 7 0 4
15 60 9 0 4
15 82 7 0 4
15 88 7 0 4
15 160 7 0 4
15 190 9 0 4
16 7 12 3 4
16 8 8 0 4
118 16 6 0 4
123 16 6 0 4
124 16 8 0 4
127 16 6 0 4
137 16 12 3 4
138 16 8 0 4
146 16 0 6 4
16 30 6 0 4
16 60 8 0 4
16 70 10 1 4
16 82 6 0 4
16 88 6 0 4
16 160 6 0 4
16 190 8 0 4
147 17 0 16 4
153 17 16 8 4
17 23 16 8 4
148 18 0 20 4
149 19 0 29 4
15 20 18 4 4
145 20 18 4 4
150 20 0 19 4
171 20 19 3 4
20 41 19 3 4
151 21 0 25 4
152 22 0 18 4
153 23 0 16 4
118 24 7 0 4
123 24 7 0 4
124 24 7 1 4
127 24 7 0 4
154 24 0 7 4
160 24 7 0 4
24 30 7 0 4
24 73 10 3 4
24 82 7 0 4
24 88 7 0 4
155 25 0 15 4
167 25 15 6 4
25 37 15 6 4
15 26 16 3 4
145 26 16 3 4
156 26 0 15 4
157 27 0 25 4
158 28 0 19 4
159 29 0 25 4
13 31 12 15 4
143 31 12 15 4
161 31 0 22 4
162 32 0 23 4
163 33 0 18 4
33 98 9 9 4
164 34 0 11 4
166 34 11 4 4
190 34 9 2 4
34 36 11 4 4
34 60 9 2 4
34 73 12 4 4
35 8 9 0 4
30 35 7 0 4
101 35 6 4 4
103 35 8 4 4
104 35 9 4 4
116 35 7 3 4
117 35 9 3 4
118 35 7 0 4
119 35 8 4 4
123 35 7 0 4
124 35 7 1 4
127 35 7 0 4
128 35 6 4 4
138 35 9 0 4
160 35 7 0 4
165 35 0 7 4
166 35 7 4 4
190 35 7 1 4
35 36 7 4 4
35 60 7 1 4
35 73 8 4 4
35 82 7 0 4
35 83 5 4 4
35 87 9 3 4
35 88 7 0 4
35 98 6 5 4
35 99 9 3 4
30 36 8 0 4
34 36 11 4 4
35 36 7 4 4
101 36 9 3 4
118 36 8 0 4
119 36 11 3 4
123 36 8 0 4
127 36 8 0 4
160 36 8 0 4
164 36 11 4 4
165 36 7 4 4
166 36 0 8 4
36 73 9 4 4
36 82 8 0 4
36 87 10 3 4
36 88 8 0 4
36 98 11 3 4
36 37 12 4 4
166 37 12 4 4
167 37 0 12 4
103 38 13 6 4
116 38 12 5 4
128 38 13 5 4
168 38 0 16 4
38 99 10 7 4
169 39 0 25 4
24 40 14 3 4
35 40 14 3 4
128 40 14 3 4
154 40 14 3 4
165 40 14 3 4
170 40 0 13 4
40 83 13 3 4
41 8 8 0 4
30 41 6 0 4
106 41 12 2 4
109 41 12 2 4
118 41 6 0 4
123 41 6 0 4
124 41 8 0 4
127 41 6 0 4
138 41 8 0 4
160 41 6 0 4
171 41 0 6 4
190 41 8 0 4
41 60 8 0 4
41 82 6 0 4
41 88 6 0 4
172 42 0 42 4
173 43 0 24 4
30 44 10 0 4
118 44 10 0 4
123 44 10 0 4
127 44 10 0 4
160 44 10 0 4
174 44 0 10 4
186 44 9 4 4
190 44 8 2 4
44 56 9 4 4
44 60 8 2 4
44 66 10 2 4
44 82 10 0 4
44 88 10 0 4
44 95 9 3 4
35 45 8 6 4
103 45 10 6 4
119 45 8 7 4
165 45 8 6 4
175 45 0 13 4
45 83 11 4 4
45 98 10 6 4
176 46 0 25 4
177 47 0 23 4
178 48 0 32 4
45 49 12 10 4
175 49 12 10 4
179 49 0 19 4
180 50 0 29 4
121 51 9 6 4
181 51 0 13 4
182 52 0 20 4
52 74 13 9 4
53 8 11 0 4
30 53 9 0 4
118 53 9 0 4
123 53 9 0 4
124 53 9 1 4
127 53 9 0 4
138 53 11 0 4
160 53 9 0 4
183 53 0 9 4
190 53 11 0 4
53 60 11 0 4
53 66 11 1 4
53 82 9 0 4
53 88 9 0 4
184 54 0 40 4
185 55 0 20 4
186 55 15 6 4
55 56 15 6 4
56 8 9 0 4
30 56 7 0 4
44 56 9 4 4
118 56 7 0 4
123 56 7 0 4
124 56 9 0 4
127 56 7 0 4
138 56 9 0 4
160 56 7 0 4
174 56 9 4 4
186 56 0 7 4
190 56 7 1 4
56 60 7 1 4
56 70 7 3 4
56 82 7 0 4
56 88 7 0 4
56 95 6 3 4
187 57 0 15 4
188 58 0 29 4
103 59 12 6 4
116 59 13 4 4
189 59 0 15 4
59 99 11 6 4
60 8 4 0 4
30 60 2 0 4
35 60 7 1 4
36 60 8 1 4
56 60 7 1 4
118 60 2 0 4
123 60 2 0 4
124 60 4 0 4
127 60 2 0 4
138 60 4 0 4
160 60 2 0 4
165 60 7 1 4
166 60 8 1 4
186 60 7 1 4
190 60 0 2 4
191 60 6 0 4
60 61 6 0 4
60 66 6 0 4
60 82 2 0 4
60 88 2 0 4
60 95 7 0 4
61 8 6 0 4
30 61 4 0 4
60 61 6 0 4
106 61 10 2 4
118 61 4 0 4
123 61 4 0 4
124 61 6 0 4
127 61 4 0 4
138 61 6 0 4
160 61 4 0 4
190 61 6 0 4
191 61 0 4 4
61 66 6 1 4
61 82 4 0 4
61 88 4 0 4
61 94 5 3 4
61 95 9 0 4
41 62 23 3 4
171 62 23 3 4
192 62 0 23 4
193 63 0 55 4
194 64 0 33 4
195 65 0 14 4
66 8 6 0 4
13 66 18 3 4
30 66 4 0 4
44 66 10 2 4
51 66 13 2 4
60 66 6 0 4
61 66 6 1 4
118 66 4 0 4
123 66 4 0 4
124 66 6 0 4
127 66 4 0 4
138 66 6 0 4
143 66 18 3 4
160 66 4 0 4
174 66 10 2 4
181 66 13 2 4
190 66 6 0 4
191 66 6 1 4
66 82 4 0 4
66 88 4 0 4
66 89 10 2 4
66 94 9 1 4
66 95 7 1 4
30 68 11 0 4
118 68 11 0 4
123 68 11 0 4
127 68 11 0 4
160 68 11 0 4
68 70 9 4 4
68 74 10 6 4
68 82 11 0 4
68 88 11 0 4
68 69 11 7 4
69 74 9 8 4
30 70 6 0 4
56 70 7 3 4
68 70 9 4 4
103 70 9 3 4
116 70 6 3 4
118 70 6 0 4
123 70 6 0 4
124 70 4 2 4
127 70 6 0 4
128 70 7 3 4
160 70 6 0 4
186 70 7 3 4
70 82 6 0 4
70 88 6 0 4
70 95 5 3 4
70 99 8 3 4
30 73 9 0 4
35 73 8 4 4
36 73 9 4 4
101 73 6 5 4
103 73 10 4 4
117 73 9 4 4
118 73 9 0 4
119 73 10 4 4
123 73 9 0 4
124 73 9 1 4
127 73 9 0 4
160 73 9 0 4
165 73 8 4 4
166 73 9 4 4
73 82 9 0 4
73 83 7 4 4
73 87 5 6 4
73 88 9 0 4
73 98 10 4 4
68 74 10 6 4
74 80 8 9 4
76 80 11 11 4
77 87 11 7 4
30 78 13 0 4
106 78 17 3 4
114 78 16 3 4
118 78 13 0 4
120 78 14 5 4
123 78 13 0 4
127 78 13 0 4
160 78 13 0 4
78 82 13 0 4
78 88 13 0 4
130 79 30 13 4
74 80 8 9 4
76 80 11 11 4
108 80 10 11 4
116 80 11 5 4
8 83 8 0 4
30 83 6 0 4
35 83 5 4 4
60 83 8 0 4
73 83 7 4 4
82 83 6 0 4
101 83 7 3 4
103 83 7 4 4
110 83 8 4 4
116 83 4 4 4
117 83 6 4 4
118 83 6 0 4
121 83 8 3 4
123 83 6 0 4
124 83 6 1 4
127 83 6 0 4
128 83 3 5 4
138 83 8 0 4
160 83 6 0 4
165 83 5 4 4
190 83 8 0 4
83 87 8 3 4
83 88 6 0 4
83 95 7 2 4
83 98 7 4 4
83 99 8 3 4
80 84 14 10 4
103 84 12 8 4
128 84 14 6 4
8 87 10 0 4
30 87 8 0 4
35 87 9 3 4
36 87 10 3 4
60 87 10 0 4
73 87 5 6 4
82 87 8 0 4
83 87 8 3 4
101 87 7 4 4
103 87 9 4 4
104 87 8 5 4
117 87 8 4 4
118 87 8 0 4
119 87 9 4 4
121 87 10 3 4
123 87 8 0 4
124 87 8 1 4
127 87 8 0 4
138 87 10 0 4
160 87 8 0 4
165 87 9 3 4
166 87 10 3 4
190 87 10 0 4
87 88 8 0 4
87 95 9 2 4
87 98 9 4 4
65 89 12 6 4
195 89 12 6 4
35 90 13 4 4
83 90 12 4 4
101 90 13 4 4
103 90 11 6 4
117 90 10 6 4
121 90 8 7 4
128 90 13 4 4
165 90 13 4 4
90 98 11 6 4
76 91 15 10 4
8 94 9 0 4
30 94 7 0 4
35 94 12 1 4
60 94 9 0 4
61 94 5 3 4
66 94 9 1 4
82 94 7 0 4
88 94 7 0 4
118 94 7 0 4
123 94 7 0 4
124 94 9 0 4
127 94 7 0 4
138 94 9 0 4
160 94 7 0 4
165 94 12 1 4
190 94 9 0 4
191 94 5 3 4
8 95 7 0 4
30 95 5 0 4
44 95 9 3 4
56 95 6 3 4
60 95 7 0 4
66 95 7 1 4
70 95 5 3 4
82 95 5 0 4
83 95 7 2 4
88 95 5 0 4
118 95 5 0 4
123 95 5 0 4
124 95 5 1 4
127 95 5 0 4
138 95 7 0 4
160 95 5 0 4
174 95 9 3 4
186 95 6 3 4
190 95 7 0 4
8 97 12 1 4
30 97 12 0 4
60 97 14 0 4
82 97 12 0 4
88 97 12 0 4
110 97 16 3 4
118 97 12 0 4
123 97 12 0 4
124 97 14 0 4
127 97 12 0 4
138 97 12 1 4
160 97 12 0 4
190 97 14 0 4
30 98 9 0 4
35 98 6 5 4
82 98 9 0 4
83 98 7 4 4
88 98 9 0 4
101 98 6 5 4
103 98 4 7 4
104 98 3 8 4
116 98 7 4 4
118 98 9 0 4
121 98 7 5 4
123 98 9 0 4
124 98 7 2 4
127 98 9 0 4
128 98 6 5 4
160 98 9 0 4
165 98 6 5 4
30 99 8 0 4
35 99 9 3 4
70 99 8 3 4
82 99 8 0 4
83 99 8 3 4
88 99 8 0 4
98 99 9 4 4
101 99 7 4 4
103 99 5 6 4
104 99 10 4 4
116 99 4 5 4
117 99 6 5 4
118 99 8 0 4
123 99 8 0 4
124 99 6 2 4
127 99 8 0 4
128 99 5 5 4
160 99 8 0 4
165 99 9 3 4
100 87 12 4 4
100 117 12 4 4
101 30 7 0 4
101 35 6 4 4
101 36 9 3 4
101 73 6 5 4
101 82 7 0 4
101 83 7 3 4
101 87 7 4 4
101 88 7 0 4
101 98 6 5 4
101 99 7 4 4
101 103 6 5 4
101 104 9 4 4
101 116 7 3 4
101 117 7 4 4
101 118 7 0 4
101 119 8 4 4
101 121 9 3 4
101 123 7 0 4
101 124 5 2 4
101 127 7 0 4
101 128 6 4 4
101 160 7 0 4
101 165 6 4 4
101 166 9 3 4
103 35 8 4 4
103 70 9 3 4
103 83 7 4 4
103 87 9 4 4
103 99 5 6 4
101 103 6 5 4
103 116 5 5 4
103 117 5 6 4
103 121 5 6 4
103 124 7 2 4
103 128 4 6 4
103 165 8 4 4
104 35 9 4 4
104 70 10 3 4
104 83 10 3 4
104 87 8 5 4
104 98 3 8 4
104 99 10 4 4
101 104 9 4 4
104 116 8 4 4
104 117 10 4 4
104 121 8 5 4
104 124 8 2 4
104 128 7 5 4
104 165 9 4 4
106 8 12 0 4
106 30 10 0 4
106 41 12 2 4
106 60 12 0 4
106 61 10 2 4
106 78 17 3 4
106 82 10 0 4
106 88 10 0 4
106 114 11 4 4
106 118 10 0 4
106 120 13 4 4
106 123 10 0 4
106 124 12 0 4
106 127 10 0 4
106 138 12 0 4
106 160 10 0 4
106 171 12 2 4
106 190 12 0 4
106 191 10 2 4
108 80 10 11 4
108 113 11 11 4
109 8 10 1 4
109 30 10 0 4
109 35 11 3 4
109 82 10 0 4
109 83 10 3 4
109 88 10 0 4
109 118 10 0 4
109 123 10 0 4
109 124 10 1 4
109 127 10 0 4
109 128 11 3 4
109 138 10 1 4
109 160 10 0 4
109 165 11 3 4
110 8 8 2 4
110 30 10 0 4
110 35 11 3 4
110 60 12 0 4
110 82 10 0 4
110 83 8 4 4
110 88 10 0 4
110 99 12 3 4
101 110 11 3 4
110 116 8 4 4
110 117 12 3 4
110 118 10 0 4
110 123 10 0 4
110 124 10 1 4
110 127 10 0 4
110 128 9 4 4
110 138 8 2 4
110 160 10 0 4
110 165 11 3 4
110 190 12 0 4
112 56 12 3 4
112 70 11 3 4
112 186 12 3 4
108 113 11 11 4
114 8 11 0 4
114 30 9 0 4
114 41 13 1 4
114 60 11 0 4
114 78 16 3 4
114 82 9 0 4
114 88 9 0 4
106 114 11 4 4
109 114 13 3 4
114 118 9 0 4
114 120 12 4 4
114 123 9 0 4
114 124 11 0 4
114 127 9 0 4
114 138 11 0 4
114 160 9 0 4
114 171 13 1 4
114 190 11 0 4
116 8 8 0 4
116 30 6 0 4
116 35 7 3 4
116 60 8 0 4
116 70 6 3 4
116 82 6 0 4
116 83 4 4 4
116 88 6 0 4
116 98 7 4 4
116 99 4 5 4
101 116 7 3 4
103 116 5 5 4
104 116 8 4 4
110 116 8 4 4
116 117 6 4 4
116 118 6 0 4
116 121 8 3 4
116 123 6 0 4
116 124 4 2 4
116 127 6 0 4
116 128 1 6 4
116 138 8 0 4
116 160 6 0 4
116 165 7 3 4
116 190 8 0 4
117 30 8 0 4
117 35 9 3 4
117 82 8 0 4
117 83 6 4 4
117 87 8 4 4
117 88 8 0 4
117 99 6 5 4
101 117 7 4 4
103 117 5 6 4
116 117 6 4 4
117 118 8 0 4
117 121 4 6 4
117 123 8 0 4
117 124 8 1 4
117 127 8 0 4
117 128 5 5 4
117 160 8 0 4
117 165 9 3 4
119 30 9 0 4
119 35 8 4 4
119 36 11 3 4
119 45 8 7 4
119 73 10 4 4
119 82 9 0 4
119 83 9 3 4
119 87 9 4 4
119 88 9 0 4
119 98 10 4 4
119 99 11 3 4
101 119 8 4 4
117 119 11 3 4
118 119 9 0 4
119 123 9 0 4
119 124 9 1 4
119 127 9 0 4
119 128 10 3 4
119 160 9 0 4
119 165 8 4 4
119 166 11 3 4
119 175 8 7 4
120 8 13 0 4
120 30 11 0 4
120 41 13 2 4
120 60 13 0 4
120 78 14 5 4
120 82 11 0 4
120 88 11 0 4
106 120 13 4 4
114 120 12 4 4
118 120 11 0 4
120 123 11 0 4
120 124 13 0 4
120 127 11 0 4
120 138 13 0 4
120 160 11 0 4
120 171 13 2 4
120 190 13 0 4
121 30 8 0 4
121 51 9 6 4
121 82 8 0 4
121 83 8 3 4
121 88 8 0 4
121 98 7 5 4
101 121 9 3 4
103 121 5 6 4
104 121 8 5 4
116 121 8 3 4
117 121 4 6 4
118 121 8 0 4
121 123 8 0 4
121 127 8 0 4
121 128 7 4 4
121 160 8 0 4
121 181 9 6 4
124 8 4 0 4
124 24 7 1 4
124 30 2 0 4
124 35 7 1 4
124 36 8 1 4
124 60 4 0 4
124 61 6 0 4
124 66 6 0 4
124 70 4 2 4
124 82 2 0 4
124 83 6 1 4
124 87 8 1 4
124 88 2 0 4
124 95 5 1 4
124 98 7 2 4
124 99 6 2 4
101 124 5 2 4
103 124 7 2 4
104 124 8 2 4
116 124 4 2 4
117 124 8 1 4
118 124 2 0 4
123 124 2 0 4
124 127 2 0 4
124 128 5 2 4
124 138 4 0 4
124 154 7 1 4
124 160 2 0 4
124 165 7 1 4
124 166 8 1 4
124 190 4 0 4
124 191 6 0 4
128 30 7 0 4
128 35 6 4 4
128 70 7 3 4
128 82 7 0 4
128 83 3 5 4
128 88 7 0 4
128 98 6 5 4
128 99 5 5 4
101 128 6 4 4
103 128 4 6 4
104 128 7 5 4
116 128 1 6 4
117 128 5 5 4
118 128 7 0 4
121 128 7 4 4
123 128 7 0 4
124 128 5 2 4
127 128 7 0 4
128 160 7 0 4
128 165 6 4 4
129 28 23 7 4
129 158 23 7 4
1 131 0 25 4
132 2 0 17 4
133 3 0 31 4
134 4 0 28 4
135 5 0 18 4
136 6 0 15 4
137 7 0 12 4
137 16 12 3 4
137 30 12 0 4
137 82 12 0 4
137 88 12 0 4
118 137 12 0 4
123 137 12 0 4
127 137 12 0 4
137 146 12 3 4
137 160 12 0 4
138 8 0 2 4
138 15 9 0 4
138 16 8 0 4
138 24 9 0 4
138 30 2 0 4
138 35 9 0 4
138 41 8 0 4
138 56 9 0 4
138 60 4 0 4
138 61 6 0 4
138 66 6 0 4
138 70 8 0 4
138 82 2 0 4
138 83 8 0 4
138 88 2 0 4
138 94 9 0 4
138 95 7 0 4
101 138 9 0 4
116 138 8 0 4
118 138 2 0 4
123 138 2 0 4
124 138 4 0 4
127 138 2 0 4
128 138 9 0 4
138 145 9 0 4
138 146 8 0 4
138 154 9 0 4
138 160 2 0 4
138 165 9 0 4
138 171 8 0 4
138 186 9 0 4
138 190 4 0 4
138 191 6 0 4
139 9 0 35 4
10 140 0 30 4
13 140 14 18 4
140 143 14 18 4
141 23 13 14 4
11 141 0 25 4
141 153 13 14 4
12 142 0 31 4
13 143 0 20 4
14 144 0 23 4
145 8 9 0 4
145 15 0 7 4
145 30 7 0 4
145 60 9 0 4
145 82 7 0 4
145 88 7 0 4
118 145 7 0 4
123 145 7 0 4
124 145 9 0 4
127 145 7 0 4
138 145 9 0 4
145 160 7 0 4
145 190 9 0 4
146 7 12 3 4
146 8 8 0 4
146 16 0 6 4
146 30 6 0 4
146 60 8 0 4
146 82 6 0 4
146 88 6 0 4
118 146 6 0 4
123 146 6 0 4
124 146 8 0 4
127 146 6 0 4
137 146 12 3 4
138 146 8 0 4
146 160 6 0 4
146 190 8 0 4
147 17 0 16 4
147 23 16 8 4
147 153 16 8 4
148 18 0 20 4
149 19 0 29 4
150 20 0 19 4
150 41 19 3 4
15 150 18 4 4
145 150 18 4 4
150 171 19 3 4
151 21 0 25 4
152 22 0 18 4
153 23 0 16 4
154 24 0 7 4
154 30 7 0 4
154 73 10 3 4
154 82 7 0 4
154 88 7 0 4
118 154 7 0 4
123 154 7 0 4
124 154 7 1 4
127 154 7 0 4
154 160 7 0 4
155 25 0 15 4
155 37 15 6 4
155 167 15 6 4
156 26 0 15 4
157 27 0 25 4
158 24 20 3 4
158 28 0 19 4
154 158 20 3 4
159 29 0 25 4
161 31 0 22 4
162 32 0 23 4
163 33 0 18 4
163 98 9 9 4
164 34 0 11 4
164 36 11 4 4
164 60 9 2 4
164 73 12 4 4
164 166 11 4 4
164 190 9 2 4
165 8 9 0 4
165 30 7 0 4
165 35 0 7 4
165 36 7 4 4
165 45 8 6 4
165 60 7 1 4
165 73 8 4 4
165 82 7 0 4
165 83 5 4 4
165 87 9 3 4
165 88 7 0 4
165 98 6 5 4
165 99 9 3 4
101 165 6 4 4
103 165 8 4 4
116 165 7 3 4
117 165 9 3 4
118 165 7 0 4
119 165 8 4 4
123 165 7 0 4
124 165 7 1 4
127 165 7 0 4
128 165 6 4 4
138 165 9 0 4
160 165 7 0 4
165 166 7 4 4
165 175 8 6 4
165 190 7 1 4
166 30 8 0 4
166 35 7 4 4
166 36 0 8 4
166 60 8 1 4
166 73 9 4 4
166 82 8 0 4
166 83 10 2 4
166 87 10 3 4
166 88 8 0 4
166 98 11 3 4
101 166 9 3 4
118 166 8 0 4
119 166 11 3 4
123 166 8 0 4
124 166 8 1 4
127 166 8 0 4
160 166 8 0 4
165 166 7 4 4
166 190 8 1 4
167 36 12 4 4
167 37 0 12 4
166 167 12 4 4
168 38 0 16 4
168 99 10 7 4
116 168 12 5 4
128 168 13 5 4
169 39 0 25 4
170 8 13 1 4
170 24 14 3 4
170 35 14 3 4
170 40 0 13 4
170 83 13 3 4
124 170 13 1 4
128 170 14 3 4
138 170 13 1 4
154 170 14 3 4
165 170 14 3 4
171 8 8 0 4
171 30 6 0 4
171 41 0 6 4
171 60 8 0 4
171 61 10 0 4
171 66 10 0 4
171 82 6 0 4
171 88 6 0 4
106 171 12 2 4
109 171 12 2 4
118 171 6 0 4
120 171 13 2 4
123 171 6 0 4
124 171 8 0 4
127 171 6 0 4
138 171 8 0 4
160 171 6 0 4
171 190 8 0 4
171 191 10 0 4
172 42 0 42 4
173 43 0 24 4
174 30 10 0 4
174 44 0 10 4
174 56 9 4 4
174 60 8 2 4
174 82 10 0 4
174 88 10 0 4
174 95 9 3 4
118 174 10 0 4
123 174 10 0 4
127 174 10 0 4
160 174 10 0 4
174 186 9 4 4
174 190 8 2 4
175 35 8 6 4
175 45 0 13 4
175 83 11 4 4
101 175 10 5 4
165 175 8 6 4
176 46 0 25 4
177 47 0 23 4
178 48 0 32 4
179 45 12 10 4
179 49 0 19 4
175 179 12 10 4
180 50 0 29 4
181 51 0 13 4
121 181 9 6 4
182 52 0 20 4
183 30 9 0 4
183 35 12 2 4
183 53 0 9 4
183 66 11 1 4
183 82 9 0 4
183 83 11 2 4
183 88 9 0 4
183 95 10 2 4
101 183 12 2 4
118 183 9 0 4
123 183 9 0 4
124 183 9 1 4
127 183 9 0 4
128 183 12 2 4
160 183 9 0 4
165 183 12 2 4
184 54 0 40 4
185 55 0 20 4
186 30 7 0 4
186 44 9 4 4
186 56 0 7 4
186 60 7 1 4
186 70 7 3 4
186 82 7 0 4
186 88 7 0 4
186 95 6 3 4
118 186 7 0 4
123 186 7 0 4
127 186 7 0 4
160 186 7 0 4
174 186 9 4 4
186 190 7 1 4
187 57 0 15 4
188 58 0 29 4
189 59 0 15 4
189 99 11 6 4
116 189 13 4 4
190 8 4 0 4
190 30 2 0 4
190 41 8 0 4
190 60 0 2 4
190 61 6 0 4
190 66 6 0 4
190 70 8 0 4
190 82 2 0 4
190 83 8 0 4
190 88 2 0 4
190 95 7 0 4
16 190 8 0 4
116 190 8 0 4
118 190 2 0 4
123 190 2 0 4
124 190 4 0 4
127 190 2 0 4
138 190 4 0 4
146 190 8 0 4
160 190 2 0 4
171 190 8 0 4
190 191 6 0 4
191 8 6 0 4
191 30 4 0 4
191 41 10 0 4
191 60 6 0 4
191 61 0 4 4
191 66 6 1 4
191 70 10 0 4
191 82 4 0 4
191 83 10 0 4
191 88 4 0 4
191 94 5 3 4
191 95 9 0 4
16 191 10 0 4
106 191 10 2 4
116 191 10 0 4
118 191 4 0 4
123 191 4 0 4
124 191 6 0 4
127 191 4 0 4
138 191 6 0 4
146 191 10 0 4
160 191 4 0 4
171 191 10 0 4
190 191 6 0 4
192 41 23 3 4
192 62 0 23 4
171 192 23 3 4
193 63 0 55 4
194 64 0 33 4
195 65 0 14 4
195 89 12 6 4
