Res1 Res2 NSingle NDouble Method
16 7 12 3 4
16 8 8 0 4
34 36 11 4 4
35 36 7 4 4
41 8 8 0 4
44 56 9 4 4
60 8 4 0 4
35 60 7 1 4
56 60 7 1 4
61 8 6 0 4
60 61 6 0 4
66 8 6 0 4
44 66 10 2 4
60 66 6 0 4
61 66 6 1 4
56 70 7 3 4
68 70 9 4 4
35 73 8 4 4
36 73 9 4 4
68 74 10 6 4
74 80 8 9 4
76 80 11 11 4
8 83 8 0 4
35 83 5 4 4
73 83 7 4 4
35 87 9 3 4
36 87 10 3 4
73 87 5 6 4
83 87 8 3 4
61 94 5 3 4
66 94 9 1 4
8 95 7 0 4
44 95 9 3 4
56 95 6 3 4
60 95 7 0 4
66 95 7 1 4
70 95 5 3 4
83 95 7 2 4
35 98 6 5 4
83 98 7 4 4
35 99 9 3 4
70 99 8 3 4
83 99 8 3 4
101 35 6 4 4
101 36 9 3 4
101 73 6 5 4
101 83 7 3 4
101 87 7 4 4
101 98 6 5 4
101 99 7 4 4
103 35 8 4 4
103 70 9 3 4
103 83 7 4 4
103 87 9 4 4
103 99 5 6 4
101 103 6 5 4
104 35 9 4 4
104 87 8 5 4
104 98 3 8 4
104 99 10 4 4
101 104 9 4 4
106 41 12 2 4
106 61 10 2 4
106 78 17 3 4
108 80 10 11 4
110 83 8 4 4
108 113 11 11 4
114 78 16 3 4
106 114 11 4 4
116 8 8 0 4
116 35 7 3 4
116 70 6 3 4
116 83 4 4 4
116 98 7 4 4
116 99 4 5 4
101 116 7 3 4
103 116 5 5 4
104 116 8 4 4
110 116 8 4 4
117 35 9 3 4
117 83 6 4 4
117 87 8 4 4
117 99 6 5 4
101 117 7 4 4
103 117 5 6 4
116 117 6 4 4
119 35 8 4 4
119 36 11 3 4
119 45 8 7 4
119 73 10 4 4
119 87 9 4 4
101 119 8 4 4
120 78 14 5 4
106 120 13 4 4
114 120 12 4 4
121 51 9 6 4
121 83 8 3 4
121 98 7 5 4
101 121 9 3 4
103 121 5 6 4
104 121 8 5 4
116 121 8 3 4
117 121 4 6 4
124 8 4 0 4
124 24 7 1 4
124 35 7 1 4
124 60 4 0 4
124 61 6 0 4
124 66 6 0 4
124 70 4 2 4
124 83 6 1 4
124 87 8 1 4
124 95 5 1 4
124 98 7 2 4
124 99 6 2 4
101 124 5 2 4
103 124 7 2 4
104 124 8 2 4
116 124 4 2 4
117 124 8 1 4
128 35 6 4 4
128 70 7 3 4
128 83 3 5 4
128 98 6 5 4
128 99 5 5 4
101 128 6 4 4
103 128 4 6 4
104 128 7 5 4
116 128 1 6 4
117 128 5 5 4
121 128 7 4 4
124 128 5 2 4
1 131 0 25 4
132 2 0 17 4
133 3 0 31 4
134 4 0 28 4
135 5 0 18 4
136 6 0 15 4
137 7 0 12 4
137 16 12 3 4
138 8 0 2 4
138 15 9 0 4
138 16 8 0 4
138 35 9 0 4
138 41 8 0 4
138 56 9 0 4
138 60 4 0 4
138 61 6 0 4
138 66 6 0 4
138 83 8 0 4
138 94 9 0 4
138 95 7 0 4
116 138 8 0 4
124 138 4 0 4
139 9 0 35 4
10 140 0 30 4
11 141 0 25 4
12 142 0 31 4
13 143 0 20 4
14 144 0 23 4
145 15 0 7 4
138 145 9 0 4
146 7 12 3 4
146 8 8 0 4
146 16 0 6 4
137 146 12 3 4
138 146 8 0 4
147 17 0 16 4
148 18 0 20 4
149 19 0 29 4
150 20 0 19 4
151 21 0 25 4
152 22 0 18 4
153 23 0 16 4
154 24 0 7 4
124 154 7 1 4
155 25 0 15 4
156 26 0 15 4
157 27 0 25 4
158 28 0 19 4
159 29 0 25 4
161 31 0 22 4
162 32 0 23 4
163 33 0 18 4
164 34 0 11 4
164 36 11 4 4
165 35 0 7 4
165 36 7 4 4
165 45 8 6 4
165 60 7 1 4
165 73 8 4 4
165 83 5 4 4
165 87 9 3 4
165 98 6 5 4
165 99 9 3 4
101 165 6 4 4
103 165 8 4 4
116 165 7 3 4
117 165 9 3 4
119 165 8 4 4
124 165 7 1 4
128 165 6 4 4
138 165 9 0 4
166 35 7 4 4
166 36 0 8 4
166 60 8 1 4
166 73 9 4 4
166 87 10 3 4
101 166 9 3 4
119 166 11 3 4
124 166 8 1 4
165 166 7 4 4
167 37 0 12 4
168 38 0 16 4
169 39 0 25 4
170 40 0 13 4
171 8 8 0 4
171 41 0 6 4
106 171 12 2 4
120 171 13 2 4
138 171 8 0 4
172 42 0 42 4
173 43 0 24 4
174 44 0 10 4
174 56 9 4 4
174 95 9 3 4
175 45 0 13 4
165 175 8 6 4
176 46 0 25 4
177 47 0 23 4
178 48 0 32 4
179 49 0 19 4
180 50 0 29 4
181 51 0 13 4
121 181 9 6 4
182 52 0 20 4
183 53 0 9 4
184 54 0 40 4
185 55 0 20 4
186 44 9 4 4
186 56 0 7 4
186 60 7 1 4
186 70 7 3 4
186 95 6 3 4
174 186 9 4 4
187 57 0 15 4
188 58 0 29 4
189 59 0 15 4
190 8 4 0 4
190 41 8 0 4
190 60 0 2 4
190 61 6 0 4
190 66 6 0 4
190 83 8 0 4
190 95 7 0 4
16 190 8 0 4
116 190 8 0 4
124 190 4 0 4
138 190 4 0 4
146 190 8 0 4
171 190 8 0 4
191 8 6 0 4
191 60 6 0 4
191 61 0 4 4
191 66 6 1 4
191 94 5 3 4
106 191 10 2 4
124 191 6 0 4
138 191 6 0 4
171 191 10 0 4
190 191 6 0 4
192 62 0 23 4
193 63 0 55 4
194 64 0 33 4
195 65 0 14 4
195 89 12 6 4
