Res1 Res2 NSingle NDouble Method
1 61 31 0 5
1 127 31 0 5
1 131 0 31 5
1 191 31 0 5
15 2 15 0 5
19 2 6 5 5
101 2 17 0 5
102 2 18 0 5
110 2 16 1 5
112 2 18 0 5
118 2 11 1 5
120 2 16 0 5
123 2 14 0 5
127 2 8 0 5
132 2 0 8 5
138 2 15 0 5
145 2 15 0 5
149 2 6 5 5
153 2 9 3 5
160 2 10 0 5
183 2 9 0 5
191 2 8 0 5
2 8 15 0 5
2 23 9 3 5
2 30 10 0 5
2 53 9 0 5
2 61 8 0 5
2 68 15 0 5
2 75 17 0 5
2 77 15 0 5
2 78 18 0 5
2 82 16 0 5
2 87 18 1 5
2 88 12 0 5
2 94 10 0 5
2 96 17 0 5
133 3 0 45 5
160 3 45 1 5
3 30 45 1 5
134 4 0 42 5
183 4 41 1 5
4 53 41 1 5
135 5 0 34 5
5 68 33 4 5
5 77 33 4 5
30 6 27 0 5
53 6 24 1 5
102 6 27 4 5
123 6 29 1 5
127 6 25 0 5
136 6 0 25 5
160 6 27 0 5
183 6 24 1 5
191 6 25 0 5
6 61 25 0 5
6 68 26 3 5
6 82 25 4 5
6 88 27 1 5
6 94 27 0 5
68 7 36 5 5
137 7 0 39 5
2 8 15 0 5
15 8 14 0 5
19 8 15 0 5
23 8 14 0 5
30 8 9 0 5
41 8 17 1 5
53 8 8 0 5
61 8 7 0 5
68 8 14 0 5
75 8 16 0 5
77 8 14 0 5
101 8 16 0 5
106 8 20 3 5
107 8 19 1 5
118 8 12 0 5
120 8 15 0 5
123 8 11 1 5
127 8 7 0 5
132 8 15 0 5
138 8 0 7 5
145 8 14 0 5
149 8 15 0 5
153 8 14 0 5
160 8 9 0 5
171 8 17 1 5
183 8 8 0 5
191 8 7 0 5
8 82 13 1 5
8 88 11 0 5
8 94 9 0 5
8 96 16 0 5
30 9 28 0 5
53 9 27 0 5
61 9 26 0 5
82 9 26 4 5
87 9 30 4 5
88 9 30 0 5
118 9 29 1 5
127 9 26 0 5
139 9 0 26 5
160 9 28 0 5
183 9 27 0 5
191 9 26 0 5
9 94 28 0 5
10 8 37 4 5
10 68 37 4 5
10 138 37 4 5
10 140 0 38 5
11 141 0 65 5
12 142 0 46 5
13 8 22 1 5
123 13 21 1 5
127 13 17 0 5
13 30 17 1 5
13 53 18 0 5
13 61 17 0 5
13 68 22 1 5
13 77 22 1 5
13 88 21 0 5
13 94 15 2 5
13 138 22 1 5
13 143 0 17 5
13 160 17 1 5
13 183 18 0 5
13 191 17 0 5
14 144 0 40 5
15 2 15 0 5
15 8 14 0 5
101 15 6 5 5
102 15 15 1 5
110 15 15 1 5
112 15 11 3 5
116 15 8 5 5
118 15 12 0 5
120 15 9 3 5
123 15 13 0 5
126 15 14 4 5
127 15 7 0 5
132 15 15 0 5
138 15 14 0 5
145 15 0 7 5
149 15 15 0 5
15 19 15 0 5
15 23 10 2 5
15 30 9 0 5
15 53 8 0 5
15 59 14 4 5
15 61 7 0 5
15 68 14 0 5
15 75 14 1 5
15 77 10 2 5
15 78 11 3 5
15 82 15 0 5
15 83 5 7 5
15 88 11 0 5
15 94 9 0 5
15 96 10 3 5
15 153 10 2 5
15 160 9 0 5
15 183 8 0 5
15 189 14 4 5
15 191 7 0 5
146 16 0 47 5
116 17 31 4 5
120 17 30 3 5
128 17 27 7 5
147 17 0 28 5
148 18 0 33 5
18 68 32 4 5
19 2 6 5 5
19 8 15 0 5
15 19 15 0 5
101 19 15 1 5
102 19 18 0 5
110 19 18 0 5
112 19 16 1 5
118 19 11 1 5
120 19 16 0 5
123 19 14 0 5
127 19 8 0 5
132 19 6 5 5
138 19 15 0 5
145 19 15 0 5
149 19 0 8 5
153 19 9 3 5
160 19 10 0 5
183 19 9 0 5
19 23 9 3 5
19 30 10 0 5
19 53 9 0 5
19 61 8 0 5
19 68 15 0 5
19 75 15 1 5
19 77 15 0 5
19 78 18 0 5
19 82 16 0 5
19 87 18 1 5
19 88 12 0 5
19 94 10 0 5
19 96 15 1 5
19 191 8 0 5
2 20 28 3 5
15 20 25 4 5
19 20 26 4 5
101 20 29 3 5
127 20 26 0 5
132 20 28 3 5
145 20 25 4 5
149 20 26 4 5
150 20 0 26 5
153 20 27 3 5
160 20 28 0 5
183 20 27 0 5
191 20 26 0 5
20 23 27 3 5
20 30 28 0 5
20 53 27 0 5
20 61 26 0 5
20 75 29 3 5
20 78 26 5 5
20 83 22 8 5
20 94 28 0 5
20 96 29 3 5
101 21 31 3 5
112 21 32 3 5
118 21 27 3 5
127 21 28 0 5
151 21 0 28 5
183 21 29 0 5
191 21 28 0 5
21 53 29 0 5
21 61 28 0 5
21 82 28 4 5
21 96 29 4 5
22 8 40 4 5
19 22 43 3 5
127 22 41 0 5
138 22 40 4 5
149 22 43 3 5
152 22 0 41 5
191 22 41 0 5
22 61 41 0 5
23 8 14 0 5
2 23 9 3 5
15 23 10 2 5
19 23 9 3 5
101 23 12 2 5
102 23 17 0 5
110 23 17 0 5
111 23 16 3 5
112 23 13 2 5
116 23 14 2 5
118 23 12 0 5
120 23 13 1 5
123 23 13 0 5
127 23 7 0 5
132 23 9 3 5
138 23 14 0 5
145 23 10 2 5
149 23 9 3 5
153 23 0 7 5
160 23 9 0 5
183 23 8 0 5
191 23 7 0 5
23 30 9 0 5
23 53 8 0 5
23 61 7 0 5
23 68 14 0 5
23 75 16 0 5
23 77 10 2 5
23 78 13 2 5
23 82 15 0 5
23 86 18 1 5
23 88 11 0 5
23 94 9 0 5
23 96 14 1 5
127 24 52 0 5
154 24 0 52 5
191 24 52 0 5
24 61 52 0 5
155 25 0 34 5
156 26 0 65 5
27 8 42 3 5
19 27 43 3 5
127 27 41 0 5
138 27 42 3 5
149 27 43 3 5
157 27 0 41 5
191 27 41 0 5
27 61 41 0 5
19 28 28 3 5
127 28 26 0 5
149 28 28 3 5
158 28 0 26 5
160 28 28 0 5
183 28 27 0 5
191 28 26 0 5
28 30 28 0 5
28 53 27 0 5
28 61 26 0 5
28 94 28 0 5
15 29 30 6 5
23 29 34 4 5
118 29 34 3 5
120 29 31 6 5
145 29 30 6 5
153 29 34 4 5
159 29 0 35 5
30 8 9 0 5
2 30 10 0 5
13 30 17 1 5
15 30 9 0 5
19 30 10 0 5
23 30 9 0 5
101 30 11 0 5
102 30 12 0 5
110 30 12 0 5
112 30 12 0 5
116 30 13 0 5
118 30 7 0 5
120 30 10 0 5
123 30 8 0 5
127 30 2 0 5
132 30 10 0 5
138 30 9 0 5
143 30 17 1 5
145 30 9 0 5
149 30 10 0 5
153 30 9 0 5
160 30 0 2 5
171 30 14 0 5
183 30 3 0 5
191 30 2 0 5
30 41 14 0 5
30 53 3 0 5
30 61 2 0 5
30 68 9 0 5
30 75 11 0 5
30 77 9 0 5
30 78 12 0 5
30 82 10 0 5
30 83 14 0 5
30 87 14 0 5
30 88 6 0 5
30 94 4 0 5
30 96 11 0 5
15 31 29 3 5
30 31 28 1 5
114 31 27 8 5
126 31 23 10 5
127 31 28 0 5
145 31 29 3 5
160 31 28 1 5
161 31 0 28 5
183 31 29 0 5
191 31 28 0 5
31 53 29 0 5
31 61 28 0 5
31 74 29 8 5
31 83 28 6 5
102 32 30 6 5
127 32 32 0 5
128 32 33 6 5
162 32 0 32 5
183 32 31 1 5
191 32 32 0 5
32 53 31 1 5
32 61 32 0 5
15 33 26 4 5
101 33 28 4 5
114 33 22 10 5
116 33 26 6 5
126 33 26 8 5
127 33 27 0 5
145 33 26 4 5
163 33 0 27 5
183 33 28 0 5
191 33 27 0 5
33 53 28 0 5
33 61 27 0 5
33 74 26 9 5
33 83 25 7 5
164 34 0 68 5
165 35 0 43 5
30 36 21 2 5
118 36 28 0 5
127 36 23 0 5
128 36 26 5 5
160 36 21 2 5
166 36 0 23 5
183 36 24 0 5
191 36 23 0 5
36 53 24 0 5
36 61 23 0 5
36 86 28 4 5
36 94 25 0 5
15 37 33 4 5
19 37 34 4 5
23 37 33 4 5
145 37 33 4 5
149 37 34 4 5
153 37 33 4 5
167 37 0 34 5
114 38 30 8 5
126 38 28 9 5
168 38 0 31 5
38 74 32 8 5
15 39 31 5 5
23 39 31 5 5
101 39 31 6 5
112 39 32 6 5
120 39 30 6 5
145 39 31 5 5
153 39 31 5 5
169 39 0 34 5
39 83 34 6 5
170 40 0 32 5
183 40 31 1 5
40 53 31 1 5
40 87 32 6 5
40 88 30 3 5
41 8 17 1 5
2 41 20 0 5
15 41 19 0 5
19 41 20 0 5
23 41 19 0 5
30 41 14 0 5
102 41 20 1 5
118 41 17 0 5
120 41 20 0 5
123 41 14 2 5
127 41 12 0 5
132 41 20 0 5
138 41 17 1 5
145 41 19 0 5
149 41 20 0 5
153 41 19 0 5
160 41 14 0 5
171 41 0 12 5
183 41 13 0 5
191 41 12 0 5
41 53 13 0 5
41 61 12 0 5
41 68 19 0 5
41 77 19 0 5
41 82 18 1 5
41 88 16 0 5
41 94 14 0 5
15 42 29 4 5
30 42 30 1 5
127 42 30 0 5
128 42 31 6 5
145 42 29 4 5
160 42 30 1 5
172 42 0 30 5
191 42 30 0 5
42 61 30 0 5
42 83 30 6 5
15 43 23 4 5
30 43 26 0 5
101 43 25 4 5
112 43 28 3 5
116 43 29 3 5
118 43 27 1 5
127 43 24 0 5
145 43 23 4 5
160 43 26 0 5
173 43 0 24 5
183 43 25 0 5
191 43 24 0 5
43 53 25 0 5
43 61 24 0 5
43 88 28 0 5
43 94 26 0 5
43 96 25 4 5
174 44 0 40 5
101 45 34 6 5
175 45 0 37 5
45 96 34 6 5
176 46 0 53 5
177 47 0 49 5
48 8 24 1 5
2 48 25 1 5
23 48 24 1 5
30 48 21 0 5
112 48 27 1 5
118 48 22 1 5
123 48 23 1 5
127 48 19 0 5
132 48 25 1 5
138 48 24 1 5
153 48 24 1 5
160 48 21 0 5
178 48 0 19 5
183 48 20 0 5
191 48 19 0 5
48 53 20 0 5
48 61 19 0 5
48 75 26 1 5
48 82 25 1 5
48 88 23 0 5
48 94 21 0 5
15 49 19 4 5
23 49 21 3 5
30 49 22 0 5
101 49 23 3 5
116 49 23 4 5
127 49 20 0 5
128 49 25 4 5
145 49 19 4 5
153 49 21 3 5
160 49 22 0 5
179 49 0 20 5
183 49 21 0 5
191 49 20 0 5
49 53 21 0 5
49 61 20 0 5
49 83 24 4 5
49 94 20 1 5
30 50 26 0 5
101 50 27 3 5
102 50 26 4 5
116 50 23 6 5
118 50 27 1 5
120 50 24 4 5
127 50 24 0 5
160 50 26 0 5
180 50 0 24 5
183 50 25 0 5
191 50 24 0 5
50 53 25 0 5
50 61 24 0 5
50 94 26 0 5
181 51 0 66 5
182 52 0 65 5
53 8 8 0 5
2 53 9 0 5
15 53 8 0 5
19 53 9 0 5
23 53 8 0 5
30 53 3 0 5
41 53 13 0 5
101 53 10 0 5
102 53 9 1 5
110 53 11 0 5
112 53 11 0 5
116 53 12 0 5
118 53 6 0 5
120 53 9 0 5
123 53 7 0 5
127 53 1 0 5
132 53 9 0 5
138 53 8 0 5
145 53 8 0 5
149 53 9 0 5
153 53 8 0 5
160 53 3 0 5
171 53 13 0 5
183 53 0 1 5
191 53 1 0 5
53 61 1 0 5
53 68 8 0 5
53 75 10 0 5
53 77 8 0 5
53 78 11 0 5
53 82 9 0 5
53 83 13 0 5
53 87 13 0 5
53 88 5 0 5
53 94 3 0 5
53 96 10 0 5
15 54 29 3 5
23 54 29 3 5
53 54 27 1 5
112 54 28 5 5
127 54 28 0 5
145 54 29 3 5
153 54 29 3 5
183 54 27 1 5
184 54 0 28 5
191 54 28 0 5
54 61 28 0 5
54 77 29 3 5
54 78 30 4 5
54 83 28 6 5
2 55 24 3 5
15 55 19 5 5
30 55 24 0 5
53 55 23 0 5
101 55 25 3 5
112 55 26 3 5
116 55 25 4 5
127 55 22 0 5
132 55 24 3 5
145 55 19 5 5
160 55 24 0 5
183 55 23 0 5
185 55 0 22 5
191 55 22 0 5
55 61 22 0 5
55 75 29 1 5
55 77 27 1 5
55 78 26 3 5
55 82 28 1 5
55 83 22 6 5
55 94 24 0 5
55 96 25 3 5
30 56 24 1 5
53 56 25 0 5
123 56 24 3 5
127 56 24 0 5
160 56 24 1 5
183 56 25 0 5
186 56 0 24 5
191 56 24 0 5
56 61 24 0 5
56 68 23 4 5
56 77 25 3 5
57 8 21 1 5
2 57 22 1 5
19 57 22 1 5
30 57 18 0 5
53 57 17 0 5
118 57 15 3 5
123 57 20 1 5
127 57 16 0 5
132 57 22 1 5
138 57 21 1 5
149 57 22 1 5
160 57 18 0 5
183 57 17 0 5
187 57 0 16 5
191 57 16 0 5
57 61 16 0 5
57 82 22 1 5
57 88 20 0 5
57 94 18 0 5
188 58 0 45 5
2 59 21 1 5
15 59 14 4 5
19 59 21 1 5
23 59 20 1 5
30 59 17 0 5
53 59 16 0 5
101 59 18 3 5
107 59 23 3 5
111 59 24 3 5
112 59 23 1 5
114 59 24 3 5
116 59 20 3 5
120 59 21 1 5
126 59 24 3 5
127 59 15 0 5
132 59 21 1 5
145 59 14 4 5
149 59 21 1 5
153 59 20 1 5
160 59 17 0 5
183 59 16 0 5
189 59 0 15 5
191 59 15 0 5
59 61 15 0 5
59 77 20 1 5
59 78 23 1 5
59 83 19 4 5
59 88 19 0 5
59 94 17 0 5
59 96 22 1 5
60 8 37 4 5
30 60 40 0 5
53 60 39 0 5
127 60 38 0 5
138 60 37 4 5
160 60 40 0 5
183 60 39 0 5
190 60 0 38 5
191 60 38 0 5
60 61 38 0 5
60 94 40 0 5
30 62 21 0 5
53 62 18 1 5
61 62 19 0 5
118 62 22 1 5
121 62 17 8 5
127 62 19 0 5
160 62 21 0 5
183 62 18 1 5
191 62 19 0 5
192 62 0 19 5
62 73 25 7 5
62 87 17 7 5
62 94 21 0 5
30 63 34 1 5
53 63 33 1 5
160 63 34 1 5
183 63 33 1 5
193 63 0 34 5
63 68 33 4 5
63 78 32 6 5
194 64 0 34 5
64 68 33 4 5
15 65 28 3 5
114 65 24 9 5
145 65 28 3 5
195 65 0 27 5
53 66 24 0 5
61 66 23 0 5
116 66 26 4 5
120 66 25 3 5
127 66 23 0 5
183 66 24 0 5
191 66 23 0 5
66 80 23 9 5
66 88 21 3 5
66 97 18 13 5
68 8 14 0 5
2 68 15 0 5
15 68 14 0 5
19 68 15 0 5
23 68 14 0 5
30 68 9 0 5
53 68 8 0 5
56 68 23 4 5
61 68 7 0 5
118 68 12 0 5
120 68 15 0 5
123 68 11 1 5
127 68 7 0 5
132 68 15 0 5
138 68 14 0 5
145 68 14 0 5
149 68 15 0 5
153 68 14 0 5
160 68 9 0 5
183 68 8 0 5
186 68 23 4 5
191 68 7 0 5
68 77 10 2 5
68 78 11 3 5
68 82 15 0 5
68 83 17 1 5
68 86 12 4 5
68 88 7 2 5
68 94 9 0 5
53 69 24 0 5
61 69 23 0 5
66 69 26 10 5
121 69 25 6 5
127 69 23 0 5
183 69 24 0 5
191 69 23 0 5
69 73 25 9 5
69 87 25 5 5
15 70 17 6 5
23 70 23 3 5
61 70 22 0 5
101 70 19 6 5
102 70 26 3 5
111 70 25 6 5
112 70 24 4 5
114 70 25 6 5
116 70 23 5 5
120 70 22 4 5
127 70 22 0 5
128 70 23 6 5
145 70 17 6 5
153 70 23 3 5
191 70 22 0 5
70 77 23 3 5
70 78 26 3 5
70 83 22 6 5
70 96 23 4 5
71 8 28 1 5
19 71 29 1 5
23 71 28 1 5
30 71 25 0 5
48 71 24 9 5
53 71 24 0 5
57 71 27 6 5
61 71 23 0 5
127 71 23 0 5
138 71 28 1 5
149 71 29 1 5
153 71 28 1 5
160 71 25 0 5
178 71 24 9 5
183 71 24 0 5
187 71 27 6 5
191 71 23 0 5
71 82 29 1 5
71 88 27 0 5
71 94 25 0 5
15 72 36 1 5
23 72 36 1 5
30 72 33 0 5
53 72 32 0 5
61 72 31 0 5
127 72 31 0 5
145 72 36 1 5
153 72 36 1 5
160 72 33 0 5
183 72 32 0 5
191 72 31 0 5
72 82 31 4 5
72 94 33 0 5
30 73 18 2 5
53 73 21 0 5
61 73 20 0 5
68 73 21 3 5
69 73 25 9 5
108 73 24 11 5
121 73 24 5 5
123 73 24 1 5
127 73 20 0 5
160 73 18 2 5
183 73 21 0 5
191 73 20 0 5
73 78 24 3 5
73 87 22 5 5
73 88 22 1 5
73 94 22 0 5
30 74 19 0 5
53 74 18 0 5
61 74 17 0 5
101 74 16 5 5
110 74 21 3 5
112 74 15 6 5
114 74 16 8 5
116 74 18 5 5
118 74 22 0 5
119 74 21 6 5
120 74 19 3 5
123 74 23 0 5
126 74 14 9 5
127 74 17 0 5
160 74 19 0 5
183 74 18 0 5
191 74 17 0 5
74 75 20 3 5
74 77 22 1 5
74 83 21 4 5
74 86 24 3 5
74 88 19 1 5
74 94 19 0 5
75 8 16 0 5
2 75 17 0 5
15 75 14 1 5
19 75 15 1 5
23 75 16 0 5
30 75 11 0 5
53 75 10 0 5
61 75 9 0 5
68 75 16 0 5
74 75 20 3 5
101 75 14 2 5
102 75 17 1 5
110 75 15 2 5
112 75 11 4 5
116 75 18 1 5
118 75 10 2 5
119 75 19 3 5
120 75 15 1 5
123 75 15 0 5
126 75 16 4 5
127 75 9 0 5
132 75 17 0 5
138 75 16 0 5
145 75 14 1 5
149 75 15 1 5
153 75 16 0 5
160 75 11 0 5
183 75 10 0 5
191 75 9 0 5
75 77 16 0 5
75 78 17 1 5
75 82 17 0 5
75 88 11 1 5
75 94 11 0 5
75 96 14 2 5
30 76 22 0 5
53 76 21 0 5
57 76 30 3 5
61 76 20 0 5
101 76 27 1 5
113 76 30 3 5
119 76 30 3 5
120 76 24 2 5
127 76 20 0 5
160 76 22 0 5
183 76 21 0 5
187 76 30 3 5
191 76 20 0 5
76 88 24 0 5
76 94 22 0 5
76 96 27 1 5
77 8 14 0 5
2 77 15 0 5
15 77 10 2 5
19 77 15 0 5
23 77 10 2 5
30 77 9 0 5
53 77 8 0 5
61 77 7 0 5
68 77 10 2 5
75 77 16 0 5
101 77 12 2 5
102 77 17 0 5
110 77 17 0 5
111 77 16 3 5
112 77 15 1 5
116 77 14 2 5
118 77 12 0 5
120 77 11 2 5
123 77 13 0 5
127 77 7 0 5
128 77 14 3 5
132 77 15 0 5
138 77 14 0 5
145 77 10 2 5
149 77 15 0 5
153 77 10 2 5
160 77 9 0 5
183 77 8 0 5
191 77 7 0 5
77 78 11 3 5
77 82 15 0 5
77 83 13 3 5
77 88 11 0 5
77 94 9 0 5
77 96 14 1 5
15 78 11 3 5
23 78 13 2 5
30 78 12 0 5
53 78 11 0 5
61 78 10 0 5
68 78 11 3 5
75 78 17 1 5
77 78 11 3 5
101 78 13 3 5
102 78 18 1 5
110 78 18 1 5
111 78 19 3 5
112 78 14 3 5
116 78 15 3 5
118 78 15 0 5
119 78 20 3 5
120 78 14 2 5
123 78 14 1 5
127 78 10 0 5
145 78 11 3 5
153 78 13 2 5
160 78 12 0 5
183 78 11 0 5
191 78 10 0 5
78 83 12 5 5
78 86 15 4 5
78 88 12 1 5
78 94 12 0 5
78 96 15 2 5
30 80 20 0 5
53 80 19 0 5
61 80 18 0 5
66 80 23 9 5
114 80 23 5 5
116 80 23 3 5
127 80 18 0 5
160 80 20 0 5
183 80 19 0 5
191 80 18 0 5
80 94 20 0 5
80 97 25 7 5
61 81 38 0 5
113 81 40 7 5
127 81 38 0 5
191 81 38 0 5
81 94 38 1 5
2 82 16 0 5
8 82 13 1 5
15 82 15 0 5
19 82 16 0 5
23 82 15 0 5
30 82 10 0 5
41 82 18 1 5
53 82 9 0 5
61 82 8 0 5
68 82 15 0 5
75 82 17 0 5
77 82 15 0 5
78 82 18 0 5
101 82 17 0 5
102 82 18 0 5
107 82 18 2 5
110 82 18 0 5
112 82 18 0 5
118 82 13 0 5
120 82 16 0 5
123 82 12 1 5
127 82 8 0 5
132 82 16 0 5
138 82 13 1 5
145 82 15 0 5
149 82 16 0 5
153 82 15 0 5
160 82 10 0 5
171 82 18 1 5
183 82 9 0 5
191 82 8 0 5
82 88 12 0 5
82 94 10 0 5
82 96 17 0 5
8 83 19 0 5
15 83 5 7 5
23 83 15 2 5
30 83 14 0 5
53 83 13 0 5
61 83 12 0 5
68 83 17 1 5
77 83 13 3 5
78 83 12 5 5
101 83 11 5 5
102 83 20 1 5
110 83 20 1 5
111 83 17 5 5
112 83 14 4 5
114 83 17 5 5
116 83 13 5 5
118 83 17 0 5
120 83 14 3 5
123 83 18 0 5
126 83 15 6 5
127 83 12 0 5
138 83 19 0 5
145 83 5 7 5
153 83 15 2 5
160 83 14 0 5
183 83 13 0 5
191 83 12 0 5
83 88 16 0 5
83 94 14 0 5
83 96 15 3 5
32 84 37 12 5
48 84 34 7 5
61 84 29 0 5
127 84 29 0 5
128 84 34 4 5
162 84 37 12 5
178 84 34 7 5
191 84 29 0 5
84 99 35 8 5
36 85 39 11 5
68 85 37 4 5
108 85 38 13 5
166 85 39 11 5
15 86 16 2 5
19 86 19 1 5
23 86 18 1 5
30 86 15 0 5
53 86 14 0 5
61 86 13 0 5
68 86 12 4 5
77 86 16 2 5
78 86 15 4 5
101 86 16 3 5
112 86 17 3 5
120 86 19 1 5
123 86 17 1 5
127 86 13 0 5
145 86 16 2 5
149 86 19 1 5
153 86 18 1 5
160 86 15 0 5
183 86 14 0 5
191 86 13 0 5
86 88 13 2 5
86 94 15 0 5
2 87 18 1 5
19 87 18 1 5
30 87 14 0 5
53 87 13 0 5
61 87 12 0 5
62 87 17 7 5
73 87 22 5 5
118 87 17 0 5
121 87 16 5 5
125 87 27 8 5
127 87 12 0 5
132 87 18 1 5
149 87 18 1 5
160 87 14 0 5
183 87 13 0 5
191 87 12 0 5
192 87 17 7 5
87 88 16 0 5
87 94 14 0 5
2 88 12 0 5
8 88 11 0 5
15 88 11 0 5
19 88 12 0 5
23 88 11 0 5
30 88 6 0 5
53 88 5 0 5
61 88 4 0 5
66 88 21 3 5
68 88 7 2 5
74 88 19 1 5
75 88 11 1 5
77 88 11 0 5
78 88 12 1 5
82 88 12 0 5
86 88 13 2 5
101 88 13 0 5
102 88 14 0 5
110 88 14 0 5
112 88 14 0 5
116 88 15 0 5
118 88 9 0 5
120 88 12 0 5
123 88 10 0 5
127 88 4 0 5
132 88 12 0 5
138 88 11 0 5
145 88 11 0 5
149 88 12 0 5
153 88 11 0 5
160 88 6 0 5
183 88 5 0 5
191 88 4 0 5
88 94 6 0 5
88 96 13 0 5
74 89 35 9 5
114 89 35 8 5
116 89 33 7 5
15 90 27 3 5
75 90 29 3 5
83 90 28 5 5
87 90 28 5 5
101 90 29 3 5
112 90 28 4 5
121 90 28 6 5
145 90 27 3 5
30 91 20 0 5
53 91 19 0 5
61 91 18 0 5
83 91 24 3 5
126 91 27 3 5
127 91 18 0 5
160 91 20 0 5
183 91 19 0 5
191 91 18 0 5
91 94 20 0 5
91 99 32 4 5
19 92 30 4 5
53 92 31 0 5
61 92 30 0 5
118 92 33 1 5
127 92 30 0 5
149 92 30 4 5
183 92 31 0 5
191 92 30 0 5
30 93 22 0 5
53 93 21 0 5
55 93 30 6 5
61 93 20 0 5
114 93 23 6 5
126 93 27 4 5
127 93 20 0 5
160 93 22 0 5
183 93 21 0 5
185 93 30 6 5
191 93 20 0 5
93 94 22 0 5
2 94 10 0 5
8 94 9 0 5
13 94 15 2 5
15 94 9 0 5
19 94 10 0 5
23 94 9 0 5
30 94 4 0 5
41 94 14 0 5
53 94 3 0 5
61 94 2 0 5
68 94 9 0 5
75 94 11 0 5
77 94 9 0 5
78 94 12 0 5
82 94 10 0 5
83 94 14 0 5
87 94 14 0 5
88 94 6 0 5
101 94 11 0 5
102 94 12 0 5
110 94 12 0 5
112 94 12 0 5
116 94 13 0 5
117 94 17 2 5
118 94 7 0 5
120 94 10 0 5
123 94 8 0 5
127 94 2 0 5
132 94 10 0 5
138 94 9 0 5
143 94 15 2 5
145 94 9 0 5
149 94 10 0 5
153 94 9 0 5
160 94 4 0 5
171 94 14 0 5
183 94 3 0 5
191 94 2 0 5
94 96 11 0 5
2 96 17 0 5
8 96 16 0 5
15 96 10 3 5
19 96 15 1 5
23 96 14 1 5
30 96 11 0 5
53 96 10 0 5
61 96 9 0 5
68 96 16 0 5
75 96 14 2 5
77 96 14 1 5
78 96 15 2 5
82 96 17 0 5
83 96 15 3 5
88 96 13 0 5
94 96 11 0 5
101 96 12 3 5
102 96 17 1 5
110 96 17 1 5
111 96 18 3 5
112 96 13 3 5
116 96 14 3 5
118 96 14 0 5
119 96 19 3 5
120 96 13 2 5
123 96 15 0 5
127 96 9 0 5
132 96 17 0 5
138 96 16 0 5
145 96 10 3 5
149 96 15 1 5
153 96 14 1 5
160 96 11 0 5
183 96 10 0 5
191 96 9 0 5
61 97 21 0 5
66 97 18 13 5
77 97 22 3 5
87 97 23 5 5
121 97 19 8 5
127 97 21 0 5
191 97 21 0 5
30 99 20 2 5
53 99 23 0 5
61 99 22 0 5
88 99 24 1 5
94 99 24 0 5
127 99 22 0 5
160 99 20 2 5
183 99 23 0 5
191 99 22 0 5
100 80 40 11 5
101 2 17 0 5
101 8 16 0 5
101 15 6 5 5
101 19 15 1 5
101 23 12 2 5
101 30 11 0 5
101 53 10 0 5
101 61 9 0 5
101 68 16 0 5
101 75 14 2 5
101 77 12 2 5
101 78 13 3 5
101 82 17 0 5
101 83 11 5 5
101 86 16 3 5
101 88 13 0 5
101 94 11 0 5
101 96 12 3 5
101 102 17 1 5
101 110 17 1 5
101 112 9 5 5
101 116 8 6 5
101 118 14 0 5
101 120 5 6 5
101 123 15 0 5
101 126 14 5 5
101 127 9 0 5
101 128 16 3 5
101 132 17 0 5
101 138 16 0 5
101 145 6 5 5
101 149 15 1 5
101 153 12 2 5
101 160 11 0 5
101 183 10 0 5
101 191 9 0 5
102 15 15 1 5
102 30 12 0 5
102 53 9 1 5
102 61 10 0 5
102 75 17 1 5
102 78 18 1 5
102 88 14 0 5
102 94 12 0 5
102 96 17 1 5
101 102 17 1 5
102 110 18 1 5
102 112 16 2 5
102 116 19 1 5
102 118 15 0 5
102 120 14 2 5
102 123 16 0 5
102 127 10 0 5
102 145 15 1 5
102 160 12 0 5
102 183 9 1 5
102 191 10 0 5
103 19 34 4 5
103 23 33 4 5
103 114 31 9 5
103 126 31 9 5
103 149 34 4 5
103 153 33 4 5
104 30 31 1 5
104 68 28 5 5
104 78 29 6 5
104 160 31 1 5
106 8 20 3 5
106 30 21 0 5
106 53 20 0 5
106 61 19 0 5
106 82 25 1 5
106 88 23 0 5
106 94 21 0 5
106 113 25 5 5
106 118 24 0 5
106 127 19 0 5
106 138 20 3 5
106 160 21 0 5
106 183 20 0 5
106 191 19 0 5
107 8 19 1 5
107 30 16 0 5
107 53 15 0 5
107 59 23 3 5
107 61 14 0 5
107 82 18 2 5
107 88 18 0 5
107 94 16 0 5
107 127 14 0 5
107 138 19 1 5
107 160 16 0 5
107 183 15 0 5
107 189 23 3 5
107 191 14 0 5
108 30 26 1 5
108 61 26 0 5
108 68 27 3 5
108 73 24 11 5
108 77 27 3 5
108 127 26 0 5
108 160 26 1 5
108 191 26 0 5
109 71 37 11 5
109 113 36 8 5
110 2 16 1 5
110 8 17 0 5
110 15 15 1 5
110 19 18 0 5
110 23 17 0 5
110 30 12 0 5
110 53 11 0 5
110 61 10 0 5
110 68 17 0 5
110 74 21 3 5
110 75 15 2 5
110 77 17 0 5
110 78 18 1 5
110 82 18 0 5
110 83 20 1 5
110 86 21 1 5
110 88 14 0 5
110 94 12 0 5
110 96 17 1 5
101 110 17 1 5
102 110 18 1 5
110 112 16 2 5
110 116 19 1 5
110 118 13 1 5
110 120 16 1 5
110 123 16 0 5
110 127 10 0 5
110 132 16 1 5
110 138 17 0 5
110 145 15 1 5
110 149 18 0 5
110 153 17 0 5
110 160 12 0 5
110 183 11 0 5
110 191 10 0 5
111 15 12 5 5
111 23 16 3 5
111 30 17 0 5
111 53 16 0 5
111 61 15 0 5
111 74 24 4 5
111 75 22 1 5
111 77 16 3 5
111 78 19 3 5
111 83 17 5 5
111 88 19 0 5
111 94 17 0 5
111 96 18 3 5
101 111 16 4 5
111 112 15 5 5
111 116 16 5 5
111 118 20 0 5
111 119 19 6 5
111 120 15 4 5
111 123 21 0 5
111 127 15 0 5
111 128 22 3 5
111 145 12 5 5
111 153 16 3 5
111 160 17 0 5
111 183 16 0 5
111 191 15 0 5
112 2 18 0 5
112 8 17 0 5
112 15 11 3 5
112 19 16 1 5
112 23 13 2 5
112 30 12 0 5
112 53 11 0 5
112 61 10 0 5
112 68 17 0 5
112 75 11 4 5
112 77 15 1 5
112 78 14 3 5
112 82 18 0 5
112 83 14 4 5
112 86 17 3 5
112 88 14 0 5
112 94 12 0 5
112 96 13 3 5
101 112 9 5 5
111 112 15 5 5
112 116 15 3 5
112 118 15 0 5
112 119 16 5 5
112 120 10 4 5
112 123 16 0 5
112 126 17 4 5
112 127 10 0 5
112 132 18 0 5
112 138 17 0 5
112 145 11 3 5
112 149 16 1 5
112 153 13 2 5
112 160 12 0 5
112 183 11 0 5
112 191 10 0 5
113 30 18 0 5
113 53 17 0 5
113 61 16 0 5
113 71 29 5 5
113 88 20 0 5
113 94 18 0 5
106 113 25 5 5
113 118 21 0 5
113 119 24 4 5
113 123 22 0 5
113 127 16 0 5
113 160 18 0 5
113 183 17 0 5
113 191 16 0 5
114 15 16 3 5
114 19 21 1 5
114 23 20 1 5
114 30 17 0 5
114 53 16 0 5
114 61 15 0 5
114 74 16 8 5
114 83 17 5 5
114 88 19 0 5
114 94 17 0 5
101 114 16 4 5
114 116 14 6 5
114 118 20 0 5
114 120 15 4 5
114 126 14 8 5
114 127 15 0 5
114 145 16 3 5
114 149 21 1 5
114 153 20 1 5
114 160 17 0 5
114 183 16 0 5
114 191 15 0 5
115 32 61 19 5
115 162 61 19 5
116 8 18 0 5
116 15 8 5 5
116 23 14 2 5
116 30 13 0 5
116 53 12 0 5
116 59 20 3 5
116 61 11 0 5
116 68 18 0 5
116 74 18 5 5
116 75 18 1 5
116 77 14 2 5
116 78 15 3 5
116 83 13 5 5
116 88 15 0 5
116 94 13 0 5
116 96 14 3 5
101 116 8 6 5
102 116 19 1 5
110 116 19 1 5
111 116 16 5 5
112 116 15 3 5
114 116 14 6 5
116 118 16 0 5
116 120 7 6 5
116 123 17 0 5
116 126 20 3 5
116 127 11 0 5
116 128 18 3 5
116 138 18 0 5
116 145 8 5 5
116 153 14 2 5
116 160 13 0 5
116 183 12 0 5
116 189 20 3 5
116 191 11 0 5
117 30 21 0 5
117 53 20 0 5
117 61 19 0 5
117 88 23 0 5
117 94 17 2 5
117 118 24 0 5
117 127 19 0 5
117 160 21 0 5
117 183 20 0 5
117 191 19 0 5
118 2 11 1 5
118 8 12 0 5
118 15 12 0 5
118 19 11 1 5
118 23 12 0 5
118 30 7 0 5
118 53 6 0 5
118 57 15 3 5
118 61 5 0 5
118 68 12 0 5
118 75 10 2 5
118 77 12 0 5
118 78 15 0 5
118 82 13 0 5
118 88 9 0 5
118 94 7 0 5
118 96 14 0 5
101 118 14 0 5
102 118 15 0 5
110 118 13 1 5
112 118 15 0 5
118 120 13 0 5
118 123 11 0 5
118 127 5 0 5
118 132 11 1 5
118 138 12 0 5
118 145 12 0 5
118 149 11 1 5
118 153 12 0 5
118 160 7 0 5
118 183 6 0 5
118 187 15 3 5
118 191 5 0 5
119 2 22 1 5
119 15 17 3 5
119 19 22 1 5
119 23 19 2 5
119 30 18 0 5
119 53 17 0 5
119 61 16 0 5
119 74 21 6 5
119 75 19 3 5
119 77 21 1 5
119 78 20 3 5
119 83 18 5 5
119 86 23 3 5
119 88 20 0 5
119 94 18 0 5
119 96 19 3 5
101 119 17 4 5
111 119 19 6 5
112 119 16 5 5
113 119 24 4 5
116 119 21 3 5
118 119 21 0 5
119 123 20 1 5
119 127 16 0 5
119 132 22 1 5
119 145 17 3 5
119 149 22 1 5
119 153 19 2 5
119 160 18 0 5
119 183 17 0 5
119 191 16 0 5
120 2 16 0 5
120 8 15 0 5
120 15 9 3 5
120 19 16 0 5
120 23 13 1 5
120 30 10 0 5
120 53 9 0 5
120 61 8 0 5
120 68 15 0 5
120 75 15 1 5
120 77 11 2 5
120 78 14 2 5
120 82 16 0 5
120 83 14 3 5
120 88 12 0 5
120 94 10 0 5
120 96 13 2 5
101 120 5 6 5
102 120 14 2 5
110 120 16 1 5
111 120 15 4 5
112 120 10 4 5
114 120 15 4 5
116 120 7 6 5
118 120 13 0 5
120 123 14 0 5
120 126 17 3 5
120 127 8 0 5
120 128 15 3 5
120 132 16 0 5
120 138 15 0 5
120 145 9 3 5
120 149 16 0 5
120 153 13 1 5
120 160 10 0 5
120 183 9 0 5
120 191 8 0 5
121 30 16 0 5
121 53 15 0 5
121 61 14 0 5
121 62 17 8 5
121 68 19 1 5
121 73 24 5 5
121 77 19 1 5
121 87 16 5 5
121 88 18 0 5
121 94 16 0 5
121 97 19 8 5
121 127 14 0 5
121 160 16 0 5
121 183 15 0 5
121 191 14 0 5
121 192 17 8 5
123 8 11 1 5
123 15 13 0 5
123 23 13 0 5
123 30 8 0 5
123 41 14 2 5
123 53 7 0 5
123 56 24 3 5
123 61 6 0 5
123 68 11 1 5
123 77 13 0 5
123 78 14 1 5
123 82 12 1 5
123 86 17 1 5
123 88 10 0 5
123 94 8 0 5
118 123 11 0 5
123 124 19 3 5
123 127 6 0 5
123 138 11 1 5
123 145 13 0 5
123 153 13 0 5
123 160 8 0 5
123 171 14 2 5
123 183 7 0 5
123 186 24 3 5
123 191 6 0 5
124 8 24 1 5
124 30 21 0 5
124 41 19 6 5
124 53 20 0 5
124 61 19 0 5
124 75 24 2 5
124 82 25 1 5
124 88 23 0 5
124 94 21 0 5
110 124 25 2 5
118 124 22 1 5
123 124 19 3 5
124 127 19 0 5
124 138 24 1 5
124 160 21 0 5
124 171 19 6 5
124 183 20 0 5
124 191 19 0 5
125 87 27 8 5
116 125 30 6 5
126 2 21 1 5
126 8 22 0 5
126 15 14 4 5
126 23 22 0 5
126 30 17 0 5
126 53 16 0 5
126 61 15 0 5
126 68 22 0 5
126 74 14 9 5
126 75 16 4 5
126 77 20 1 5
126 83 15 6 5
126 88 19 0 5
126 94 17 0 5
101 126 14 5 5
112 126 17 4 5
114 126 14 8 5
116 126 20 3 5
118 126 20 0 5
120 126 17 3 5
123 126 21 0 5
126 127 15 0 5
126 132 21 1 5
126 138 22 0 5
126 145 14 4 5
126 153 22 0 5
126 160 17 0 5
126 183 16 0 5
126 191 15 0 5
128 15 16 2 5
128 23 16 2 5
128 30 15 0 5
128 53 14 0 5
128 61 13 0 5
128 70 23 6 5
128 77 14 3 5
128 88 17 0 5
128 94 15 0 5
101 128 16 3 5
111 128 22 3 5
116 128 18 3 5
118 128 18 0 5
120 128 15 3 5
123 128 19 0 5
127 128 13 0 5
128 145 16 2 5
128 153 16 2 5
128 160 15 0 5
128 183 14 0 5
128 191 13 0 5
130 61 28 0 5
130 62 33 7 5
130 87 34 3 5
130 94 28 1 5
13 130 31 7 5
121 130 34 4 5
127 130 28 0 5
130 143 31 7 5
130 191 28 0 5
130 192 33 7 5
1 131 0 31 5
132 2 0 8 5
132 8 15 0 5
132 15 15 0 5
132 19 6 5 5
132 23 9 3 5
132 30 10 0 5
132 53 9 0 5
132 61 8 0 5
132 68 15 0 5
132 75 17 0 5
132 77 15 0 5
132 82 16 0 5
132 87 18 1 5
132 88 12 0 5
132 94 10 0 5
132 96 17 0 5
101 132 17 0 5
110 132 16 1 5
118 132 11 1 5
120 132 16 0 5
123 132 14 0 5
127 132 8 0 5
132 138 15 0 5
132 145 15 0 5
132 149 6 5 5
132 153 9 3 5
132 160 10 0 5
132 183 9 0 5
132 191 8 0 5
133 3 0 45 5
133 30 45 1 5
133 160 45 1 5
134 4 0 42 5
135 5 0 34 5
135 68 33 4 5
135 77 33 4 5
136 6 0 25 5
136 30 27 0 5
136 53 24 1 5
136 61 25 0 5
136 68 26 3 5
136 82 25 4 5
136 88 27 1 5
136 94 27 0 5
102 136 27 4 5
123 136 29 1 5
127 136 25 0 5
136 160 27 0 5
136 183 24 1 5
136 191 25 0 5
137 7 0 39 5
138 2 15 0 5
138 8 0 7 5
138 15 14 0 5
138 19 15 0 5
138 23 14 0 5
138 30 9 0 5
138 41 17 1 5
138 53 8 0 5
138 61 7 0 5
138 68 14 0 5
138 77 14 0 5
138 82 13 1 5
138 88 11 0 5
138 94 9 0 5
106 138 20 3 5
107 138 19 1 5
118 138 12 0 5
120 138 15 0 5
123 138 11 1 5
127 138 7 0 5
132 138 15 0 5
138 145 14 0 5
138 149 15 0 5
138 153 14 0 5
138 160 9 0 5
138 171 17 1 5
138 183 8 0 5
138 191 7 0 5
139 9 0 26 5
139 30 28 0 5
139 53 27 0 5
139 61 26 0 5
139 82 26 4 5
139 87 30 4 5
139 94 28 0 5
118 139 29 1 5
121 139 32 4 5
127 139 26 0 5
139 160 28 0 5
139 183 27 0 5
139 191 26 0 5
140 8 37 4 5
140 68 37 4 5
10 140 0 38 5
138 140 37 4 5
11 141 0 65 5
12 142 0 46 5
143 8 22 1 5
143 30 17 1 5
143 53 18 0 5
143 61 17 0 5
143 68 22 1 5
143 77 22 1 5
143 82 23 1 5
143 88 21 0 5
143 94 15 2 5
13 143 0 17 5
118 143 22 0 5
123 143 21 1 5
127 143 17 0 5
138 143 22 1 5
143 160 17 1 5
143 183 18 0 5
143 191 17 0 5
14 144 0 40 5
145 2 15 0 5
145 8 14 0 5
145 15 0 7 5
145 19 15 0 5
145 23 10 2 5
145 30 9 0 5
145 53 8 0 5
145 59 14 4 5
145 61 7 0 5
145 68 14 0 5
145 75 14 1 5
145 77 10 2 5
145 78 11 3 5
145 82 15 0 5
145 83 5 7 5
145 88 11 0 5
145 94 9 0 5
145 96 10 3 5
101 145 6 5 5
102 145 15 1 5
110 145 15 1 5
111 145 12 5 5
112 145 11 3 5
116 145 8 5 5
118 145 12 0 5
120 145 9 3 5
123 145 13 0 5
126 145 14 4 5
127 145 7 0 5
132 145 15 0 5
138 145 14 0 5
145 149 15 0 5
145 153 10 2 5
145 160 9 0 5
145 183 8 0 5
145 189 14 4 5
145 191 7 0 5
146 16 0 47 5
147 17 0 28 5
120 147 30 3 5
128 147 27 7 5
148 18 0 33 5
148 68 32 4 5
149 2 6 5 5
149 8 15 0 5
149 15 15 0 5
149 19 0 8 5
149 23 9 3 5
149 30 10 0 5
149 53 9 0 5
149 61 8 0 5
149 68 15 0 5
149 75 15 1 5
149 77 15 0 5
149 78 18 0 5
149 82 16 0 5
149 87 18 1 5
149 88 12 0 5
149 94 10 0 5
149 96 15 1 5
101 149 15 1 5
102 149 18 0 5
110 149 18 0 5
112 149 16 1 5
118 149 11 1 5
120 149 16 0 5
123 149 14 0 5
127 149 8 0 5
132 149 6 5 5
138 149 15 0 5
145 149 15 0 5
149 153 9 3 5
149 160 10 0 5
149 183 9 0 5
149 191 8 0 5
150 2 28 3 5
150 19 26 4 5
150 20 0 26 5
150 23 27 3 5
150 53 27 0 5
150 61 26 0 5
150 75 29 3 5
150 96 29 3 5
15 150 25 4 5
101 150 29 3 5
112 150 22 7 5
127 150 26 0 5
132 150 28 3 5
145 150 25 4 5
149 150 26 4 5
150 153 27 3 5
150 183 27 0 5
150 191 26 0 5
151 21 0 28 5
151 82 28 4 5
151 96 29 4 5
101 151 31 3 5
112 151 32 3 5
118 151 27 3 5
152 8 40 4 5
152 22 0 41 5
152 61 41 0 5
127 152 41 0 5
138 152 40 4 5
152 191 41 0 5
153 2 9 3 5
153 8 14 0 5
153 19 9 3 5
153 23 0 7 5
153 30 9 0 5
153 53 8 0 5
153 61 7 0 5
153 68 14 0 5
153 75 16 0 5
153 77 10 2 5
153 78 13 2 5
153 82 15 0 5
153 86 18 1 5
153 88 11 0 5
153 94 9 0 5
153 96 14 1 5
15 153 10 2 5
101 153 12 2 5
102 153 17 0 5
110 153 17 0 5
111 153 16 3 5
112 153 13 2 5
118 153 12 0 5
120 153 13 1 5
123 153 13 0 5
127 153 7 0 5
132 153 9 3 5
138 153 14 0 5
145 153 10 2 5
149 153 9 3 5
153 160 9 0 5
153 183 8 0 5
153 191 7 0 5
154 24 0 52 5
155 25 0 34 5
156 26 0 65 5
157 8 42 3 5
157 27 0 41 5
138 157 42 3 5
158 19 28 3 5
158 28 0 26 5
158 61 26 0 5
118 158 29 1 5
127 158 26 0 5
149 158 28 3 5
158 191 26 0 5
159 23 34 4 5
159 29 0 35 5
15 159 30 6 5
112 159 33 6 5
118 159 34 3 5
120 159 31 6 5
145 159 30 6 5
153 159 34 4 5
160 2 10 0 5
160 8 9 0 5
160 19 10 0 5
160 23 9 0 5
160 30 0 2 5
160 41 14 0 5
160 53 3 0 5
160 61 2 0 5
160 68 9 0 5
160 75 11 0 5
160 77 9 0 5
160 78 12 0 5
160 82 10 0 5
160 83 14 0 5
160 87 14 0 5
160 88 6 0 5
160 94 4 0 5
160 96 11 0 5
13 160 17 1 5
15 160 9 0 5
101 160 11 0 5
102 160 12 0 5
110 160 12 0 5
112 160 12 0 5
116 160 13 0 5
118 160 7 0 5
120 160 10 0 5
123 160 8 0 5
127 160 2 0 5
132 160 10 0 5
138 160 9 0 5
143 160 17 1 5
145 160 9 0 5
149 160 10 0 5
153 160 9 0 5
160 171 14 0 5
160 183 3 0 5
160 191 2 0 5
161 30 28 1 5
161 31 0 28 5
161 74 29 8 5
161 75 31 3 5
161 83 28 6 5
15 161 29 3 5
101 161 31 3 5
114 161 27 8 5
126 161 23 10 5
145 161 29 3 5
160 161 28 1 5
162 32 0 32 5
162 53 31 1 5
102 162 30 6 5
128 162 33 6 5
162 183 31 1 5
163 33 0 27 5
163 83 25 7 5
15 163 26 4 5
101 163 28 4 5
114 163 22 10 5
116 163 26 6 5
126 163 26 8 5
145 163 26 4 5
164 34 0 68 5
165 35 0 43 5
166 30 21 2 5
166 36 0 23 5
166 53 24 0 5
166 61 23 0 5
166 86 28 4 5
166 88 23 2 5
127 166 23 0 5
128 166 26 5 5
160 166 21 2 5
166 183 24 0 5
166 191 23 0 5
167 23 33 4 5
167 37 0 34 5
15 167 33 4 5
145 167 33 4 5
153 167 33 4 5
168 38 0 31 5
126 168 28 9 5
169 39 0 34 5
101 169 31 6 5
112 169 32 6 5
120 169 30 6 5
170 40 0 32 5
170 53 31 1 5
170 87 32 6 5
170 88 30 3 5
170 183 31 1 5
171 2 20 0 5
171 8 17 1 5
171 19 20 0 5
171 23 19 0 5
171 30 14 0 5
171 41 0 12 5
171 53 13 0 5
171 61 12 0 5
171 68 19 0 5
171 77 19 0 5
171 82 18 1 5
171 88 16 0 5
171 94 14 0 5
15 171 19 0 5
102 171 20 1 5
118 171 17 0 5
120 171 20 0 5
123 171 14 2 5
127 171 12 0 5
132 171 20 0 5
138 171 17 1 5
145 171 19 0 5
149 171 20 0 5
153 171 19 0 5
160 171 14 0 5
171 183 13 0 5
171 191 12 0 5
172 30 30 1 5
172 42 0 30 5
172 53 31 0 5
172 61 30 0 5
172 83 30 6 5
15 172 29 4 5
127 172 30 0 5
128 172 31 6 5
145 172 29 4 5
160 172 30 1 5
172 183 31 0 5
172 191 30 0 5
173 2 32 0 5
173 8 31 0 5
173 30 26 0 5
173 43 0 24 5
173 53 25 0 5
173 61 24 0 5
173 68 31 0 5
173 82 32 0 5
173 88 28 0 5
173 94 26 0 5
173 96 25 4 5
15 173 23 4 5
101 173 25 4 5
112 173 28 3 5
116 173 29 3 5
118 173 27 1 5
127 173 24 0 5
132 173 32 0 5
138 173 31 0 5
145 173 23 4 5
160 173 26 0 5
173 183 25 0 5
173 191 24 0 5
174 44 0 40 5
175 45 0 37 5
175 96 34 6 5
101 175 34 6 5
116 175 36 6 5
176 46 0 53 5
177 47 0 49 5
178 2 25 1 5
178 8 24 1 5
178 23 24 1 5
178 30 21 0 5
178 48 0 19 5
178 53 20 0 5
178 57 25 5 5
178 61 19 0 5
178 68 26 0 5
178 75 26 1 5
178 77 26 0 5
178 82 25 1 5
178 88 23 0 5
178 94 21 0 5
15 178 26 0 5
112 178 27 1 5
118 178 22 1 5
123 178 23 1 5
127 178 19 0 5
132 178 25 1 5
138 178 24 1 5
145 178 26 0 5
153 178 24 1 5
160 178 21 0 5
178 183 20 0 5
178 187 25 5 5
178 191 19 0 5
179 23 21 3 5
179 30 22 0 5
179 49 0 20 5
179 53 21 0 5
179 61 20 0 5
179 83 24 4 5
179 94 20 1 5
15 179 19 4 5
101 179 23 3 5
116 179 23 4 5
127 179 20 0 5
128 179 25 4 5
145 179 19 4 5
153 179 21 3 5
160 179 22 0 5
179 183 21 0 5
179 191 20 0 5
180 50 0 24 5
180 53 25 0 5
180 61 24 0 5
101 180 27 3 5
102 180 26 4 5
116 180 23 6 5
120 180 24 4 5
127 180 24 0 5
180 183 25 0 5
180 191 24 0 5
181 51 0 66 5
182 52 0 65 5
183 2 9 0 5
183 8 8 0 5
183 19 9 0 5
183 23 8 0 5
183 30 3 0 5
183 41 13 0 5
183 53 0 1 5
183 61 1 0 5
183 68 8 0 5
183 75 10 0 5
183 77 8 0 5
183 78 11 0 5
183 82 9 0 5
183 83 13 0 5
183 87 13 0 5
183 88 5 0 5
183 94 3 0 5
183 96 10 0 5
15 183 8 0 5
101 183 10 0 5
102 183 9 1 5
110 183 11 0 5
112 183 11 0 5
116 183 12 0 5
118 183 6 0 5
120 183 9 0 5
123 183 7 0 5
127 183 1 0 5
132 183 9 0 5
138 183 8 0 5
145 183 8 0 5
149 183 9 0 5
153 183 8 0 5
160 183 3 0 5
171 183 13 0 5
183 191 1 0 5
184 23 29 3 5
184 30 28 1 5
184 53 27 1 5
184 54 0 28 5
184 77 29 3 5
184 83 28 6 5
184 96 31 3 5
15 184 29 3 5
101 184 31 3 5
112 184 28 5 5
145 184 29 3 5
153 184 29 3 5
160 184 28 1 5
183 184 27 1 5
185 2 24 3 5
185 30 24 0 5
185 53 23 0 5
185 55 0 22 5
185 61 22 0 5
185 75 29 1 5
185 77 27 1 5
185 78 26 3 5
185 82 28 1 5
185 83 22 6 5
185 88 26 0 5
185 94 24 0 5
185 96 25 3 5
15 185 19 5 5
101 185 25 3 5
112 185 26 3 5
116 185 25 4 5
118 185 27 0 5
123 185 28 0 5
127 185 22 0 5
132 185 24 3 5
145 185 19 5 5
160 185 24 0 5
183 185 23 0 5
185 191 22 0 5
186 30 24 1 5
186 56 0 24 5
186 61 24 0 5
186 68 23 4 5
186 77 25 3 5
186 78 28 3 5
186 86 27 5 5
123 186 24 3 5
127 186 24 0 5
160 186 24 1 5
186 191 24 0 5
187 2 22 1 5
187 8 21 1 5
187 19 22 1 5
187 30 18 0 5
187 53 17 0 5
187 57 0 16 5
187 61 16 0 5
187 82 22 1 5
187 88 20 0 5
187 94 18 0 5
118 187 15 3 5
123 187 20 1 5
127 187 16 0 5
132 187 22 1 5
138 187 21 1 5
149 187 22 1 5
160 187 18 0 5
183 187 17 0 5
187 191 16 0 5
188 58 0 45 5
189 2 21 1 5
189 19 21 1 5
189 23 20 1 5
189 30 17 0 5
189 53 16 0 5
189 59 0 15 5
189 61 15 0 5
189 77 20 1 5
189 82 19 2 5
189 83 19 4 5
189 88 19 0 5
189 94 17 0 5
15 189 14 4 5
101 189 18 3 5
107 189 23 3 5
111 189 24 3 5
114 189 24 3 5
116 189 20 3 5
120 189 21 1 5
126 189 24 3 5
127 189 15 0 5
132 189 21 1 5
145 189 14 4 5
149 189 21 1 5
153 189 20 1 5
160 189 17 0 5
183 189 16 0 5
189 191 15 0 5
190 8 37 4 5
190 60 0 38 5
190 61 38 0 5
127 190 38 0 5
138 190 37 4 5
190 191 38 0 5
192 53 18 1 5
192 61 19 0 5
192 62 0 19 5
192 73 25 7 5
192 87 17 7 5
118 192 22 1 5
121 192 17 8 5
127 192 19 0 5
183 192 18 1 5
191 192 19 0 5
193 30 34 1 5
193 53 33 1 5
193 63 0 34 5
193 68 33 4 5
193 78 32 6 5
160 193 34 1 5
183 193 33 1 5
194 30 34 1 5
194 64 0 34 5
194 68 33 4 5
160 194 34 1 5
195 61 27 0 5
195 65 0 27 5
195 66 30 10 5
15 195 28 3 5
114 195 24 9 5
120 195 29 3 5
127 195 27 0 5
145 195 28 3 5
191 195 27 0 5
