Res1 Res2 NSingle NDouble Method
19 2 6 5 5
2 23 9 3 5
15 23 10 2 5
19 23 9 3 5
13 30 17 1 5
13 35 40 10 5
30 36 21 2 5
53 8 8 0 5
15 53 8 0 5
23 53 8 0 5
30 53 3 0 5
48 57 25 5 5
15 59 14 4 5
53 68 8 0 5
48 71 24 9 5
30 73 18 2 5
69 73 25 9 5
15 75 14 1 5
19 75 15 1 5
15 77 10 2 5
23 77 10 2 5
53 77 8 0 5
68 77 10 2 5
15 78 11 3 5
23 78 13 2 5
68 78 11 3 5
77 78 11 3 5
8 80 21 2 5
66 80 23 9 5
8 82 13 1 5
41 82 18 1 5
59 82 19 2 5
15 83 5 7 5
23 83 15 2 5
75 83 17 2 5
77 83 13 3 5
78 83 12 5 5
68 86 12 4 5
75 86 18 2 5
77 86 16 2 5
78 86 15 4 5
62 87 17 7 5
73 87 22 5 5
30 88 6 0 5
53 88 5 0 5
66 88 21 3 5
68 88 7 2 5
75 88 11 1 5
78 88 12 1 5
86 88 13 2 5
2 94 10 0 5
8 94 9 0 5
13 94 15 2 5
15 94 9 0 5
19 94 10 0 5
23 94 9 0 5
30 94 4 0 5
53 94 3 0 5
68 94 9 0 5
77 94 9 0 5
82 94 10 0 5
88 94 6 0 5
15 96 10 3 5
19 96 15 1 5
23 96 14 1 5
75 96 14 2 5
77 96 14 1 5
78 96 15 2 5
83 96 15 3 5
66 97 18 13 5
80 97 25 7 5
30 99 20 2 5
36 99 31 7 5
101 15 6 5 5
101 19 15 1 5
101 23 12 2 5
101 75 14 2 5
101 77 12 2 5
101 78 13 3 5
101 83 11 5 5
101 96 12 3 5
102 15 15 1 5
102 53 9 1 5
104 56 31 12 5
106 8 20 3 5
107 59 23 3 5
107 82 18 2 5
108 73 24 11 5
110 2 16 1 5
110 15 15 1 5
110 75 15 2 5
110 96 17 1 5
111 15 12 5 5
111 77 16 3 5
111 83 17 5 5
110 111 21 2 5
112 15 11 3 5
112 19 16 1 5
112 23 13 2 5
112 75 11 4 5
112 78 14 3 5
112 96 13 3 5
101 112 9 5 5
102 112 16 2 5
110 112 16 2 5
106 113 25 5 5
114 2 19 2 5
114 74 16 8 5
114 77 18 2 5
114 83 17 5 5
116 15 8 5 5
116 23 14 2 5
116 74 18 5 5
116 77 14 2 5
116 78 15 3 5
116 83 13 5 5
116 96 14 3 5
101 116 8 6 5
111 116 16 5 5
112 116 15 3 5
117 94 17 2 5
118 2 11 1 5
118 19 11 1 5
118 30 7 0 5
118 53 6 0 5
118 57 15 3 5
118 75 10 2 5
118 88 9 0 5
118 94 7 0 5
110 118 13 1 5
119 75 19 3 5
110 119 22 2 5
120 15 9 3 5
120 23 13 1 5
120 75 15 1 5
120 77 11 2 5
120 78 14 2 5
120 83 14 3 5
120 94 10 0 5
120 96 13 2 5
101 120 5 6 5
102 120 14 2 5
112 120 10 4 5
116 120 7 6 5
121 62 17 8 5
121 87 16 5 5
121 97 19 8 5
123 8 11 1 5
123 30 8 0 5
123 41 14 2 5
123 53 7 0 5
123 56 24 3 5
123 68 11 1 5
123 78 14 1 5
123 82 12 1 5
123 94 8 0 5
124 41 19 6 5
123 124 19 3 5
126 15 14 4 5
126 75 16 4 5
126 83 15 6 5
101 126 14 5 5
114 126 14 8 5
128 23 16 2 5
128 70 23 6 5
128 77 14 3 5
102 128 19 2 5
120 128 15 3 5
13 130 31 7 5
