Res1 Res2 NSingle NDouble Method
2 8 15 0 5
15 2 15 0 5
15 8 14 0 5
19 2 6 5 5
19 8 15 0 5
15 19 15 0 5
23 8 14 0 5
2 23 9 3 5
15 23 10 2 5
19 23 9 3 5
30 8 9 0 5
2 30 10 0 5
13 30 17 1 5
15 30 9 0 5
19 30 10 0 5
23 30 9 0 5
41 8 17 1 5
30 41 14 0 5
53 8 8 0 5
2 53 9 0 5
15 53 8 0 5
19 53 9 0 5
23 53 8 0 5
30 53 3 0 5
41 53 13 0 5
15 59 14 4 5
68 8 14 0 5
2 68 15 0 5
15 68 14 0 5
19 68 15 0 5
23 68 14 0 5
30 68 9 0 5
53 68 8 0 5
56 68 23 4 5
69 73 25 9 5
75 8 16 0 5
2 75 17 0 5
15 75 14 1 5
19 75 15 1 5
23 75 16 0 5
30 75 11 0 5
53 75 10 0 5
74 75 20 3 5
77 8 14 0 5
2 77 15 0 5
15 77 10 2 5
19 77 15 0 5
23 77 10 2 5
30 77 9 0 5
53 77 8 0 5
68 77 10 2 5
75 77 16 0 5
15 78 11 3 5
23 78 13 2 5
30 78 12 0 5
53 78 11 0 5
68 78 11 3 5
75 78 17 1 5
77 78 11 3 5
66 80 23 9 5
2 82 16 0 5
8 82 13 1 5
15 82 15 0 5
19 82 16 0 5
23 82 15 0 5
30 82 10 0 5
41 82 18 1 5
53 82 9 0 5
68 82 15 0 5
75 82 17 0 5
77 82 15 0 5
15 83 5 7 5
30 83 14 0 5
53 83 13 0 5
68 83 17 1 5
77 83 13 3 5
78 83 12 5 5
23 86 18 1 5
68 86 12 4 5
78 86 15 4 5
2 87 18 1 5
19 87 18 1 5
30 87 14 0 5
53 87 13 0 5
62 87 17 7 5
73 87 22 5 5
2 88 12 0 5
8 88 11 0 5
15 88 11 0 5
19 88 12 0 5
23 88 11 0 5
30 88 6 0 5
53 88 5 0 5
66 88 21 3 5
68 88 7 2 5
74 88 19 1 5
75 88 11 1 5
77 88 11 0 5
78 88 12 1 5
82 88 12 0 5
86 88 13 2 5
2 94 10 0 5
8 94 9 0 5
13 94 15 2 5
15 94 9 0 5
19 94 10 0 5
23 94 9 0 5
30 94 4 0 5
41 94 14 0 5
53 94 3 0 5
68 94 9 0 5
75 94 11 0 5
77 94 9 0 5
78 94 12 0 5
82 94 10 0 5
83 94 14 0 5
87 94 14 0 5
88 94 6 0 5
2 96 17 0 5
8 96 16 0 5
15 96 10 3 5
19 96 15 1 5
23 96 14 1 5
30 96 11 0 5
53 96 10 0 5
75 96 14 2 5
77 96 14 1 5
78 96 15 2 5
82 96 17 0 5
83 96 15 3 5
88 96 13 0 5
94 96 11 0 5
66 97 18 13 5
101 2 17 0 5
101 8 16 0 5
101 15 6 5 5
101 19 15 1 5
101 23 12 2 5
101 30 11 0 5
101 53 10 0 5
101 75 14 2 5
101 77 12 2 5
101 78 13 3 5
101 82 17 0 5
101 83 11 5 5
101 86 16 3 5
101 88 13 0 5
101 94 11 0 5
101 96 12 3 5
102 15 15 1 5
102 30 12 0 5
102 53 9 1 5
102 75 17 1 5
102 78 18 1 5
102 88 14 0 5
102 94 12 0 5
102 96 17 1 5
101 102 17 1 5
106 8 20 3 5
107 8 19 1 5
107 59 23 3 5
107 82 18 2 5
108 73 24 11 5
110 2 16 1 5
110 15 15 1 5
110 19 18 0 5
110 23 17 0 5
110 30 12 0 5
110 53 11 0 5
110 74 21 3 5
110 75 15 2 5
110 77 17 0 5
110 78 18 1 5
110 82 18 0 5
110 83 20 1 5
110 88 14 0 5
110 94 12 0 5
110 96 17 1 5
101 110 17 1 5
102 110 18 1 5
111 23 16 3 5
111 77 16 3 5
111 78 19 3 5
111 83 17 5 5
111 96 18 3 5
112 2 18 0 5
112 15 11 3 5
112 19 16 1 5
112 23 13 2 5
112 30 12 0 5
112 53 11 0 5
112 75 11 4 5
112 77 15 1 5
112 78 14 3 5
112 82 18 0 5
112 83 14 4 5
112 86 17 3 5
112 88 14 0 5
112 94 12 0 5
112 96 13 3 5
101 112 9 5 5
111 112 15 5 5
106 113 25 5 5
114 74 16 8 5
114 83 17 5 5
116 15 8 5 5
116 23 14 2 5
116 30 13 0 5
116 53 12 0 5
116 59 20 3 5
116 74 18 5 5
116 75 18 1 5
116 77 14 2 5
116 78 15 3 5
116 83 13 5 5
116 88 15 0 5
116 94 13 0 5
116 96 14 3 5
101 116 8 6 5
102 116 19 1 5
110 116 19 1 5
111 116 16 5 5
112 116 15 3 5
114 116 14 6 5
117 94 17 2 5
118 2 11 1 5
118 8 12 0 5
118 15 12 0 5
118 19 11 1 5
118 23 12 0 5
118 30 7 0 5
118 53 6 0 5
118 57 15 3 5
118 68 12 0 5
118 75 10 2 5
118 77 12 0 5
118 78 15 0 5
118 82 13 0 5
118 88 9 0 5
118 94 7 0 5
118 96 14 0 5
101 118 14 0 5
102 118 15 0 5
110 118 13 1 5
112 118 15 0 5
119 74 21 6 5
119 75 19 3 5
119 78 20 3 5
119 96 19 3 5
111 119 19 6 5
112 119 16 5 5
113 119 24 4 5
120 2 16 0 5
120 8 15 0 5
120 15 9 3 5
120 19 16 0 5
120 23 13 1 5
120 30 10 0 5
120 53 9 0 5
120 68 15 0 5
120 75 15 1 5
120 77 11 2 5
120 78 14 2 5
120 82 16 0 5
120 83 14 3 5
120 88 12 0 5
120 94 10 0 5
120 96 13 2 5
101 120 5 6 5
102 120 14 2 5
110 120 16 1 5
111 120 15 4 5
112 120 10 4 5
114 120 15 4 5
116 120 7 6 5
118 120 13 0 5
121 62 17 8 5
121 73 24 5 5
121 87 16 5 5
121 97 19 8 5
123 8 11 1 5
123 15 13 0 5
123 23 13 0 5
123 30 8 0 5
123 41 14 2 5
123 53 7 0 5
123 56 24 3 5
123 68 11 1 5
123 77 13 0 5
123 78 14 1 5
123 82 12 1 5
123 86 17 1 5
123 88 10 0 5
123 94 8 0 5
118 123 11 0 5
123 124 19 3 5
125 87 27 8 5
126 15 14 4 5
126 74 14 9 5
126 75 16 4 5
126 83 15 6 5
101 126 14 5 5
112 126 17 4 5
114 126 14 8 5
116 126 20 3 5
120 126 17 3 5
128 70 23 6 5
128 77 14 3 5
101 128 16 3 5
111 128 22 3 5
116 128 18 3 5
120 128 15 3 5
1 131 0 31 5
132 2 0 8 5
132 8 15 0 5
132 15 15 0 5
132 19 6 5 5
132 23 9 3 5
132 30 10 0 5
132 53 9 0 5
132 68 15 0 5
132 75 17 0 5
132 77 15 0 5
132 82 16 0 5
132 87 18 1 5
132 88 12 0 5
132 94 10 0 5
132 96 17 0 5
101 132 17 0 5
110 132 16 1 5
118 132 11 1 5
120 132 16 0 5
133 3 0 45 5
134 4 0 42 5
135 5 0 34 5
136 6 0 25 5
137 7 0 39 5
138 2 15 0 5
138 8 0 7 5
138 15 14 0 5
138 19 15 0 5
138 23 14 0 5
138 30 9 0 5
138 41 17 1 5
138 53 8 0 5
138 68 14 0 5
138 77 14 0 5
138 82 13 1 5
138 88 11 0 5
138 94 9 0 5
106 138 20 3 5
107 138 19 1 5
118 138 12 0 5
120 138 15 0 5
123 138 11 1 5
132 138 15 0 5
139 9 0 26 5
10 140 0 38 5
11 141 0 65 5
12 142 0 46 5
143 30 17 1 5
143 94 15 2 5
13 143 0 17 5
14 144 0 40 5
145 2 15 0 5
145 8 14 0 5
145 15 0 7 5
145 19 15 0 5
145 23 10 2 5
145 30 9 0 5
145 53 8 0 5
145 59 14 4 5
145 68 14 0 5
145 75 14 1 5
145 77 10 2 5
145 78 11 3 5
145 82 15 0 5
145 83 5 7 5
145 88 11 0 5
145 94 9 0 5
145 96 10 3 5
101 145 6 5 5
102 145 15 1 5
110 145 15 1 5
111 145 12 5 5
112 145 11 3 5
116 145 8 5 5
118 145 12 0 5
120 145 9 3 5
123 145 13 0 5
126 145 14 4 5
132 145 15 0 5
138 145 14 0 5
146 16 0 47 5
147 17 0 28 5
148 18 0 33 5
149 2 6 5 5
149 8 15 0 5
149 15 15 0 5
149 19 0 8 5
149 23 9 3 5
149 30 10 0 5
149 53 9 0 5
149 68 15 0 5
149 75 15 1 5
149 77 15 0 5
149 82 16 0 5
149 87 18 1 5
149 88 12 0 5
149 94 10 0 5
149 96 15 1 5
101 149 15 1 5
110 149 18 0 5
112 149 16 1 5
118 149 11 1 5
120 149 16 0 5
132 149 6 5 5
138 149 15 0 5
145 149 15 0 5
150 20 0 26 5
151 21 0 28 5
152 22 0 41 5
153 2 9 3 5
153 8 14 0 5
153 19 9 3 5
153 23 0 7 5
153 30 9 0 5
153 53 8 0 5
153 68 14 0 5
153 75 16 0 5
153 77 10 2 5
153 78 13 2 5
153 82 15 0 5
153 86 18 1 5
153 88 11 0 5
153 94 9 0 5
153 96 14 1 5
15 153 10 2 5
101 153 12 2 5
110 153 17 0 5
111 153 16 3 5
112 153 13 2 5
118 153 12 0 5
120 153 13 1 5
123 153 13 0 5
132 153 9 3 5
138 153 14 0 5
145 153 10 2 5
149 153 9 3 5
154 24 0 52 5
155 25 0 34 5
156 26 0 65 5
157 27 0 41 5
158 28 0 26 5
159 29 0 35 5
160 2 10 0 5
160 8 9 0 5
160 19 10 0 5
160 23 9 0 5
160 30 0 2 5
160 41 14 0 5
160 53 3 0 5
160 68 9 0 5
160 75 11 0 5
160 77 9 0 5
160 78 12 0 5
160 82 10 0 5
160 83 14 0 5
160 87 14 0 5
160 88 6 0 5
160 94 4 0 5
160 96 11 0 5
13 160 17 1 5
15 160 9 0 5
101 160 11 0 5
102 160 12 0 5
110 160 12 0 5
112 160 12 0 5
116 160 13 0 5
118 160 7 0 5
120 160 10 0 5
123 160 8 0 5
132 160 10 0 5
138 160 9 0 5
143 160 17 1 5
145 160 9 0 5
149 160 10 0 5
153 160 9 0 5
161 31 0 28 5
162 32 0 32 5
163 33 0 27 5
164 34 0 68 5
165 35 0 43 5
166 36 0 23 5
167 37 0 34 5
168 38 0 31 5
169 39 0 34 5
170 40 0 32 5
171 8 17 1 5
171 30 14 0 5
171 41 0 12 5
171 53 13 0 5
171 82 18 1 5
171 94 14 0 5
123 171 14 2 5
138 171 17 1 5
160 171 14 0 5
172 42 0 30 5
173 43 0 24 5
174 44 0 40 5
175 45 0 37 5
176 46 0 53 5
177 47 0 49 5
178 48 0 19 5
179 49 0 20 5
180 50 0 24 5
181 51 0 66 5
182 52 0 65 5
183 2 9 0 5
183 8 8 0 5
183 19 9 0 5
183 23 8 0 5
183 30 3 0 5
183 41 13 0 5
183 53 0 1 5
183 68 8 0 5
183 75 10 0 5
183 77 8 0 5
183 78 11 0 5
183 82 9 0 5
183 83 13 0 5
183 87 13 0 5
183 88 5 0 5
183 94 3 0 5
183 96 10 0 5
15 183 8 0 5
101 183 10 0 5
102 183 9 1 5
110 183 11 0 5
112 183 11 0 5
116 183 12 0 5
118 183 6 0 5
120 183 9 0 5
123 183 7 0 5
132 183 9 0 5
138 183 8 0 5
145 183 8 0 5
149 183 9 0 5
153 183 8 0 5
160 183 3 0 5
171 183 13 0 5
184 54 0 28 5
185 55 0 22 5
186 56 0 24 5
186 68 23 4 5
123 186 24 3 5
187 57 0 16 5
118 187 15 3 5
188 58 0 45 5
189 59 0 15 5
15 189 14 4 5
107 189 23 3 5
116 189 20 3 5
145 189 14 4 5
190 60 0 38 5
192 62 0 19 5
192 87 17 7 5
121 192 17 8 5
193 63 0 34 5
194 64 0 34 5
195 65 0 27 5
