Res1 Res2 NSingle NDouble Method
1 59 25 27 5
11 2 20 15 5
2 32 20 15 5
2 98 23 7 5
118 5 13 8 5
5 50 6 19 5
5 91 8 18 5
10 71 10 6 5
10 82 12 6 5
10 84 11 5 5
10 101 8 5 5
10 109 8 5 5
10 114 12 6 5
10 117 8 3 5
10 125 8 4 5
10 126 9 4 5
10 127 9 3 5
11 32 6 22 5
11 85 18 14 5
14 42 17 18 5
13 15 17 12 5
15 27 12 15 5
15 42 18 12 5
15 85 17 12 5
102 17 18 11 5
17 67 20 11 5
101 18 8 5 5
109 18 6 6 5
114 18 12 6 5
117 18 2 6 5
123 18 8 4 5
125 18 6 5 5
18 20 8 6 5
18 81 6 7 5
115 19 18 11 5
18 20 8 6 5
101 20 10 6 5
113 20 9 9 5
114 20 12 8 5
115 20 12 7 5
122 20 13 7 5
20 47 10 8 5
20 52 14 9 5
20 81 10 7 5
20 83 14 8 5
114 21 18 11 5
25 77 21 18 5
2 26 20 19 5
11 26 18 20 5
26 32 18 20 5
15 27 12 15 5
27 31 14 15 5
114 28 18 11 5
115 28 16 11 5
28 40 14 17 5
30 73 15 21 5
27 31 14 15 5
11 32 6 22 5
23 36 23 20 5
20 38 10 3 5
107 38 6 2 5
116 38 7 1 5
118 38 8 2 5
119 38 7 1 5
38 48 0 4 5
38 58 6 2 5
38 65 6 1 5
38 86 6 2 5
38 87 6 2 5
38 93 10 2 5
28 40 14 17 5
40 43 10 19 5
41 88 23 22 5
28 43 18 15 5
40 43 10 19 5
115 43 16 11 5
120 45 17 9 5
45 89 16 11 5
20 46 16 7 5
122 46 13 10 5
46 62 14 12 5
20 47 10 8 5
100 47 13 7 5
113 47 13 8 5
115 47 12 8 5
47 83 12 10 5
20 48 10 3 5
38 48 0 4 5
107 48 6 2 5
116 48 7 1 5
118 48 8 2 5
119 48 7 1 5
48 58 6 2 5
48 65 6 1 5
48 86 6 2 5
48 87 6 2 5
48 93 10 2 5
5 50 6 19 5
50 61 11 17 5
50 91 12 17 5
54 94 14 15 5
57 75 16 15 5
20 58 10 4 5
38 58 6 2 5
48 58 6 2 5
100 58 11 4 5
103 58 8 3 5
118 58 8 3 5
126 58 9 3 5
58 70 18 5 5
50 61 11 17 5
53 61 15 15 5
46 62 14 12 5
122 62 15 10 5
38 65 6 1 5
48 65 6 1 5
101 65 10 2 5
103 65 6 3 5
106 65 12 3 5
110 65 8 2 5
121 65 7 2 5
123 65 8 2 5
127 65 7 2 5
129 65 8 2 5
65 66 8 2 5
65 86 6 2 5
65 87 6 2 5
110 66 6 5 5
121 66 5 5 5
123 66 6 5 5
127 66 9 3 5
129 66 6 5 5
66 87 8 3 5
66 99 7 4 5
102 67 16 12 5
67 89 18 11 5
53 69 15 15 5
126 69 17 7 5
100 70 13 11 5
70 85 15 14 5
10 71 10 6 5
101 71 12 6 5
105 71 11 7 5
112 71 11 7 5
125 71 12 5 5
72 83 13 12 5
30 73 15 21 5
57 75 16 15 5
78 96 14 18 5
78 79 16 20 5
80 85 20 11 5
18 81 6 7 5
20 81 10 7 5
109 81 8 7 5
114 81 12 8 5
117 81 8 5 5
123 81 10 5 5
125 81 8 6 5
81 84 11 7 5
81 93 10 6 5
24 82 17 11 5
100 82 11 9 5
82 96 16 11 5
20 83 14 8 5
47 83 12 10 5
72 83 13 12 5
10 84 11 5 5
71 84 13 7 5
81 84 11 7 5
82 84 15 7 5
109 84 11 6 5
114 84 13 8 5
120 84 15 7 5
125 84 11 5 5
100 85 12 11 5
18 86 10 2 5
38 86 6 2 5
48 86 6 2 5
58 86 8 2 5
65 86 6 2 5
103 86 10 2 5
107 86 8 2 5
123 86 10 2 5
127 86 9 2 5
86 87 6 3 5
18 87 10 2 5
38 87 6 2 5
48 87 6 2 5
58 87 8 2 5
65 87 6 2 5
66 87 8 3 5
86 87 6 3 5
103 87 10 2 5
107 87 8 2 5
123 87 10 2 5
127 87 9 2 5
23 88 18 21 5
45 89 16 11 5
67 89 18 11 5
5 91 8 18 5
50 91 12 17 5
5 93 17 7 5
81 93 10 6 5
100 93 11 6 5
118 93 4 7 5
93 99 9 4 5
54 94 14 15 5
78 94 14 19 5
114 94 12 14 5
78 96 14 18 5
82 96 16 11 5
73 97 20 21 5
105 98 11 6 5
112 98 11 6 5
120 98 12 8 5
124 98 13 5 5
128 98 13 6 5
66 99 7 4 5
93 99 9 4 5
109 99 9 4 5
110 99 3 6 5
116 99 6 3 5
118 99 7 4 5
119 99 6 3 5
121 99 2 6 5
123 99 5 5 5
127 99 8 3 5
129 99 3 6 5
100 82 11 9 5
100 118 9 6 5
101 18 8 5 5
101 20 10 6 5
101 71 12 6 5
10 101 8 5 5
101 103 8 5 5
101 109 8 6 5
101 110 8 5 5
101 117 6 5 5
101 125 4 7 5
101 129 8 5 5
102 114 13 11 5
103 58 8 3 5
103 65 6 3 5
101 103 8 5 5
103 106 12 5 5
103 110 8 4 5
103 111 14 5 5
103 129 8 4 5
104 83 16 8 5
104 108 15 8 5
105 47 13 6 5
105 71 11 7 5
105 98 11 6 5
105 112 0 11 5
105 115 13 6 5
105 117 11 3 5
105 128 14 5 5
106 54 14 10 5
107 18 10 2 5
107 38 6 2 5
107 48 6 2 5
107 50 17 6 5
107 58 10 1 5
107 65 8 1 5
107 86 8 2 5
107 87 8 2 5
107 116 9 1 5
107 117 10 1 5
107 118 8 3 5
107 119 9 1 5
107 123 10 2 5
107 127 5 4 5
104 108 15 8 5
108 115 15 8 5
109 18 6 6 5
109 81 8 7 5
109 84 11 6 5
10 109 8 5 5
101 109 8 6 5
109 125 4 7 5
110 66 6 5 5
110 99 3 6 5
101 110 8 5 5
103 110 8 4 5
110 116 7 3 5
110 119 7 3 5
110 121 1 7 5
110 123 6 5 5
110 127 7 4 5
110 129 0 8 5
112 47 13 6 5
112 71 11 7 5
112 98 11 6 5
105 112 0 11 5
112 115 13 6 5
112 117 11 3 5
113 20 9 9 5
113 47 13 8 5
114 94 12 14 5
114 115 8 11 5
115 20 12 7 5
115 47 12 8 5
114 115 8 11 5
116 38 7 1 5
116 48 7 1 5
116 65 7 1 5
116 66 11 1 5
116 93 11 2 5
116 99 6 3 5
10 116 11 1 5
101 116 11 2 5
103 116 9 2 5
107 116 9 1 5
110 116 7 3 5
116 118 9 2 5
116 119 0 5 5
116 121 6 3 5
116 123 11 1 5
116 125 11 1 5
116 127 10 1 5
116 129 7 3 5
117 18 2 6 5
117 20 10 4 5
117 65 8 1 5
117 81 8 5 5
117 84 11 4 5
10 117 8 3 5
101 117 6 5 5
109 117 8 4 5
114 117 12 5 5
117 125 4 5 5
118 5 13 8 5
118 58 8 3 5
118 93 4 7 5
118 99 7 4 5
100 118 9 6 5
107 118 8 3 5
118 123 8 4 5
118 124 9 5 5
119 38 7 1 5
119 48 7 1 5
119 65 7 1 5
119 66 11 1 5
119 93 11 2 5
119 99 6 3 5
10 119 11 1 5
101 119 11 2 5
103 119 9 2 5
107 119 9 1 5
110 119 7 3 5
116 119 0 5 5
118 119 9 2 5
119 121 6 3 5
119 123 11 1 5
119 125 11 1 5
119 127 10 1 5
119 129 7 3 5
120 56 19 13 5
120 98 12 8 5
121 66 5 5 5
121 99 2 6 5
101 121 9 4 5
109 121 9 4 5
110 121 1 7 5
116 121 6 3 5
119 121 6 3 5
121 123 5 5 5
121 127 8 3 5
121 129 1 7 5
122 20 13 7 5
122 46 13 10 5
122 47 15 7 5
118 122 13 5 5
123 18 8 4 5
123 52 16 6 5
123 66 6 5 5
123 81 10 5 5
123 99 5 5 5
110 123 6 5 5
118 123 8 4 5
121 123 5 5 5
123 127 7 4 5
123 129 6 5 5
124 98 13 5 5
100 124 12 6 5
111 124 15 6 5
118 124 9 5 5
120 124 15 6 5
125 18 6 5 5
125 81 8 6 5
125 84 11 5 5
10 125 8 4 5
101 125 4 7 5
109 125 4 7 5
114 125 12 6 5
117 125 4 5 5
126 81 11 5 5
111 126 13 6 5
114 126 13 6 5
127 18 9 3 5
127 65 7 2 5
127 66 9 3 5
127 99 8 3 5
10 127 9 3 5
101 127 9 4 5
103 127 9 3 5
107 127 5 4 5
110 127 7 4 5
118 127 9 3 5
120 127 13 5 5
121 127 8 3 5
123 127 7 4 5
127 129 7 4 5
128 98 13 6 5
105 128 14 5 5
112 128 14 5 5
129 66 6 5 5
129 99 3 6 5
101 129 8 5 5
103 129 8 4 5
110 129 0 8 5
116 129 7 3 5
119 129 7 3 5
121 129 1 7 5
123 129 6 5 5
127 129 7 4 5
