Res1 Res2 NSingle NDouble Method
10 5 28 3 5
11 5 26 3 5
10 11 14 1 5
10 12 9 1 5
11 12 7 1 5
13 5 48 7 5
11 13 36 4 5
14 5 41 5 5
10 14 29 3 5
13 14 43 10 5
12 17 11 0 5
17 20 27 8 5
10 22 10 1 5
11 22 8 1 5
12 22 3 1 5
15 22 19 2 5
17 22 12 0 5
12 23 12 0 5
21 23 31 4 5
22 23 13 0 5
23 30 19 2 5
31 7 52 7 5
27 31 30 5 5
25 33 45 8 5
28 34 48 11 5
35 9 43 16 5
37 8 35 9 5
43 5 48 11 5
31 46 51 7 5
33 47 49 12 5
48 8 27 7 5
12 48 14 0 5
16 48 22 3 5
22 48 15 0 5
30 48 15 5 5
10 50 17 1 5
11 50 15 1 5
12 50 8 2 5
22 50 11 1 5
10 52 11 0 5
11 52 9 0 5
12 52 4 0 5
17 52 11 0 5
22 52 5 0 5
32 52 25 2 5
34 53 51 13 5
10 54 10 0 5
11 54 8 0 5
12 54 3 0 5
17 54 10 0 5
22 54 4 0 5
23 54 11 0 5
50 54 11 0 5
52 54 3 0 5
12 55 21 1 5
17 55 18 6 5
20 55 35 10 5
22 55 22 1 5
37 55 35 5 5
10 56 16 1 5
11 56 12 2 5
12 56 9 1 5
14 56 27 4 5
22 56 10 1 5
31 56 22 1 5
50 56 17 1 5
52 56 11 0 5
54 56 10 0 5
16 57 36 7 5
10 58 12 0 5
11 58 10 0 5
12 58 5 0 5
14 58 23 3 5
15 58 17 3 5
17 58 12 0 5
22 58 6 0 5
52 58 5 0 5
54 58 4 0 5
56 58 12 0 5
14 60 49 7 5
33 60 50 11 5
30 61 28 8 5
63 8 34 6 5
16 63 27 3 5
30 63 26 2 5
35 63 39 5 5
48 63 25 2 5
22 67 25 2 5
25 67 38 7 5
59 67 44 8 5
32 70 37 14 5
15 74 37 8 5
10 75 24 2 5
11 75 24 1 5
16 75 29 3 5
22 75 20 1 5
33 75 42 6 5
47 75 45 6 5
50 75 17 6 5
63 76 41 5 5
77 8 26 11 5
30 77 18 7 5
37 77 33 5 5
48 77 19 6 5
55 77 28 6 5
63 77 26 5 5
11 78 25 2 5
12 78 22 1 5
28 78 47 7 5
34 78 41 6 5
56 78 27 2 5
57 78 42 7 5
69 78 45 8 5
72 78 45 8 5
13 79 39 6 5
14 79 32 4 5
56 79 17 3 5
67 79 30 5 5
10 80 13 1 5
11 80 11 1 5
12 80 6 1 5
22 80 7 1 5
30 80 17 1 5
31 80 19 1 5
48 80 16 1 5
50 80 14 1 5
52 80 8 0 5
54 80 7 0 5
55 80 23 2 5
56 80 13 1 5
58 80 9 0 5
63 80 17 3 5
75 80 23 1 5
77 80 19 3 5
13 82 40 6 5
14 82 33 4 5
56 82 18 3 5
60 82 28 12 5
75 82 28 3 5
79 82 23 3 5
4 83 42 15 5
17 83 30 4 5
34 83 44 8 5
26 84 40 12 5
77 84 26 13 5
69 85 59 13 5
10 86 10 0 5
11 86 8 0 5
12 86 3 0 5
17 86 10 0 5
22 86 4 0 5
23 86 11 0 5
30 86 12 1 5
48 86 11 1 5
50 86 11 0 5
52 86 3 0 5
54 86 2 0 5
56 86 10 0 5
58 86 4 0 5
77 86 18 1 5
80 86 7 0 5
15 87 34 5 5
52 87 22 2 5
63 87 33 4 5
77 87 27 8 5
86 87 23 1 5
30 89 26 5 5
48 89 21 7 5
76 89 33 12 5
77 89 30 6 5
86 89 22 1 5
87 89 33 7 5
10 91 23 4 5
11 91 23 3 5
12 91 22 1 5
22 91 21 2 5
47 91 44 8 5
67 91 34 7 5
75 91 33 4 5
10 93 10 0 5
11 93 8 0 5
12 93 3 0 5
17 93 10 0 5
22 93 4 0 5
23 93 11 0 5
30 93 14 0 5
34 93 30 1 5
48 93 13 0 5
50 93 11 0 5
52 93 3 0 5
54 93 2 0 5
56 93 10 0 5
58 93 4 0 5
80 93 7 0 5
86 93 2 0 5
21 94 43 12 5
23 94 34 7 5
15 96 21 9 5
54 96 18 1 5
58 96 20 1 5
61 96 34 8 5
82 96 28 3 5
87 96 33 5 5
9 99 34 22 5
16 99 39 6 5
35 99 39 14 5
63 99 40 6 5
78 99 41 8 5
100 21 51 16 5
101 25 45 14 5
101 66 62 21 5
102 11 12 0 5
102 12 7 0 5
102 17 14 0 5
102 22 8 0 5
102 23 15 0 5
102 30 14 2 5
102 48 11 3 5
102 50 15 0 5
102 52 5 1 5
102 54 6 0 5
102 55 22 2 5
102 56 14 0 5
102 58 8 0 5
102 63 18 2 5
102 77 16 4 5
102 80 9 1 5
102 86 4 1 5
102 93 6 0 5
10 102 14 0 5
103 16 32 4 5
103 30 25 6 5
103 48 18 9 5
103 54 23 1 5
103 77 25 9 5
103 86 23 1 5
104 25 35 4 5
104 46 39 14 5
104 67 33 5 5
10 104 24 1 5
105 27 28 5 5
105 30 22 2 5
105 48 19 3 5
105 57 33 7 5
105 69 40 6 5
105 77 26 3 5
105 78 27 4 5
105 86 12 1 5
105 89 30 3 5
105 93 14 0 5
102 105 14 2 5
107 11 9 0 5
107 12 4 0 5
107 17 11 0 5
107 21 29 1 5
107 22 5 0 5
107 23 10 1 5
107 27 25 1 5
107 48 14 0 5
107 50 12 0 5
107 52 4 0 5
107 54 3 0 5
107 56 11 0 5
107 58 5 0 5
107 80 8 0 5
107 86 3 0 5
107 93 3 0 5
10 107 11 0 5
102 107 7 0 5
108 5 30 3 5
108 11 12 3 5
108 12 11 1 5
108 22 14 0 5
108 50 9 6 5
108 54 12 0 5
108 75 24 3 5
108 79 21 2 5
108 86 12 0 5
108 91 29 2 5
108 93 12 0 5
102 108 16 0 5
107 108 13 0 5
111 8 36 9 5
111 22 22 3 5
111 26 32 12 5
111 30 22 8 5
111 55 30 8 5
111 76 39 10 5
111 77 26 9 5
111 87 35 7 5
112 13 61 14 5
112 91 46 14 5
113 12 8 1 5
113 22 9 1 5
113 50 16 1 5
113 52 10 0 5
113 54 9 0 5
113 55 25 2 5
113 56 15 1 5
113 58 11 0 5
113 67 28 3 5
113 80 12 1 5
113 86 9 0 5
113 91 24 3 5
113 93 9 0 5
10 113 15 1 5
11 113 13 1 5
102 113 13 0 5
104 113 15 5 5
106 113 29 5 5
107 113 10 0 5
115 12 4 1 5
115 17 13 0 5
115 22 5 1 5
115 23 14 0 5
115 25 22 4 5
115 30 17 0 5
115 48 16 0 5
115 50 12 1 5
115 52 6 0 5
115 54 5 0 5
115 56 11 1 5
115 58 7 0 5
115 67 24 3 5
115 80 8 1 5
115 86 5 0 5
115 93 5 0 5
10 115 11 1 5
11 115 9 1 5
102 115 9 0 5
104 115 15 3 5
107 115 6 0 5
108 115 15 0 5
113 115 10 1 5
116 14 42 7 5
116 56 31 4 5
116 67 42 7 5
116 79 22 11 5
116 82 33 6 5
117 26 39 10 5
117 69 49 9 5
117 79 34 4 5
117 85 48 13 5
106 117 37 11 5
116 117 32 13 5
118 8 30 11 5
118 27 24 12 5
118 30 28 4 5
118 31 28 5 5
118 48 23 6 5
118 52 23 1 5
118 86 22 1 5
103 118 19 14 5
105 118 30 3 5
119 27 34 7 5
119 32 28 11 5
119 50 25 4 5
119 59 35 11 5
119 75 32 5 5
105 119 30 3 5
108 119 30 2 5
118 119 32 7 5
120 21 40 7 5
120 26 40 8 5
120 79 27 6 5
100 120 43 18 5
106 120 40 8 5
107 120 25 1 5
116 120 37 9 5
117 120 33 10 5
121 22 12 0 5
121 30 16 3 5
121 48 17 2 5
121 52 11 0 5
121 54 10 0 5
121 55 24 3 5
121 56 16 1 5
121 58 12 0 5
121 61 30 5 5
121 77 22 3 5
121 84 34 4 5
121 86 10 0 5
121 87 25 4 5
121 89 26 3 5
121 93 10 0 5
121 96 24 2 5
12 121 11 0 5
102 121 14 0 5
103 121 27 3 5
107 121 11 0 5
111 121 28 3 5
115 121 13 0 5
125 15 19 1 5
125 17 10 0 5
125 22 4 0 5
125 23 11 0 5
125 48 13 0 5
125 50 11 0 5
125 52 3 0 5
125 54 2 0 5
125 56 10 0 5
125 58 4 0 5
125 80 7 0 5
125 86 2 0 5
125 87 23 1 5
125 89 22 1 5
125 93 2 0 5
125 96 18 1 5
10 125 10 0 5
11 125 8 0 5
12 125 3 0 5
102 125 6 0 5
107 125 3 0 5
108 125 12 0 5
113 125 9 0 5
115 125 5 0 5
121 125 10 0 5
126 4 38 13 5
126 17 20 5 5
126 20 39 8 5
126 55 28 7 5
126 83 34 8 5
124 126 39 14 5
128 17 29 7 5
128 23 34 5 5
128 83 43 10 5
129 27 27 12 5
129 48 20 9 5
129 63 33 5 5
129 77 23 11 5
103 129 12 19 5
118 129 21 14 5
119 129 33 8 5
121 129 29 3 5
