Res1 Res2 NSingle NDouble Method
1 4 61 19 5
1 10 53 6 5
1 35 62 13 5
1 99 63 14 5
17 4 44 4 5
126 4 38 13 5
4 83 42 15 5
10 5 28 3 5
11 5 26 3 5
12 5 27 0 5
13 5 48 7 5
14 5 41 5 5
24 5 25 0 5
43 5 48 11 5
105 5 34 2 5
107 5 27 0 5
108 5 30 3 5
121 5 32 1 5
125 5 26 0 5
5 52 27 0 5
5 54 26 0 5
5 56 32 1 5
5 65 25 0 5
5 86 26 0 5
5 93 26 0 5
5 95 25 0 5
15 7 49 11 5
27 7 52 12 5
31 7 52 7 5
52 7 49 2 5
54 7 50 1 5
58 7 48 3 5
7 74 44 20 5
7 81 43 22 5
30 8 28 7 5
37 8 35 9 5
48 8 27 7 5
52 8 29 1 5
63 8 34 6 5
77 8 26 11 5
102 8 24 5 5
103 8 25 14 5
111 8 36 9 5
118 8 30 11 5
129 8 27 14 5
8 80 29 3 5
8 86 28 1 5
8 87 33 10 5
8 89 38 7 5
16 9 45 7 5
35 9 43 16 5
58 9 40 3 5
9 99 34 22 5
10 5 28 3 5
10 11 14 1 5
10 12 9 1 5
10 14 29 3 5
10 17 18 0 5
10 22 10 1 5
10 24 9 0 5
10 50 17 1 5
10 52 11 0 5
10 54 10 0 5
10 56 16 1 5
10 58 12 0 5
10 65 9 0 5
10 75 24 2 5
10 80 13 1 5
10 86 10 0 5
10 91 23 4 5
10 93 10 0 5
10 95 9 0 5
10 102 14 0 5
10 104 24 1 5
10 107 11 0 5
10 113 15 1 5
10 115 11 1 5
10 121 18 0 5
10 125 10 0 5
11 5 26 3 5
10 11 14 1 5
102 11 12 0 5
107 11 9 0 5
108 11 12 3 5
11 12 7 1 5
11 13 36 4 5
11 22 8 1 5
11 24 7 0 5
11 50 15 1 5
11 52 9 0 5
11 54 8 0 5
11 56 12 2 5
11 58 10 0 5
11 65 7 0 5
11 75 24 1 5
11 78 25 2 5
11 80 11 1 5
11 86 8 0 5
11 91 23 3 5
11 93 8 0 5
11 95 7 0 5
11 113 13 1 5
11 115 9 1 5
11 125 8 0 5
10 12 9 1 5
11 12 7 1 5
102 12 7 0 5
107 12 4 0 5
108 12 11 1 5
113 12 8 1 5
115 12 4 1 5
12 17 11 0 5
12 22 3 1 5
12 23 12 0 5
12 24 2 0 5
12 48 14 0 5
12 50 8 2 5
12 52 4 0 5
12 54 3 0 5
12 55 21 1 5
12 56 9 1 5
12 58 5 0 5
12 65 2 0 5
12 78 22 1 5
12 80 6 1 5
12 86 3 0 5
12 91 22 1 5
12 93 3 0 5
12 95 2 0 5
12 121 11 0 5
12 125 3 0 5
13 5 48 7 5
10 13 36 5 5
11 13 36 4 5
12 13 37 1 5
112 13 61 14 5
116 13 49 9 5
13 14 43 10 5
13 22 38 1 5
13 23 41 3 5
13 56 38 4 5
13 79 39 6 5
13 82 40 6 5
14 5 41 5 5
10 14 29 3 5
11 14 31 1 5
13 14 43 10 5
116 14 42 7 5
14 24 26 0 5
14 31 37 2 5
14 56 27 4 5
14 58 23 3 5
14 60 49 7 5
14 65 26 0 5
14 79 32 4 5
14 82 33 4 5
14 95 26 0 5
11 15 27 0 5
12 15 22 0 5
102 15 25 0 5
107 15 22 0 5
115 15 24 0 5
125 15 19 1 5
15 22 19 2 5
15 24 20 0 5
15 52 22 0 5
15 54 21 0 5
15 58 17 3 5
15 65 20 0 5
15 74 37 8 5
15 80 26 0 5
15 86 21 0 5
15 87 34 5 5
15 93 21 0 5
15 95 20 0 5
15 96 21 9 5
12 16 18 0 5
102 16 21 0 5
103 16 32 4 5
107 16 18 0 5
115 16 20 0 5
118 16 31 4 5
125 16 17 0 5
16 17 23 1 5
16 22 19 0 5
16 24 16 0 5
16 48 22 3 5
16 52 18 0 5
16 54 17 0 5
16 57 36 7 5
16 58 19 0 5
16 63 27 3 5
16 65 16 0 5
16 75 29 3 5
16 80 22 0 5
16 86 17 0 5
16 93 17 0 5
16 95 16 0 5
16 99 39 6 5
11 17 16 0 5
12 17 11 0 5
102 17 14 0 5
107 17 11 0 5
115 17 13 0 5
125 17 10 0 5
126 17 20 5 5
128 17 29 7 5
17 20 27 8 5
17 22 12 0 5
17 24 9 0 5
17 52 11 0 5
17 54 10 0 5
17 55 18 6 5
17 58 12 0 5
17 65 9 0 5
17 80 15 0 5
17 83 30 4 5
17 86 10 0 5
17 93 10 0 5
17 95 9 0 5
17 20 27 8 5
102 20 31 4 5
103 20 40 9 5
118 20 39 9 5
119 20 39 9 5
126 20 39 8 5
129 20 38 11 5
20 32 37 12 5
20 37 44 7 5
20 52 32 2 5
20 55 35 10 5
20 86 33 1 5
20 89 37 10 5
21 8 44 7 5
100 21 51 16 5
102 21 30 2 5
107 21 29 1 5
120 21 40 7 5
129 21 41 7 5
21 23 31 4 5
21 30 32 5 5
21 48 31 5 5
21 77 38 5 5
21 86 28 1 5
21 94 43 12 5
10 22 10 1 5
11 22 8 1 5
12 22 3 1 5
15 22 19 2 5
17 22 12 0 5
102 22 8 0 5
107 22 5 0 5
108 22 14 0 5
111 22 22 3 5
113 22 9 1 5
115 22 5 1 5
121 22 12 0 5
125 22 4 0 5
22 23 13 0 5
22 24 3 0 5
22 48 15 0 5
22 50 11 1 5
22 52 5 0 5
22 54 4 0 5
22 55 22 1 5
22 56 10 1 5
22 58 6 0 5
22 65 3 0 5
22 67 25 2 5
22 75 20 1 5
22 80 7 1 5
22 86 4 0 5
22 91 21 2 5
22 93 4 0 5
22 95 3 0 5
11 23 17 0 5
12 23 12 0 5
21 23 31 4 5
22 23 13 0 5
102 23 15 0 5
107 23 10 1 5
115 23 14 0 5
125 23 11 0 5
128 23 34 5 5
23 24 10 0 5
23 30 19 2 5
23 52 12 0 5
23 54 11 0 5
23 58 13 0 5
23 65 10 0 5
23 80 16 0 5
23 86 11 0 5
23 93 11 0 5
23 94 34 7 5
23 95 10 0 5
12 25 26 1 5
22 25 27 1 5
101 25 45 14 5
104 25 35 4 5
115 25 22 4 5
25 33 45 8 5
25 52 26 1 5
25 67 38 7 5
25 83 43 6 5
26 8 40 10 5
102 26 32 2 5
103 26 41 7 5
111 26 32 12 5
117 26 39 10 5
120 26 40 8 5
129 26 41 8 5
26 30 34 5 5
26 37 41 7 5
26 48 33 5 5
26 77 34 8 5
26 80 31 3 5
26 84 40 12 5
12 27 27 0 5
16 27 33 4 5
22 27 28 0 5
23 27 33 1 5
24 27 25 0 5
102 27 24 3 5
103 27 29 10 5
105 27 28 5 5
107 27 25 1 5
115 27 29 0 5
118 27 24 12 5
119 27 34 7 5
125 27 26 0 5
129 27 27 12 5
27 31 30 5 5
27 32 38 7 5
27 48 29 4 5
27 52 25 1 5
27 54 26 0 5
27 58 28 0 5
27 65 25 0 5
27 86 24 1 5
27 93 26 0 5
27 95 25 0 5
118 28 48 7 5
28 34 48 11 5
28 52 39 1 5
28 78 47 7 5
23 29 37 6 5
104 29 48 4 5
29 82 46 4 5
29 97 77 14 5
12 30 15 0 5
22 30 16 0 5
23 30 19 2 5
24 30 13 0 5
102 30 14 2 5
103 30 25 6 5
105 30 22 2 5
107 30 15 0 5
111 30 22 8 5
115 30 17 0 5
118 30 28 4 5
121 30 16 3 5
125 30 14 0 5
30 48 15 5 5
30 52 15 0 5
30 54 14 0 5
30 58 16 0 5
30 61 28 8 5
30 63 26 2 5
30 65 13 0 5
30 77 18 7 5
30 80 17 1 5
30 86 12 1 5
30 89 26 5 5
30 93 14 0 5
30 95 13 0 5
31 7 52 7 5
12 31 17 0 5
22 31 18 0 5
24 31 15 0 5
27 31 30 5 5
102 31 20 0 5
103 31 33 3 5
107 31 17 0 5
115 31 19 0 5
118 31 28 5 5
125 31 16 0 5
31 46 51 7 5
31 52 17 0 5
31 54 16 0 5
31 56 22 1 5
31 58 18 0 5
31 65 15 0 5
31 80 19 1 5
31 86 16 0 5
31 93 16 0 5
31 95 15 0 5
12 32 29 0 5
22 32 30 0 5
24 32 27 0 5
102 32 26 3 5
103 32 37 7 5
107 32 29 0 5
118 32 36 7 5
119 32 28 11 5
125 32 28 0 5
129 32 31 11 5
32 52 25 2 5
32 54 28 0 5
32 58 30 0 5
32 65 27 0 5
32 70 37 14 5
32 80 27 3 5
32 86 28 0 5
32 89 36 7 5
32 93 28 0 5
32 95 27 0 5
12 33 35 1 5
25 33 45 8 5
119 33 44 7 5
121 33 40 2 5
33 47 49 12 5
33 50 37 4 5
33 60 50 11 5
33 61 50 8 5
33 75 42 6 5
33 96 44 5 5
34 4 50 12 5
28 34 48 11 5
30 34 38 3 5
121 34 34 3 5
34 53 51 13 5
34 78 41 6 5
34 83 44 8 5
34 93 30 1 5
34 96 38 6 5
34 99 46 10 5
35 9 43 16 5
15 35 40 6 5
16 35 38 5 5
24 35 32 0 5
105 35 39 3 5
125 35 31 1 5
35 54 33 0 5
35 58 33 1 5
35 63 39 5 5
35 65 32 0 5
35 86 33 0 5
35 93 33 0 5
35 95 32 0 5
35 96 39 6 5
35 99 39 14 5
37 8 35 9 5
30 37 31 3 5
102 37 27 1 5
103 37 38 5 5
105 37 31 3 5
118 37 37 5 5
129 37 34 8 5
37 48 28 4 5
37 55 35 5 5
37 77 33 5 5
37 80 28 1 5
37 81 40 10 5
37 87 36 6 5
37 89 35 6 5
38 88 73 23 5
116 39 64 14 5
39 48 60 7 5
39 77 55 13 5
39 84 61 17 5
123 40 87 28 5
126 40 62 11 5
40 83 68 12 5
103 41 61 13 5
41 64 51 26 5
43 5 48 11 5
22 43 44 2 5
120 43 50 10 5
43 56 44 5 5
44 81 50 17 5
44 88 54 19 5
24 45 38 0 5
119 45 45 8 5
125 45 39 0 5
129 45 40 12 5
45 48 40 5 5
45 54 39 0 5
45 65 38 0 5
45 86 39 0 5
45 93 39 0 5
45 95 38 0 5
11 46 53 2 5
31 46 51 7 5
104 46 39 14 5
113 46 54 2 5
115 46 48 3 5
46 56 51 4 5
46 82 53 6 5
46 91 56 8 5
10 47 37 5 5
33 47 49 12 5
104 47 43 6 5
108 47 43 3 5
113 47 36 5 5
115 47 40 1 5
47 50 36 6 5
47 56 43 2 5
47 60 51 12 5
47 75 45 6 5
47 80 40 2 5
47 91 44 8 5
48 8 27 7 5
10 48 21 0 5
11 48 19 0 5
12 48 14 0 5
16 48 22 3 5
17 48 21 0 5
22 48 15 0 5
24 48 12 0 5
30 48 15 5 5
102 48 11 3 5
103 48 18 9 5
105 48 19 3 5
107 48 14 0 5
113 48 20 0 5
115 48 16 0 5
118 48 23 6 5
121 48 17 2 5
125 48 13 0 5
129 48 20 9 5
48 52 14 0 5
48 54 13 0 5
48 56 21 0 5
48 58 15 0 5
48 63 25 2 5
48 65 12 0 5
48 77 19 6 5
48 80 16 1 5
48 86 11 1 5
48 89 21 7 5
48 93 13 0 5
48 95 12 0 5
10 50 17 1 5
11 50 15 1 5
12 50 8 2 5
22 50 11 1 5
24 50 10 0 5
102 50 15 0 5
107 50 12 0 5
108 50 9 6 5
113 50 16 1 5
115 50 12 1 5
119 50 25 4 5
125 50 11 0 5
50 52 12 0 5
50 54 11 0 5
50 56 17 1 5
50 58 13 0 5
50 65 10 0 5
50 75 17 6 5
50 80 14 1 5
50 86 11 0 5
50 93 11 0 5
50 95 10 0 5
51 8 49 13 5
48 51 46 6 5
103 51 40 15 5
118 51 43 13 5
129 51 44 14 5
10 52 11 0 5
11 52 9 0 5
12 52 4 0 5
17 52 11 0 5
22 52 5 0 5
24 52 2 0 5
32 52 25 2 5
102 52 5 1 5
107 52 4 0 5
113 52 10 0 5
115 52 6 0 5
118 52 23 1 5
121 52 11 0 5
125 52 3 0 5
52 54 3 0 5
52 56 11 0 5
52 58 5 0 5
52 65 2 0 5
52 80 8 0 5
52 86 3 0 5
52 87 22 2 5
52 93 3 0 5
52 95 2 0 5
53 9 51 19 5
16 53 44 9 5
34 53 51 13 5
48 53 48 5 5
53 96 51 7 5
10 54 10 0 5
11 54 8 0 5
12 54 3 0 5
17 54 10 0 5
22 54 4 0 5
23 54 11 0 5
24 54 1 0 5
50 54 11 0 5
52 54 3 0 5
102 54 6 0 5
103 54 23 1 5
107 54 3 0 5
108 54 12 0 5
113 54 9 0 5
115 54 5 0 5
121 54 10 0 5
125 54 2 0 5
54 56 10 0 5
54 58 4 0 5
54 65 1 0 5
54 80 7 0 5
54 86 2 0 5
54 93 2 0 5
54 95 1 0 5
54 96 18 1 5
11 55 26 1 5
12 55 21 1 5
17 55 18 6 5
20 55 35 10 5
22 55 22 1 5
24 55 21 0 5
30 55 28 3 5
37 55 35 5 5
48 55 27 3 5
54 55 22 0 5
102 55 22 2 5
103 55 33 6 5
111 55 30 8 5
113 55 25 2 5
115 55 23 1 5
121 55 24 3 5
125 55 22 0 5
126 55 28 7 5
129 55 35 6 5
55 65 21 0 5
55 77 28 6 5
55 80 23 2 5
55 86 22 0 5
55 93 22 0 5
55 95 21 0 5
10 56 16 1 5
11 56 12 2 5
12 56 9 1 5
14 56 27 4 5
22 56 10 1 5
24 56 9 0 5
31 56 22 1 5
50 56 17 1 5
52 56 11 0 5
54 56 10 0 5
102 56 14 0 5
107 56 11 0 5
113 56 15 1 5
115 56 11 1 5
116 56 31 4 5
121 56 16 1 5
125 56 10 0 5
56 58 12 0 5
56 65 9 0 5
56 78 27 2 5
56 79 17 3 5
56 80 13 1 5
56 82 18 3 5
56 86 10 0 5
56 93 10 0 5
56 95 9 0 5
16 57 36 7 5
27 57 39 10 5
48 57 30 8 5
102 57 33 3 5
103 57 34 12 5
105 57 33 7 5
118 57 31 13 5
129 57 40 10 5
57 78 42 7 5
57 80 36 2 5
57 86 33 1 5
10 58 12 0 5
11 58 10 0 5
12 58 5 0 5
14 58 23 3 5
15 58 17 3 5
17 58 12 0 5
22 58 6 0 5
24 58 3 0 5
52 58 5 0 5
54 58 4 0 5
56 58 12 0 5
102 58 8 0 5
107 58 5 0 5
113 58 11 0 5
115 58 7 0 5
121 58 12 0 5
125 58 4 0 5
58 65 3 0 5
58 80 9 0 5
58 86 4 0 5
58 93 4 0 5
58 95 3 0 5
58 96 20 1 5
22 59 33 2 5
27 59 37 11 5
32 59 45 8 5
50 59 38 3 5
103 59 42 8 5
108 59 39 3 5
115 59 32 3 5
118 59 39 9 5
119 59 35 11 5
129 59 44 8 5
59 67 44 8 5
10 60 40 3 5
14 60 49 7 5
30 60 42 4 5
33 60 50 11 5
56 60 40 3 5
104 60 42 6 5
113 60 35 5 5
116 60 51 8 5
125 60 36 1 5
60 79 43 4 5
60 82 28 12 5
60 96 42 7 5
24 61 31 0 5
30 61 28 8 5
48 61 31 6 5
54 61 30 1 5
102 61 32 2 5
103 61 27 14 5
105 61 38 3 5
121 61 30 5 5
61 65 31 0 5
61 86 30 1 5
61 95 31 0 5
61 96 34 8 5
23 62 44 9 5
62 72 63 14 5
62 78 58 8 5
62 99 65 11 5
63 8 34 6 5
16 63 27 3 5
24 63 17 0 5
30 63 26 2 5
32 63 36 4 5
35 63 39 5 5
48 63 25 2 5
54 63 18 0 5
102 63 18 2 5
125 63 18 0 5
129 63 33 5 5
63 65 17 0 5
63 76 41 5 5
63 77 26 5 5
63 80 17 3 5
63 86 18 0 5
63 87 33 4 5
63 93 18 0 5
63 95 17 0 5
63 99 40 6 5
27 64 37 14 5
52 64 40 1 5
54 64 39 1 5
102 64 37 4 5
103 64 38 13 5
118 64 37 13 5
129 64 40 13 5
64 86 39 1 5
15 66 59 9 5
62 66 71 19 5
101 66 62 21 5
22 67 25 2 5
24 67 26 0 5
25 67 38 7 5
59 67 44 8 5
65 67 26 0 5
104 67 33 5 5
108 67 33 2 5
113 67 28 3 5
115 67 24 3 5
116 67 42 7 5
120 67 41 5 5
67 79 30 5 5
67 91 34 7 5
67 95 26 0 5
16 68 44 7 5
48 68 38 8 5
103 68 38 14 5
105 68 43 6 5
118 68 41 12 5
129 68 40 14 5
68 77 41 10 5
63 69 46 5 5
105 69 40 6 5
116 69 51 9 5
117 69 49 9 5
125 69 38 1 5
69 78 45 8 5
69 85 59 13 5
69 99 48 13 5
32 70 37 14 5
48 70 42 4 5
52 70 38 1 5
102 70 39 2 5
70 80 34 5 5
70 89 45 8 5
64 71 85 22 5
124 71 75 30 5
16 72 45 5 5
30 72 44 4 5
52 72 39 1 5
54 72 38 1 5
72 78 45 8 5
72 86 38 1 5
72 96 40 9 5
25 73 58 11 5
50 73 54 5 5
63 73 55 8 5
104 73 53 9 5
115 73 50 4 5
15 74 37 8 5
54 74 32 1 5
58 74 34 1 5
118 74 42 7 5
121 74 38 2 5
125 74 32 1 5
74 80 37 1 5
74 88 37 20 5
74 89 40 8 5
74 96 34 9 5
10 75 24 2 5
11 75 24 1 5
12 75 17 2 5
16 75 29 3 5
22 75 20 1 5
33 75 42 6 5
47 75 45 6 5
50 75 17 6 5
108 75 24 3 5
113 75 25 1 5
115 75 21 1 5
119 75 32 5 5
126 75 34 3 5
75 80 23 1 5
75 82 28 3 5
75 91 33 4 5
76 8 39 12 5
30 76 33 7 5
48 76 34 6 5
63 76 41 5 5
102 76 31 4 5
103 76 36 11 5
111 76 39 10 5
118 76 43 7 5
121 76 35 4 5
129 76 36 12 5
76 77 31 11 5
76 80 34 3 5
76 86 33 1 5
76 87 40 9 5
76 89 33 12 5
77 8 26 11 5
12 77 21 0 5
24 77 19 0 5
30 77 18 7 5
37 77 33 5 5
48 77 19 6 5
50 77 27 1 5
52 77 21 0 5
54 77 20 0 5
55 77 28 6 5
63 77 26 5 5
65 77 19 0 5
102 77 16 4 5
103 77 25 9 5
105 77 26 3 5
107 77 21 0 5
108 77 28 1 5
111 77 26 9 5
113 77 25 1 5
118 77 32 5 5
121 77 22 3 5
125 77 20 0 5
129 77 23 11 5
77 80 19 3 5
77 84 26 13 5
77 86 18 1 5
77 87 27 8 5
77 89 30 6 5
77 93 20 0 5
77 95 19 0 5
11 78 25 2 5
12 78 22 1 5
22 78 23 1 5
28 78 47 7 5
34 78 41 6 5
56 78 27 2 5
57 78 42 7 5
69 78 45 8 5
72 78 45 8 5
105 78 27 4 5
115 78 24 1 5
78 80 26 1 5
78 99 41 8 5
12 79 16 0 5
13 79 39 6 5
14 79 32 4 5
22 79 17 0 5
24 79 14 0 5
52 79 16 0 5
54 79 15 0 5
56 79 17 3 5
58 79 17 0 5
65 79 14 0 5
67 79 30 5 5
107 79 16 0 5
108 79 21 2 5
116 79 22 11 5
117 79 34 4 5
120 79 27 6 5
125 79 15 0 5
79 82 23 3 5
79 86 15 0 5
79 93 15 0 5
79 95 14 0 5
10 80 13 1 5
11 80 11 1 5
12 80 6 1 5
22 80 7 1 5
24 80 6 0 5
30 80 17 1 5
31 80 19 1 5
48 80 16 1 5
50 80 14 1 5
52 80 8 0 5
54 80 7 0 5
55 80 23 2 5
56 80 13 1 5
58 80 9 0 5
63 80 17 3 5
65 80 6 0 5
75 80 23 1 5
77 80 19 3 5
102 80 9 1 5
107 80 8 0 5
113 80 12 1 5
115 80 8 1 5
125 80 7 0 5
80 86 7 0 5
80 93 7 0 5
80 95 6 0 5
15 81 40 8 5
58 81 37 1 5
105 81 41 4 5
11 82 22 0 5
12 82 17 0 5
13 82 40 6 5
14 82 33 4 5
22 82 18 0 5
24 82 15 0 5
52 82 17 0 5
54 82 16 0 5
56 82 18 3 5
58 82 18 0 5
60 82 28 12 5
65 82 15 0 5
75 82 28 3 5
79 82 23 3 5
80 82 21 0 5
102 82 20 0 5
107 82 17 0 5
115 82 19 0 5
116 82 33 6 5
125 82 16 0 5
82 86 16 0 5
82 93 16 0 5
82 95 15 0 5
82 96 28 3 5
4 83 42 15 5
12 83 29 1 5
17 83 30 4 5
22 83 30 1 5
34 83 44 8 5
55 83 38 6 5
115 83 29 2 5
126 83 34 8 5
128 83 43 10 5
8 84 44 9 5
26 84 40 12 5
30 84 38 4 5
48 84 37 4 5
77 84 26 13 5
80 84 31 4 5
102 84 34 2 5
103 84 43 7 5
116 84 47 8 5
121 84 34 4 5
129 84 43 8 5
84 86 32 1 5
84 89 42 7 5
22 85 45 2 5
31 85 51 5 5
69 85 59 13 5
106 85 53 12 5
111 85 57 7 5
116 85 52 12 5
117 85 48 13 5
120 85 55 8 5
10 86 10 0 5
11 86 8 0 5
12 86 3 0 5
17 86 10 0 5
22 86 4 0 5
23 86 11 0 5
24 86 1 0 5
30 86 12 1 5
48 86 11 1 5
50 86 11 0 5
52 86 3 0 5
54 86 2 0 5
56 86 10 0 5
58 86 4 0 5
65 86 1 0 5
77 86 18 1 5
80 86 7 0 5
102 86 4 1 5
103 86 23 1 5
105 86 12 1 5
107 86 3 0 5
108 86 12 0 5
113 86 9 0 5
115 86 5 0 5
118 86 22 1 5
121 86 10 0 5
125 86 2 0 5
86 87 23 1 5
86 89 22 1 5
86 93 2 0 5
86 95 1 0 5
12 87 26 0 5
15 87 34 5 5
24 87 24 0 5
30 87 23 7 5
48 87 26 5 5
52 87 22 2 5
54 87 25 0 5
58 87 25 1 5
63 87 33 4 5
65 87 24 0 5
77 87 27 8 5
80 87 28 1 5
86 87 23 1 5
102 87 21 4 5
103 87 34 7 5
105 87 31 3 5
107 87 26 0 5
111 87 35 7 5
121 87 25 4 5
125 87 23 1 5
129 87 32 9 5
87 89 33 7 5
87 93 25 0 5
87 95 24 0 5
87 96 33 5 5
15 88 40 12 5
52 88 44 1 5
58 88 41 3 5
81 88 30 25 5
102 88 45 2 5
103 88 42 13 5
118 88 43 12 5
121 88 47 3 5
125 88 43 1 5
88 89 45 11 5
88 96 41 11 5
12 89 25 0 5
22 89 26 0 5
24 89 23 0 5
30 89 26 5 5
48 89 21 7 5
52 89 25 0 5
54 89 24 0 5
58 89 24 1 5
65 89 23 0 5
76 89 33 12 5
77 89 30 6 5
80 89 27 1 5
86 89 22 1 5
87 89 33 7 5
102 89 22 3 5
103 89 29 9 5
105 89 30 3 5
107 89 25 0 5
118 89 34 6 5
121 89 26 3 5
125 89 22 1 5
129 89 31 9 5
89 93 24 0 5
89 95 23 0 5
10 91 23 4 5
11 91 23 3 5
12 91 22 1 5
22 91 21 2 5
24 91 22 0 5
47 91 44 8 5
50 91 28 2 5
56 91 29 1 5
65 91 22 0 5
67 91 34 7 5
75 91 33 4 5
80 91 26 1 5
108 91 29 2 5
112 91 46 14 5
113 91 24 3 5
115 91 24 1 5
91 95 22 0 5
17 92 61 6 5
56 92 63 5 5
82 92 65 7 5
10 93 10 0 5
11 93 8 0 5
12 93 3 0 5
17 93 10 0 5
22 93 4 0 5
23 93 11 0 5
24 93 1 0 5
30 93 14 0 5
34 93 30 1 5
48 93 13 0 5
50 93 11 0 5
52 93 3 0 5
54 93 2 0 5
56 93 10 0 5
58 93 4 0 5
65 93 1 0 5
80 93 7 0 5
86 93 2 0 5
102 93 6 0 5
105 93 14 0 5
107 93 3 0 5
108 93 12 0 5
113 93 9 0 5
115 93 5 0 5
121 93 10 0 5
125 93 2 0 5
93 95 1 0 5
21 94 43 12 5
23 94 34 7 5
30 94 39 6 5
48 94 36 7 5
55 94 45 7 5
61 94 47 11 5
77 94 39 9 5
102 94 35 4 5
103 94 34 14 5
111 94 45 9 5
121 94 41 3 5
129 94 40 12 5
11 96 26 0 5
12 96 21 0 5
15 96 21 9 5
16 96 31 2 5
22 96 22 0 5
24 96 19 0 5
30 96 26 3 5
48 96 29 1 5
52 96 21 0 5
54 96 18 1 5
58 96 20 1 5
61 96 34 8 5
65 96 19 0 5
80 96 25 0 5
82 96 28 3 5
86 96 20 0 5
87 96 33 5 5
93 96 20 0 5
95 96 19 0 5
102 96 24 0 5
107 96 21 0 5
113 96 27 0 5
115 96 23 0 5
121 96 24 2 5
125 96 18 1 5
50 97 62 7 5
9 99 34 22 5
12 99 37 0 5
16 99 39 6 5
24 99 35 0 5
35 99 39 14 5
52 99 37 0 5
54 99 36 0 5
58 99 36 1 5
63 99 40 6 5
65 99 35 0 5
78 99 41 8 5
86 99 36 0 5
93 99 36 0 5
95 99 35 0 5
107 99 37 0 5
125 99 34 1 5
100 21 51 16 5
100 94 64 14 5
100 120 43 18 5
101 25 45 14 5
101 48 45 7 5
101 66 62 21 5
101 77 52 7 5
102 11 12 0 5
102 12 7 0 5
102 17 14 0 5
102 22 8 0 5
102 23 15 0 5
102 24 5 0 5
102 30 14 2 5
102 48 11 3 5
102 50 15 0 5
102 52 5 1 5
102 54 6 0 5
102 55 22 2 5
102 56 14 0 5
102 58 8 0 5
102 63 18 2 5
102 65 5 0 5
102 77 16 4 5
102 80 9 1 5
102 86 4 1 5
102 93 6 0 5
102 95 5 0 5
10 102 14 0 5
102 105 14 2 5
102 107 7 0 5
102 108 16 0 5
102 113 13 0 5
102 115 9 0 5
102 121 14 0 5
102 125 6 0 5
103 12 26 0 5
103 16 32 4 5
103 22 27 0 5
103 24 24 0 5
103 30 25 6 5
103 48 18 9 5
103 52 26 0 5
103 54 23 1 5
103 58 27 0 5
103 65 24 0 5
103 77 25 9 5
103 80 28 1 5
103 86 23 1 5
103 93 25 0 5
103 95 24 0 5
102 103 21 4 5
103 105 31 3 5
103 107 26 0 5
103 115 28 0 5
103 118 19 14 5
103 121 27 3 5
103 125 25 0 5
103 129 12 19 5
104 11 24 0 5
104 12 19 0 5
104 22 20 0 5
104 24 17 0 5
104 25 35 4 5
104 46 39 14 5
104 52 19 0 5
104 54 18 0 5
104 58 20 0 5
104 65 17 0 5
104 67 33 5 5
104 80 23 0 5
104 86 18 0 5
104 93 18 0 5
104 95 17 0 5
10 104 24 1 5
102 104 22 0 5
104 107 19 0 5
104 113 15 5 5
104 115 15 3 5
104 125 18 0 5
105 12 15 0 5
105 22 16 0 5
105 24 13 0 5
105 27 28 5 5
105 30 22 2 5
105 48 19 3 5
105 52 15 0 5
105 54 14 0 5
105 57 33 7 5
105 58 16 0 5
105 65 13 0 5
105 69 40 6 5
105 77 26 3 5
105 78 27 4 5
105 86 12 1 5
105 89 30 3 5
105 93 14 0 5
105 95 13 0 5
102 105 14 2 5
105 107 15 0 5
105 118 30 3 5
105 119 30 3 5
105 125 14 0 5
105 129 31 4 5
106 22 32 1 5
106 24 31 0 5
106 31 40 3 5
106 65 31 0 5
106 67 45 6 5
106 91 43 5 5
106 95 31 0 5
106 113 29 5 5
106 117 37 11 5
106 120 40 8 5
107 11 9 0 5
107 12 4 0 5
107 17 11 0 5
107 21 29 1 5
107 22 5 0 5
107 23 10 1 5
107 24 2 0 5
107 27 25 1 5
107 48 14 0 5
107 50 12 0 5
107 52 4 0 5
107 54 3 0 5
107 56 11 0 5
107 58 5 0 5
107 65 2 0 5
107 80 8 0 5
107 86 3 0 5
107 93 3 0 5
107 95 2 0 5
10 107 11 0 5
102 107 7 0 5
107 108 13 0 5
107 113 10 0 5
107 115 6 0 5
107 120 25 1 5
107 121 11 0 5
107 125 3 0 5
108 5 30 3 5
108 11 12 3 5
108 12 11 1 5
108 22 14 0 5
108 24 11 0 5
108 50 9 6 5
108 52 13 0 5
108 54 12 0 5
108 58 14 0 5
108 65 11 0 5
108 75 24 3 5
108 79 21 2 5
108 80 17 0 5
108 86 12 0 5
108 91 29 2 5
108 93 12 0 5
108 95 11 0 5
102 108 16 0 5
107 108 13 0 5
108 113 19 0 5
108 115 15 0 5
108 119 30 2 5
108 125 12 0 5
109 4 79 26 5
109 83 79 19 5
109 128 80 21 5
110 50 66 7 5
110 79 68 8 5
110 91 66 13 5
110 113 64 7 5
111 8 36 9 5
111 12 25 1 5
111 22 22 3 5
111 23 31 2 5
111 26 32 12 5
111 30 22 8 5
111 48 25 6 5
111 55 30 8 5
111 76 39 10 5
111 77 26 9 5
111 80 27 2 5
111 86 24 1 5
111 87 35 7 5
111 89 36 6 5
102 111 22 4 5
103 111 31 9 5
111 115 27 1 5
111 121 28 3 5
111 129 33 9 5
112 13 61 14 5
112 56 51 5 5
112 67 52 13 5
112 82 53 7 5
112 91 46 14 5
113 12 8 1 5
113 17 17 0 5
113 22 9 1 5
113 24 8 0 5
113 50 16 1 5
113 52 10 0 5
113 54 9 0 5
113 55 25 2 5
113 56 15 1 5
113 58 11 0 5
113 65 8 0 5
113 67 28 3 5
113 80 12 1 5
113 86 9 0 5
113 91 24 3 5
113 93 9 0 5
113 95 8 0 5
10 113 15 1 5
11 113 13 1 5
102 113 13 0 5
104 113 15 5 5
106 113 29 5 5
107 113 10 0 5
113 115 10 1 5
113 121 17 0 5
113 125 9 0 5
115 12 4 1 5
115 17 13 0 5
115 22 5 1 5
115 23 14 0 5
115 24 4 0 5
115 25 22 4 5
115 30 17 0 5
115 48 16 0 5
115 50 12 1 5
115 52 6 0 5
115 54 5 0 5
115 56 11 1 5
115 58 7 0 5
115 65 4 0 5
115 67 24 3 5
115 80 8 1 5
115 86 5 0 5
115 93 5 0 5
115 95 4 0 5
10 115 11 1 5
11 115 9 1 5
102 115 9 0 5
104 115 15 3 5
105 115 17 0 5
107 115 6 0 5
108 115 15 0 5
113 115 10 1 5
115 121 13 0 5
115 125 5 0 5
116 12 32 0 5
116 14 42 7 5
116 22 31 1 5
116 24 30 0 5
116 26 43 9 5
116 52 32 0 5
116 54 31 0 5
116 56 31 4 5
116 58 33 0 5
116 65 30 0 5
116 67 42 7 5
116 79 22 11 5
116 82 33 6 5
116 86 31 0 5
116 91 42 5 5
116 93 31 0 5
116 95 30 0 5
107 116 32 0 5
108 116 37 2 5
116 117 32 13 5
116 120 37 9 5
116 125 31 0 5
117 12 30 0 5
117 22 29 1 5
117 24 28 0 5
117 26 39 10 5
117 52 30 0 5
117 54 29 0 5
117 56 33 2 5
117 58 31 0 5
117 65 28 0 5
117 69 49 9 5
117 79 34 4 5
117 85 48 13 5
117 86 29 0 5
117 93 29 0 5
117 95 28 0 5
102 117 33 0 5
106 117 37 11 5
107 117 30 0 5
108 117 35 2 5
115 117 32 0 5
116 117 32 13 5
117 120 33 10 5
117 125 29 0 5
118 8 30 11 5
118 12 25 0 5
118 22 26 0 5
118 24 23 0 5
118 27 24 12 5
118 30 28 4 5
118 31 28 5 5
118 48 23 6 5
118 52 23 1 5
118 54 24 0 5
118 58 26 0 5
118 65 23 0 5
118 80 27 1 5
118 86 22 1 5
118 93 24 0 5
118 95 23 0 5
102 118 24 2 5
103 118 19 14 5
105 118 30 3 5
107 118 25 0 5
115 118 27 0 5
118 119 32 7 5
118 121 28 2 5
118 125 24 0 5
118 129 21 14 5
119 12 25 0 5
119 22 26 0 5
119 24 23 0 5
119 27 34 7 5
119 32 28 11 5
119 48 29 3 5
119 50 25 4 5
119 52 25 0 5
119 54 24 0 5
119 58 26 0 5
119 59 35 11 5
119 65 23 0 5
119 75 32 5 5
119 80 27 1 5
119 86 24 0 5
119 93 24 0 5
119 95 23 0 5
103 119 35 6 5
105 119 30 3 5
107 119 25 0 5
108 119 30 2 5
118 119 32 7 5
119 125 24 0 5
119 129 33 8 5
120 21 40 7 5
120 22 26 1 5
120 26 40 8 5
120 79 27 6 5
100 120 43 18 5
106 120 40 8 5
107 120 25 1 5
108 120 32 2 5
116 120 37 9 5
117 120 33 10 5
121 22 12 0 5
121 24 9 0 5
121 30 16 3 5
121 48 17 2 5
121 52 11 0 5
121 54 10 0 5
121 55 24 3 5
121 56 16 1 5
121 58 12 0 5
121 61 30 5 5
121 65 9 0 5
121 77 22 3 5
121 80 15 0 5
121 84 34 4 5
121 86 10 0 5
121 87 25 4 5
121 89 26 3 5
121 93 10 0 5
121 95 9 0 5
121 96 24 2 5
11 121 16 0 5
12 121 11 0 5
102 121 14 0 5
103 121 27 3 5
107 121 11 0 5
111 121 28 3 5
115 121 13 0 5
121 125 10 0 5
121 129 29 3 5
122 85 88 26 5
116 122 82 21 5
124 4 55 17 5
124 17 43 6 5
124 55 51 8 5
124 93 45 1 5
124 126 39 14 5
125 15 19 1 5
125 17 10 0 5
125 22 4 0 5
125 23 11 0 5
125 24 1 0 5
125 48 13 0 5
125 50 11 0 5
125 52 3 0 5
125 54 2 0 5
125 56 10 0 5
125 58 4 0 5
125 65 1 0 5
125 80 7 0 5
125 86 2 0 5
125 87 23 1 5
125 89 22 1 5
125 93 2 0 5
125 95 1 0 5
125 96 18 1 5
10 125 10 0 5
11 125 8 0 5
12 125 3 0 5
102 125 6 0 5
107 125 3 0 5
108 125 12 0 5
113 125 9 0 5
115 125 5 0 5
121 125 10 0 5
126 4 38 13 5
126 17 20 5 5
126 20 39 8 5
126 22 24 0 5
126 24 21 0 5
126 52 23 0 5
126 54 22 0 5
126 55 28 7 5
126 58 24 0 5
126 65 21 0 5
126 83 34 8 5
126 86 22 0 5
126 93 22 0 5
126 95 21 0 5
12 126 23 0 5
102 126 26 0 5
107 126 23 0 5
115 126 25 0 5
124 126 39 14 5
125 126 22 0 5
127 20 73 21 5
127 68 75 24 5
128 17 29 7 5
128 23 34 5 5
128 83 43 10 5
129 24 26 0 5
129 27 27 12 5
129 30 25 7 5
129 48 20 9 5
129 52 26 1 5
129 54 25 1 5
129 63 33 5 5
129 65 26 0 5
129 77 23 11 5
129 80 26 3 5
129 86 25 1 5
129 93 27 0 5
129 95 26 0 5
12 129 28 0 5
102 129 21 5 5
103 129 12 19 5
107 129 28 0 5
118 129 21 14 5
119 129 33 8 5
121 129 29 3 5
125 129 27 0 5
130 73 82 27 5
113 130 74 8 5
120 130 69 19 5
