Res1 Res2 NSingle NDouble Method
11 5 19 2 5
10 11 10 1 5
10 12 6 1 5
11 12 6 1 5
11 13 26 3 5
13 14 32 7 5
17 20 19 5 5
10 22 6 1 5
11 22 6 1 5
12 22 2 1 5
15 22 14 1 5
23 29 22 6 5
30 8 20 5 5
23 30 12 2 5
32 37 24 7 5
10 47 23 3 5
33 47 31 8 5
30 48 13 3 5
10 50 10 1 5
11 50 10 1 5
12 50 4 2 5
22 50 6 1 5
12 52 4 0 5
22 52 4 0 5
12 54 3 0 5
22 54 3 0 5
52 54 3 0 5
12 55 14 1 5
17 55 10 5 5
22 55 14 1 5
10 56 12 1 5
11 56 10 2 5
12 56 8 1 5
14 56 20 4 5
22 56 8 1 5
50 56 12 1 5
12 58 4 0 5
15 58 12 2 5
22 58 4 0 5
52 58 4 0 5
54 58 3 0 5
14 60 29 7 5
47 60 30 8 5
16 63 16 4 5
35 63 24 5 5
10 75 16 2 5
22 75 14 1 5
50 75 10 5 5
77 8 21 6 5
30 77 13 5 5
48 77 14 4 5
55 77 19 4 5
63 77 18 4 5
11 78 17 2 5
56 79 14 2 5
67 79 20 5 5
10 80 9 1 5
11 80 9 1 5
12 80 5 1 5
22 80 5 1 5
30 80 13 1 5
31 80 13 1 5
48 80 12 1 5
50 80 9 1 5
54 80 6 0 5
55 80 15 2 5
56 80 11 1 5
63 80 14 2 5
77 80 14 2 5
14 82 21 4 5
56 82 13 2 5
60 82 18 7 5
79 82 15 2 5
4 83 18 16 5
77 84 18 10 5
10 86 7 0 5
11 86 7 0 5
12 86 3 0 5
17 86 7 0 5
22 86 3 0 5
23 86 7 0 5
30 86 9 1 5
48 86 8 1 5
50 86 7 0 5
52 86 3 0 5
54 86 2 0 5
58 86 3 0 5
63 86 12 1 5
77 86 12 1 5
80 86 6 0 5
30 87 16 6 5
52 87 16 2 5
58 87 16 2 5
63 87 19 6 5
77 87 21 5 5
81 88 14 22 5
30 89 18 4 5
48 89 13 6 5
63 89 19 5 5
77 89 19 5 5
10 91 19 3 5
11 91 19 3 5
67 91 23 8 5
12 93 3 0 5
22 93 3 0 5
52 93 3 0 5
54 93 2 0 5
58 93 3 0 5
86 93 2 0 5
21 94 21 14 5
23 94 22 4 5
15 96 13 7 5
16 96 18 3 5
54 96 12 1 5
58 96 13 1 5
61 96 19 8 5
74 96 17 11 5
88 96 21 11 5
9 99 20 16 5
35 99 21 12 5
101 25 29 11 5
102 12 7 0 5
102 22 7 0 5
102 30 9 3 5
102 48 6 4 5
102 52 5 1 5
102 54 6 0 5
102 55 13 3 5
102 63 12 3 5
102 77 10 4 5
102 80 8 1 5
102 86 4 1 5
103 30 16 5 5
103 48 11 7 5
103 54 15 1 5
104 67 21 5 5
104 91 22 4 5
10 104 13 2 5
105 8 20 5 5
105 27 18 5 5
105 37 18 5 5
105 48 11 4 5
105 57 20 6 5
105 77 17 3 5
105 86 9 1 5
105 89 18 4 5
102 105 11 2 5
103 105 16 5 5
106 67 25 8 5
106 91 24 8 5
107 12 4 0 5
107 22 4 0 5
107 23 6 1 5
107 27 18 1 5
107 52 4 0 5
107 54 3 0 5
107 58 4 0 5
107 86 3 0 5
107 93 3 0 5
107 94 22 2 5
108 11 10 2 5
108 12 8 1 5
108 50 6 4 5
108 75 16 3 5
108 79 14 2 5
111 22 14 2 5
111 26 20 9 5
111 30 14 6 5
111 55 18 6 5
111 77 19 5 5
113 12 5 1 5
113 22 5 1 5
113 50 9 1 5
113 54 6 0 5
113 55 15 2 5
113 56 11 1 5
113 67 17 4 5
113 80 8 1 5
113 86 6 0 5
113 91 16 4 5
10 113 9 1 5
11 113 9 1 5
104 113 10 3 5
106 113 20 3 5
115 12 3 1 5
115 22 3 1 5
115 25 16 3 5
115 50 7 1 5
115 52 5 0 5
115 54 4 0 5
115 56 9 1 5
115 58 5 0 5
115 80 6 1 5
115 86 4 0 5
115 93 4 0 5
10 115 7 1 5
11 115 7 1 5
102 115 8 0 5
104 115 10 2 5
107 115 5 0 5
113 115 6 1 5
116 67 28 7 5
116 79 14 9 5
116 82 23 4 5
117 26 25 8 5
117 79 21 4 5
106 117 24 8 5
116 117 19 11 5
118 27 12 11 5
118 48 11 7 5
103 118 6 13 5
119 12 15 1 5
119 50 15 3 5
119 79 19 3 5
119 82 18 3 5
120 79 16 6 5
107 120 18 1 5
116 120 22 9 5
117 120 19 9 5
121 30 13 3 5
121 48 14 2 5
121 55 17 3 5
121 56 13 2 5
121 77 16 3 5
121 87 15 6 5
121 89 17 4 5
102 121 10 2 5
125 15 13 1 5
125 17 7 0 5
125 22 3 0 5
125 23 7 0 5
125 50 7 0 5
125 52 3 0 5
125 54 2 0 5
125 58 1 1 5
125 80 6 0 5
125 86 2 0 5
125 87 17 1 5
125 89 15 1 5
125 93 2 0 5
125 96 12 1 5
10 125 7 0 5
11 125 7 0 5
12 125 3 0 5
102 125 6 0 5
107 125 3 0 5
113 125 6 0 5
115 125 4 0 5
126 4 20 11 5
126 17 14 4 5
126 55 20 5 5
126 83 22 9 5
124 126 24 12 5
128 17 19 5 5
128 23 21 4 5
129 27 13 11 5
129 30 17 5 5
129 48 10 8 5
129 54 16 1 5
102 129 12 5 5
103 129 5 14 5
105 129 17 5 5
118 129 7 13 5
