Res1 Res2 NSingle NDouble Method
1 4 35 15 5
1 83 37 13 5
1 99 35 14 5
126 4 20 11 5
4 83 18 16 5
10 5 19 2 5
11 5 19 2 5
35 5 26 6 5
105 5 21 3 5
108 5 21 2 5
5 99 31 5 5
7 74 18 21 5
7 81 22 20 5
7 88 20 22 5
27 8 24 7 5
30 8 20 5 5
37 8 22 8 5
48 8 17 6 5
77 8 21 6 5
102 8 15 5 5
103 8 16 10 5
105 8 20 5 5
118 8 18 9 5
129 8 17 10 5
8 87 24 7 5
16 9 27 6 5
35 9 25 12 5
58 9 26 2 5
9 99 20 16 5
10 11 10 1 5
10 12 6 1 5
10 22 6 1 5
10 24 6 0 5
10 47 23 3 5
10 50 10 1 5
10 52 8 0 5
10 54 7 0 5
10 56 12 1 5
10 58 8 0 5
10 65 6 0 5
10 75 16 2 5
10 80 9 1 5
10 86 7 0 5
10 91 19 3 5
10 93 7 0 5
10 95 6 0 5
10 104 13 2 5
10 107 8 0 5
10 113 9 1 5
10 115 7 1 5
10 125 7 0 5
11 5 19 2 5
10 11 10 1 5
108 11 10 2 5
11 12 6 1 5
11 13 26 3 5
11 22 6 1 5
11 24 6 0 5
11 50 10 1 5
11 54 7 0 5
11 56 10 2 5
11 65 6 0 5
11 78 17 2 5
11 80 9 1 5
11 86 7 0 5
11 91 19 3 5
11 93 7 0 5
11 95 6 0 5
11 113 9 1 5
11 115 7 1 5
11 125 7 0 5
10 12 6 1 5
11 12 6 1 5
102 12 7 0 5
107 12 4 0 5
108 12 8 1 5
113 12 5 1 5
115 12 3 1 5
119 12 15 1 5
12 22 2 1 5
12 24 2 0 5
12 50 4 2 5
12 52 4 0 5
12 54 3 0 5
12 55 14 1 5
12 56 8 1 5
12 58 4 0 5
12 65 2 0 5
12 78 15 1 5
12 80 5 1 5
12 86 3 0 5
12 93 3 0 5
12 95 2 0 5
12 125 3 0 5
10 13 24 4 5
11 13 26 3 5
13 14 32 7 5
13 78 31 5 5
13 82 27 4 5
10 14 22 2 5
13 14 32 7 5
125 14 19 1 5
14 17 22 2 5
14 56 20 4 5
14 58 18 2 5
14 60 29 7 5
14 82 21 4 5
125 15 13 1 5
15 22 14 1 5
15 24 14 0 5
15 54 15 0 5
15 58 12 2 5
15 65 14 0 5
15 74 22 9 5
15 86 15 0 5
15 93 15 0 5
15 95 14 0 5
15 96 13 7 5
16 17 15 1 5
16 24 11 0 5
16 48 16 2 5
16 63 16 4 5
16 65 11 0 5
16 95 11 0 5
16 96 18 3 5
12 17 8 0 5
107 17 8 0 5
125 17 7 0 5
126 17 14 4 5
128 17 19 5 5
17 20 19 5 5
17 22 8 0 5
17 24 6 0 5
17 52 8 0 5
17 54 7 0 5
17 55 10 5 5
17 58 8 0 5
17 65 6 0 5
17 86 7 0 5
17 93 7 0 5
17 95 6 0 5
17 20 19 5 5
102 20 18 5 5
103 20 21 9 5
118 20 19 10 5
129 20 18 11 5
20 30 23 5 5
20 32 21 11 5
20 37 21 10 5
20 48 18 7 5
20 52 21 2 5
20 55 19 9 5
20 89 19 10 5
20 21 24 12 5
102 21 22 4 5
129 21 26 8 5
21 30 23 6 5
21 48 20 7 5
21 94 21 14 5
10 22 6 1 5
11 22 6 1 5
12 22 2 1 5
15 22 14 1 5
102 22 7 0 5
107 22 4 0 5
111 22 14 2 5
113 22 5 1 5
115 22 3 1 5
125 22 3 0 5
22 24 2 0 5
22 50 6 1 5
22 52 4 0 5
22 54 3 0 5
22 55 14 1 5
22 56 8 1 5
22 58 4 0 5
22 65 2 0 5
22 75 14 1 5
22 80 5 1 5
22 86 3 0 5
22 93 3 0 5
22 95 2 0 5
12 23 8 0 5
22 23 8 0 5
107 23 6 1 5
125 23 7 0 5
128 23 21 4 5
23 24 6 0 5
23 29 22 6 5
23 30 12 2 5
23 52 8 0 5
23 54 7 0 5
23 58 8 0 5
23 65 6 0 5
23 86 7 0 5
23 93 7 0 5
23 94 22 4 5
23 95 6 0 5
101 25 29 11 5
115 25 16 3 5
25 66 37 9 5
25 83 29 7 5
26 8 28 7 5
102 26 21 3 5
103 26 26 6 5
111 26 20 9 5
117 26 25 8 5
129 26 27 6 5
26 37 26 7 5
26 48 23 4 5
26 77 25 5 5
12 27 18 1 5
22 27 18 1 5
102 27 17 3 5
103 27 14 10 5
105 27 18 5 5
107 27 18 1 5
115 27 19 1 5
118 27 12 11 5
129 27 13 11 5
27 48 17 5 5
27 52 18 1 5
27 86 17 1 5
23 29 22 6 5
30 8 20 5 5
23 30 12 2 5
24 30 10 0 5
102 30 9 3 5
103 30 16 5 5
111 30 14 6 5
121 30 13 3 5
129 30 17 5 5
30 48 13 3 5
30 65 10 0 5
30 77 13 5 5
30 80 13 1 5
30 86 9 1 5
30 87 16 6 5
30 89 18 4 5
30 95 10 0 5
103 31 20 3 5
118 31 20 3 5
31 80 13 1 5
102 32 19 3 5
118 32 20 8 5
129 32 21 8 5
32 37 24 7 5
32 52 18 2 5
32 80 21 2 5
32 89 16 10 5
119 33 27 6 5
33 47 31 8 5
33 60 31 8 5
33 61 30 8 5
34 53 31 11 5
15 35 23 6 5
125 35 20 1 5
35 58 21 1 5
35 63 24 5 5
35 96 22 6 5
35 99 21 12 5
32 37 24 7 5
102 37 17 3 5
103 37 20 7 5
105 37 18 5 5
118 37 20 7 5
129 37 19 8 5
37 48 15 6 5
37 86 17 1 5
37 89 20 7 5
39 48 38 7 5
39 77 34 11 5
126 40 38 11 5
40 83 40 14 5
41 64 26 21 5
43 5 37 7 5
120 43 34 9 5
43 56 32 5 5
44 88 26 19 5
104 46 27 10 5
119 46 35 8 5
46 56 34 5 5
46 82 35 5 5
10 47 23 3 5
33 47 31 8 5
104 47 24 5 5
108 47 25 3 5
113 47 22 3 5
119 47 28 5 5
47 50 21 4 5
47 60 30 8 5
47 80 24 2 5
47 91 28 7 5
12 48 11 0 5
22 48 11 0 5
24 48 9 0 5
30 48 13 3 5
102 48 6 4 5
103 48 11 7 5
105 48 11 4 5
107 48 11 0 5
118 48 11 7 5
121 48 14 2 5
125 48 10 0 5
129 48 10 8 5
48 52 11 0 5
48 54 10 0 5
48 58 11 0 5
48 65 9 0 5
48 77 14 4 5
48 80 12 1 5
48 86 8 1 5
48 89 13 6 5
48 93 10 0 5
48 95 9 0 5
10 50 10 1 5
11 50 10 1 5
12 50 4 2 5
22 50 6 1 5
24 50 6 0 5
107 50 8 0 5
108 50 6 4 5
113 50 9 1 5
115 50 7 1 5
119 50 15 3 5
125 50 7 0 5
50 52 8 0 5
50 54 7 0 5
50 56 12 1 5
50 58 8 0 5
50 65 6 0 5
50 75 10 5 5
50 80 9 1 5
50 86 7 0 5
50 93 7 0 5
50 95 6 0 5
103 51 22 15 5
118 51 24 14 5
129 51 23 15 5
12 52 4 0 5
22 52 4 0 5
24 52 2 0 5
102 52 5 1 5
107 52 4 0 5
115 52 5 0 5
125 52 3 0 5
52 54 3 0 5
52 58 4 0 5
52 65 2 0 5
52 86 3 0 5
52 87 16 2 5
52 93 3 0 5
52 95 2 0 5
15 53 31 8 5
16 53 30 7 5
53 74 25 17 5
12 54 3 0 5
22 54 3 0 5
24 54 1 0 5
52 54 3 0 5
102 54 6 0 5
103 54 15 1 5
107 54 3 0 5
113 54 6 0 5
115 54 4 0 5
125 54 2 0 5
129 54 16 1 5
54 58 3 0 5
54 65 1 0 5
54 80 6 0 5
54 86 2 0 5
54 93 2 0 5
54 95 1 0 5
54 96 12 1 5
12 55 14 1 5
17 55 10 5 5
21 55 25 7 5
22 55 14 1 5
30 55 18 3 5
37 55 22 5 5
48 55 17 3 5
102 55 13 3 5
111 55 18 6 5
113 55 15 2 5
121 55 17 3 5
126 55 20 5 5
55 77 19 4 5
55 80 15 2 5
10 56 12 1 5
11 56 10 2 5
12 56 8 1 5
14 56 20 4 5
22 56 8 1 5
24 56 8 0 5
50 56 12 1 5
54 56 9 0 5
113 56 11 1 5
115 56 9 1 5
121 56 13 2 5
125 56 9 0 5
56 65 8 0 5
56 79 14 2 5
56 80 11 1 5
56 82 13 2 5
56 86 9 0 5
56 93 9 0 5
56 95 8 0 5
27 57 24 8 5
48 57 17 7 5
103 57 18 10 5
105 57 20 6 5
118 57 18 10 5
129 57 19 10 5
12 58 4 0 5
15 58 12 2 5
22 58 4 0 5
24 58 2 0 5
52 58 4 0 5
54 58 3 0 5
107 58 4 0 5
115 58 5 0 5
125 58 1 1 5
58 65 2 0 5
58 86 3 0 5
58 87 16 2 5
58 93 3 0 5
58 95 2 0 5
58 96 13 1 5
27 59 24 9 5
103 59 20 10 5
118 59 22 9 5
119 59 23 8 5
129 59 23 9 5
14 60 29 7 5
15 60 27 5 5
35 60 28 8 5
47 60 30 8 5
58 60 21 2 5
104 60 24 5 5
113 60 22 3 5
119 60 28 5 5
60 82 18 7 5
60 96 24 6 5
30 61 20 6 5
54 61 21 1 5
102 61 21 3 5
118 61 24 7 5
121 61 19 6 5
61 86 21 1 5
61 96 19 8 5
23 62 33 6 5
63 8 23 5 5
16 63 16 4 5
30 63 17 3 5
35 63 24 5 5
48 63 16 3 5
102 63 12 3 5
103 63 21 4 5
63 77 18 4 5
63 80 14 2 5
63 86 12 1 5
63 87 19 6 5
63 89 19 5 5
27 64 21 12 5
48 64 20 8 5
102 64 22 5 5
103 64 19 12 5
118 64 19 12 5
129 64 18 13 5
15 66 36 7 5
22 67 20 1 5
104 67 21 5 5
106 67 25 8 5
113 67 17 4 5
115 67 19 2 5
116 67 28 7 5
67 79 20 5 5
67 91 23 8 5
48 68 20 8 5
102 68 24 4 5
103 68 21 11 5
105 68 25 6 5
118 68 21 11 5
129 68 20 12 5
68 77 24 8 5
35 69 32 8 5
58 69 25 2 5
63 69 30 5 5
117 69 32 7 5
69 99 31 10 5
32 70 23 14 5
118 70 25 11 5
70 80 28 4 5
70 89 23 12 5
72 96 25 8 5
52 74 26 1 5
54 74 25 1 5
58 74 26 1 5
125 74 25 1 5
74 88 14 21 5
74 96 17 11 5
10 75 16 2 5
12 75 12 2 5
22 75 14 1 5
50 75 10 5 5
108 75 16 3 5
115 75 15 1 5
119 75 21 4 5
75 97 44 9 5
30 76 25 5 5
32 76 25 10 5
52 76 23 2 5
102 76 20 5 5
103 76 25 8 5
118 76 27 7 5
129 76 26 8 5
76 77 26 6 5
76 87 29 7 5
76 89 21 10 5
77 8 21 6 5
30 77 13 5 5
48 77 14 4 5
55 77 19 4 5
63 77 18 4 5
102 77 10 4 5
103 77 17 6 5
105 77 17 3 5
111 77 19 5 5
113 77 16 1 5
121 77 16 3 5
129 77 18 6 5
77 80 14 2 5
77 84 18 10 5
77 86 12 1 5
77 87 21 5 5
77 89 19 5 5
11 78 17 2 5
72 78 29 7 5
105 78 19 3 5
56 79 14 2 5
67 79 20 5 5
108 79 14 2 5
116 79 14 9 5
117 79 21 4 5
119 79 19 3 5
120 79 16 6 5
79 82 15 2 5
10 80 9 1 5
11 80 9 1 5
12 80 5 1 5
22 80 5 1 5
24 80 5 0 5
30 80 13 1 5
31 80 13 1 5
48 80 12 1 5
50 80 9 1 5
52 80 7 0 5
54 80 6 0 5
55 80 15 2 5
56 80 11 1 5
58 80 7 0 5
63 80 14 2 5
65 80 5 0 5
77 80 14 2 5
102 80 8 1 5
107 80 7 0 5
113 80 8 1 5
115 80 6 1 5
125 80 6 0 5
80 86 6 0 5
80 93 6 0 5
80 95 5 0 5
81 88 14 22 5
14 82 21 4 5
24 82 9 0 5
54 82 10 0 5
56 82 13 2 5
60 82 18 7 5
65 82 9 0 5
79 82 15 2 5
116 82 23 4 5
119 82 18 3 5
125 82 10 0 5
82 86 10 0 5
82 93 10 0 5
82 95 9 0 5
82 96 18 2 5
4 83 18 16 5
115 83 23 2 5
126 83 22 9 5
48 84 24 5 5
77 84 18 10 5
103 84 27 7 5
105 84 25 5 5
121 84 22 6 5
129 84 28 7 5
84 89 27 7 5
116 85 32 12 5
117 85 31 11 5
10 86 7 0 5
11 86 7 0 5
12 86 3 0 5
17 86 7 0 5
22 86 3 0 5
23 86 7 0 5
24 86 1 0 5
30 86 9 1 5
48 86 8 1 5
50 86 7 0 5
52 86 3 0 5
54 86 2 0 5
58 86 3 0 5
63 86 12 1 5
65 86 1 0 5
77 86 12 1 5
80 86 6 0 5
102 86 4 1 5
105 86 9 1 5
107 86 3 0 5
113 86 6 0 5
115 86 4 0 5
125 86 2 0 5
86 93 2 0 5
86 95 1 0 5
15 87 22 5 5
30 87 16 6 5
52 87 16 2 5
58 87 16 2 5
63 87 19 6 5
77 87 21 5 5
86 87 17 1 5
102 87 15 4 5
121 87 15 6 5
125 87 17 1 5
87 89 20 7 5
52 88 28 2 5
58 88 28 2 5
81 88 14 22 5
103 88 24 11 5
118 88 24 11 5
88 89 24 11 5
88 96 21 11 5
30 89 18 4 5
48 89 13 6 5
52 89 16 1 5
58 89 16 1 5
63 89 19 5 5
77 89 19 5 5
80 89 17 2 5
86 89 15 1 5
102 89 13 4 5
105 89 18 4 5
121 89 17 4 5
125 89 15 1 5
10 91 19 3 5
11 91 19 3 5
12 91 19 1 5
22 91 17 2 5
50 91 21 2 5
67 91 23 8 5
104 91 22 4 5
106 91 24 8 5
113 91 16 4 5
115 91 20 1 5
23 92 40 5 5
12 93 3 0 5
22 93 3 0 5
24 93 1 0 5
34 93 19 1 5
52 93 3 0 5
54 93 2 0 5
58 93 3 0 5
65 93 1 0 5
76 93 24 1 5
86 93 2 0 5
107 93 3 0 5
115 93 4 0 5
125 93 2 0 5
93 94 23 1 5
93 95 1 0 5
21 94 21 14 5
23 94 22 4 5
48 94 23 5 5
102 94 21 4 5
103 94 24 8 5
107 94 22 2 5
12 96 15 0 5
15 96 13 7 5
16 96 18 3 5
22 96 15 0 5
24 96 13 0 5
30 96 17 3 5
52 96 15 0 5
54 96 12 1 5
58 96 13 1 5
61 96 19 8 5
65 96 13 0 5
74 96 17 11 5
86 96 14 0 5
88 96 21 11 5
93 96 14 0 5
95 96 13 0 5
107 96 15 0 5
125 96 12 1 5
9 99 20 16 5
16 99 25 5 5
35 99 21 12 5
58 99 22 2 5
100 21 31 19 5
100 48 39 7 5
100 120 32 15 5
101 21 35 11 5
101 25 29 11 5
101 94 34 11 5
102 12 7 0 5
102 22 7 0 5
102 24 5 0 5
102 30 9 3 5
102 48 6 4 5
102 52 5 1 5
102 54 6 0 5
102 55 13 3 5
102 58 7 0 5
102 63 12 3 5
102 65 5 0 5
102 77 10 4 5
102 80 8 1 5
102 86 4 1 5
102 93 6 0 5
102 95 5 0 5
102 105 11 2 5
102 107 7 0 5
102 115 8 0 5
102 121 10 2 5
102 125 6 0 5
102 129 12 5 5
103 30 16 5 5
103 48 11 7 5
103 54 15 1 5
103 80 17 2 5
103 86 15 1 5
102 103 13 4 5
103 105 16 5 5
103 118 6 13 5
103 129 5 14 5
104 24 11 0 5
104 54 12 0 5
104 65 11 0 5
104 67 21 5 5
104 86 12 0 5
104 91 22 4 5
104 93 12 0 5
104 95 11 0 5
10 104 13 2 5
104 113 10 3 5
104 115 10 2 5
104 125 12 0 5
105 8 20 5 5
105 27 18 5 5
105 30 16 2 5
105 37 18 5 5
105 48 11 4 5
105 57 20 6 5
105 77 17 3 5
105 86 9 1 5
105 89 18 4 5
102 105 11 2 5
103 105 16 5 5
105 118 18 4 5
105 129 17 5 5
106 22 21 1 5
106 67 25 8 5
106 91 24 8 5
106 113 20 3 5
106 117 24 8 5
106 120 27 6 5
107 12 4 0 5
107 22 4 0 5
107 23 6 1 5
107 24 2 0 5
107 27 18 1 5
107 52 4 0 5
107 54 3 0 5
107 58 4 0 5
107 65 2 0 5
107 86 3 0 5
107 93 3 0 5
107 94 22 2 5
107 95 2 0 5
107 115 5 0 5
107 120 18 1 5
107 125 3 0 5
108 11 10 2 5
108 12 8 1 5
108 22 10 0 5
108 24 8 0 5
108 50 6 4 5
108 52 10 0 5
108 54 9 0 5
108 58 10 0 5
108 65 8 0 5
108 75 16 3 5
108 79 14 2 5
108 86 9 0 5
108 93 9 0 5
108 95 8 0 5
107 108 10 0 5
108 119 19 2 5
108 125 9 0 5
109 4 40 23 5
109 83 46 19 5
109 128 41 21 5
110 67 37 14 5
110 79 41 7 5
106 110 38 14 5
110 116 39 14 5
111 21 27 7 5
111 22 14 2 5
111 26 20 9 5
111 30 14 6 5
111 48 17 4 5
111 55 18 6 5
111 64 27 8 5
111 77 19 5 5
111 80 17 2 5
111 86 15 1 5
102 111 13 4 5
112 47 38 14 5
112 91 34 14 5
113 12 5 1 5
113 22 5 1 5
113 24 5 0 5
113 50 9 1 5
113 52 7 0 5
113 54 6 0 5
113 55 15 2 5
113 56 11 1 5
113 58 7 0 5
113 65 5 0 5
113 67 17 4 5
113 80 8 1 5
113 86 6 0 5
113 91 16 4 5
113 93 6 0 5
113 95 5 0 5
10 113 9 1 5
11 113 9 1 5
104 113 10 3 5
106 113 20 3 5
107 113 7 0 5
113 115 6 1 5
113 125 6 0 5
115 12 3 1 5
115 17 9 0 5
115 22 3 1 5
115 23 9 0 5
115 24 3 0 5
115 25 16 3 5
115 50 7 1 5
115 52 5 0 5
115 54 4 0 5
115 56 9 1 5
115 58 5 0 5
115 65 3 0 5
115 80 6 1 5
115 86 4 0 5
115 93 4 0 5
115 95 3 0 5
10 115 7 1 5
11 115 7 1 5
102 115 8 0 5
104 115 10 2 5
107 115 5 0 5
113 115 6 1 5
115 125 4 0 5
116 22 22 1 5
116 26 28 8 5
116 56 24 3 5
116 67 28 7 5
116 79 14 9 5
116 82 23 4 5
116 117 19 11 5
116 120 22 9 5
117 22 19 1 5
117 24 19 0 5
117 26 25 8 5
117 65 19 0 5
117 79 21 4 5
117 95 19 0 5
106 117 24 8 5
116 117 19 11 5
117 120 19 9 5
118 24 16 0 5
118 27 12 11 5
118 48 11 7 5
118 52 16 1 5
118 54 17 0 5
118 65 16 0 5
118 86 15 1 5
118 93 17 0 5
118 95 16 0 5
102 118 13 4 5
103 118 6 13 5
118 125 17 0 5
118 129 7 13 5
119 12 15 1 5
119 32 23 6 5
119 48 18 3 5
119 50 15 3 5
119 79 19 3 5
119 82 18 3 5
103 119 21 5 5
105 119 19 3 5
118 119 19 6 5
119 129 20 6 5
120 22 18 1 5
120 79 16 6 5
107 120 18 1 5
116 120 22 9 5
117 120 19 9 5
121 24 9 0 5
121 30 13 3 5
121 48 14 2 5
121 54 10 0 5
121 55 17 3 5
121 56 13 2 5
121 65 9 0 5
121 77 16 3 5
121 86 10 0 5
121 87 15 6 5
121 89 17 4 5
121 93 10 0 5
121 95 9 0 5
102 121 10 2 5
121 125 10 0 5
122 85 50 27 5
116 122 54 19 5
124 126 24 12 5
125 15 13 1 5
125 17 7 0 5
125 22 3 0 5
125 23 7 0 5
125 24 1 0 5
125 50 7 0 5
125 52 3 0 5
125 54 2 0 5
125 58 1 1 5
125 65 1 0 5
125 80 6 0 5
125 86 2 0 5
125 87 17 1 5
125 89 15 1 5
125 93 2 0 5
125 95 1 0 5
125 96 12 1 5
10 125 7 0 5
11 125 7 0 5
12 125 3 0 5
102 125 6 0 5
107 125 3 0 5
113 125 6 0 5
115 125 4 0 5
126 4 20 11 5
126 17 14 4 5
126 55 20 5 5
126 83 22 9 5
124 126 24 12 5
127 68 44 21 5
128 17 19 5 5
128 23 21 4 5
128 83 29 9 5
129 27 13 11 5
129 30 17 5 5
129 48 10 8 5
129 52 17 1 5
129 54 16 1 5
129 80 18 2 5
129 86 16 1 5
102 129 12 5 5
103 129 5 14 5
105 129 17 5 5
118 129 7 13 5
130 73 44 33 5
