Res1 Res2 NSingle NDouble Method
2 8 13 1 4
15 2 10 2 4
19 2 4 6 4
19 8 13 1 4
15 19 10 2 4
23 8 12 1 4
2 23 7 4 4
15 23 7 3 4
19 23 5 5 4
15 30 7 0 4
19 48 16 4 4
30 49 16 1 4
15 53 7 0 4
30 53 2 0 4
2 57 15 3 4
23 57 16 2 4
48 57 19 5 4
2 59 15 4 4
19 59 15 4 4
23 59 14 4 4
36 68 19 5 4
56 68 17 7 4
48 71 17 9 4
57 71 16 8 4
56 73 22 11 4
62 73 19 9 4
66 73 19 11 4
15 75 12 2 4
19 75 14 2 4
15 77 7 3 4
23 77 10 2 4
68 77 8 3 4
15 78 10 3 4
23 78 13 2 4
68 78 7 5 4
75 78 14 3 4
77 78 7 5 4
2 82 14 1 4
8 82 13 1 4
19 82 14 1 4
21 82 23 5 4
57 82 17 2 4
59 82 15 4 4
2 83 14 3 4
15 83 6 6 4
23 83 13 3 4
77 83 9 5 4
78 83 12 5 4
23 86 14 3 4
68 86 10 5 4
77 86 12 4 4
78 86 9 7 4
62 87 12 8 4
69 87 18 8 4
73 87 15 8 4
30 88 5 0 4
53 88 5 0 4
68 88 3 4 4
75 88 12 1 4
77 88 9 1 4
78 88 10 2 4
86 88 11 3 4
8 94 9 0 4
13 94 13 2 4
15 94 8 0 4
23 94 9 0 4
30 94 3 0 4
53 94 3 0 4
68 94 9 0 4
77 94 9 0 4
80 94 16 2 4
88 94 6 0 4
15 96 6 4 4
19 96 14 1 4
23 96 11 2 4
75 96 14 2 4
77 96 11 2 4
78 96 12 3 4
83 96 12 4 4
86 96 15 3 4
66 97 8 16 4
87 97 16 7 4
32 99 23 14 4
101 15 6 4 4
101 19 14 1 4
101 23 11 2 4
101 74 11 7 4
101 75 14 2 4
101 77 11 2 4
101 78 12 3 4
101 83 10 5 4
101 96 8 4 4
102 53 9 1 4
102 99 21 5 4
106 8 17 4 4
107 9 27 5 4
107 82 17 3 4
108 63 19 19 4
110 75 14 3 4
102 110 16 2 4
111 15 12 4 4
111 23 15 3 4
111 59 19 5 4
111 96 16 3 4
112 2 11 4 4
112 15 5 6 4
112 19 13 3 4
112 23 12 3 4
112 75 13 4 4
112 77 12 3 4
112 83 7 8 4
112 96 11 4 4
101 112 9 5 4
114 74 15 8 4
116 15 7 5 4
116 23 12 3 4
116 77 12 3 4
116 83 13 5 4
116 96 11 4 4
101 116 5 7 4
112 116 10 6 4
117 82 15 6 4
117 94 17 2 4
118 2 8 3 4
118 8 11 1 4
118 19 8 3 4
118 23 9 2 4
118 30 7 0 4
118 53 7 0 4
118 57 11 4 4
118 75 12 2 4
118 82 12 1 4
118 94 8 0 4
110 118 14 1 4
111 119 11 10 4
120 2 10 2 4
120 15 8 2 4
120 23 11 1 4
120 30 7 0 4
120 53 7 0 4
120 74 13 5 4
120 77 11 1 4
120 83 12 3 4
120 94 8 0 4
120 96 12 1 4
101 120 8 3 4
102 120 12 2 4
110 120 12 2 4
111 120 14 3 4
112 120 9 4 4
114 120 14 3 4
116 120 7 5 4
121 62 15 8 4
121 66 13 11 4
121 69 17 10 4
121 73 14 10 4
121 87 11 7 4
121 97 11 11 4
123 30 7 0 4
123 41 14 2 4
123 48 18 2 4
123 53 7 0 4
123 68 9 2 4
123 74 19 2 4
123 75 14 1 4
123 78 14 1 4
123 86 15 2 4
123 88 8 1 4
123 94 8 0 4
110 123 14 1 4
124 41 15 8 4
110 124 19 5 4
123 124 19 3 4
126 74 11 11 4
126 96 16 4 4
112 126 11 8 4
114 126 8 11 4
116 126 9 9 4
120 126 12 5 4
128 15 10 4 4
128 23 15 2 4
128 49 17 6 4
128 53 11 1 4
128 77 13 3 4
102 128 16 3 4
116 128 13 5 4
126 128 18 5 4
13 130 28 8 4
