Res1 Res2 NSingle NDouble Method
1 36 53 13 4
1 53 46 1 4
1 102 48 7 4
1 117 49 14 4
1 128 50 7 4
15 2 18 1 4
19 2 5 9 4
110 2 23 1 4
112 2 19 5 4
118 2 11 4 4
120 2 16 1 4
127 2 11 0 4
128 2 24 2 4
2 8 21 1 4
2 23 11 5 4
2 30 12 0 4
2 48 26 2 4
2 53 12 0 4
2 57 25 3 4
2 59 25 4 4
2 61 11 0 4
2 77 21 1 4
2 82 21 1 4
2 83 24 3 4
2 87 23 1 4
2 94 13 0 4
3 7 66 23 4
108 4 47 19 4
4 63 46 29 4
4 77 49 7 4
4 78 47 9 4
4 86 51 9 4
108 5 54 11 4
110 5 46 5 4
5 66 52 10 4
5 77 42 6 4
5 78 46 5 4
5 83 45 8 4
5 87 44 6 4
5 97 52 9 4
21 6 46 15 4
53 6 35 1 4
107 6 40 9 4
117 6 44 11 4
123 6 38 3 4
6 68 37 5 4
6 76 44 8 4
6 82 34 7 4
6 88 37 3 4
56 7 61 12 4
68 7 50 6 4
107 7 47 13 4
7 78 51 7 4
2 8 21 1 4
19 8 22 1 4
23 8 20 1 4
30 8 13 0 4
53 8 13 0 4
61 8 12 0 4
106 8 30 4 4
118 8 18 1 4
120 8 19 0 4
123 8 20 0 4
127 8 12 0 4
8 82 22 1 4
8 88 19 0 4
8 94 14 0 4
30 9 31 0 4
53 9 31 0 4
61 9 30 0 4
67 9 56 18 4
75 9 36 3 4
82 9 36 3 4
110 9 36 4 4
118 9 36 1 4
127 9 30 0 4
9 90 43 9 4
9 96 39 1 4
10 8 52 8 4
10 68 49 9 4
10 88 49 7 4
13 2 31 1 4
13 8 32 1 4
118 13 28 1 4
123 13 28 1 4
127 13 22 0 4
13 19 32 1 4
13 23 30 1 4
13 30 23 0 4
13 49 33 4 4
13 53 23 0 4
13 61 22 0 4
13 82 32 1 4
13 94 20 2 4
13 130 43 11 4
14 8 49 10 4
14 80 50 16 4
14 87 53 9 4
15 2 18 1 4
15 8 21 0 4
101 15 12 4 4
102 15 22 1 4
110 15 21 1 4
111 15 21 5 4
112 15 11 8 4
116 15 15 7 4
118 15 17 0 4
120 15 14 1 4
123 15 17 0 4
127 15 9 0 4
128 15 18 4 4
15 19 17 2 4
15 23 13 3 4
15 30 10 0 4
15 49 20 4 4
15 53 10 0 4
15 59 21 5 4
15 61 9 0 4
15 68 20 0 4
15 75 17 2 4
15 77 15 3 4
15 78 17 3 4
15 82 21 0 4
15 83 14 7 4
15 86 17 5 4
15 88 16 0 4
15 94 11 0 4
15 96 6 7 4
16 17 49 25 4
16 19 52 8 4
16 66 52 17 4
16 97 50 17 4
102 17 38 10 4
118 17 43 4 4
17 19 45 5 4
17 80 40 14 4
17 87 43 7 4
108 18 49 16 4
18 56 47 17 4
18 68 42 8 4
18 78 45 8 4
18 86 43 11 4
18 88 40 7 4
19 2 5 9 4
19 8 22 1 4
15 19 17 2 4
112 19 22 4 4
118 19 12 4 4
120 19 19 0 4
123 19 20 0 4
127 19 12 0 4
128 19 25 2 4
19 23 8 7 4
19 30 13 0 4
19 48 25 3 4
19 53 13 0 4
19 57 26 3 4
19 61 12 0 4
19 75 22 1 4
19 77 22 1 4
19 82 22 1 4
19 83 27 2 4
19 86 26 2 4
19 87 24 1 4
19 88 19 0 4
19 94 14 0 4
19 96 21 1 4
2 20 39 9 4
15 20 39 8 4
19 20 40 9 4
101 20 47 5 4
112 20 30 17 4
118 20 42 6 4
127 20 46 0 4
20 23 42 7 4
20 30 47 0 4
20 53 47 0 4
20 61 46 0 4
20 83 33 16 4
20 94 48 0 4
20 96 43 7 4
21 6 46 15 4
15 21 39 5 4
107 21 44 9 4
111 21 38 12 4
117 21 44 13 4
118 21 44 2 4
21 57 42 9 4
21 59 46 8 4
21 82 38 7 4
21 96 39 6 4
22 8 53 5 4
19 22 55 4 4
22 28 60 12 4
23 8 20 1 4
2 23 11 5 4
15 23 13 3 4
19 23 8 7 4
101 23 19 1 4
111 23 24 4 4
112 23 20 4 4
116 23 22 4 4
118 23 14 2 4
120 23 15 1 4
123 23 18 0 4
127 23 10 0 4
128 23 23 2 4
23 30 11 0 4
23 48 25 2 4
23 53 11 0 4
23 61 10 0 4
23 75 20 1 4
23 77 18 2 4
23 78 22 1 4
23 82 20 1 4
23 83 21 4 4
23 86 20 4 4
23 88 17 0 4
23 94 12 0 4
23 96 15 3 4
13 24 75 11 4
19 25 49 7 4
23 25 49 6 4
114 25 49 11 4
121 25 38 18 4
25 33 50 17 4
25 69 51 17 4
25 87 47 9 4
25 97 49 15 4
27 8 60 7 4
2 27 63 5 4
19 27 60 7 4
23 27 62 5 4
118 27 60 5 4
27 48 59 11 4
27 57 58 12 4
27 71 48 22 4
27 94 60 2 4
19 28 37 4 4
23 28 35 4 4
102 28 40 4 4
118 28 37 2 4
28 29 41 17 4
28 71 41 11 4
28 99 41 8 4
20 29 38 25 4
23 29 42 5 4
28 29 41 17 4
101 29 41 6 4
112 29 42 9 4
116 29 42 10 4
120 29 39 5 4
29 70 42 14 4
29 83 41 10 4
29 86 46 7 4
30 8 13 0 4
2 30 12 0 4
15 30 10 0 4
19 30 13 0 4
23 30 11 0 4
101 30 12 0 4
110 30 15 0 4
118 30 9 0 4
120 30 8 0 4
123 30 9 0 4
127 30 1 0 4
30 36 31 1 4
30 53 2 0 4
30 61 1 0 4
30 68 12 0 4
30 73 27 1 4
30 75 13 0 4
30 77 13 0 4
30 78 15 0 4
30 82 13 0 4
30 87 15 0 4
30 88 8 0 4
30 94 3 0 4
30 96 12 0 4
30 99 23 1 4
15 31 40 5 4
112 31 41 9 4
114 31 39 11 4
116 31 39 11 4
120 31 38 5 4
126 31 30 17 4
31 49 46 7 4
31 74 41 13 4
31 83 44 8 4
102 32 38 9 4
128 32 40 9 4
32 84 46 12 4
32 99 39 13 4
15 33 32 5 4
101 33 24 10 4
112 33 31 10 4
114 33 31 11 4
116 33 29 12 4
126 33 32 12 4
33 74 29 15 4
33 75 35 5 4
33 83 34 9 4
33 96 36 4 4
13 35 56 12 4
28 35 65 13 4
109 35 65 22 4
117 35 64 12 4
35 94 56 2 4
30 36 31 1 4
102 36 39 4 4
127 36 32 0 4
128 36 31 9 4
36 53 31 1 4
36 61 32 0 4
36 68 37 3 4
36 77 38 3 4
36 78 38 4 4
36 88 35 2 4
36 99 42 7 4
2 37 46 7 4
15 37 48 5 4
20 37 43 26 4
112 37 41 13 4
114 37 49 10 4
37 83 44 12 4
100 38 51 21 4
101 38 41 4 4
114 38 36 11 4
126 38 41 10 4
38 65 48 12 4
38 74 46 9 4
38 80 45 9 4
15 39 40 5 4
23 39 41 5 4
101 39 32 10 4
112 39 43 8 4
116 39 37 12 4
118 39 43 3 4
120 39 38 5 4
39 74 41 13 4
39 83 46 7 4
39 86 45 7 4
121 40 46 14 4
40 63 42 31 4
40 88 50 4 4
30 41 17 0 4
102 41 25 3 4
110 41 28 1 4
118 41 24 0 4
120 41 23 0 4
123 41 20 2 4
124 41 24 7 4
127 41 16 0 4
41 53 17 0 4
41 61 16 0 4
41 75 26 1 4
41 88 23 0 4
41 94 18 0 4
102 42 41 8 4
128 42 45 7 4
42 83 39 11 4
42 96 43 5 4
2 43 42 3 4
15 43 30 8 4
19 43 39 5 4
23 43 33 7 4
30 43 38 0 4
101 43 36 6 4
112 43 37 9 4
116 43 39 9 4
118 43 39 3 4
120 43 40 2 4
123 43 39 3 4
127 43 37 0 4
128 43 44 5 4
43 53 38 0 4
43 57 39 9 4
43 61 37 0 4
43 75 43 3 4
43 77 39 5 4
43 78 45 3 4
43 83 38 9 4
43 94 39 0 4
43 96 32 8 4
23 44 45 9 4
33 44 52 17 4
15 45 53 9 4
101 45 51 11 4
112 45 50 15 4
116 45 54 14 4
45 77 50 12 4
45 78 52 12 4
45 83 51 15 4
46 68 59 11 4
47 99 71 11 4
2 48 26 2 4
19 48 25 3 4
23 48 25 2 4
30 48 20 0 4
118 48 23 2 4
127 48 19 0 4
48 53 20 0 4
48 57 29 5 4
48 61 19 0 4
48 71 25 12 4
48 94 21 0 4
13 49 33 4 4
15 49 20 4 4
23 49 27 1 4
30 49 20 0 4
101 49 20 5 4
102 49 30 2 4
112 49 27 5 4
116 49 29 5 4
127 49 19 0 4
128 49 26 5 4
49 53 20 0 4
49 59 29 6 4
49 61 19 0 4
49 74 35 5 4
49 77 27 2 4
49 78 29 2 4
49 83 28 5 4
49 94 21 0 4
49 96 24 3 4
15 50 37 3 4
23 50 36 4 4
30 50 35 0 4
33 50 39 14 4
101 50 33 6 4
102 50 39 5 4
114 50 36 9 4
116 50 30 12 4
118 50 36 3 4
120 50 33 4 4
126 50 31 13 4
127 50 34 0 4
50 53 35 0 4
50 61 34 0 4
50 74 36 12 4
50 96 37 4 4
52 62 77 19 4
53 8 13 0 4
2 53 12 0 4
15 53 10 0 4
19 53 13 0 4
23 53 11 0 4
30 53 2 0 4
101 53 12 0 4
102 53 14 1 4
110 53 15 0 4
118 53 9 0 4
120 53 8 0 4
123 53 9 0 4
127 53 1 0 4
128 53 16 1 4
53 61 1 0 4
53 68 12 0 4
53 75 13 0 4
53 77 13 0 4
53 78 15 0 4
53 82 13 0 4
53 87 15 0 4
53 88 8 0 4
53 94 3 0 4
53 96 12 0 4
2 54 43 5 4
15 54 35 8 4
23 54 44 4 4
101 54 43 5 4
112 54 26 17 4
114 54 38 12 4
126 54 41 12 4
127 54 42 0 4
54 61 42 0 4
54 83 29 16 4
54 86 46 7 4
54 96 37 8 4
2 55 40 4 4
15 55 30 8 4
19 55 41 4 4
23 55 41 3 4
30 55 38 0 4
53 55 38 0 4
101 55 38 5 4
112 55 33 11 4
116 55 43 7 4
126 55 46 7 4
127 55 37 0 4
55 61 37 0 4
55 83 34 11 4
55 96 34 7 4
18 56 47 17 4
108 56 44 12 4
123 56 36 3 4
56 62 40 10 4
56 68 27 9 4
56 73 40 11 4
56 77 38 4 4
56 78 34 7 4
56 86 38 7 4
56 88 31 5 4
2 57 25 3 4
19 57 26 3 4
23 57 28 1 4
30 57 21 0 4
48 57 29 5 4
53 57 21 0 4
118 57 18 5 4
120 57 27 0 4
127 57 20 0 4
57 61 20 0 4
57 71 30 10 4
57 82 30 1 4
57 88 27 0 4
57 94 22 0 4
58 8 62 7 4
58 9 68 13 4
110 58 58 10 4
58 75 62 7 4
2 59 25 4 4
15 59 21 5 4
19 59 28 3 4
23 59 28 2 4
30 59 23 0 4
49 59 29 6 4
53 59 23 0 4
101 59 27 3 4
112 59 26 7 4
114 59 32 5 4
116 59 34 4 4
120 59 27 1 4
127 59 22 0 4
59 61 22 0 4
59 77 30 2 4
59 78 32 2 4
59 82 26 4 4
59 83 29 6 4
59 94 24 0 4
59 96 27 3 4
60 8 42 6 4
106 60 44 12 4
111 60 50 7 4
113 60 49 7 4
127 60 42 0 4
60 61 42 0 4
61 62 26 0 4
108 62 36 12 4
121 62 27 11 4
125 62 40 13 4
127 62 26 0 4
62 66 38 9 4
62 73 36 9 4
62 80 37 7 4
62 87 22 9 4
62 90 37 10 4
62 97 38 8 4
36 63 47 19 4
40 63 42 31 4
102 63 54 7 4
108 63 39 24 4
63 68 48 8 4
63 77 51 7 4
63 78 43 12 4
63 87 53 7 4
63 88 50 5 4
54 64 42 23 4
112 64 36 14 4
114 64 42 12 4
120 64 45 4 4
64 68 43 7 4
64 74 40 16 4
64 86 42 11 4
64 88 45 4 4
100 65 45 22 4
114 65 30 12 4
65 97 38 12 4
108 66 34 15 4
114 66 34 8 4
121 66 31 11 4
66 68 31 5 4
66 73 36 11 4
66 77 32 5 4
66 78 30 7 4
66 80 31 12 4
66 87 30 7 4
66 88 29 4 4
66 97 18 20 4
62 67 60 14 4
67 87 58 9 4
30 68 12 0 4
53 68 12 0 4
56 68 27 9 4
61 68 11 0 4
118 68 19 0 4
120 68 18 0 4
123 68 13 3 4
127 68 11 0 4
68 73 29 5 4
68 75 21 1 4
68 77 17 3 4
68 78 13 6 4
68 86 19 5 4
68 88 4 7 4
68 94 13 0 4
66 69 40 12 4
68 69 37 4 4
116 69 38 8 4
120 69 35 3 4
121 69 27 15 4
69 73 34 14 4
69 80 37 11 4
69 87 34 7 4
69 88 35 3 4
69 97 38 12 4
15 70 29 4 4
29 70 42 14 4
101 70 25 7 4
112 70 32 7 4
116 70 34 7 4
120 70 31 2 4
70 96 31 4 4
2 71 35 3 4
19 71 34 4 4
23 71 36 2 4
30 71 31 0 4
48 71 25 12 4
53 71 31 0 4
57 71 30 10 4
61 71 30 0 4
118 71 28 5 4
123 71 36 1 4
127 71 30 0 4
71 94 32 0 4
15 72 45 3 4
23 72 46 3 4
30 72 43 0 4
53 72 43 0 4
61 72 42 0 4
107 72 50 7 4
127 72 42 0 4
72 82 40 7 4
72 96 45 4 4
30 73 27 1 4
53 73 29 0 4
56 73 40 11 4
61 73 28 0 4
62 73 36 9 4
66 73 36 11 4
68 73 29 5 4
69 73 34 14 4
108 73 38 12 4
121 73 29 11 4
127 73 28 0 4
73 78 34 4 4
73 87 26 8 4
73 88 29 3 4
2 74 29 4 4
15 74 23 6 4
19 74 30 4 4
23 74 30 3 4
30 74 27 0 4
53 74 27 0 4
61 74 26 0 4
101 74 19 9 4
110 74 32 4 4
112 74 16 14 4
116 74 18 14 4
120 74 21 6 4
123 74 32 1 4
126 74 27 11 4
127 74 26 0 4
128 74 33 5 4
74 75 30 4 4
74 77 34 2 4
74 83 21 12 4
74 88 31 1 4
74 94 28 0 4
74 96 27 5 4
15 75 17 2 4
19 75 22 1 4
23 75 20 1 4
30 75 13 0 4
53 75 13 0 4
61 75 12 0 4
68 75 21 1 4
101 75 21 1 4
110 75 18 4 4
112 75 22 4 4
114 75 24 4 4
116 75 28 2 4
118 75 16 2 4
120 75 17 1 4
123 75 18 1 4
124 75 28 3 4
126 75 27 4 4
127 75 12 0 4
75 77 22 1 4
75 78 22 2 4
75 83 25 3 4
75 86 26 2 4
75 88 17 1 4
75 94 14 0 4
75 96 19 2 4
6 76 44 8 4
21 76 46 9 4
30 76 25 0 4
53 76 25 0 4
61 76 24 0 4
101 76 33 1 4
107 76 36 5 4
113 76 39 3 4
117 76 42 6 4
120 76 29 1 4
127 76 24 0 4
76 82 34 1 4
76 91 40 4 4
76 94 26 0 4
2 77 21 1 4
15 77 15 3 4
19 77 22 1 4
23 77 18 2 4
30 77 13 0 4
49 77 27 2 4
53 77 13 0 4
61 77 12 0 4
68 77 17 3 4
75 77 22 1 4
101 77 19 2 4
112 77 20 5 4
116 77 22 5 4
118 77 20 0 4
120 77 17 1 4
123 77 20 0 4
127 77 12 0 4
128 77 19 5 4
77 78 10 8 4
77 83 15 8 4
77 86 18 6 4
77 88 17 1 4
77 94 14 0 4
77 96 17 3 4
15 78 17 3 4
23 78 22 1 4
30 78 15 0 4
53 78 15 0 4
61 78 14 0 4
66 78 30 7 4
68 78 13 6 4
75 78 22 2 4
77 78 10 8 4
101 78 21 2 4
120 78 19 1 4
123 78 20 1 4
127 78 14 0 4
78 83 21 6 4
78 86 18 7 4
78 88 15 3 4
78 94 16 0 4
78 96 19 3 4
8 80 33 2 4
17 80 40 14 4
30 80 26 0 4
50 80 37 11 4
53 80 26 0 4
61 80 25 0 4
62 80 37 7 4
66 80 31 12 4
69 80 37 11 4
101 80 32 2 4
114 80 31 7 4
116 80 31 7 4
121 80 32 8 4
126 80 28 10 4
127 80 25 0 4
80 87 31 4 4
80 94 25 1 4
80 97 33 10 4
8 81 57 7 4
13 81 57 12 4
27 81 63 29 4
106 81 63 11 4
113 81 54 13 4
2 82 21 1 4
8 82 22 1 4
15 82 21 0 4
19 82 22 1 4
23 82 20 1 4
30 82 13 0 4
53 82 13 0 4
59 82 26 4 4
61 82 12 0 4
107 82 24 5 4
117 82 26 8 4
118 82 18 1 4
120 82 19 0 4
123 82 20 0 4
127 82 12 0 4
82 86 28 1 4
82 88 19 0 4
82 94 14 0 4
2 83 24 3 4
15 83 14 7 4
19 83 27 2 4
23 83 21 4 4
30 83 20 0 4
49 83 28 5 4
53 83 20 0 4
61 83 19 0 4
68 83 28 1 4
74 83 21 12 4
75 83 25 3 4
77 83 15 8 4
78 83 21 6 4
101 83 20 5 4
102 83 30 2 4
110 83 25 4 4
112 83 11 13 4
114 83 29 5 4
116 83 21 9 4
118 83 27 0 4
120 83 20 3 4
123 83 27 0 4
126 83 28 7 4
127 83 19 0 4
128 83 26 5 4
83 88 26 0 4
83 94 21 0 4
83 96 16 7 4
32 84 46 12 4
36 84 47 7 4
48 84 38 5 4
61 84 29 0 4
127 84 29 0 4
84 99 37 8 4
36 85 51 12 4
68 85 44 5 4
102 85 46 6 4
108 85 47 15 4
85 88 44 3 4
15 86 17 5 4
19 86 26 2 4
23 86 20 4 4
30 86 19 0 4
53 86 19 0 4
61 86 18 0 4
68 86 19 5 4
75 86 26 2 4
77 86 18 6 4
78 86 18 7 4
83 86 25 6 4
101 86 23 3 4
111 86 30 5 4
112 86 26 5 4
116 86 28 5 4
118 86 24 1 4
120 86 23 1 4
123 86 24 1 4
127 86 18 0 4
86 88 19 3 4
86 94 20 0 4
86 96 19 5 4
2 87 23 1 4
30 87 15 0 4
53 87 15 0 4
61 87 14 0 4
62 87 22 9 4
66 87 30 7 4
69 87 34 7 4
73 87 26 8 4
121 87 21 8 4
127 87 14 0 4
87 94 16 0 4
87 97 28 7 4
15 88 16 0 4
23 88 17 0 4
30 88 8 0 4
53 88 8 0 4
61 88 7 0 4
68 88 4 7 4
75 88 17 1 4
77 88 17 1 4
78 88 15 3 4
86 88 19 3 4
118 88 15 0 4
120 88 14 0 4
123 88 13 1 4
127 88 7 0 4
88 94 9 0 4
15 89 55 5 4
74 89 44 19 4
83 89 53 11 4
101 89 49 9 4
112 89 52 11 4
116 89 42 17 4
120 89 51 6 4
89 96 53 7 4
62 90 37 10 4
87 90 35 5 4
101 90 34 4 4
112 90 39 5 4
121 90 38 8 4
2 91 31 2 4
30 91 25 0 4
53 91 25 0 4
61 91 24 0 4
74 91 36 7 4
75 91 32 2 4
83 91 33 5 4
102 91 33 3 4
110 91 32 3 4
112 91 32 5 4
114 91 34 5 4
119 91 38 8 4
120 91 29 1 4
126 91 37 5 4
127 91 24 0 4
91 93 39 9 4
91 94 26 0 4
2 92 50 5 4
15 92 52 3 4
19 92 47 7 4
23 92 47 6 4
57 92 53 8 4
101 92 54 3 4
118 92 47 5 4
92 96 54 3 4
2 93 40 2 4
74 93 43 8 4
75 93 37 4 4
82 93 37 4 4
83 93 42 5 4
91 93 39 9 4
114 93 33 10 4
126 93 36 10 4
2 94 13 0 4
8 94 14 0 4
13 94 20 2 4
15 94 11 0 4
19 94 14 0 4
23 94 12 0 4
30 94 3 0 4
53 94 3 0 4
61 94 2 0 4
68 94 13 0 4
75 94 14 0 4
77 94 14 0 4
78 94 16 0 4
80 94 25 1 4
82 94 14 0 4
87 94 16 0 4
88 94 9 0 4
101 94 13 0 4
102 94 17 0 4
110 94 16 0 4
117 94 28 2 4
118 94 10 0 4
120 94 9 0 4
123 94 10 0 4
127 94 2 0 4
94 96 13 0 4
15 96 6 7 4
19 96 21 1 4
23 96 15 3 4
30 96 12 0 4
49 96 24 3 4
53 96 12 0 4
61 96 11 0 4
75 96 19 2 4
77 96 17 3 4
78 96 19 3 4
83 96 16 7 4
86 96 19 5 4
88 96 18 0 4
94 96 13 0 4
101 96 14 4 4
102 96 24 1 4
110 96 23 1 4
111 96 23 5 4
112 96 15 7 4
118 96 19 0 4
120 96 16 1 4
123 96 19 0 4
127 96 11 0 4
128 96 22 3 4
61 97 28 0 4
66 97 18 20 4
77 97 30 5 4
78 97 32 5 4
80 97 33 10 4
87 97 28 7 4
114 97 28 10 4
121 97 23 14 4
127 97 28 0 4
69 98 66 17 4
87 98 62 9 4
121 98 59 15 4
28 99 41 8 4
30 99 23 1 4
32 99 39 13 4
36 99 42 7 4
49 99 35 4 4
53 99 25 0 4
61 99 24 0 4
84 99 37 8 4
86 99 34 4 4
88 99 29 1 4
94 99 26 0 4
102 99 29 5 4
127 99 24 0 4
100 38 51 21 4
100 65 45 22 4
100 66 57 14 4
100 80 54 13 4
100 97 55 14 4
101 2 22 0 4
101 8 23 0 4
101 15 12 4 4
101 19 23 0 4
101 23 19 1 4
101 30 12 0 4
101 49 20 5 4
101 53 12 0 4
101 61 11 0 4
101 68 22 0 4
101 75 21 1 4
101 77 19 2 4
101 78 21 2 4
101 82 23 0 4
101 83 20 5 4
101 86 23 3 4
101 88 18 0 4
101 94 13 0 4
101 96 14 4 4
101 102 24 1 4
101 110 23 1 4
101 112 17 6 4
101 116 11 10 4
101 118 19 0 4
101 120 12 3 4
101 123 19 0 4
101 126 24 5 4
101 127 11 0 4
101 128 22 3 4
102 15 22 1 4
102 17 38 10 4
102 30 16 0 4
102 41 25 3 4
102 49 30 2 4
102 53 14 1 4
102 61 15 0 4
102 83 30 2 4
102 94 17 0 4
102 99 29 5 4
102 110 25 2 4
102 112 29 2 4
102 120 18 2 4
102 127 15 0 4
102 128 24 4 4
103 39 50 17 4
103 83 48 7 4
103 126 44 11 4
104 49 47 7 4
104 56 50 13 4
104 68 41 6 4
104 78 42 7 4
104 86 46 7 4
106 8 30 4 4
106 30 27 0 4
106 53 27 0 4
106 60 44 12 4
106 61 26 0 4
106 94 28 0 4
106 113 37 5 4
106 127 26 0 4
107 6 40 9 4
107 7 47 13 4
107 21 44 9 4
107 30 23 0 4
107 53 23 0 4
107 61 22 0 4
107 76 36 5 4
107 82 24 5 4
107 94 24 0 4
107 117 34 9 4
107 127 22 0 4
108 30 35 0 4
108 53 35 0 4
108 61 34 0 4
108 62 36 12 4
108 66 34 15 4
108 68 35 5 4
108 73 38 12 4
108 77 32 7 4
108 78 32 8 4
108 87 36 6 4
108 88 35 3 4
108 94 36 0 4
108 97 36 13 4
102 108 39 5 4
108 121 37 10 4
108 127 34 0 4
109 2 50 6 4
109 19 51 6 4
109 57 53 9 4
109 71 47 17 4
106 109 53 12 4
109 113 52 10 4
109 118 47 6 4
110 2 23 1 4
110 15 21 1 4
110 23 24 0 4
110 30 15 0 4
110 53 15 0 4
110 61 14 0 4
110 74 32 4 4
110 75 18 4 4
110 78 26 1 4
110 83 25 4 4
110 88 21 0 4
110 94 16 0 4
110 96 23 1 4
101 110 23 1 4
102 110 25 2 4
110 111 28 4 4
110 112 24 4 4
110 118 20 1 4
110 120 17 2 4
110 123 20 1 4
110 124 28 4 4
110 127 14 0 4
111 2 29 2 4
111 15 21 5 4
111 23 24 4 4
111 30 23 0 4
111 53 23 0 4
111 57 28 7 4
111 61 22 0 4
111 75 30 2 4
111 77 30 2 4
111 83 23 9 4
111 86 30 5 4
111 94 24 0 4
111 96 23 5 4
101 111 27 3 4
110 111 28 4 4
111 112 22 9 4
111 119 20 16 4
111 120 23 3 4
111 127 22 0 4
112 2 19 5 4
112 15 11 8 4
112 19 22 4 4
112 23 20 4 4
112 30 19 0 4
112 53 19 0 4
112 61 18 0 4
112 74 16 14 4
112 75 22 4 4
112 77 20 5 4
112 78 26 3 4
112 83 11 13 4
112 86 26 5 4
112 88 25 0 4
112 94 20 0 4
112 96 15 7 4
101 112 17 6 4
110 112 24 4 4
112 116 18 10 4
112 118 26 0 4
112 120 17 4 4
112 123 26 0 4
112 127 18 0 4
113 30 22 0 4
113 53 22 0 4
113 61 21 0 4
113 88 28 0 4
113 94 23 0 4
106 113 37 5 4
111 113 33 5 4
113 119 37 7 4
113 120 28 0 4
113 127 21 0 4
114 2 27 2 4
114 15 25 2 4
114 30 21 0 4
114 53 21 0 4
114 61 20 0 4
114 74 30 8 4
114 75 24 4 4
114 83 29 5 4
114 94 22 0 4
114 97 28 10 4
101 114 25 3 4
112 114 28 5 4
114 120 23 2 4
114 126 21 11 4
114 127 20 0 4
116 2 29 1 4
116 15 15 7 4
116 23 22 4 4
116 30 21 0 4
116 49 29 5 4
116 53 21 0 4
116 61 20 0 4
116 74 18 14 4
116 75 28 2 4
116 77 22 5 4
116 78 28 3 4
116 83 21 9 4
116 86 28 5 4
116 88 27 0 4
116 94 22 0 4
116 96 17 7 4
101 116 11 10 4
112 116 18 10 4
116 120 15 6 4
116 126 19 12 4
116 127 20 0 4
116 128 23 7 4
117 30 31 0 4
117 53 31 0 4
117 61 30 0 4
117 82 26 8 4
117 94 28 2 4
107 117 34 9 4
117 127 30 0 4
118 2 11 4 4
118 8 18 1 4
118 15 17 0 4
118 19 12 4 4
118 23 14 2 4
118 30 9 0 4
118 48 23 2 4
118 53 9 0 4
118 57 18 5 4
118 61 8 0 4
118 68 19 0 4
118 71 28 5 4
118 75 16 2 4
118 77 20 0 4
118 82 18 1 4
118 86 24 1 4
118 88 15 0 4
118 94 10 0 4
118 96 19 0 4
101 118 19 0 4
110 118 20 1 4
118 120 15 0 4
118 123 16 0 4
118 127 8 0 4
119 15 25 7 4
119 23 34 3 4
119 30 31 0 4
119 53 31 0 4
119 61 30 0 4
119 75 34 4 4
119 77 36 3 4
119 83 25 12 4
119 94 32 0 4
119 96 27 7 4
101 119 33 4 4
110 119 36 4 4
111 119 20 16 4
112 119 24 12 4
119 120 33 2 4
119 123 36 1 4
119 127 30 0 4
120 2 16 1 4
120 8 19 0 4
120 15 14 1 4
120 19 19 0 4
120 23 15 1 4
120 30 8 0 4
120 53 8 0 4
120 61 7 0 4
120 68 18 0 4
120 74 21 6 4
120 75 17 1 4
120 77 17 1 4
120 78 19 1 4
120 82 19 0 4
120 83 20 3 4
120 88 14 0 4
120 94 9 0 4
120 96 16 1 4
101 120 12 3 4
102 120 18 2 4
110 120 17 2 4
111 120 23 3 4
112 120 17 4 4
114 120 23 2 4
116 120 15 6 4
118 120 15 0 4
120 123 15 0 4
120 127 7 0 4
120 128 22 1 4
121 30 24 0 4
121 53 24 0 4
121 61 23 0 4
121 62 27 11 4
121 66 31 11 4
121 69 27 15 4
121 73 29 11 4
121 80 32 8 4
121 87 21 8 4
121 94 25 0 4
121 97 23 14 4
121 127 23 0 4
108 122 69 21 4
123 15 17 0 4
123 23 18 0 4
123 30 9 0 4
123 41 20 2 4
123 53 9 0 4
123 61 8 0 4
123 68 13 3 4
123 75 18 1 4
123 78 20 1 4
123 86 24 1 4
123 88 13 1 4
123 94 10 0 4
110 123 20 1 4
118 123 16 0 4
120 123 15 0 4
123 124 22 4 4
123 127 8 0 4
124 15 31 0 4
124 23 32 0 4
124 30 23 0 4
124 41 24 7 4
124 53 23 0 4
124 61 22 0 4
124 75 28 3 4
124 88 29 0 4
124 94 24 0 4
110 124 28 4 4
118 124 28 1 4
120 124 29 0 4
123 124 22 4 4
124 127 22 0 4
125 62 40 13 4
125 66 42 14 4
125 68 41 5 4
125 69 46 14 4
125 87 38 8 4
125 88 41 3 4
101 125 39 6 4
126 2 32 1 4
126 15 22 5 4
126 19 31 2 4
126 23 31 1 4
126 30 24 0 4
126 53 24 0 4
126 61 23 0 4
126 75 27 4 4
126 77 29 3 4
126 80 28 10 4
126 83 28 7 4
126 94 25 0 4
126 96 24 5 4
101 126 24 5 4
112 126 25 8 4
114 126 21 11 4
116 126 19 12 4
120 126 22 4 4
126 127 23 0 4
126 128 30 5 4
128 2 24 2 4
128 15 18 4 4
128 19 25 2 4
128 23 23 2 4
128 30 18 0 4
128 36 31 9 4
128 49 26 5 4
128 53 16 1 4
128 61 17 0 4
128 77 19 5 4
128 83 26 5 4
128 88 24 0 4
128 94 19 0 4
128 96 22 3 4
101 128 22 3 4
102 128 24 4 4
112 128 23 6 4
116 128 23 7 4
118 128 25 0 4
120 128 22 1 4
123 128 25 0 4
126 128 30 5 4
127 128 17 0 4
129 19 57 7 4
103 129 52 25 4
130 56 51 13 4
130 62 51 9 4
130 68 44 5 4
130 69 55 11 4
130 73 53 9 4
130 88 40 5 4
130 94 41 2 4
13 130 43 11 4
121 130 50 8 4
