Res1 Res2 NSingle NDouble Method
66 78 1 8 3
31 92 1 8 3
86 97 14 9 3
116 81 22 16 3
118 82 7 2 3
125 42 20 18 3
125 97 20 12 3
116 125 19 16 3
1 131 0 41 3
132 2 0 16 3
133 3 0 14 3
134 4 0 8 3
135 5 0 32 3
136 6 0 12 3
137 7 0 8 3
139 9 0 8 3
10 140 0 9 3
11 141 0 7 3
12 142 0 16 3
13 143 0 6 3
14 144 0 9 3
146 16 0 9 3
147 17 0 9 3
148 18 0 55 3
149 19 0 4 3
150 20 0 18 3
151 21 0 10 3
152 22 0 16 3
153 23 0 38 3
154 24 0 10 3
155 25 0 58 3
156 26 0 11 3
157 27 0 17 3
158 28 0 6 3
159 29 0 8 3
160 30 0 7 3
161 31 0 8 3
161 92 1 8 3
162 32 0 9 3
163 33 0 9 3
164 34 0 49 3
165 35 0 49 3
166 36 0 8 3
167 37 0 8 3
168 38 0 9 3
169 39 0 33 3
170 40 0 9 3
171 41 0 9 3
172 42 0 30 3
125 172 20 18 3
173 43 0 9 3
174 44 0 20 3
175 45 0 10 3
176 46 0 7 3
177 47 0 9 3
178 48 0 13 3
179 49 0 7 3
180 50 0 42 3
181 51 0 47 3
182 52 0 16 3
185 55 0 9 3
186 56 0 8 3
187 57 0 16 3
188 58 0 10 3
189 59 0 8 3
190 60 0 26 3
191 61 0 1 3
192 62 0 22 3
193 63 0 8 3
194 64 0 8 3
195 65 0 35 3
