Res1 Res2 NSingle NDouble Method
1 131 0 41 3
132 2 0 16 3
133 3 0 14 3
134 4 0 8 3
135 5 0 32 3
136 6 0 12 3
137 7 0 8 3
7 90 1 7 3
139 9 0 8 3
10 140 0 9 3
11 141 0 7 3
12 142 0 16 3
13 143 0 6 3
14 144 0 9 3
146 16 0 9 3
147 17 0 9 3
148 18 0 55 3
149 19 0 4 3
150 20 0 18 3
151 21 0 10 3
152 22 0 16 3
153 23 0 38 3
154 24 0 10 3
155 25 0 58 3
156 26 0 11 3
157 27 0 17 3
28 8 6 0 3
15 28 6 0 3
123 28 6 0 3
127 28 6 0 3
138 28 6 0 3
145 28 6 0 3
158 28 0 6 3
183 28 6 0 3
28 53 6 0 3
159 29 0 8 3
160 30 0 7 3
161 31 0 8 3
31 92 1 8 3
162 32 0 9 3
163 33 0 9 3
164 34 0 49 3
165 35 0 49 3
166 36 0 8 3
167 37 0 8 3
168 38 0 9 3
169 39 0 33 3
170 40 0 9 3
171 41 0 9 3
125 42 20 18 3
172 42 0 30 3
173 43 0 9 3
174 44 0 20 3
175 45 0 10 3
176 46 0 7 3
177 47 0 9 3
178 48 0 13 3
179 49 0 7 3
180 50 0 42 3
181 51 0 47 3
182 52 0 16 3
185 55 0 9 3
186 56 0 8 3
187 57 0 16 3
188 58 0 10 3
189 59 0 8 3
190 60 0 26 3
61 8 1 0 3
15 61 1 0 3
53 61 1 0 3
123 61 1 0 3
127 61 1 0 3
138 61 1 0 3
145 61 1 0 3
183 61 1 0 3
191 61 0 1 3
192 62 0 22 3
193 63 0 8 3
194 64 0 8 3
116 65 30 15 3
195 65 0 35 3
66 78 1 8 3
3 69 29 9 3
57 69 25 12 3
133 69 29 9 3
187 69 25 12 3
69 74 30 7 3
69 77 28 10 3
36 73 29 5 3
166 73 29 5 3
3 74 7 9 3
133 74 7 9 3
122 75 36 12 3
130 75 36 13 3
3 77 11 9 3
57 77 13 9 3
74 77 10 8 3
133 77 11 9 3
187 77 13 9 3
66 78 1 8 3
116 81 22 16 3
81 97 23 12 3
118 82 7 2 3
6 83 31 8 3
42 83 31 17 3
116 83 32 14 3
136 83 31 8 3
172 83 31 17 3
83 86 31 9 3
83 97 25 14 3
8 86 14 0 3
12 86 18 6 3
15 86 14 0 3
27 86 11 10 3
53 86 14 0 3
108 86 15 4 3
123 86 14 0 3
127 86 14 0 3
130 86 19 7 3
138 86 14 0 3
142 86 18 6 3
145 86 14 0 3
157 86 11 10 3
183 86 14 0 3
86 97 14 9 3
48 88 12 6 3
178 88 12 6 3
31 92 1 8 3
161 92 1 8 3
12 97 18 8 3
42 97 22 13 3
86 97 14 9 3
125 97 20 12 3
142 97 18 8 3
172 97 22 13 3
107 114 4 4 3
116 12 23 9 3
116 26 24 6 3
116 81 22 16 3
116 86 23 8 3
116 97 23 10 3
108 116 24 5 3
116 125 19 16 3
116 142 23 9 3
116 156 24 6 3
118 8 8 0 3
118 15 8 0 3
118 53 8 0 3
118 61 7 1 3
118 82 7 2 3
118 123 8 0 3
118 127 8 0 3
118 138 8 0 3
118 145 8 0 3
118 183 8 0 3
118 191 7 1 3
122 26 16 6 3
122 48 16 7 3
122 88 16 6 3
122 156 16 6 3
122 178 16 7 3
124 6 33 7 3
118 124 33 5 3
124 136 33 7 3
125 26 23 7 3
125 42 20 18 3
125 48 23 8 3
125 97 20 12 3
116 125 19 16 3
122 125 21 11 3
125 156 23 7 3
125 172 20 18 3
125 178 23 8 3
1 131 0 41 3
132 2 0 16 3
133 3 0 14 3
134 4 0 8 3
135 5 0 32 3
136 6 0 12 3
137 7 0 8 3
137 90 1 7 3
139 9 0 8 3
10 140 0 9 3
11 141 0 7 3
12 142 0 16 3
13 143 0 6 3
14 144 0 9 3
146 16 0 9 3
147 17 0 9 3
148 18 0 55 3
149 19 0 4 3
150 20 0 18 3
151 21 0 10 3
152 22 0 16 3
153 23 0 38 3
154 24 0 10 3
155 25 0 58 3
156 26 0 11 3
157 27 0 17 3
158 8 6 0 3
158 28 0 6 3
158 53 6 0 3
15 158 6 0 3
123 158 6 0 3
127 158 6 0 3
138 158 6 0 3
145 158 6 0 3
158 183 6 0 3
159 29 0 8 3
160 30 0 7 3
161 31 0 8 3
161 92 1 8 3
162 32 0 9 3
163 33 0 9 3
164 34 0 49 3
165 35 0 49 3
166 36 0 8 3
167 37 0 8 3
168 38 0 9 3
169 39 0 33 3
170 40 0 9 3
171 41 0 9 3
172 42 0 30 3
125 172 20 18 3
173 43 0 9 3
174 44 0 20 3
175 45 0 10 3
176 46 0 7 3
177 47 0 9 3
178 48 0 13 3
179 49 0 7 3
180 50 0 42 3
181 51 0 47 3
182 52 0 16 3
185 55 0 9 3
186 56 0 8 3
187 57 0 16 3
188 58 0 10 3
189 59 0 8 3
190 60 0 26 3
191 8 1 0 3
191 53 1 0 3
191 61 0 1 3
15 191 1 0 3
123 191 1 0 3
127 191 1 0 3
138 191 1 0 3
145 191 1 0 3
183 191 1 0 3
192 62 0 22 3
193 63 0 8 3
194 64 0 8 3
195 65 0 35 3
116 195 30 15 3
