Res1 Res2 NSingle NDouble Method
3 74 7 9 3
3 77 11 9 3
12 97 18 8 3
20 8 18 0 3
15 20 18 0 3
123 20 18 0 3
127 20 18 0 3
130 20 21 8 3
20 36 20 3 3
20 41 19 4 3
20 53 18 0 3
23 27 31 12 3
23 42 30 19 3
26 8 11 0 3
15 26 11 0 3
122 26 16 6 3
123 26 11 0 3
127 26 11 0 3
26 30 10 4 3
26 48 14 5 3
26 53 11 0 3
27 8 17 0 3
12 27 19 7 3
15 27 17 0 3
118 27 19 3 3
123 27 17 0 3
127 27 17 0 3
27 53 17 0 3
27 86 11 10 3
27 97 21 7 3
28 8 6 0 3
15 28 6 0 3
123 28 6 0 3
127 28 6 0 3
28 53 6 0 3
30 8 7 0 3
15 30 7 0 3
26 30 10 4 3
123 30 7 0 3
127 30 7 0 3
30 53 7 0 3
30 88 12 3 3
31 92 1 8 3
36 8 8 0 3
15 36 8 0 3
123 36 8 0 3
127 36 8 0 3
36 53 8 0 3
36 82 9 1 3
33 39 28 7 3
125 42 20 18 3
42 97 22 13 3
48 8 13 0 3
15 48 13 0 3
26 48 14 5 3
38 48 16 3 3
122 48 16 7 3
123 48 13 0 3
127 48 13 0 3
48 53 13 0 3
48 61 14 0 3
48 88 12 6 3
52 8 16 0 3
15 52 16 0 3
33 52 17 4 3
41 52 15 5 3
44 52 22 7 3
108 52 19 3 3
123 52 16 0 3
127 52 16 0 3
52 53 16 0 3
57 74 13 7 3
57 77 13 9 3
116 65 30 15 3
122 65 32 10 3
65 97 31 11 3
66 78 1 8 3
12 68 31 10 3
42 68 31 17 3
48 68 30 9 3
113 68 32 8 3
122 68 32 10 3
125 68 31 15 3
3 69 29 9 3
57 69 25 12 3
69 74 30 7 3
69 77 28 10 3
36 73 29 5 3
3 74 7 9 3
122 75 36 12 3
130 75 36 13 3
3 77 11 9 3
57 77 13 9 3
74 77 10 8 3
116 81 22 16 3
81 97 23 12 3
118 82 7 2 3
6 83 31 8 3
83 86 31 9 3
83 97 25 14 3
27 86 11 10 3
108 86 15 4 3
86 97 14 9 3
48 88 12 6 3
31 92 1 8 3
12 97 18 8 3
86 97 14 9 3
107 80 2 2 3
116 12 23 9 3
116 81 22 16 3
116 86 23 8 3
116 97 23 10 3
116 125 19 16 3
118 8 8 0 3
118 15 8 0 3
118 53 8 0 3
118 61 7 1 3
118 82 7 2 3
118 123 8 0 3
118 127 8 0 3
122 26 16 6 3
122 48 16 7 3
122 88 16 6 3
124 6 33 7 3
118 124 33 5 3
125 26 23 7 3
125 42 20 18 3
125 48 23 8 3
125 97 20 12 3
116 125 19 16 3
122 125 21 11 3
