Res1 Res2 NSingle NDouble Method
1 114 58 10 6
125 4 52 28 6
4 59 59 14 6
48 5 69 14 6
5 60 49 8 6
5 68 48 12 6
5 88 46 8 6
107 7 61 7 6
15 8 9 0 6
30 8 17 0 6
34 8 22 1 6
50 8 29 1 6
52 8 18 1 6
53 8 16 1 6
59 8 21 1 6
60 8 20 1 6
61 8 3 0 6
67 8 21 1 6
68 8 27 1 6
104 8 18 0 6
105 8 15 0 6
107 8 13 0 6
113 8 21 0 6
114 8 22 0 6
122 8 18 0 6
127 8 5 1 6
8 82 20 0 6
8 87 9 1 6
8 88 17 1 6
8 94 9 0 6
10 94 48 2 6
10 107 46 5 6
104 11 68 9 6
15 8 9 0 6
102 15 25 1 6
104 15 21 0 6
105 15 18 0 6
107 15 16 0 6
113 15 24 0 6
114 15 25 0 6
118 15 35 1 6
122 15 21 0 6
127 15 10 0 6
15 30 20 0 6
15 34 25 1 6
15 52 23 0 6
15 53 21 0 6
15 60 25 0 6
15 61 6 0 6
15 82 23 0 6
15 87 14 0 6
15 88 22 0 6
15 94 12 0 6
16 68 62 16 6
122 17 54 5 6
17 59 51 9 6
17 60 56 6 6
18 8 29 0 6
15 18 32 0 6
104 18 29 6 6
114 18 37 4 6
122 18 33 4 6
127 18 30 0 6
18 52 39 2 6
18 60 39 3 6
18 61 26 0 6
18 70 49 3 6
18 87 32 1 6
18 94 32 0 6
20 8 33 0 6
15 20 36 0 6
18 20 44 6 6
102 20 45 3 6
113 20 44 2 6
127 20 34 0 6
20 40 52 9 6
20 61 30 0 6
20 87 36 1 6
20 94 36 0 6
118 21 82 12 6
22 8 37 1 6
122 22 43 4 6
127 22 38 1 6
22 52 45 4 6
22 53 43 4 6
22 60 41 7 6
23 96 62 12 6
24 8 45 1 6
127 24 46 1 6
24 28 47 15 6
24 46 49 19 6
24 52 49 6 6
24 61 44 0 6
24 87 38 7 6
24 94 46 2 6
25 8 38 1 6
127 25 35 3 6
25 56 50 15 6
25 60 44 6 6
25 61 37 0 6
25 68 49 7 6
25 87 41 2 6
25 88 45 4 6
28 8 36 0 6
122 28 44 2 6
127 28 37 0 6
28 52 36 7 6
28 61 33 0 6
28 67 49 2 6
28 87 33 4 6
28 88 47 1 6
29 8 48 1 6
113 29 57 4 6
123 29 57 6 6
127 29 49 1 6
29 42 62 11 6
29 53 50 6 6
29 82 48 8 6
30 8 17 0 6
15 30 20 0 6
104 30 29 0 6
105 30 26 0 6
107 30 24 0 6
112 30 33 1 6
122 30 29 0 6
127 30 18 0 6
30 52 29 1 6
30 53 29 0 6
30 61 14 0 6
30 87 22 0 6
30 88 24 3 6
30 94 20 0 6
33 59 54 8 6
34 8 22 1 6
15 34 25 1 6
25 34 54 2 6
102 34 32 5 6
107 34 31 0 6
113 34 33 3 6
127 34 23 1 6
34 35 53 2 6
34 50 41 4 6
34 61 21 0 6
34 87 29 0 6
34 94 25 1 6
35 8 39 0 6
123 35 40 9 6
127 35 40 0 6
35 41 50 5 6
35 53 41 5 6
35 61 36 0 6
35 67 50 3 6
35 96 59 5 6
36 8 44 1 6
127 36 43 2 6
36 59 51 6 6
36 61 43 0 6
36 87 37 7 6
37 8 47 0 6
15 37 50 0 6
107 37 42 6 6
112 37 55 5 6
127 37 44 2 6
37 52 51 5 6
37 61 44 0 6
37 87 40 6 6
37 94 44 3 6
40 8 43 0 6
15 40 46 0 6
20 40 52 9 6
127 40 44 0 6
40 61 40 0 6
40 87 46 1 6
40 94 44 1 6
41 8 27 0 6
15 41 30 0 6
127 41 26 1 6
41 42 49 6 6
41 53 31 4 6
41 61 24 0 6
41 67 38 3 6
41 94 26 2 6
41 42 49 6 6
123 42 39 10 6
42 53 34 9 6
42 67 51 3 6
42 88 47 3 6
45 8 44 1 6
105 45 47 4 6
127 45 43 2 6
45 87 45 3 6
46 8 44 1 6
24 46 49 19 6
127 46 45 1 6
46 61 43 0 6
46 87 45 3 6
46 88 47 6 6
105 47 58 6 6
47 60 53 12 6
47 94 58 3 6
41 48 55 10 6
104 48 54 6 6
28 49 57 16 6
49 87 48 8 6
49 88 54 9 6
50 8 29 1 6
34 50 41 4 6
104 50 37 3 6
127 50 26 3 6
50 52 37 4 6
50 59 40 4 6
50 60 37 5 6
50 61 28 0 6
50 87 34 1 6
51 67 70 8 6
51 82 61 11 6
52 8 18 1 6
15 52 23 0 6
22 52 45 4 6
28 52 36 7 6
30 52 29 1 6
50 52 37 4 6
107 52 27 0 6
122 52 28 2 6
127 52 19 1 6
52 53 30 1 6
52 61 17 0 6
52 72 40 7 6
52 87 23 1 6
52 88 31 1 6
52 94 23 0 6
53 8 16 1 6
15 53 21 0 6
42 53 34 9 6
52 53 30 1 6
109 53 51 3 6
113 53 31 1 6
122 53 28 1 6
127 53 17 1 6
53 60 30 2 6
53 61 15 0 6
53 87 21 1 6
53 88 27 2 6
53 94 21 0 6
56 8 44 1 6
104 56 44 7 6
105 56 45 5 6
112 56 42 11 6
122 56 48 5 6
127 56 41 3 6
56 68 47 11 6
35 58 69 14 6
127 58 63 1 6
58 94 65 1 6
59 8 21 1 6
15 59 26 0 6
52 59 33 2 6
53 59 33 1 6
105 59 32 0 6
107 59 30 0 6
122 59 33 1 6
125 59 39 11 6
127 59 22 1 6
59 60 31 4 6
59 61 20 0 6
59 67 38 1 6
59 72 35 11 6
59 87 26 1 6
59 88 34 1 6
59 94 26 0 6
60 8 20 1 6
15 60 25 0 6
18 60 39 3 6
53 60 30 2 6
59 60 31 4 6
104 60 22 6 6
105 60 25 3 6
112 60 28 6 6
114 60 30 4 6
122 60 22 6 6
127 60 21 1 6
60 61 19 0 6
60 68 27 9 6
60 87 25 1 6
60 94 25 0 6
34 63 58 4 6
35 63 41 20 6
41 63 63 3 6
53 63 52 4 6
61 63 45 0 6
102 63 60 3 6
123 63 49 9 6
63 94 49 1 6
65 8 49 1 6
107 65 48 5 6
127 65 46 3 6
67 8 21 1 6
41 67 38 3 6
52 67 35 1 6
53 67 27 4 6
59 67 38 1 6
60 67 37 1 6
61 67 20 0 6
104 67 29 3 6
114 67 35 2 6
122 67 33 1 6
127 67 22 1 6
67 68 34 6 6
67 82 23 7 6
67 85 38 6 6
67 87 24 2 6
67 88 34 1 6
68 8 27 1 6
15 68 32 0 6
53 68 39 1 6
60 68 27 9 6
61 68 26 0 6
67 68 34 6 6
104 68 21 10 6
105 68 30 4 6
107 68 34 1 6
112 68 31 8 6
114 68 29 8 6
122 68 31 5 6
127 68 28 1 6
68 87 26 4 6
68 88 40 1 6
68 94 28 2 6
70 8 32 0 6
15 70 35 0 6
30 70 37 3 6
61 70 29 0 6
100 70 55 14 6
104 70 42 1 6
107 70 37 1 6
127 70 33 0 6
70 87 37 0 6
70 94 31 2 6
72 8 38 1 6
52 72 40 7 6
59 72 35 11 6
60 72 50 3 6
61 72 37 0 6
127 72 39 1 6
72 87 43 1 6
73 8 51 1 6
61 73 50 0 6
105 73 40 11 6
107 73 40 10 6
123 73 60 6 6
73 94 50 3 6
52 74 63 9 6
59 74 54 15 6
76 8 35 0 6
15 76 38 0 6
52 76 45 2 6
53 76 45 1 6
61 76 32 0 6
104 76 43 2 6
105 76 36 4 6
107 76 38 2 6
112 76 43 5 6
114 76 37 7 6
122 76 41 3 6
123 76 50 2 6
127 76 36 0 6
76 94 34 2 6
70 77 72 18 6
78 87 64 1 6
127 79 68 3 6
18 80 61 7 6
76 80 55 13 6
105 80 43 9 6
107 80 49 5 6
127 80 51 1 6
80 94 51 2 6
61 81 67 0 6
68 81 63 15 6
114 81 68 9 6
8 82 20 0 6
15 82 23 0 6
30 82 31 0 6
52 82 34 0 6
53 82 32 0 6
59 82 37 0 6
60 82 36 0 6
61 82 17 0 6
67 82 23 7 6
105 82 29 0 6
107 82 27 0 6
113 82 35 0 6
114 82 36 0 6
122 82 32 0 6
127 82 21 0 6
82 87 25 0 6
82 88 33 0 6
82 94 23 0 6
17 84 77 16 6
8 85 33 0 6
15 85 36 0 6
52 85 45 1 6
61 85 30 0 6
102 85 45 3 6
104 85 41 2 6
105 85 42 0 6
107 85 40 0 6
114 85 45 2 6
122 85 41 2 6
127 85 34 0 6
85 87 38 0 6
85 94 36 0 6
8 86 48 0 6
15 86 51 0 6
34 86 58 4 6
61 86 45 0 6
102 86 58 4 6
104 86 52 4 6
123 86 59 4 6
127 86 49 0 6
86 87 53 0 6
86 94 47 2 6
8 87 9 1 6
15 87 14 0 6
25 87 41 2 6
30 87 22 0 6
52 87 23 1 6
53 87 21 1 6
59 87 26 1 6
60 87 25 1 6
61 87 8 0 6
67 87 24 2 6
104 87 23 0 6
105 87 20 0 6
107 87 18 0 6
122 87 23 0 6
127 87 10 1 6
87 88 22 1 6
87 94 14 0 6
87 97 37 2 6
8 88 17 1 6
30 88 24 3 6
46 88 47 6 6
52 88 31 1 6
53 88 27 2 6
60 88 33 1 6
61 88 16 0 6
87 88 22 1 6
113 88 26 4 6
127 88 18 1 6
88 96 41 4 6
46 89 68 22 6
59 89 63 13 6
53 90 59 6 6
123 90 64 7 6
8 94 9 0 6
15 94 12 0 6
30 94 20 0 6
34 94 25 1 6
41 94 26 2 6
52 94 23 0 6
53 94 21 0 6
60 94 25 0 6
61 94 6 0 6
68 94 28 2 6
70 94 31 2 6
76 94 34 2 6
82 94 23 0 6
87 94 14 0 6
88 94 22 0 6
102 94 25 1 6
104 94 21 0 6
105 94 16 1 6
107 94 14 1 6
112 94 23 2 6
113 94 24 0 6
114 94 23 1 6
122 94 21 0 6
127 94 10 0 6
15 95 68 2 6
53 95 71 5 6
123 95 72 8 6
8 96 34 1 6
30 96 43 2 6
87 96 39 1 6
88 96 41 4 6
127 96 35 1 6
8 97 34 1 6
30 97 41 3 6
87 97 37 2 6
127 97 35 1 6
8 99 59 0 6
50 99 58 13 6
61 99 56 0 6
100 53 55 7 6
100 61 54 0 6
100 94 56 2 6
102 8 24 0 6
102 15 25 1 6
102 30 35 0 6
102 34 32 5 6
102 53 36 0 6
102 61 21 0 6
102 87 29 0 6
102 94 25 1 6
102 104 36 0 6
102 105 33 0 6
102 107 31 0 6
102 122 36 0 6
102 127 23 1 6
103 52 65 3 6
103 61 54 0 6
103 76 60 13 6
103 94 58 1 6
103 112 49 13 6
104 8 18 0 6
104 15 21 0 6
104 18 29 6 6
104 30 29 0 6
104 34 34 1 6
104 52 32 0 6
104 53 30 0 6
104 60 22 6 6
104 61 15 0 6
104 68 21 10 6
104 82 30 1 6
104 87 23 0 6
104 88 31 0 6
104 94 21 0 6
104 105 25 1 6
104 107 23 1 6
104 112 28 4 6
104 114 18 8 6
104 122 20 5 6
104 123 35 1 6
104 127 19 0 6
105 8 15 0 6
105 15 18 0 6
105 30 26 0 6
105 52 29 0 6
105 53 27 0 6
105 60 25 3 6
105 61 12 0 6
105 68 30 4 6
105 82 29 0 6
105 87 20 0 6
105 88 28 0 6
105 94 16 1 6
104 105 25 1 6
105 107 18 2 6
105 113 30 0 6
105 114 19 6 6
105 122 25 1 6
105 127 16 0 6
107 8 13 0 6
107 15 16 0 6
107 30 24 0 6
107 34 31 0 6
107 52 27 0 6
107 53 25 0 6
107 59 30 0 6
107 60 29 0 6
107 61 10 0 6
107 67 30 0 6
107 73 40 10 6
107 82 27 0 6
107 87 18 0 6
107 88 26 0 6
107 94 14 1 6
102 107 31 0 6
105 107 18 2 6
107 112 25 3 6
107 113 28 0 6
107 114 19 5 6
107 122 25 0 6
107 123 26 3 6
107 127 14 0 6
109 8 45 0 6
109 35 52 13 6
109 42 55 12 6
109 53 51 3 6
109 61 42 0 6
109 88 52 3 6
109 113 44 8 6
109 123 54 5 6
109 127 46 0 6
110 113 78 9 6
111 8 35 1 6
111 59 50 2 6
111 60 43 5 6
111 61 34 0 6
104 111 43 3 6
105 111 42 2 6
111 112 45 5 6
111 122 41 4 6
112 8 24 0 6
112 15 27 0 6
112 53 36 0 6
112 60 28 6 6
112 61 21 0 6
112 82 38 0 6
112 87 29 0 6
112 88 37 0 6
112 94 23 2 6
105 112 17 8 6
107 112 25 3 6
112 114 22 9 6
112 122 30 3 6
112 127 25 0 6
113 8 21 0 6
113 15 24 0 6
113 30 32 0 6
113 34 33 3 6
113 53 31 1 6
113 61 18 0 6
113 87 26 0 6
113 88 26 4 6
113 94 24 0 6
105 113 30 0 6
107 113 28 0 6
113 127 22 0 6
114 8 22 0 6
114 15 25 0 6
114 30 33 0 6
114 52 36 0 6
114 53 34 0 6
114 61 19 0 6
114 67 35 2 6
114 68 29 8 6
114 82 36 0 6
114 87 27 0 6
114 88 35 0 6
104 114 18 8 6
105 114 19 6 6
107 114 19 5 6
112 114 22 9 6
113 114 37 0 6
114 122 28 3 6
114 127 23 0 6
118 8 34 0 6
118 15 35 1 6
118 30 41 2 6
118 61 31 0 6
118 70 50 5 6
118 82 46 1 6
118 87 39 0 6
118 94 37 0 6
107 118 41 0 6
118 127 35 0 6
119 8 48 1 6
119 30 53 4 6
119 53 54 4 6
119 88 47 8 6
120 30 62 3 6
120 53 59 5 6
120 61 54 0 6
122 8 18 0 6
122 15 21 0 6
122 18 33 4 6
122 30 29 0 6
122 52 28 2 6
122 53 28 1 6
122 59 33 1 6
122 60 22 6 6
122 61 15 0 6
122 67 33 1 6
122 87 23 0 6
122 94 21 0 6
103 122 55 7 6
104 122 20 5 6
105 122 25 1 6
107 122 25 0 6
112 122 30 3 6
114 122 28 3 6
122 127 19 0 6
123 8 25 0 6
123 35 40 9 6
123 53 29 4 6
123 61 22 0 6
104 123 35 1 6
107 123 26 3 6
114 123 35 3 6
123 127 26 0 6
124 53 61 6 6
125 8 42 1 6
125 15 47 0 6
125 50 39 15 6
125 52 52 3 6
125 59 39 11 6
125 61 41 0 6
125 94 47 0 6
125 127 45 0 6
126 8 53 0 6
126 15 54 1 6
126 61 50 0 6
126 82 57 5 6
126 87 58 0 6
126 94 56 0 6
102 126 63 4 6
126 127 54 0 6
127 8 5 1 6
127 15 10 0 6
127 25 35 3 6
127 30 18 0 6
127 34 23 1 6
127 41 26 1 6
127 50 26 3 6
127 52 19 1 6
127 53 17 1 6
127 59 22 1 6
127 60 21 1 6
127 61 4 0 6
127 67 22 1 6
127 68 28 1 6
127 82 21 0 6
127 87 10 1 6
127 88 18 1 6
127 94 10 0 6
102 127 23 1 6
104 127 19 0 6
105 127 16 0 6
107 127 14 0 6
122 127 19 0 6
128 8 50 0 6
128 15 49 2 6
128 34 56 6 6
128 61 47 0 6
128 87 55 0 6
128 94 51 1 6
107 128 57 0 6
127 128 51 0 6
129 8 41 0 6
129 41 52 5 6
129 61 38 0 6
107 129 46 1 6
113 129 50 3 6
127 129 42 0 6
