Res1 Res2 NSingle NDouble Method
4 42 32 6 6
4 62 27 10 6
23 6 25 2 6
24 6 17 1 6
25 6 33 5 6
6 91 20 2 6
118 8 34 18 6
12 9 21 3 6
17 9 25 7 6
54 9 18 3 6
10 16 18 4 6
10 24 15 1 6
10 42 18 4 6
10 47 18 5 6
10 56 23 3 6
11 24 17 1 6
11 25 31 6 6
11 95 20 1 6
11 118 26 7 6
12 9 21 3 6
11 12 19 2 6
107 12 7 0 6
111 12 8 0 6
113 12 7 0 6
12 23 16 2 6
12 24 10 0 6
12 48 15 2 6
12 52 13 1 6
12 54 9 1 6
12 55 22 3 6
12 56 16 3 6
12 65 14 2 6
12 91 11 2 6
12 95 9 2 6
12 121 18 2 6
10 16 18 4 6
125 16 14 5 6
16 23 19 3 6
16 24 13 1 6
16 30 29 4 6
16 42 18 3 6
16 47 20 3 6
16 56 21 3 6
16 90 35 6 6
101 17 27 6 6
17 19 53 9 6
17 36 29 5 6
17 64 25 5 6
18 32 45 26 6
17 22 23 3 6
101 22 18 6 6
107 22 10 0 6
113 22 10 0 6
22 24 11 1 6
22 36 24 3 6
22 52 14 2 6
22 64 20 3 6
22 91 16 1 6
22 93 15 2 6
12 23 16 2 6
16 23 19 3 6
109 23 31 4 6
23 30 30 4 6
23 95 13 3 6
10 24 15 1 6
16 24 13 1 6
22 24 11 1 6
23 24 14 1 6
107 24 3 0 6
111 24 4 0 6
113 24 3 0 6
125 24 11 2 6
24 41 21 2 6
24 48 13 1 6
24 54 7 0 6
24 58 16 1 6
24 78 16 1 6
24 86 13 1 6
24 91 9 1 6
130 25 43 8 6
126 29 39 19 6
29 46 32 14 6
30 72 30 10 6
30 78 28 6 6
18 32 45 26 6
12 33 23 1 6
124 33 19 4 6
33 54 20 1 6
33 80 21 4 6
33 95 22 1 6
101 35 26 7 6
35 74 20 4 6
116 36 29 8 6
118 36 28 8 6
36 64 16 10 6
36 97 30 7 6
39 48 29 5 6
33 40 28 14 6
124 40 35 6 6
40 65 37 6 6
31 41 41 11 6
103 41 34 8 6
114 41 36 9 6
41 50 25 4 6
16 42 18 3 6
107 42 12 0 6
111 42 13 0 6
113 42 12 0 6
116 42 23 7 6
122 42 17 3 6
124 42 17 2 6
125 42 16 4 6
42 47 12 7 6
42 50 17 3 6
42 56 15 6 6
42 96 18 7 6
43 61 25 9 6
42 45 20 8 6
45 61 26 8 6
42 46 21 4 6
107 46 17 0 6
111 46 16 1 6
113 46 17 0 6
126 46 27 12 6
46 50 22 3 6
46 64 19 7 6
10 47 18 5 6
42 47 12 7 6
46 47 21 5 6
47 56 21 4 6
47 61 22 5 6
11 48 22 3 6
12 48 15 2 6
24 48 13 1 6
39 48 29 5 6
107 48 12 0 6
113 48 12 0 6
48 58 17 5 6
48 64 22 3 6
48 78 21 3 6
48 80 19 2 6
48 91 16 2 6
48 95 14 2 6
49 74 30 7 6
42 50 17 3 6
107 50 11 0 6
111 50 12 0 6
113 50 11 0 6
121 50 22 2 6
50 61 21 4 6
50 62 22 2 6
50 86 13 5 6
50 99 23 7 6
105 51 27 8 6
122 51 24 2 6
51 65 24 2 6
51 95 21 1 6
12 52 13 1 6
22 52 14 2 6
107 52 8 0 6
111 52 9 0 6
113 52 8 0 6
52 54 10 1 6
52 65 15 2 6
52 74 12 2 6
52 91 14 1 6
101 53 25 9 6
118 53 27 10 6
54 6 18 1 6
12 54 9 1 6
23 54 15 1 6
24 54 7 0 6
33 54 20 1 6
52 54 10 1 6
107 54 4 0 6
111 54 5 0 6
113 54 4 0 6
115 54 20 1 6
121 54 17 1 6
54 55 21 2 6
54 65 13 1 6
54 91 10 1 6
54 95 10 0 6
12 55 22 3 6
42 56 15 6 6
12 58 20 1 6
24 58 16 1 6
39 58 34 4 6
58 78 24 3 6
58 95 19 1 6
42 61 24 3 6
50 61 21 4 6
42 62 19 4 6
116 62 26 7 6
125 62 25 1 6
24 64 19 0 6
46 64 19 7 6
59 64 36 8 6
107 64 16 0 6
113 64 16 0 6
126 64 32 9 6
12 65 14 2 6
23 65 20 2 6
52 65 15 2 6
54 65 13 1 6
107 65 11 0 6
111 65 12 0 6
113 65 11 0 6
121 65 18 4 6
124 65 16 2 6
65 70 18 3 6
65 95 15 1 6
116 68 35 19 6
17 70 24 4 6
65 70 18 3 6
101 70 25 4 6
107 70 13 0 6
113 70 13 0 6
122 70 18 3 6
125 70 19 3 6
105 72 27 12 6
12 74 15 0 6
24 74 11 0 6
49 74 30 7 6
52 74 12 2 6
54 74 12 0 6
107 74 8 0 6
111 74 9 0 6
113 74 8 0 6
74 95 14 0 6
74 97 20 6 6
116 75 49 16 6
12 78 12 5 6
24 78 16 1 6
39 78 34 4 6
55 78 26 5 6
105 78 23 9 6
78 91 19 2 6
78 95 17 2 6
24 80 14 0 6
33 80 21 4 6
48 80 19 2 6
54 80 15 0 6
107 80 11 0 6
111 80 12 0 6
113 80 11 0 6
80 82 22 3 6
80 93 12 4 6
80 95 13 2 6
24 82 18 1 6
107 82 17 0 6
111 82 18 0 6
113 82 17 0 6
82 91 21 2 6
116 85 31 20 6
118 85 32 19 6
24 86 13 1 6
50 86 13 5 6
125 86 18 3 6
86 88 32 8 6
3 90 41 17 6
12 91 11 2 6
24 91 9 1 6
48 91 16 2 6
54 91 10 1 6
55 91 23 3 6
107 91 8 0 6
111 91 9 0 6
113 91 8 0 6
120 91 30 3 6
91 95 12 1 6
12 93 14 1 6
22 93 15 2 6
24 93 12 0 6
48 93 19 1 6
54 93 13 0 6
91 93 15 1 6
107 93 9 0 6
111 93 10 0 6
113 93 9 0 6
93 95 13 1 6
61 94 18 10 6
102 94 35 13 6
12 95 9 2 6
23 95 13 3 6
24 95 9 0 6
48 95 14 2 6
54 95 10 0 6
56 95 17 2 6
65 95 15 1 6
70 95 15 2 6
78 95 17 2 6
80 95 13 2 6
91 95 12 1 6
93 95 13 1 6
107 95 6 0 6
111 95 7 0 6
113 95 6 0 6
42 96 18 7 6
35 97 26 9 6
86 99 30 4 6
101 53 25 9 6
101 93 25 2 6
101 116 29 8 6
102 61 33 13 6
102 94 35 13 6
103 41 34 8 6
103 109 38 8 6
105 12 29 2 6
105 65 33 2 6
105 72 27 12 6
109 124 27 4 6
112 22 20 9 6
112 36 32 8 6
112 118 32 10 6
114 41 36 9 6
115 12 21 2 6
115 43 27 8 6
116 93 30 2 6
116 97 29 10 6
116 118 9 20 6
118 24 25 1 6
118 53 27 10 6
118 97 28 10 6
107 118 24 0 6
111 118 25 0 6
112 118 32 10 6
113 118 24 0 6
116 118 9 20 6
120 6 30 7 6
121 33 23 5 6
121 54 17 1 6
121 65 18 4 6
121 91 19 2 6
12 121 18 2 6
122 24 14 0 6
122 54 15 0 6
107 122 11 0 6
111 122 12 0 6
113 122 11 0 6
116 122 20 8 6
118 122 21 7 6
122 125 13 5 6
124 24 12 0 6
124 40 35 6 6
124 42 17 2 6
124 65 16 2 6
107 124 9 0 6
111 124 10 0 6
113 124 9 0 6
124 125 17 2 6
125 16 14 5 6
125 42 16 4 6
125 56 21 3 6
125 70 19 3 6
125 86 18 3 6
122 125 13 5 6
127 74 38 5 6
128 17 28 7 6
128 22 23 5 6
