Res1 Res2 NSingle NDouble Method
107 2 29 0 6
111 2 30 0 6
113 2 29 0 6
115 2 53 1 6
2 9 53 1 6
2 24 32 0 6
2 56 45 4 6
116 3 55 18 6
118 3 63 14 6
2 4 61 6 6
122 4 44 7 6
10 6 38 1 6
11 6 33 4 6
12 6 29 1 6
23 6 36 1 6
24 6 22 1 6
51 6 37 4 6
54 6 26 0 6
107 6 21 0 6
109 6 49 4 6
111 6 22 0 6
113 6 21 0 6
121 6 38 2 6
125 6 33 1 6
6 78 34 2 6
6 91 28 2 6
116 8 62 17 6
122 8 60 9 6
12 9 30 3 6
17 9 41 6 6
23 9 39 2 6
52 9 33 1 6
54 9 25 3 6
56 9 40 5 6
64 9 44 4 6
65 9 39 2 6
70 9 37 3 6
107 9 26 0 6
111 9 27 0 6
113 9 26 0 6
121 9 41 3 6
9 91 35 1 6
10 16 26 3 6
10 24 20 1 6
10 42 34 3 6
10 47 27 6 6
10 68 65 8 6
10 84 42 5 6
10 86 33 2 6
10 107 19 0 6
10 111 20 0 6
10 113 19 0 6
10 125 29 2 6
11 6 33 4 6
107 11 20 0 6
11 24 23 0 6
11 48 30 3 6
11 54 25 0 6
11 78 29 4 6
11 95 25 1 6
11 111 21 0 6
11 113 20 0 6
11 125 32 1 6
12 6 29 1 6
12 9 30 3 6
11 12 26 2 6
107 12 10 0 6
111 12 11 0 6
113 12 10 0 6
115 12 30 3 6
12 23 23 2 6
12 24 13 0 6
12 41 36 3 6
12 48 22 2 6
12 52 17 1 6
12 54 13 1 6
12 55 34 3 6
12 56 28 3 6
12 65 23 2 6
12 70 25 1 6
12 78 19 4 6
12 80 25 1 6
12 91 15 3 6
12 93 22 1 6
12 95 13 2 6
12 121 25 3 6
124 13 49 6 6
14 8 84 24 6
10 16 26 3 6
107 16 13 0 6
111 16 14 0 6
113 16 13 0 6
116 16 39 3 6
125 16 21 3 6
16 23 24 3 6
16 24 14 1 6
16 30 49 5 6
16 42 30 2 6
16 47 29 2 6
16 54 18 0 6
16 90 48 5 6
12 17 33 2 6
107 17 27 0 6
111 17 28 0 6
113 17 27 0 6
118 17 45 7 6
121 17 42 3 6
128 17 45 8 6
17 22 34 4 6
17 35 42 7 6
17 52 34 1 6
17 54 30 1 6
17 65 38 3 6
17 70 34 5 6
17 93 35 3 6
18 32 82 24 6
21 85 101 22 6
10 22 32 1 6
16 22 26 1 6
101 22 28 10 6
107 22 15 0 6
111 22 16 0 6
113 22 15 0 6
125 22 27 1 6
22 23 30 1 6
22 24 16 1 6
22 48 29 1 6
22 52 22 1 6
22 54 20 0 6
22 58 35 2 6
22 62 30 3 6
22 70 26 3 6
22 78 30 1 6
22 86 29 2 6
22 91 24 1 6
22 93 23 3 6
22 95 22 0 6
12 23 23 2 6
16 23 24 3 6
107 23 17 0 6
111 23 18 0 6
113 23 17 0 6
125 23 27 2 6
23 24 18 1 6
23 30 55 4 6
23 39 48 4 6
23 52 24 1 6
23 54 20 1 6
23 65 30 2 6
23 91 22 3 6
23 95 18 3 6
24 6 22 1 6
10 24 20 1 6
12 24 13 0 6
16 24 14 1 6
22 24 16 1 6
23 24 18 1 6
107 24 3 0 6
111 24 4 0 6
113 24 3 0 6
122 24 17 0 6
124 24 16 0 6
125 24 13 2 6
24 48 17 1 6
24 50 19 0 6
24 52 12 0 6
24 54 8 0 6
24 58 25 1 6
24 74 16 0 6
24 78 18 1 6
24 86 19 1 6
24 91 12 1 6
24 93 17 0 6
24 95 10 0 6
107 25 39 0 6
113 25 39 0 6
122 25 43 5 6
125 25 47 3 6
25 36 53 9 6
25 93 47 3 6
25 97 56 9 6
26 40 93 18 6
27 57 75 23 6
29 46 59 17 6
29 62 71 9 6
16 30 49 5 6
24 30 47 1 6
105 30 59 14 6
107 30 46 0 6
113 30 46 0 6
30 78 51 6 6
31 41 64 13 6
18 32 82 24 6
32 59 72 17 6
32 65 54 9 6
12 33 34 1 6
16 33 37 1 6
24 33 29 0 6
107 33 26 0 6
111 33 27 0 6
113 33 26 0 6
124 33 29 5 6
33 54 31 0 6
33 65 35 4 6
33 80 29 7 6
33 91 35 1 6
33 95 31 1 6
17 35 42 7 6
22 35 34 5 6
107 35 29 0 6
111 35 30 0 6
113 35 29 0 6
118 35 43 9 6
35 36 47 7 6
35 52 36 1 6
35 64 41 7 6
35 74 32 5 6
35 93 39 2 6
11 36 40 6 6
17 36 41 9 6
24 36 35 0 6
35 36 47 7 6
101 36 45 10 6
107 36 32 0 6
111 36 33 0 6
113 36 32 0 6
116 36 48 8 6
118 36 40 12 6
36 64 34 12 6
118 37 57 13 6
124 37 56 4 6
17 39 56 5 6
23 39 48 4 6
103 39 60 8 6
39 54 38 3 6
33 40 58 16 6
124 40 63 7 6
24 41 33 1 6
27 41 77 11 6
103 41 53 8 6
114 41 55 11 6
41 91 41 1 6
16 42 30 2 6
24 42 24 0 6
107 42 21 0 6
111 42 22 0 6
113 42 21 0 6
122 42 25 5 6
42 45 35 8 6
42 46 32 7 6
42 47 27 7 6
42 50 27 5 6
42 54 26 0 6
42 56 23 11 6
42 70 34 2 6
42 86 35 2 6
42 95 28 0 6
42 96 32 9 6
43 61 37 12 6
43 84 48 10 6
43 95 40 1 6
42 45 35 8 6
107 45 30 0 6
111 45 31 0 6
113 45 30 0 6
122 45 36 4 6
125 45 36 4 6
45 61 40 8 6
24 46 28 0 6
107 46 25 0 6
111 46 24 1 6
113 46 25 0 6
129 46 63 11 6
46 47 29 8 6
46 48 39 1 6
46 50 31 5 6
46 54 30 0 6
46 62 30 8 6
46 69 42 10 6
10 47 27 6 6
16 47 29 2 6
24 47 23 0 6
42 47 27 7 6
45 47 42 4 6
46 47 29 8 6
107 47 20 0 6
111 47 21 0 6
113 47 20 0 6
124 47 31 1 6
125 47 30 2 6
47 61 38 4 6
47 62 33 4 6
47 84 45 4 6
47 86 34 2 6
11 48 30 3 6
12 48 22 2 6
24 48 17 1 6
107 48 16 0 6
111 48 17 0 6
113 48 16 0 6
48 52 25 0 6
48 54 21 0 6
48 59 55 6 6
48 64 36 3 6
48 78 27 3 6
48 82 40 3 6
48 91 23 2 6
48 95 19 2 6
24 50 19 0 6
42 50 27 5 6
46 50 31 5 6
47 50 34 1 6
107 50 16 0 6
111 50 17 0 6
113 50 16 0 6
121 50 31 3 6
50 54 21 0 6
50 62 31 3 6
50 86 18 8 6
50 94 35 5 6
50 95 23 0 6
12 51 32 1 6
24 51 27 0 6
107 51 24 0 6
111 51 25 0 6
113 51 24 0 6
122 51 34 2 6
51 54 29 0 6
51 70 37 2 6
51 71 67 7 6
51 78 37 2 6
51 95 29 1 6
12 52 17 1 6
22 52 22 1 6
23 52 24 1 6
24 52 12 0 6
26 52 68 3 6
107 52 9 0 6
111 52 10 0 6
113 52 9 0 6
121 52 28 1 6
52 54 12 1 6
52 65 22 2 6
52 74 18 2 6
52 91 18 1 6
52 95 16 0 6
22 53 39 5 6
53 62 45 5 6
12 54 13 1 6
16 54 18 0 6
17 54 30 1 6
22 54 20 0 6
23 54 20 1 6
24 54 8 0 6
52 54 12 1 6
107 54 5 0 6
111 54 6 0 6
113 54 5 0 6
115 54 29 1 6
121 54 24 1 6
122 54 19 0 6
124 54 18 0 6
125 54 19 0 6
54 65 20 1 6
54 74 18 0 6
54 79 47 4 6
54 91 14 1 6
54 93 19 0 6
54 95 12 0 6
12 55 34 3 6
120 55 61 6 6
55 78 37 5 6
55 91 33 4 6
24 56 27 0 6
42 56 23 11 6
54 56 29 0 6
107 56 24 0 6
111 56 25 0 6
113 56 24 0 6
56 80 39 1 6
56 91 33 1 6
56 93 36 1 6
12 58 32 1 6
16 58 35 1 6
24 58 25 1 6
48 58 26 7 6
54 58 29 0 6
107 58 24 0 6
111 58 25 0 6
113 58 24 0 6
58 91 31 2 6
58 95 29 1 6
24 59 52 1 6
46 59 44 16 6
51 60 73 10 6
60 72 68 16 6
60 78 70 8 6
23 61 41 1 6
24 61 29 0 6
42 61 39 4 6
45 61 40 8 6
47 61 38 4 6
50 61 34 4 6
107 61 26 0 6
111 61 27 0 6
113 61 26 0 6
115 61 38 7 6
122 61 36 2 6
125 61 38 1 6
61 62 41 3 6
61 86 36 4 6
61 94 29 13 6
11 62 39 1 6
24 62 24 0 6
42 62 30 6 6
46 62 30 8 6
47 62 33 4 6
107 62 21 0 6
111 62 22 0 6
113 62 21 0 6
122 62 33 1 6
62 64 35 6 6
2 64 43 6 6
17 64 35 9 6
24 64 29 0 6
35 64 41 7 6
46 64 35 8 6
52 64 35 0 6
54 64 31 0 6
62 64 35 6 6
101 64 41 9 6
107 64 26 0 6
111 64 25 1 6
113 64 26 0 6
118 64 44 7 6
64 95 33 0 6
12 65 23 2 6
16 65 28 1 6
23 65 30 2 6
24 65 20 0 6
52 65 22 2 6
54 65 20 1 6
107 65 17 0 6
109 65 39 7 6
111 65 18 0 6
113 65 17 0 6
121 65 30 4 6
124 65 24 3 6
65 70 28 3 6
65 78 32 1 6
65 91 26 1 6
16 69 44 3 6
46 69 42 10 6
64 69 41 11 6
107 69 37 0 6
113 69 37 0 6
125 69 45 3 6
12 70 25 1 6
17 70 34 5 6
22 70 26 3 6
24 70 20 0 6
54 70 22 0 6
62 70 32 3 6
65 70 28 3 6
107 70 17 0 6
111 70 18 0 6
113 70 17 0 6
122 70 25 3 6
125 70 25 3 6
70 78 30 2 6
70 95 20 2 6
71 95 60 2 6
24 72 34 0 6
51 72 47 4 6
54 72 36 0 6
107 72 31 0 6
111 72 32 0 6
113 72 31 0 6
72 78 38 5 6
72 95 34 2 6
12 74 23 0 6
16 74 26 0 6
24 74 16 0 6
54 74 18 0 6
107 74 13 0 6
111 74 14 0 6
113 74 13 0 6
122 74 27 0 6
124 74 26 0 6
125 74 27 0 6
127 74 57 6 6
74 91 24 0 6
74 93 27 0 6
74 95 20 0 6
6 78 34 2 6
11 78 29 4 6
12 78 19 4 6
24 78 18 1 6
48 78 27 3 6
51 78 37 2 6
52 78 26 0 6
54 78 22 0 6
56 78 37 2 6
58 78 37 2 6
70 78 30 2 6
107 78 17 0 6
111 78 18 0 6
113 78 17 0 6
120 78 46 7 6
78 91 24 2 6
78 95 20 2 6
17 79 57 10 6
54 79 47 4 6
12 80 25 1 6
16 80 30 0 6
24 80 20 0 6
48 80 31 1 6
52 80 26 0 6
54 80 22 0 6
70 80 32 1 6
74 80 30 0 6
78 80 32 1 6
107 80 17 0 6
111 80 18 0 6
113 80 17 0 6
124 80 30 0 6
80 82 39 4 6
80 91 26 1 6
80 95 20 2 6
24 82 31 1 6
48 82 40 3 6
52 82 39 0 6
54 82 35 0 6
80 82 39 4 6
107 82 30 0 6
111 82 31 0 6
113 82 30 0 6
126 82 61 10 6
128 82 44 10 6
82 91 37 2 6
82 95 37 0 6
59 83 78 21 6
62 83 76 7 6
74 83 66 8 6
10 84 42 5 6
61 84 47 6 6
110 84 56 12 6
125 84 43 2 6
116 85 55 16 6
118 85 55 16 6
16 86 29 1 6
22 86 29 2 6
23 86 33 1 6
24 86 19 1 6
48 86 32 1 6
50 86 18 8 6
70 86 33 1 6
78 86 33 1 6
107 86 18 0 6
111 86 19 0 6
112 86 42 6 6
113 86 18 0 6
118 86 40 5 6
124 86 29 1 6
125 86 26 3 6
86 91 27 1 6
86 94 33 7 6
86 99 42 6 6
86 88 45 10 6
107 88 47 0 6
111 88 48 0 6
113 88 47 0 6
118 88 49 15 6
88 97 58 12 6
103 89 94 18 6
6 91 28 2 6
12 91 15 3 6
16 91 22 1 6
22 91 24 1 6
23 91 22 3 6
24 91 12 1 6
48 91 23 2 6
52 91 18 1 6
54 91 14 1 6
55 91 33 4 6
65 91 26 1 6
78 91 24 2 6
80 91 26 1 6
86 91 27 1 6
107 91 11 0 6
111 91 12 0 6
113 91 11 0 6
120 91 46 4 6
121 91 26 3 6
125 91 23 1 6
91 93 23 1 6
91 95 16 1 6
12 93 22 1 6
22 93 23 3 6
24 93 17 0 6
48 93 28 1 6
52 93 23 0 6
54 93 19 0 6
78 93 29 1 6
91 93 23 1 6
107 93 14 0 6
111 93 15 0 6
113 93 14 0 6
121 93 33 1 6
93 95 19 1 6
50 94 35 5 6
61 94 29 13 6
86 94 33 7 6
107 94 29 0 6
113 94 29 0 6
115 94 37 9 6
11 95 25 1 6
12 95 13 2 6
16 95 20 0 6
23 95 18 3 6
24 95 10 0 6
33 95 31 1 6
45 95 35 1 6
48 95 19 2 6
51 95 29 1 6
52 95 16 0 6
54 95 12 0 6
55 95 35 1 6
58 95 29 1 6
70 95 20 2 6
74 95 20 0 6
78 95 20 2 6
80 95 20 2 6
91 95 16 1 6
93 95 19 1 6
107 95 7 0 6
111 95 8 0 6
113 95 7 0 6
115 95 31 1 6
121 95 26 1 6
122 95 21 0 6
124 95 20 0 6
125 95 21 0 6
8 96 69 12 6
24 96 30 1 6
42 96 32 9 6
47 96 35 7 6
56 96 41 6 6
61 96 35 10 6
107 96 29 0 6
111 96 30 0 6
113 96 29 0 6
122 96 37 3 6
124 96 34 4 6
125 96 37 3 6
24 97 38 0 6
35 97 46 9 6
36 97 47 10 6
74 97 30 9 6
107 97 35 0 6
111 97 36 0 6
113 97 35 0 6
118 97 47 10 6
22 99 47 2 6
50 99 34 9 6
107 99 36 0 6
113 99 36 0 6
101 12 41 1 6
101 22 28 10 6
101 70 42 4 6
101 72 50 7 6
101 93 41 3 6
101 95 38 1 6
101 107 33 0 6
101 111 34 0 6
101 113 33 0 6
101 122 45 1 6
102 61 57 15 6
102 94 58 16 6
103 12 45 1 6
103 39 60 8 6
103 41 53 8 6
103 52 44 1 6
103 91 44 2 6
103 109 57 8 6
105 12 47 2 6
105 48 55 1 6
105 51 45 10 6
105 65 56 1 6
105 70 54 2 6
105 78 38 10 6
105 95 46 1 6
105 107 41 0 6
105 111 42 0 6
105 113 41 0 6
109 12 44 1 6
109 52 43 1 6
109 65 39 7 6
109 91 45 1 6
109 124 41 4 6
110 91 54 2 6
110 129 73 17 6
112 22 35 8 6
112 97 57 7 6
101 112 53 8 6
112 116 52 8 6
112 118 48 10 6
114 2 60 7 6
114 41 55 11 6
114 91 52 2 6
115 12 30 3 6
115 54 29 1 6
115 61 38 7 6
115 91 31 3 6
115 94 37 9 6
115 95 31 1 6
107 115 26 0 6
111 115 27 0 6
113 115 26 0 6
115 121 37 5 6
116 24 35 0 6
116 54 37 0 6
116 62 33 10 6
116 93 44 1 6
116 95 39 0 6
107 116 32 0 6
111 116 33 0 6
113 116 32 0 6
116 118 24 20 6
116 122 32 7 6
116 124 41 2 6
118 16 41 2 6
118 24 33 1 6
118 35 43 9 6
118 52 41 0 6
118 54 37 0 6
118 93 44 1 6
118 95 39 0 6
101 118 45 10 6
107 118 32 0 6
111 118 33 0 6
113 118 32 0 6
116 118 24 20 6
118 124 43 1 6
120 6 46 9 6
120 24 44 1 6
120 54 46 1 6
120 78 46 7 6
120 95 48 1 6
120 98 90 13 6
12 120 41 6 6
120 121 52 6 6
121 16 32 1 6
121 24 24 0 6
121 52 28 1 6
121 54 24 1 6
121 65 30 4 6
121 91 26 3 6
121 93 33 1 6
121 95 26 1 6
12 121 25 3 6
107 121 21 0 6
111 121 22 0 6
113 121 21 0 6
122 24 17 0 6
122 42 25 5 6
122 52 23 0 6
122 54 19 0 6
122 70 25 3 6
122 91 25 0 6
122 95 21 0 6
12 122 24 0 6
107 122 14 0 6
111 122 15 0 6
113 122 14 0 6
116 122 32 7 6
118 122 34 6 6
122 124 21 3 6
122 125 20 4 6
124 23 28 1 6
124 24 16 0 6
124 33 29 5 6
124 42 28 3 6
124 47 31 1 6
124 54 18 0 6
124 56 31 3 6
124 65 24 3 6
124 86 29 1 6
124 95 20 0 6
124 96 34 4 6
107 124 13 0 6
111 124 14 0 6
113 124 13 0 6
122 124 21 3 6
124 125 25 1 6
125 16 21 3 6
125 23 27 2 6
125 24 13 2 6
125 42 27 4 6
125 45 36 4 6
125 47 30 2 6
125 54 19 0 6
125 56 32 3 6
125 70 25 3 6
125 86 26 3 6
125 91 23 1 6
125 95 21 0 6
10 125 29 2 6
107 125 14 0 6
111 125 15 0 6
113 125 14 0 6
122 125 20 4 6
126 46 42 17 6
126 59 58 22 6
127 84 59 15 6
127 94 57 14 6
127 95 59 2 6
128 36 52 7 6
128 54 37 1 6
128 82 44 10 6
101 128 53 7 6
107 128 34 0 6
111 128 35 0 6
113 128 34 0 6
130 50 45 5 6
130 86 41 8 6
130 94 52 8 6
127 130 67 14 6
