Res1 Res2 NSingle NDouble Method
12 9 21 3 6
10 16 18 4 6
12 23 16 2 6
16 23 19 3 6
10 24 15 1 6
16 24 13 1 6
22 24 11 1 6
18 32 45 26 6
16 42 18 3 6
10 47 18 5 6
42 47 12 7 6
12 48 15 2 6
24 48 13 1 6
39 48 29 5 6
42 50 17 3 6
12 52 13 1 6
22 52 14 2 6
12 54 9 1 6
24 54 7 0 6
33 54 20 1 6
52 54 10 1 6
12 55 22 3 6
42 56 15 6 6
24 58 16 1 6
50 61 21 4 6
46 64 19 7 6
12 65 14 2 6
52 65 15 2 6
54 65 13 1 6
65 70 18 3 6
49 74 30 7 6
52 74 12 2 6
24 78 16 1 6
33 80 21 4 6
48 80 19 2 6
24 86 13 1 6
50 86 13 5 6
12 91 11 2 6
24 91 9 1 6
48 91 16 2 6
54 91 10 1 6
22 93 15 2 6
12 95 9 2 6
23 95 13 3 6
48 95 14 2 6
54 95 10 0 6
65 95 15 1 6
78 95 17 2 6
80 95 13 2 6
91 95 12 1 6
93 95 13 1 6
42 96 18 7 6
101 53 25 9 6
102 94 35 13 6
103 41 34 8 6
105 72 27 12 6
114 41 36 9 6
118 53 27 10 6
112 118 32 10 6
116 118 9 20 6
121 54 17 1 6
121 65 18 4 6
12 121 18 2 6
124 40 35 6 6
124 42 17 2 6
124 65 16 2 6
125 16 14 5 6
125 42 16 4 6
125 70 19 3 6
125 86 18 3 6
122 125 13 5 6
