Res1 Res2 NSingle NDouble Method
11 6 33 4 6
12 6 29 1 6
12 9 30 3 6
10 16 26 3 6
12 23 23 2 6
16 23 24 3 6
24 6 22 1 6
10 24 20 1 6
12 24 13 0 6
16 24 14 1 6
22 24 16 1 6
23 24 18 1 6
16 30 49 5 6
18 32 82 24 6
17 35 42 7 6
35 36 47 7 6
23 39 48 4 6
16 42 30 2 6
42 45 35 8 6
10 47 27 6 6
16 47 29 2 6
42 47 27 7 6
46 47 29 8 6
11 48 30 3 6
12 48 22 2 6
24 48 17 1 6
24 50 19 0 6
42 50 27 5 6
46 50 31 5 6
12 52 17 1 6
22 52 22 1 6
23 52 24 1 6
24 52 12 0 6
12 54 13 1 6
16 54 18 0 6
17 54 30 1 6
22 54 20 0 6
23 54 20 1 6
24 54 8 0 6
52 54 12 1 6
12 55 34 3 6
42 56 23 11 6
24 58 25 1 6
45 61 40 8 6
47 61 38 4 6
46 62 30 8 6
47 62 33 4 6
35 64 41 7 6
62 64 35 6 6
12 65 23 2 6
23 65 30 2 6
52 65 22 2 6
54 65 20 1 6
46 69 42 10 6
12 70 25 1 6
17 70 34 5 6
22 70 26 3 6
65 70 28 3 6
24 74 16 0 6
54 74 18 0 6
6 78 34 2 6
11 78 29 4 6
12 78 19 4 6
24 78 18 1 6
48 78 27 3 6
51 78 37 2 6
70 78 30 2 6
54 79 47 4 6
12 80 25 1 6
48 82 40 3 6
80 82 39 4 6
10 84 42 5 6
22 86 29 2 6
24 86 19 1 6
50 86 18 8 6
6 91 28 2 6
12 91 15 3 6
22 91 24 1 6
23 91 22 3 6
24 91 12 1 6
48 91 23 2 6
52 91 18 1 6
54 91 14 1 6
55 91 33 4 6
65 91 26 1 6
78 91 24 2 6
80 91 26 1 6
86 91 27 1 6
12 93 22 1 6
22 93 23 3 6
24 93 17 0 6
54 93 19 0 6
91 93 23 1 6
50 94 35 5 6
61 94 29 13 6
86 94 33 7 6
11 95 25 1 6
12 95 13 2 6
23 95 18 3 6
24 95 10 0 6
33 95 31 1 6
48 95 19 2 6
51 95 29 1 6
52 95 16 0 6
54 95 12 0 6
58 95 29 1 6
70 95 20 2 6
74 95 20 0 6
78 95 20 2 6
80 95 20 2 6
91 95 16 1 6
93 95 19 1 6
42 96 32 9 6
101 22 28 10 6
103 39 60 8 6
103 41 53 8 6
109 65 39 7 6
114 41 55 11 6
115 12 30 3 6
115 54 29 1 6
115 61 38 7 6
115 94 37 9 6
115 95 31 1 6
118 35 43 9 6
116 118 24 20 6
120 78 46 7 6
121 52 28 1 6
121 54 24 1 6
121 65 30 4 6
121 91 26 3 6
121 93 33 1 6
121 95 26 1 6
12 121 25 3 6
122 24 17 0 6
122 42 25 5 6
122 54 19 0 6
122 70 25 3 6
122 95 21 0 6
116 122 32 7 6
124 24 16 0 6
124 33 29 5 6
124 47 31 1 6
124 54 18 0 6
124 65 24 3 6
124 86 29 1 6
124 95 20 0 6
124 96 34 4 6
122 124 21 3 6
125 16 21 3 6
125 23 27 2 6
125 24 13 2 6
125 45 36 4 6
125 47 30 2 6
125 54 19 0 6
125 70 25 3 6
125 86 26 3 6
125 91 23 1 6
125 95 21 0 6
10 125 29 2 6
122 125 20 4 6
128 82 44 10 6
