Res1 Res2 NSingle NDouble Method
18 7 0 6 4
21 7 0 6 4
18 21 0 6 4
25 41 2 7 4
44 9 2 3 4
17 45 0 5 4
40 45 3 3 4
48 9 2 3 4
44 48 0 4 4
28 49 2 11 4
30 53 0 7 4
17 57 1 4 4
45 57 1 4 4
17 62 1 4 4
45 62 1 4 4
43 64 0 4 4
32 65 2 8 4
30 69 0 7 4
53 69 0 7 4
12 74 2 4 4
40 74 2 3 4
32 77 3 8 4
65 77 3 8 4
17 81 0 5 4
45 81 0 5 4
57 81 1 4 4
62 81 1 4 4
76 88 2 9 4
12 92 2 4 4
74 92 2 3 4
31 93 0 12 4
43 96 0 4 4
64 96 0 4 4
17 99 0 5 4
45 99 0 5 4
57 99 1 4 4
62 99 1 4 4
81 99 0 5 4
104 51 0 7 4
106 109 0 4 4
110 32 2 8 4
110 65 0 9 4
110 77 3 8 4
112 87 0 7 4
113 30 0 7 4
113 53 0 7 4
113 69 0 7 4
117 17 1 4 4
117 45 1 4 4
117 62 0 4 4
117 81 1 4 4
117 99 1 4 4
119 9 2 3 4
119 43 0 4 4
119 64 0 4 4
119 96 0 4 4
120 22 0 9 4
123 44 0 4 4
123 48 0 4 4
125 9 0 4 4
125 44 2 3 4
125 48 2 3 4
119 125 2 3 4
