Res1 Res2 NSingle NDouble Method
1 59 25 27 2
5 50 6 19 2
11 32 6 22 2
14 42 17 18 2
16 29 33 40 2
117 18 2 6 2
115 28 16 11 2
28 40 14 17 2
28 43 18 15 2
29 6 30 39 2
30 73 15 21 2
11 32 6 22 2
23 36 23 20 2
38 48 0 4 2
28 40 14 17 2
40 43 10 19 2
41 88 23 22 2
40 43 10 19 2
115 43 16 11 2
38 48 0 4 2
5 50 6 19 2
110 66 6 5 2
121 66 5 5 2
123 66 6 5 2
129 66 6 5 2
5 91 8 18 2
114 94 12 14 2
78 96 14 18 2
110 99 3 6 2
121 99 2 6 2
129 99 3 6 2
105 112 0 11 2
109 125 4 7 2
110 99 3 6 2
110 121 1 7 2
110 129 0 8 2
105 112 0 11 2
116 119 0 5 2
116 119 0 5 2
121 99 2 6 2
110 121 1 7 2
121 129 1 7 2
129 99 3 6 2
110 129 0 8 2
121 129 1 7 2
