Res1 Res2 NSingle NDouble Method
1 131 0 31 2
132 2 0 8 2
133 3 0 45 2
134 4 0 42 2
135 5 0 34 2
136 6 0 25 2
137 7 0 39 2
138 8 0 7 2
139 9 0 26 2
10 140 0 38 2
11 141 0 65 2
12 142 0 46 2
13 143 0 17 2
14 144 0 40 2
145 15 0 7 2
146 16 0 47 2
147 17 0 28 2
148 18 0 33 2
149 19 0 8 2
150 20 0 26 2
151 21 0 28 2
152 22 0 41 2
153 23 0 7 2
154 24 0 52 2
155 25 0 34 2
156 26 0 65 2
157 27 0 41 2
158 28 0 26 2
159 29 0 35 2
160 30 0 2 2
161 31 0 28 2
162 32 0 32 2
163 33 0 27 2
164 34 0 68 2
165 35 0 43 2
166 36 0 23 2
167 37 0 34 2
168 38 0 31 2
169 39 0 34 2
170 40 0 32 2
171 41 0 12 2
172 42 0 30 2
173 43 0 24 2
174 44 0 40 2
175 45 0 37 2
176 46 0 53 2
177 47 0 49 2
178 48 0 19 2
179 49 0 20 2
180 50 0 24 2
181 51 0 66 2
182 52 0 65 2
183 53 0 1 2
184 54 0 28 2
185 55 0 22 2
186 56 0 24 2
187 57 0 16 2
188 58 0 45 2
189 59 0 15 2
190 60 0 38 2
192 62 0 19 2
193 63 0 34 2
194 64 0 34 2
195 65 0 27 2
