Res1 Res2 NSingle NDouble Method
10 101 4 5 7
109 18 6 6 7
117 18 3 6 7
125 18 6 4 7
38 65 4 4 7
20 47 13 10 7
48 65 4 4 7
38 65 4 4 7
48 65 4 4 7
107 65 5 4 7
121 66 6 5 7
18 81 8 7 7
38 86 4 5 7
48 86 4 5 7
107 86 5 5 7
38 87 5 5 7
48 87 5 5 7
107 87 6 5 7
118 93 5 12 7
110 99 3 6 7
121 99 1 7 7
123 99 4 6 7
129 99 3 6 7
10 101 4 5 7
101 125 4 4 7
107 38 3 5 7
107 48 3 5 7
107 65 5 4 7
107 86 5 5 7
109 18 6 6 7
109 125 6 4 7
110 121 2 6 7
116 38 6 4 7
116 48 6 4 7
116 65 4 5 7
116 119 0 8 7
117 125 3 4 7
119 38 6 4 7
119 48 6 4 7
119 65 4 5 7
116 119 0 8 7
110 121 2 6 7
121 123 5 5 7
121 129 2 6 7
123 99 4 6 7
121 123 5 5 7
123 127 3 6 7
117 125 3 4 7
123 127 3 6 7
121 129 2 6 7
