Res1 Res2 NSingle NDouble Method
15 20 18 4 5
11 23 13 14 5
34 36 11 4 5
35 36 7 4 5
35 45 8 6 5
44 56 9 4 5
60 8 4 0 5
35 60 7 1 5
56 60 7 1 5
61 66 6 1 5
68 69 11 7 5
56 70 7 3 5
36 73 9 4 5
69 74 9 8 5
74 80 8 9 5
35 83 5 4 5
73 83 7 4 5
73 87 5 6 5
65 89 12 6 5
66 89 10 2 5
61 94 5 3 5
66 94 9 1 5
44 95 9 3 5
56 95 6 3 5
66 95 7 1 5
70 95 5 3 5
83 95 7 2 5
35 98 6 5 5
83 98 7 4 5
70 99 8 3 5
101 35 6 4 5
101 73 6 5 5
101 83 7 3 5
101 87 7 4 5
101 98 6 5 5
101 99 7 4 5
103 83 7 4 5
103 99 5 6 5
101 103 6 5 5
104 87 8 5 5
104 98 3 8 5
101 104 9 4 5
106 41 12 2 5
108 80 10 11 5
109 41 12 2 5
108 113 11 11 5
106 114 11 4 5
109 114 13 3 5
116 35 7 3 5
116 70 6 3 5
116 83 4 4 5
116 98 7 4 5
116 99 4 5 5
101 116 7 3 5
103 116 5 5 5
104 116 8 4 5
110 116 8 4 5
117 73 9 4 5
117 83 6 4 5
117 87 8 4 5
117 99 6 5 5
101 117 7 4 5
103 117 5 6 5
116 117 6 4 5
119 45 8 7 5
119 73 10 4 5
119 87 9 4 5
101 119 8 4 5
120 41 13 2 5
120 78 14 5 5
106 120 13 4 5
114 120 12 4 5
121 51 9 6 5
121 90 8 7 5
121 98 7 5 5
103 121 5 6 5
104 121 8 5 5
117 121 4 6 5
124 8 4 0 5
124 24 7 1 5
124 35 7 1 5
124 60 4 0 5
124 70 4 2 5
124 83 6 1 5
124 95 5 1 5
124 98 7 2 5
124 99 6 2 5
101 124 5 2 5
103 124 7 2 5
104 124 8 2 5
116 124 4 2 5
128 35 6 4 5
128 70 7 3 5
128 83 3 5 5
128 98 6 5 5
128 99 5 5 5
101 128 6 4 5
103 128 4 6 5
104 128 7 5 5
116 128 1 6 5
117 128 5 5 5
124 128 5 2 5
129 28 23 7 5
129 62 25 8 5
