Res1 Res2 NSingle NDouble Method
16 7 12 3 5
16 8 8 0 5
15 20 18 4 5
15 26 16 3 5
34 36 11 4 5
35 36 7 4 5
41 8 8 0 5
44 56 9 4 5
60 8 4 0 5
35 60 7 1 5
56 60 7 1 5
61 8 6 0 5
60 61 6 0 5
66 8 6 0 5
44 66 10 2 5
60 66 6 0 5
61 66 6 1 5
56 70 7 3 5
68 70 9 4 5
35 73 8 4 5
36 73 9 4 5
68 74 10 6 5
74 80 8 9 5
76 80 11 11 5
8 83 8 0 5
35 83 5 4 5
73 83 7 4 5
35 87 9 3 5
36 87 10 3 5
73 87 5 6 5
83 87 8 3 5
61 94 5 3 5
66 94 9 1 5
8 95 7 0 5
44 95 9 3 5
56 95 6 3 5
60 95 7 0 5
66 95 7 1 5
70 95 5 3 5
83 95 7 2 5
35 98 6 5 5
83 98 7 4 5
35 99 9 3 5
70 99 8 3 5
83 99 8 3 5
101 35 6 4 5
101 36 9 3 5
101 73 6 5 5
101 83 7 3 5
101 87 7 4 5
101 98 6 5 5
101 99 7 4 5
103 35 8 4 5
103 70 9 3 5
103 83 7 4 5
103 87 9 4 5
103 99 5 6 5
101 103 6 5 5
104 35 9 4 5
104 87 8 5 5
104 98 3 8 5
104 99 10 4 5
101 104 9 4 5
106 41 12 2 5
106 61 10 2 5
106 78 17 3 5
108 80 10 11 5
110 83 8 4 5
108 113 11 11 5
114 78 16 3 5
106 114 11 4 5
116 8 8 0 5
116 35 7 3 5
116 70 6 3 5
116 83 4 4 5
116 98 7 4 5
116 99 4 5 5
101 116 7 3 5
103 116 5 5 5
104 116 8 4 5
110 116 8 4 5
117 35 9 3 5
117 83 6 4 5
117 87 8 4 5
117 99 6 5 5
101 117 7 4 5
103 117 5 6 5
116 117 6 4 5
119 35 8 4 5
119 36 11 3 5
119 45 8 7 5
119 73 10 4 5
119 87 9 4 5
101 119 8 4 5
120 41 13 2 5
120 78 14 5 5
106 120 13 4 5
114 120 12 4 5
121 51 9 6 5
121 83 8 3 5
121 98 7 5 5
101 121 9 3 5
103 121 5 6 5
104 121 8 5 5
116 121 8 3 5
117 121 4 6 5
124 8 4 0 5
124 24 7 1 5
124 35 7 1 5
124 60 4 0 5
124 61 6 0 5
124 66 6 0 5
124 70 4 2 5
124 83 6 1 5
124 87 8 1 5
124 95 5 1 5
124 98 7 2 5
124 99 6 2 5
101 124 5 2 5
103 124 7 2 5
104 124 8 2 5
116 124 4 2 5
117 124 8 1 5
128 35 6 4 5
128 70 7 3 5
128 83 3 5 5
128 98 6 5 5
128 99 5 5 5
101 128 6 4 5
103 128 4 6 5
104 128 7 5 5
116 128 1 6 5
117 128 5 5 5
121 128 7 4 5
124 128 5 2 5
1 131 0 25 5
132 2 0 17 5
133 3 0 31 5
134 4 0 28 5
135 5 0 18 5
136 6 0 15 5
137 7 0 12 5
137 16 12 3 5
138 8 0 2 5
138 15 9 0 5
138 16 8 0 5
138 35 9 0 5
138 41 8 0 5
138 56 9 0 5
138 60 4 0 5
138 61 6 0 5
138 66 6 0 5
138 83 8 0 5
138 94 9 0 5
138 95 7 0 5
116 138 8 0 5
124 138 4 0 5
139 9 0 35 5
10 140 0 30 5
11 141 0 25 5
12 142 0 31 5
13 143 0 20 5
14 144 0 23 5
145 15 0 7 5
138 145 9 0 5
146 7 12 3 5
146 8 8 0 5
146 16 0 6 5
137 146 12 3 5
138 146 8 0 5
147 17 0 16 5
148 18 0 20 5
149 19 0 29 5
150 20 0 19 5
15 150 18 4 5
151 21 0 25 5
152 22 0 18 5
153 23 0 16 5
154 24 0 7 5
124 154 7 1 5
155 25 0 15 5
156 26 0 15 5
157 27 0 25 5
158 28 0 19 5
159 29 0 25 5
161 31 0 22 5
162 32 0 23 5
163 33 0 18 5
164 34 0 11 5
164 36 11 4 5
165 35 0 7 5
165 36 7 4 5
165 60 7 1 5
165 73 8 4 5
165 83 5 4 5
165 87 9 3 5
165 98 6 5 5
165 99 9 3 5
101 165 6 4 5
103 165 8 4 5
116 165 7 3 5
117 165 9 3 5
119 165 8 4 5
124 165 7 1 5
128 165 6 4 5
138 165 9 0 5
166 35 7 4 5
166 36 0 8 5
166 60 8 1 5
166 73 9 4 5
166 87 10 3 5
101 166 9 3 5
119 166 11 3 5
124 166 8 1 5
165 166 7 4 5
167 37 0 12 5
168 38 0 16 5
169 39 0 25 5
170 40 0 13 5
171 8 8 0 5
171 41 0 6 5
106 171 12 2 5
120 171 13 2 5
138 171 8 0 5
172 42 0 42 5
173 43 0 24 5
174 44 0 10 5
174 56 9 4 5
174 95 9 3 5
175 45 0 13 5
176 46 0 25 5
177 47 0 23 5
178 48 0 32 5
179 49 0 19 5
180 50 0 29 5
181 51 0 13 5
121 181 9 6 5
182 52 0 20 5
183 53 0 9 5
184 54 0 40 5
185 55 0 20 5
186 44 9 4 5
186 56 0 7 5
186 60 7 1 5
186 70 7 3 5
186 95 6 3 5
174 186 9 4 5
187 57 0 15 5
188 58 0 29 5
189 59 0 15 5
190 8 4 0 5
190 41 8 0 5
190 60 0 2 5
190 61 6 0 5
190 66 6 0 5
190 83 8 0 5
190 95 7 0 5
16 190 8 0 5
116 190 8 0 5
124 190 4 0 5
138 190 4 0 5
146 190 8 0 5
171 190 8 0 5
191 8 6 0 5
191 60 6 0 5
191 61 0 4 5
191 66 6 1 5
191 94 5 3 5
106 191 10 2 5
124 191 6 0 5
138 191 6 0 5
190 191 6 0 5
192 62 0 23 5
193 63 0 55 5
194 64 0 33 5
195 65 0 14 5
195 89 12 6 5
