Res1 Res2 NSingle NDouble Method
5 7 18 6 5
30 8 2 0 5
60 8 4 0 5
118 8 2 0 5
123 8 2 0 5
124 8 4 0 5
127 8 2 0 5
8 82 2 0 5
8 88 2 0 5
10 13 14 18 5
11 23 13 14 5
11 90 17 11 5
15 20 18 4 5
15 26 16 3 5
15 27 22 5 5
16 7 12 3 5
16 18 18 4 5
11 17 17 12 5
17 23 16 8 5
15 20 18 4 5
103 22 13 7 5
116 22 14 5 5
11 23 13 14 5
103 23 13 6 5
121 23 12 6 5
124 24 7 1 5
24 73 10 3 5
25 37 15 6 5
25 65 19 5 5
26 75 20 7 5
129 28 23 7 5
13 31 12 15 5
32 76 17 12 5
104 33 12 8 5
33 98 9 9 5
34 36 11 4 5
34 60 9 2 5
101 35 6 4 5
116 35 7 3 5
124 35 7 1 5
128 35 6 4 5
35 36 7 4 5
35 45 8 6 5
35 60 7 1 5
35 83 5 4 5
35 98 6 5 5
34 36 11 4 5
35 36 7 4 5
101 36 9 3 5
119 36 11 3 5
36 37 12 4 5
36 73 9 4 5
36 87 10 3 5
36 98 11 3 5
37 45 15 5 5
103 38 13 6 5
104 38 16 5 5
116 38 12 5 5
117 38 14 5 5
128 38 13 5 5
38 98 15 5 5
38 99 10 7 5
20 41 19 3 5
106 41 12 2 5
109 41 12 2 5
120 41 13 2 5
44 56 9 4 5
44 60 8 2 5
44 95 9 3 5
35 45 8 6 5
101 45 10 5 5
103 45 10 6 5
117 45 11 5 5
119 45 8 7 5
45 73 12 5 5
45 87 11 5 5
45 98 10 6 5
114 50 30 4 5
121 51 9 6 5
51 90 13 7 5
124 53 9 1 5
53 66 11 1 5
53 95 10 2 5
44 55 14 8 5
44 56 9 4 5
56 60 7 1 5
56 70 7 3 5
56 95 6 3 5
37 57 15 6 5
51 57 16 6 5
104 57 15 5 5
57 98 14 5 5
103 59 12 6 5
59 99 11 6 5
60 8 4 0 5
30 60 2 0 5
35 60 7 1 5
36 60 8 1 5
56 60 7 1 5
118 60 2 0 5
123 60 2 0 5
124 60 4 0 5
127 60 2 0 5
60 82 2 0 5
60 88 2 0 5
30 61 4 0 5
118 61 4 0 5
123 61 4 0 5
127 61 4 0 5
61 66 6 1 5
61 82 4 0 5
61 88 4 0 5
61 94 5 3 5
129 62 25 8 5
65 89 12 6 5
44 66 10 2 5
61 66 6 1 5
66 89 10 2 5
66 94 9 1 5
66 95 7 1 5
68 69 11 7 5
68 70 9 4 5
68 74 10 6 5
68 69 11 7 5
69 74 9 8 5
56 70 7 3 5
103 70 9 3 5
116 70 6 3 5
124 70 4 2 5
128 70 7 3 5
70 95 5 3 5
70 99 8 3 5
35 73 8 4 5
36 73 9 4 5
101 73 6 5 5
103 73 10 4 5
117 73 9 4 5
119 73 10 4 5
124 73 9 1 5
73 83 7 4 5
73 87 5 6 5
73 98 10 4 5
69 74 9 8 5
74 76 11 9 5
74 80 8 9 5
75 95 14 5 5
106 78 17 3 5
114 78 16 3 5
120 78 14 5 5
74 80 8 9 5
108 80 10 11 5
116 80 11 5 5
35 83 5 4 5
73 83 7 4 5
101 83 7 3 5
103 83 7 4 5
116 83 4 4 5
117 83 6 4 5
124 83 6 1 5
128 83 3 5 5
83 95 7 2 5
83 98 7 4 5
103 84 12 8 5
121 84 13 7 5
129 86 25 5 5
73 87 5 6 5
83 87 8 3 5
101 87 7 4 5
103 87 9 4 5
104 87 8 5 5
117 87 8 4 5
119 87 9 4 5
124 87 8 1 5
87 98 9 4 5
55 89 16 7 5
65 89 12 6 5
66 89 10 2 5
103 90 11 6 5
117 90 10 6 5
121 90 8 7 5
90 98 11 6 5
70 91 13 5 5
7 94 15 2 5
61 94 5 3 5
66 94 9 1 5
44 95 9 3 5
56 95 6 3 5
66 95 7 1 5
70 95 5 3 5
83 95 7 2 5
124 95 5 1 5
8 97 12 1 5
110 97 16 3 5
35 98 6 5 5
83 98 7 4 5
101 98 6 5 5
103 98 4 7 5
104 98 3 8 5
116 98 7 4 5
121 98 7 5 5
124 98 7 2 5
128 98 6 5 5
70 99 8 3 5
83 99 8 3 5
98 99 9 4 5
101 99 7 4 5
103 99 5 6 5
104 99 10 4 5
116 99 4 5 5
117 99 6 5 5
124 99 6 2 5
128 99 5 5 5
100 13 16 8 5
101 35 6 4 5
101 73 6 5 5
101 83 7 3 5
101 87 7 4 5
101 98 6 5 5
101 99 7 4 5
101 103 6 5 5
101 104 9 4 5
101 116 7 3 5
101 117 7 4 5
101 119 8 4 5
101 124 5 2 5
101 128 6 4 5
103 35 8 4 5
103 83 7 4 5
103 99 5 6 5
101 103 6 5 5
103 116 5 5 5
103 117 5 6 5
103 121 5 6 5
103 124 7 2 5
103 128 4 6 5
104 35 9 4 5
104 87 8 5 5
104 98 3 8 5
101 104 9 4 5
104 116 8 4 5
104 121 8 5 5
104 124 8 2 5
104 128 7 5 5
106 41 12 2 5
106 61 10 2 5
106 114 11 4 5
106 120 13 4 5
108 80 10 11 5
108 113 11 11 5
109 8 10 1 5
109 35 11 3 5
109 41 12 2 5
109 83 10 3 5
109 98 13 3 5
103 109 13 3 5
109 114 13 3 5
109 116 12 2 5
109 124 10 1 5
109 128 11 3 5
110 8 8 2 5
110 35 11 3 5
110 83 8 4 5
101 110 11 3 5
110 116 8 4 5
110 124 10 1 5
110 128 9 4 5
112 70 11 3 5
112 76 17 6 5
113 83 12 5 5
108 113 11 11 5
113 117 12 6 5
113 121 10 7 5
114 41 13 1 5
106 114 11 4 5
109 114 13 3 5
114 120 12 4 5
116 35 7 3 5
116 70 6 3 5
116 83 4 4 5
116 98 7 4 5
116 99 4 5 5
101 116 7 3 5
103 116 5 5 5
104 116 8 4 5
110 116 8 4 5
116 117 6 4 5
116 124 4 2 5
116 128 1 6 5
117 73 9 4 5
117 83 6 4 5
117 87 8 4 5
117 98 9 4 5
117 99 6 5 5
101 117 7 4 5
103 117 5 6 5
104 117 10 4 5
116 117 6 4 5
117 121 4 6 5
117 124 8 1 5
117 128 5 5 5
119 35 8 4 5
119 45 8 7 5
119 73 10 4 5
119 83 9 3 5
119 87 9 4 5
119 98 10 4 5
101 119 8 4 5
104 119 11 4 5
119 128 10 3 5
120 41 13 2 5
120 78 14 5 5
106 120 13 4 5
114 120 12 4 5
121 51 9 6 5
121 83 8 3 5
121 90 8 7 5
121 98 7 5 5
103 121 5 6 5
104 121 8 5 5
116 121 8 3 5
117 121 4 6 5
121 128 7 4 5
124 8 4 0 5
124 24 7 1 5
124 30 2 0 5
124 35 7 1 5
124 60 4 0 5
124 70 4 2 5
124 82 2 0 5
124 83 6 1 5
124 88 2 0 5
124 95 5 1 5
124 98 7 2 5
124 99 6 2 5
101 124 5 2 5
103 124 7 2 5
104 124 8 2 5
116 124 4 2 5
118 124 2 0 5
123 124 2 0 5
124 127 2 0 5
124 128 5 2 5
128 35 6 4 5
128 70 7 3 5
128 83 3 5 5
128 98 6 5 5
128 99 5 5 5
101 128 6 4 5
103 128 4 6 5
104 128 7 5 5
116 128 1 6 5
117 128 5 5 5
124 128 5 2 5
129 28 23 7 5
129 62 25 8 5
