Res1 Res2 NSingle NDouble Method
1 131 0 25 5
132 2 0 17 5
163 2 15 10 5
189 2 14 9 5
2 33 15 10 5
2 59 14 9 5
2 76 15 10 5
133 3 0 31 5
134 4 0 28 5
135 5 0 18 5
136 6 0 15 5
16 7 12 3 5
30 7 12 0 5
118 7 12 0 5
123 7 12 0 5
127 7 12 0 5
137 7 0 12 5
146 7 12 3 5
160 7 12 0 5
7 82 12 0 5
7 88 12 0 5
16 8 8 0 5
30 8 2 0 5
41 8 8 0 5
60 8 4 0 5
61 8 6 0 5
66 8 6 0 5
70 8 8 0 5
116 8 8 0 5
118 8 2 0 5
123 8 2 0 5
124 8 4 0 5
127 8 2 0 5
138 8 0 2 5
146 8 8 0 5
160 8 2 0 5
171 8 8 0 5
190 8 4 0 5
191 8 6 0 5
8 82 2 0 5
8 83 8 0 5
8 88 2 0 5
8 95 7 0 5
139 9 0 35 5
10 13 14 18 5
10 140 0 30 5
10 143 14 18 5
11 23 13 14 5
11 141 0 25 5
11 153 13 14 5
12 142 0 31 5
13 143 0 20 5
14 144 0 23 5
15 8 9 0 5
118 15 7 0 5
123 15 7 0 5
124 15 9 0 5
127 15 7 0 5
138 15 9 0 5
145 15 0 7 5
15 20 18 4 5
15 26 16 3 5
15 30 7 0 5
15 60 9 0 5
15 82 7 0 5
15 88 7 0 5
15 150 18 4 5
15 156 16 3 5
15 160 7 0 5
15 190 9 0 5
16 7 12 3 5
16 8 8 0 5
118 16 6 0 5
123 16 6 0 5
124 16 8 0 5
127 16 6 0 5
137 16 12 3 5
138 16 8 0 5
146 16 0 6 5
16 30 6 0 5
16 60 8 0 5
16 70 10 1 5
16 82 6 0 5
16 88 6 0 5
16 160 6 0 5
16 190 8 0 5
147 17 0 16 5
153 17 16 8 5
17 23 16 8 5
148 18 0 20 5
149 19 0 29 5
15 20 18 4 5
145 20 18 4 5
150 20 0 19 5
171 20 19 3 5
20 41 19 3 5
151 21 0 25 5
152 22 0 18 5
153 23 0 16 5
118 24 7 0 5
123 24 7 0 5
124 24 7 1 5
127 24 7 0 5
154 24 0 7 5
160 24 7 0 5
24 30 7 0 5
24 73 10 3 5
24 82 7 0 5
24 88 7 0 5
155 25 0 15 5
167 25 15 6 5
25 37 15 6 5
15 26 16 3 5
145 26 16 3 5
156 26 0 15 5
157 27 0 25 5
158 28 0 19 5
159 29 0 25 5
13 31 12 15 5
143 31 12 15 5
161 31 0 22 5
162 32 0 23 5
163 33 0 18 5
33 98 9 9 5
164 34 0 11 5
166 34 11 4 5
190 34 9 2 5
34 36 11 4 5
34 60 9 2 5
34 73 12 4 5
35 8 9 0 5
30 35 7 0 5
101 35 6 4 5
103 35 8 4 5
104 35 9 4 5
116 35 7 3 5
117 35 9 3 5
118 35 7 0 5
119 35 8 4 5
123 35 7 0 5
124 35 7 1 5
127 35 7 0 5
128 35 6 4 5
138 35 9 0 5
160 35 7 0 5
165 35 0 7 5
166 35 7 4 5
190 35 7 1 5
35 36 7 4 5
35 60 7 1 5
35 73 8 4 5
35 82 7 0 5
35 83 5 4 5
35 87 9 3 5
35 88 7 0 5
35 98 6 5 5
35 99 9 3 5
30 36 8 0 5
34 36 11 4 5
35 36 7 4 5
101 36 9 3 5
118 36 8 0 5
119 36 11 3 5
123 36 8 0 5
127 36 8 0 5
160 36 8 0 5
164 36 11 4 5
165 36 7 4 5
166 36 0 8 5
36 73 9 4 5
36 82 8 0 5
36 87 10 3 5
36 88 8 0 5
36 98 11 3 5
36 37 12 4 5
166 37 12 4 5
167 37 0 12 5
103 38 13 6 5
116 38 12 5 5
128 38 13 5 5
168 38 0 16 5
38 99 10 7 5
169 39 0 25 5
24 40 14 3 5
35 40 14 3 5
128 40 14 3 5
154 40 14 3 5
165 40 14 3 5
170 40 0 13 5
40 83 13 3 5
41 8 8 0 5
30 41 6 0 5
106 41 12 2 5
109 41 12 2 5
118 41 6 0 5
120 41 13 2 5
123 41 6 0 5
124 41 8 0 5
127 41 6 0 5
138 41 8 0 5
160 41 6 0 5
171 41 0 6 5
190 41 8 0 5
41 60 8 0 5
41 82 6 0 5
41 88 6 0 5
172 42 0 42 5
173 43 0 24 5
30 44 10 0 5
118 44 10 0 5
123 44 10 0 5
127 44 10 0 5
160 44 10 0 5
174 44 0 10 5
186 44 9 4 5
190 44 8 2 5
44 56 9 4 5
44 60 8 2 5
44 66 10 2 5
44 82 10 0 5
44 88 10 0 5
44 95 9 3 5
35 45 8 6 5
103 45 10 6 5
119 45 8 7 5
165 45 8 6 5
175 45 0 13 5
45 83 11 4 5
45 98 10 6 5
176 46 0 25 5
177 47 0 23 5
178 48 0 32 5
45 49 12 10 5
175 49 12 10 5
179 49 0 19 5
180 50 0 29 5
121 51 9 6 5
181 51 0 13 5
182 52 0 20 5
52 74 13 9 5
53 8 11 0 5
30 53 9 0 5
118 53 9 0 5
123 53 9 0 5
124 53 9 1 5
127 53 9 0 5
138 53 11 0 5
160 53 9 0 5
183 53 0 9 5
190 53 11 0 5
53 60 11 0 5
53 66 11 1 5
53 82 9 0 5
53 83 11 2 5
53 88 9 0 5
53 95 10 2 5
184 54 0 40 5
185 55 0 20 5
186 55 15 6 5
55 56 15 6 5
56 8 9 0 5
30 56 7 0 5
44 56 9 4 5
118 56 7 0 5
123 56 7 0 5
124 56 9 0 5
127 56 7 0 5
138 56 9 0 5
160 56 7 0 5
174 56 9 4 5
186 56 0 7 5
190 56 7 1 5
56 60 7 1 5
56 70 7 3 5
56 82 7 0 5
56 88 7 0 5
56 95 6 3 5
187 57 0 15 5
188 58 0 29 5
103 59 12 6 5
116 59 13 4 5
189 59 0 15 5
59 99 11 6 5
60 8 4 0 5
30 60 2 0 5
35 60 7 1 5
36 60 8 1 5
56 60 7 1 5
118 60 2 0 5
123 60 2 0 5
124 60 4 0 5
127 60 2 0 5
138 60 4 0 5
160 60 2 0 5
165 60 7 1 5
166 60 8 1 5
186 60 7 1 5
190 60 0 2 5
191 60 6 0 5
60 61 6 0 5
60 66 6 0 5
60 82 2 0 5
60 88 2 0 5
60 95 7 0 5
61 8 6 0 5
30 61 4 0 5
60 61 6 0 5
106 61 10 2 5
118 61 4 0 5
123 61 4 0 5
124 61 6 0 5
127 61 4 0 5
138 61 6 0 5
160 61 4 0 5
190 61 6 0 5
191 61 0 4 5
61 66 6 1 5
61 82 4 0 5
61 88 4 0 5
61 94 5 3 5
61 95 9 0 5
41 62 23 3 5
171 62 23 3 5
192 62 0 23 5
193 63 0 55 5
194 64 0 33 5
195 65 0 14 5
66 8 6 0 5
13 66 18 3 5
30 66 4 0 5
44 66 10 2 5
51 66 13 2 5
60 66 6 0 5
61 66 6 1 5
118 66 4 0 5
123 66 4 0 5
124 66 6 0 5
127 66 4 0 5
138 66 6 0 5
143 66 18 3 5
160 66 4 0 5
174 66 10 2 5
181 66 13 2 5
190 66 6 0 5
191 66 6 1 5
66 82 4 0 5
66 88 4 0 5
66 89 10 2 5
66 94 9 1 5
66 95 7 1 5
30 68 11 0 5
118 68 11 0 5
123 68 11 0 5
127 68 11 0 5
160 68 11 0 5
68 70 9 4 5
68 74 10 6 5
68 82 11 0 5
68 88 11 0 5
68 69 11 7 5
69 74 9 8 5
30 70 6 0 5
56 70 7 3 5
68 70 9 4 5
103 70 9 3 5
116 70 6 3 5
118 70 6 0 5
123 70 6 0 5
124 70 4 2 5
127 70 6 0 5
128 70 7 3 5
160 70 6 0 5
186 70 7 3 5
70 82 6 0 5
70 88 6 0 5
70 95 5 3 5
70 99 8 3 5
30 73 9 0 5
35 73 8 4 5
36 73 9 4 5
101 73 6 5 5
103 73 10 4 5
117 73 9 4 5
118 73 9 0 5
119 73 10 4 5
123 73 9 0 5
124 73 9 1 5
127 73 9 0 5
160 73 9 0 5
165 73 8 4 5
166 73 9 4 5
73 82 9 0 5
73 83 7 4 5
73 87 5 6 5
73 88 9 0 5
73 98 10 4 5
68 74 10 6 5
74 80 8 9 5
76 80 11 11 5
77 87 11 7 5
30 78 13 0 5
106 78 17 3 5
114 78 16 3 5
118 78 13 0 5
120 78 14 5 5
123 78 13 0 5
127 78 13 0 5
160 78 13 0 5
78 82 13 0 5
78 88 13 0 5
130 79 30 13 5
74 80 8 9 5
76 80 11 11 5
108 80 10 11 5
116 80 11 5 5
8 83 8 0 5
30 83 6 0 5
35 83 5 4 5
60 83 8 0 5
73 83 7 4 5
82 83 6 0 5
101 83 7 3 5
103 83 7 4 5
110 83 8 4 5
116 83 4 4 5
117 83 6 4 5
118 83 6 0 5
121 83 8 3 5
123 83 6 0 5
124 83 6 1 5
127 83 6 0 5
128 83 3 5 5
138 83 8 0 5
160 83 6 0 5
165 83 5 4 5
190 83 8 0 5
83 87 8 3 5
83 88 6 0 5
83 95 7 2 5
83 98 7 4 5
83 99 8 3 5
80 84 14 10 5
103 84 12 8 5
128 84 14 6 5
8 87 10 0 5
30 87 8 0 5
35 87 9 3 5
36 87 10 3 5
60 87 10 0 5
73 87 5 6 5
82 87 8 0 5
83 87 8 3 5
101 87 7 4 5
103 87 9 4 5
104 87 8 5 5
117 87 8 4 5
118 87 8 0 5
119 87 9 4 5
121 87 10 3 5
123 87 8 0 5
124 87 8 1 5
127 87 8 0 5
138 87 10 0 5
160 87 8 0 5
165 87 9 3 5
166 87 10 3 5
190 87 10 0 5
87 88 8 0 5
87 95 9 2 5
87 98 9 4 5
65 89 12 6 5
195 89 12 6 5
35 90 13 4 5
83 90 12 4 5
101 90 13 4 5
103 90 11 6 5
117 90 10 6 5
121 90 8 7 5
128 90 13 4 5
165 90 13 4 5
90 98 11 6 5
76 91 15 10 5
103 91 14 6 5
8 94 9 0 5
30 94 7 0 5
35 94 12 1 5
60 94 9 0 5
61 94 5 3 5
66 94 9 1 5
82 94 7 0 5
88 94 7 0 5
118 94 7 0 5
123 94 7 0 5
124 94 9 0 5
127 94 7 0 5
138 94 9 0 5
160 94 7 0 5
165 94 12 1 5
190 94 9 0 5
191 94 5 3 5
8 95 7 0 5
30 95 5 0 5
44 95 9 3 5
56 95 6 3 5
60 95 7 0 5
66 95 7 1 5
70 95 5 3 5
82 95 5 0 5
83 95 7 2 5
88 95 5 0 5
118 95 5 0 5
123 95 5 0 5
124 95 5 1 5
127 95 5 0 5
138 95 7 0 5
160 95 5 0 5
174 95 9 3 5
186 95 6 3 5
190 95 7 0 5
8 97 12 1 5
30 97 12 0 5
60 97 14 0 5
82 97 12 0 5
88 97 12 0 5
110 97 16 3 5
118 97 12 0 5
123 97 12 0 5
124 97 14 0 5
127 97 12 0 5
138 97 12 1 5
160 97 12 0 5
190 97 14 0 5
30 98 9 0 5
35 98 6 5 5
82 98 9 0 5
83 98 7 4 5
88 98 9 0 5
101 98 6 5 5
103 98 4 7 5
104 98 3 8 5
116 98 7 4 5
118 98 9 0 5
121 98 7 5 5
123 98 9 0 5
124 98 7 2 5
127 98 9 0 5
128 98 6 5 5
160 98 9 0 5
165 98 6 5 5
30 99 8 0 5
35 99 9 3 5
70 99 8 3 5
82 99 8 0 5
83 99 8 3 5
88 99 8 0 5
98 99 9 4 5
101 99 7 4 5
103 99 5 6 5
104 99 10 4 5
116 99 4 5 5
117 99 6 5 5
118 99 8 0 5
123 99 8 0 5
124 99 6 2 5
127 99 8 0 5
128 99 5 5 5
160 99 8 0 5
165 99 9 3 5
100 87 12 4 5
100 117 12 4 5
101 30 7 0 5
101 35 6 4 5
101 36 9 3 5
101 73 6 5 5
101 82 7 0 5
101 83 7 3 5
101 87 7 4 5
101 88 7 0 5
101 98 6 5 5
101 99 7 4 5
101 103 6 5 5
101 104 9 4 5
101 116 7 3 5
101 117 7 4 5
101 118 7 0 5
101 119 8 4 5
101 121 9 3 5
101 123 7 0 5
101 124 5 2 5
101 127 7 0 5
101 128 6 4 5
101 160 7 0 5
101 165 6 4 5
101 166 9 3 5
103 35 8 4 5
103 70 9 3 5
103 83 7 4 5
103 87 9 4 5
103 99 5 6 5
101 103 6 5 5
103 116 5 5 5
103 117 5 6 5
103 121 5 6 5
103 124 7 2 5
103 128 4 6 5
103 165 8 4 5
104 35 9 4 5
104 70 10 3 5
104 83 10 3 5
104 87 8 5 5
104 98 3 8 5
104 99 10 4 5
101 104 9 4 5
104 116 8 4 5
104 117 10 4 5
104 121 8 5 5
104 124 8 2 5
104 128 7 5 5
104 165 9 4 5
106 8 12 0 5
106 30 10 0 5
106 41 12 2 5
106 60 12 0 5
106 61 10 2 5
106 78 17 3 5
106 82 10 0 5
106 88 10 0 5
106 114 11 4 5
106 118 10 0 5
106 120 13 4 5
106 123 10 0 5
106 124 12 0 5
106 127 10 0 5
106 138 12 0 5
106 160 10 0 5
106 171 12 2 5
106 190 12 0 5
106 191 10 2 5
108 80 10 11 5
108 113 11 11 5
109 8 10 1 5
109 30 10 0 5
109 35 11 3 5
109 82 10 0 5
109 83 10 3 5
109 88 10 0 5
109 118 10 0 5
109 123 10 0 5
109 124 10 1 5
109 127 10 0 5
109 128 11 3 5
109 138 10 1 5
109 160 10 0 5
109 165 11 3 5
110 8 8 2 5
110 30 10 0 5
110 35 11 3 5
110 60 12 0 5
110 82 10 0 5
110 83 8 4 5
110 88 10 0 5
110 99 12 3 5
101 110 11 3 5
110 116 8 4 5
110 117 12 3 5
110 118 10 0 5
110 123 10 0 5
110 124 10 1 5
110 127 10 0 5
110 128 9 4 5
110 138 8 2 5
110 160 10 0 5
110 165 11 3 5
110 190 12 0 5
112 30 11 0 5
112 56 12 3 5
112 70 11 3 5
112 82 11 0 5
112 88 11 0 5
112 118 11 0 5
112 123 11 0 5
112 127 11 0 5
112 160 11 0 5
112 186 12 3 5
108 113 11 11 5
114 8 11 0 5
114 30 9 0 5
114 41 13 1 5
114 60 11 0 5
114 78 16 3 5
114 82 9 0 5
114 88 9 0 5
106 114 11 4 5
109 114 13 3 5
114 118 9 0 5
114 120 12 4 5
114 123 9 0 5
114 124 11 0 5
114 127 9 0 5
114 138 11 0 5
114 160 9 0 5
114 171 13 1 5
114 190 11 0 5
116 8 8 0 5
116 30 6 0 5
116 35 7 3 5
116 60 8 0 5
116 70 6 3 5
116 82 6 0 5
116 83 4 4 5
116 88 6 0 5
116 98 7 4 5
116 99 4 5 5
101 116 7 3 5
103 116 5 5 5
104 116 8 4 5
110 116 8 4 5
116 117 6 4 5
116 118 6 0 5
116 121 8 3 5
116 123 6 0 5
116 124 4 2 5
116 127 6 0 5
116 128 1 6 5
116 138 8 0 5
116 160 6 0 5
116 165 7 3 5
116 190 8 0 5
117 30 8 0 5
117 35 9 3 5
117 82 8 0 5
117 83 6 4 5
117 87 8 4 5
117 88 8 0 5
117 99 6 5 5
101 117 7 4 5
103 117 5 6 5
116 117 6 4 5
117 118 8 0 5
117 121 4 6 5
117 123 8 0 5
117 124 8 1 5
117 127 8 0 5
117 128 5 5 5
117 160 8 0 5
117 165 9 3 5
119 30 9 0 5
119 35 8 4 5
119 36 11 3 5
119 45 8 7 5
119 73 10 4 5
119 82 9 0 5
119 83 9 3 5
119 87 9 4 5
119 88 9 0 5
119 98 10 4 5
119 99 11 3 5
101 119 8 4 5
117 119 11 3 5
118 119 9 0 5
119 123 9 0 5
119 124 9 1 5
119 127 9 0 5
119 128 10 3 5
119 160 9 0 5
119 165 8 4 5
119 166 11 3 5
119 175 8 7 5
120 8 13 0 5
120 30 11 0 5
120 41 13 2 5
120 60 13 0 5
120 78 14 5 5
120 82 11 0 5
120 88 11 0 5
106 120 13 4 5
114 120 12 4 5
118 120 11 0 5
120 123 11 0 5
120 124 13 0 5
120 127 11 0 5
120 138 13 0 5
120 160 11 0 5
120 171 13 2 5
120 190 13 0 5
121 30 8 0 5
121 51 9 6 5
121 82 8 0 5
121 83 8 3 5
121 88 8 0 5
121 98 7 5 5
101 121 9 3 5
103 121 5 6 5
104 121 8 5 5
116 121 8 3 5
117 121 4 6 5
118 121 8 0 5
121 123 8 0 5
121 127 8 0 5
121 128 7 4 5
121 160 8 0 5
121 181 9 6 5
124 8 4 0 5
124 24 7 1 5
124 30 2 0 5
124 35 7 1 5
124 36 8 1 5
124 60 4 0 5
124 61 6 0 5
124 66 6 0 5
124 70 4 2 5
124 82 2 0 5
124 83 6 1 5
124 87 8 1 5
124 88 2 0 5
124 95 5 1 5
124 98 7 2 5
124 99 6 2 5
101 124 5 2 5
103 124 7 2 5
104 124 8 2 5
116 124 4 2 5
117 124 8 1 5
118 124 2 0 5
123 124 2 0 5
124 127 2 0 5
124 128 5 2 5
124 138 4 0 5
124 154 7 1 5
124 160 2 0 5
124 165 7 1 5
124 166 8 1 5
124 190 4 0 5
124 191 6 0 5
128 30 7 0 5
128 35 6 4 5
128 70 7 3 5
128 82 7 0 5
128 83 3 5 5
128 88 7 0 5
128 98 6 5 5
128 99 5 5 5
101 128 6 4 5
103 128 4 6 5
104 128 7 5 5
116 128 1 6 5
117 128 5 5 5
118 128 7 0 5
121 128 7 4 5
123 128 7 0 5
124 128 5 2 5
127 128 7 0 5
128 160 7 0 5
128 165 6 4 5
129 62 25 8 5
129 192 25 8 5
1 131 0 25 5
132 2 0 17 5
133 3 0 31 5
134 4 0 28 5
135 5 0 18 5
136 6 0 15 5
137 7 0 12 5
137 16 12 3 5
137 30 12 0 5
137 82 12 0 5
137 88 12 0 5
118 137 12 0 5
123 137 12 0 5
127 137 12 0 5
137 146 12 3 5
137 160 12 0 5
138 8 0 2 5
138 15 9 0 5
138 16 8 0 5
138 24 9 0 5
138 30 2 0 5
138 35 9 0 5
138 41 8 0 5
138 56 9 0 5
138 60 4 0 5
138 61 6 0 5
138 66 6 0 5
138 70 8 0 5
138 82 2 0 5
138 83 8 0 5
138 88 2 0 5
138 94 9 0 5
138 95 7 0 5
101 138 9 0 5
116 138 8 0 5
118 138 2 0 5
123 138 2 0 5
124 138 4 0 5
127 138 2 0 5
128 138 9 0 5
138 145 9 0 5
138 146 8 0 5
138 154 9 0 5
138 160 2 0 5
138 165 9 0 5
138 171 8 0 5
138 186 9 0 5
138 190 4 0 5
138 191 6 0 5
139 9 0 35 5
10 140 0 30 5
141 23 13 14 5
11 141 0 25 5
141 153 13 14 5
12 142 0 31 5
13 143 0 20 5
14 144 0 23 5
145 8 9 0 5
145 15 0 7 5
145 30 7 0 5
145 60 9 0 5
145 82 7 0 5
145 88 7 0 5
118 145 7 0 5
123 145 7 0 5
124 145 9 0 5
127 145 7 0 5
138 145 9 0 5
145 160 7 0 5
145 190 9 0 5
146 7 12 3 5
146 8 8 0 5
146 16 0 6 5
146 30 6 0 5
146 60 8 0 5
146 82 6 0 5
146 88 6 0 5
118 146 6 0 5
123 146 6 0 5
124 146 8 0 5
127 146 6 0 5
137 146 12 3 5
138 146 8 0 5
146 160 6 0 5
146 190 8 0 5
147 17 0 16 5
147 23 16 8 5
147 153 16 8 5
148 18 0 20 5
149 19 0 29 5
150 20 0 19 5
150 41 19 3 5
15 150 18 4 5
145 150 18 4 5
150 171 19 3 5
151 21 0 25 5
152 22 0 18 5
153 23 0 16 5
154 24 0 7 5
154 30 7 0 5
154 73 10 3 5
154 82 7 0 5
154 88 7 0 5
118 154 7 0 5
123 154 7 0 5
124 154 7 1 5
127 154 7 0 5
154 160 7 0 5
155 25 0 15 5
155 37 15 6 5
155 167 15 6 5
156 26 0 15 5
157 27 0 25 5
158 24 20 3 5
158 28 0 19 5
154 158 20 3 5
159 29 0 25 5
161 31 0 22 5
162 32 0 23 5
163 33 0 18 5
163 98 9 9 5
164 34 0 11 5
164 36 11 4 5
164 60 9 2 5
164 73 12 4 5
164 166 11 4 5
164 190 9 2 5
165 8 9 0 5
165 30 7 0 5
165 35 0 7 5
165 36 7 4 5
165 60 7 1 5
165 73 8 4 5
165 82 7 0 5
165 83 5 4 5
165 87 9 3 5
165 88 7 0 5
165 98 6 5 5
165 99 9 3 5
101 165 6 4 5
103 165 8 4 5
116 165 7 3 5
117 165 9 3 5
118 165 7 0 5
119 165 8 4 5
123 165 7 0 5
124 165 7 1 5
127 165 7 0 5
128 165 6 4 5
138 165 9 0 5
160 165 7 0 5
165 166 7 4 5
165 190 7 1 5
166 30 8 0 5
166 35 7 4 5
166 36 0 8 5
166 60 8 1 5
166 73 9 4 5
166 82 8 0 5
166 87 10 3 5
166 88 8 0 5
166 98 11 3 5
101 166 9 3 5
118 166 8 0 5
119 166 11 3 5
123 166 8 0 5
124 166 8 1 5
127 166 8 0 5
160 166 8 0 5
165 166 7 4 5
166 190 8 1 5
167 36 12 4 5
167 37 0 12 5
166 167 12 4 5
168 38 0 16 5
168 99 10 7 5
116 168 12 5 5
128 168 13 5 5
169 39 0 25 5
170 8 13 1 5
170 24 14 3 5
170 35 14 3 5
170 40 0 13 5
170 83 13 3 5
124 170 13 1 5
128 170 14 3 5
138 170 13 1 5
154 170 14 3 5
165 170 14 3 5
171 8 8 0 5
171 30 6 0 5
171 41 0 6 5
171 60 8 0 5
171 61 10 0 5
171 66 10 0 5
171 82 6 0 5
171 88 6 0 5
106 171 12 2 5
109 171 12 2 5
118 171 6 0 5
120 171 13 2 5
123 171 6 0 5
124 171 8 0 5
127 171 6 0 5
138 171 8 0 5
160 171 6 0 5
171 190 8 0 5
171 191 10 0 5
172 42 0 42 5
173 43 0 24 5
174 30 10 0 5
174 44 0 10 5
174 56 9 4 5
174 60 8 2 5
174 82 10 0 5
174 88 10 0 5
174 95 9 3 5
118 174 10 0 5
123 174 10 0 5
127 174 10 0 5
160 174 10 0 5
174 186 9 4 5
174 190 8 2 5
175 35 8 6 5
175 45 0 13 5
175 83 11 4 5
101 175 10 5 5
165 175 8 6 5
176 46 0 25 5
177 47 0 23 5
178 48 0 32 5
179 45 12 10 5
179 49 0 19 5
175 179 12 10 5
180 50 0 29 5
181 51 0 13 5
121 181 9 6 5
182 52 0 20 5
183 30 9 0 5
183 53 0 9 5
183 66 11 1 5
183 82 9 0 5
183 83 11 2 5
183 88 9 0 5
183 95 10 2 5
118 183 9 0 5
123 183 9 0 5
124 183 9 1 5
127 183 9 0 5
160 183 9 0 5
184 54 0 40 5
185 55 0 20 5
186 30 7 0 5
186 44 9 4 5
186 56 0 7 5
186 60 7 1 5
186 70 7 3 5
186 82 7 0 5
186 88 7 0 5
186 95 6 3 5
118 186 7 0 5
123 186 7 0 5
127 186 7 0 5
160 186 7 0 5
174 186 9 4 5
186 190 7 1 5
187 57 0 15 5
188 58 0 29 5
189 59 0 15 5
189 99 11 6 5
116 189 13 4 5
190 8 4 0 5
190 30 2 0 5
190 41 8 0 5
190 60 0 2 5
190 61 6 0 5
190 66 6 0 5
190 70 8 0 5
190 82 2 0 5
190 83 8 0 5
190 88 2 0 5
190 95 7 0 5
16 190 8 0 5
116 190 8 0 5
118 190 2 0 5
123 190 2 0 5
124 190 4 0 5
127 190 2 0 5
138 190 4 0 5
146 190 8 0 5
160 190 2 0 5
171 190 8 0 5
190 191 6 0 5
191 8 6 0 5
191 30 4 0 5
191 60 6 0 5
191 61 0 4 5
191 66 6 1 5
191 82 4 0 5
191 88 4 0 5
191 94 5 3 5
191 95 9 0 5
106 191 10 2 5
118 191 4 0 5
123 191 4 0 5
124 191 6 0 5
127 191 4 0 5
138 191 6 0 5
160 191 4 0 5
190 191 6 0 5
192 41 23 3 5
192 62 0 23 5
171 192 23 3 5
193 63 0 55 5
194 64 0 33 5
195 65 0 14 5
195 89 12 6 5
