Res1 Res2 NSingle NDouble Method
30 8 2 0 6
60 8 5 0 6
66 8 7 0 6
118 8 2 0 6
123 8 2 0 6
124 8 4 0 6
127 8 2 0 6
8 82 2 0 6
8 88 2 0 6
17 23 20 13 6
121 35 12 6 6
124 35 12 1 6
35 60 9 3 6
36 60 10 3 6
30 41 8 0 6
118 41 8 0 6
123 41 8 0 6
127 41 8 0 6
41 82 8 0 6
41 88 8 0 6
35 45 10 12 6
44 51 17 9 6
53 66 11 2 6
112 56 16 4 6
56 70 9 4 6
57 98 17 7 6
59 99 13 8 6
60 8 5 0 6
30 60 3 0 6
56 60 10 1 6
118 60 3 0 6
123 60 3 0 6
124 60 5 0 6
127 60 3 0 6
60 82 3 0 6
60 88 3 0 6
60 94 6 3 6
30 61 7 0 6
106 61 17 3 6
118 61 7 0 6
123 61 7 0 6
127 61 7 0 6
61 66 10 1 6
61 82 7 0 6
61 88 7 0 6
61 94 10 3 6
30 66 5 0 6
53 66 11 2 6
56 66 10 2 6
61 66 10 1 6
118 66 5 0 6
123 66 5 0 6
127 66 5 0 6
66 70 11 1 6
66 82 5 0 6
66 88 5 0 6
66 89 9 3 6
66 94 12 1 6
66 95 9 2 6
124 70 6 2 6
70 95 6 5 6
101 73 4 11 6
124 73 14 1 6
73 83 4 10 6
106 78 23 5 6
30 83 10 0 6
82 83 10 0 6
118 83 10 0 6
123 83 10 0 6
127 83 10 0 6
83 88 10 0 6
124 87 10 1 6
6 94 19 5 6
60 94 6 3 6
66 94 12 1 6
30 95 8 0 6
56 95 3 7 6
70 95 6 5 6
82 95 8 0 6
87 95 12 3 6
88 95 8 0 6
118 95 8 0 6
123 95 8 0 6
127 95 8 0 6
116 99 4 7 6
117 99 8 6 6
119 99 9 6 6
103 73 11 7 6
103 124 11 1 6
104 116 11 6 6
104 124 14 2 6
106 114 11 9 6
109 8 12 1 6
109 41 14 3 6
109 124 12 1 6
116 30 7 0 6
116 70 7 4 6
116 82 7 0 6
116 83 9 4 6
116 88 7 0 6
116 117 8 4 6
116 118 7 0 6
116 123 7 0 6
116 124 5 2 6
116 127 7 0 6
117 30 9 0 6
117 82 9 0 6
117 88 9 0 6
104 117 11 7 6
117 118 9 0 6
117 119 7 6 6
117 123 9 0 6
117 124 9 1 6
117 127 9 0 6
119 99 9 6 6
117 119 7 6 6
119 124 10 1 6
120 41 12 7 6
114 120 17 7 6
121 73 10 8 6
117 121 11 5 6
124 8 4 0 6
124 30 2 0 6
124 60 5 0 6
124 66 7 0 6
124 82 2 0 6
124 88 2 0 6
124 95 8 1 6
118 124 2 0 6
123 124 2 0 6
124 127 2 0 6
128 83 4 9 6
101 128 4 10 6
124 128 10 2 6
