Res1 Res2 NSingle NDouble Method
104 2 9 8 4
2 98 9 8 4
2 99 9 8 4
6 7 13 7 4
25 7 11 8 4
37 7 10 7 4
30 8 2 0 4
118 8 2 0 4
123 8 2 0 4
127 8 2 0 4
8 82 2 0 4
8 88 2 0 4
11 17 9 14 4
11 23 9 14 4
13 76 5 16 4
13 80 5 14 4
15 20 16 5 4
118 16 6 0 4
123 16 6 0 4
127 16 6 0 4
16 18 15 5 4
16 24 6 3 4
16 30 6 0 4
16 82 6 0 4
16 88 6 0 4
11 17 9 14 4
17 23 8 11 4
15 20 16 5 4
11 21 14 15 4
11 23 9 14 4
17 23 8 11 4
16 24 6 3 4
22 24 12 6 4
24 32 17 6 4
25 5 14 8 4
25 7 11 8 4
26 7 14 7 4
26 75 13 10 4
129 28 18 9 4
28 58 23 12 4
34 35 8 5 4
34 36 9 5 4
34 56 7 5 4
30 35 7 0 4
101 35 4 5 4
110 35 7 5 4
116 35 5 4 4
117 35 5 5 4
118 35 7 0 4
119 35 7 5 4
123 35 7 0 4
124 35 7 1 4
127 35 7 0 4
128 35 4 5 4
35 36 3 6 4
35 60 5 2 4
35 73 6 5 4
35 82 7 0 4
35 83 3 5 4
35 88 7 0 4
35 98 6 5 4
35 99 6 5 4
34 36 9 5 4
35 36 3 6 4
116 36 6 4 4
119 36 8 5 4
36 83 6 4 4
37 7 10 7 4
37 45 10 7 4
37 65 9 7 4
103 38 10 7 4
104 38 9 8 4
117 38 8 8 4
121 38 10 7 4
128 38 9 7 4
38 98 9 8 4
38 99 9 8 4
110 40 9 7 4
106 41 10 2 4
109 41 7 4 4
114 41 10 2 4
120 41 8 4 4
37 44 11 5 4
44 66 8 3 4
44 89 9 5 4
44 95 9 3 4
101 45 8 6 4
119 45 5 9 4
45 83 9 5 4
34 49 8 11 4
120 50 24 8 4
52 55 6 16 4
53 69 12 6 4
52 55 6 16 4
30 56 6 0 4
34 56 7 5 4
44 56 8 4 4
112 56 8 4 4
118 56 6 0 4
123 56 6 0 4
127 56 6 0 4
56 60 6 1 4
56 66 6 2 4
56 70 6 3 4
56 82 6 0 4
56 88 6 0 4
56 95 3 4 4
37 57 8 9 4
117 57 11 6 4
119 57 9 8 4
121 57 11 6 4
101 59 10 6 4
128 59 10 6 4
59 80 7 11 4
59 99 8 8 4
60 8 4 0 4
30 60 2 0 4
35 60 5 2 4
36 60 6 2 4
56 60 6 1 4
118 60 2 0 4
123 60 2 0 4
124 60 4 0 4
127 60 2 0 4
60 82 2 0 4
60 88 2 0 4
60 94 5 2 4
30 61 4 0 4
118 61 4 0 4
123 61 4 0 4
127 61 4 0 4
61 66 6 1 4
61 82 4 0 4
61 88 4 0 4
61 94 5 3 4
106 62 19 6 4
114 62 21 5 4
65 89 7 7 4
30 66 4 0 4
44 66 8 3 4
56 66 6 2 4
61 66 6 1 4
112 66 8 3 4
118 66 4 0 4
123 66 4 0 4
127 66 4 0 4
66 68 9 3 4
66 70 6 2 4
66 82 4 0 4
66 88 4 0 4
66 95 5 2 4
68 74 2 10 4
69 74 6 10 4
69 76 5 14 4
56 70 6 3 4
66 70 6 2 4
116 70 6 3 4
124 70 4 2 4
128 70 7 3 4
70 95 3 4 4
35 73 6 5 4
101 73 4 6 4
103 73 7 5 4
117 73 7 5 4
119 73 7 6 4
121 73 7 5 4
128 73 6 5 4
73 83 3 6 4
73 87 3 7 4
73 98 6 6 4
73 99 6 6 4
68 74 2 10 4
112 74 9 6 4
74 80 9 8 4
27 75 12 15 4
44 75 10 9 4
13 76 5 16 4
76 77 5 15 4
106 78 12 5 4
114 78 14 4 4
120 78 16 4 4
73 80 7 8 4
104 80 7 8 4
35 83 3 5 4
73 83 3 6 4
101 83 3 5 4
116 83 4 4 4
117 83 4 5 4
124 83 6 1 4
128 83 3 5 4
83 87 4 5 4
83 95 7 2 4
83 98 5 5 4
83 99 5 5 4
80 84 11 11 4
85 86 20 6 4
129 86 20 7 4
73 87 3 7 4
83 87 4 5 4
101 87 5 5 4
103 87 6 5 4
104 87 7 5 4
117 87 6 5 4
121 87 6 5 4
124 87 8 1 4
87 98 5 6 4
87 99 7 5 4
44 89 9 5 4
65 89 7 7 4
103 90 8 7 4
104 90 9 7 4
117 90 8 7 4
90 98 9 7 4
90 99 9 7 4
80 91 7 12 4
35 94 10 2 4
60 94 5 2 4
61 94 5 3 4
30 95 5 0 4
56 95 3 4 4
66 95 5 2 4
70 95 3 4 4
82 95 5 0 4
87 95 7 3 4
88 95 5 0 4
112 95 7 4 4
118 95 5 0 4
123 95 5 0 4
124 95 5 1 4
127 95 5 0 4
8 97 10 2 4
40 97 15 5 4
110 97 12 5 4
35 98 6 5 4
73 98 6 6 4
83 98 5 5 4
87 98 5 6 4
103 98 1 8 4
104 98 2 8 4
116 98 5 5 4
121 98 1 8 4
124 98 7 2 4
128 98 4 6 4
98 99 2 8 4
35 99 6 5 4
73 99 6 6 4
83 99 5 5 4
98 99 2 8 4
101 99 2 7 4
103 99 3 7 4
104 99 2 8 4
116 99 3 6 4
117 99 3 7 4
121 99 3 7 4
124 99 7 2 4
128 99 2 7 4
101 35 4 5 4
101 73 4 6 4
101 83 3 5 4
101 87 5 5 4
101 98 2 7 4
101 99 2 7 4
101 103 3 6 4
101 104 4 6 4
101 116 3 5 4
101 117 5 5 4
101 119 5 6 4
101 121 3 6 4
101 124 5 2 4
101 128 2 6 4
103 73 7 5 4
103 83 6 4 4
103 87 6 5 4
103 98 1 8 4
103 99 3 7 4
101 103 3 6 4
103 104 3 7 4
103 116 6 4 4
103 117 4 6 4
103 119 6 6 4
103 121 2 7 4
103 124 6 2 4
103 128 5 5 4
104 87 7 5 4
104 98 2 8 4
104 99 2 8 4
101 104 4 6 4
104 116 3 6 4
104 119 7 6 4
104 124 7 2 4
104 128 4 6 4
106 41 10 2 4
106 61 9 2 4
106 78 12 5 4
106 109 11 4 4
106 114 4 7 4
106 120 10 5 4
108 73 9 8 4
108 98 9 8 4
108 99 9 8 4
104 108 9 8 4
108 117 8 8 4
109 8 10 1 4
109 41 7 4 4
109 83 10 3 4
106 109 11 4 4
109 114 11 4 4
109 116 10 3 4
109 120 11 5 4
109 124 10 1 4
110 8 8 2 4
110 35 7 5 4
110 36 10 4 4
110 83 6 5 4
110 87 10 4 4
101 110 7 5 4
103 110 10 4 4
110 116 8 4 4
110 117 8 5 4
110 121 10 4 4
110 124 10 1 4
110 128 7 5 4
112 56 8 4 4
112 68 9 6 4
112 74 9 6 4
112 95 7 4 4
113 80 6 12 4
104 113 9 8 4
114 41 10 2 4
114 78 14 4 4
106 114 4 7 4
109 114 11 4 4
114 120 8 6 4
115 52 14 17 4
115 55 14 17 4
116 35 5 4 4
116 36 6 4 4
116 70 6 3 4
116 83 4 4 4
116 98 5 5 4
116 99 3 6 4
101 116 3 5 4
103 116 6 4 4
104 116 3 6 4
116 117 4 5 4
116 121 6 4 4
116 124 4 2 4
116 128 1 6 4
117 35 5 5 4
117 83 4 5 4
117 87 6 5 4
101 117 5 5 4
103 117 4 6 4
116 117 4 5 4
117 119 6 6 4
117 121 4 6 4
117 124 8 1 4
117 128 3 6 4
119 35 7 5 4
119 73 7 6 4
119 83 6 5 4
101 119 5 6 4
103 119 6 6 4
104 119 7 6 4
116 119 8 4 4
117 119 6 6 4
119 121 6 6 4
119 128 7 5 4
120 41 8 4 4
106 120 10 5 4
109 120 11 5 4
114 120 8 6 4
121 73 7 5 4
121 83 6 4 4
121 87 6 5 4
121 98 1 8 4
121 99 3 7 4
101 121 3 6 4
103 121 2 7 4
104 121 3 7 4
116 121 6 4 4
117 121 4 6 4
119 121 6 6 4
121 124 8 1 4
121 128 5 5 4
124 30 2 0 4
124 70 4 2 4
124 82 2 0 4
124 83 6 1 4
124 88 2 0 4
124 95 5 1 4
101 124 5 2 4
103 124 6 2 4
116 124 4 2 4
118 124 2 0 4
123 124 2 0 4
124 127 2 0 4
124 128 5 2 4
128 30 7 0 4
128 35 4 5 4
128 36 7 4 4
128 70 7 3 4
128 82 7 0 4
128 83 3 5 4
128 87 7 4 4
128 88 7 0 4
128 98 4 6 4
128 99 2 7 4
101 128 2 6 4
103 128 5 5 4
104 128 4 6 4
116 128 1 6 4
117 128 3 6 4
118 128 7 0 4
121 128 5 5 4
123 128 7 0 4
124 128 5 2 4
127 128 7 0 4
129 61 14 4 4
