Res1 Res2 NSingle NDouble Method
1 34 29 11 4
104 2 19 11 4
2 90 16 14 4
4 7 32 11 4
37 5 18 12 4
17 6 24 10 4
25 6 23 9 4
6 60 17 3 4
6 94 19 5 4
37 7 18 7 4
65 7 19 8 4
30 8 2 0 4
60 8 5 0 4
66 8 7 0 4
118 8 2 0 4
123 8 2 0 4
124 8 4 0 4
127 8 2 0 4
8 82 2 0 4
8 88 2 0 4
11 17 20 16 4
11 45 22 14 4
13 73 18 11 4
13 83 15 10 4
13 98 14 12 4
118 15 10 0 4
123 15 10 0 4
127 15 10 0 4
15 20 27 8 4
15 30 10 0 4
15 82 10 0 4
15 85 25 5 4
15 88 10 0 4
118 16 9 0 4
123 16 9 0 4
127 16 9 0 4
16 18 18 7 4
16 24 7 5 4
16 30 9 0 4
16 31 20 6 4
16 56 12 3 4
16 82 9 0 4
16 87 14 3 4
16 88 9 0 4
16 95 11 3 4
17 5 23 14 4
11 17 20 16 4
17 23 20 13 4
18 24 21 5 4
19 83 25 9 4
15 20 27 8 4
120 20 31 10 4
101 21 25 7 4
121 21 25 7 4
22 24 20 8 4
2 23 23 12 4
117 23 21 5 4
121 23 18 8 4
23 60 19 3 4
23 90 19 11 4
16 24 7 5 4
18 24 21 5 4
22 24 20 8 4
118 24 8 0 4
123 24 8 0 4
127 24 8 0 4
24 30 8 0 4
24 31 21 5 4
24 82 8 0 4
24 88 8 0 4
24 89 14 2 4
25 60 18 3 4
26 7 20 9 4
26 37 24 6 4
26 65 23 8 4
26 75 24 9 4
24 27 30 7 4
28 78 30 6 4
29 68 27 11 4
29 69 27 12 4
29 74 28 12 4
116 31 20 5 4
31 76 22 12 4
101 34 17 5 4
109 34 17 5 4
128 34 17 5 4
34 35 11 8 4
34 36 12 8 4
34 49 16 14 4
34 60 12 3 4
34 83 15 5 4
101 35 6 9 4
103 35 13 5 4
109 35 14 5 4
116 35 11 4 4
117 35 13 4 4
121 35 12 6 4
124 35 12 1 4
128 35 6 9 4
35 36 5 10 4
35 60 9 3 4
35 83 4 9 4
35 87 13 5 4
35 98 7 9 4
34 36 12 8 4
35 36 5 10 4
101 36 11 7 4
109 36 15 5 4
116 36 14 3 4
124 36 13 1 4
128 36 11 7 4
36 45 13 11 4
36 60 10 3 4
36 83 9 7 4
37 7 18 7 4
37 57 15 9 4
37 65 17 8 4
101 38 16 10 4
103 38 19 8 4
104 38 12 14 4
116 38 17 7 4
117 38 17 8 4
128 38 12 12 4
38 98 13 12 4
35 40 21 5 4
36 40 22 5 4
101 40 21 5 4
109 40 19 6 4
128 40 21 5 4
40 83 19 5 4
40 98 22 5 4
41 8 10 0 4
30 41 8 0 4
106 41 18 3 4
109 41 14 3 4
114 41 15 3 4
118 41 8 0 4
120 41 12 7 4
123 41 8 0 4
124 41 10 0 4
127 41 8 0 4
41 60 11 0 4
41 82 8 0 4
41 88 8 0 4
117 43 21 9 4
44 56 12 6 4
44 60 12 3 4
44 66 12 4 4
44 89 15 5 4
44 95 13 5 4
35 45 10 12 4
36 45 13 11 4
101 45 12 11 4
117 45 19 6 4
119 45 16 8 4
128 45 16 9 4
45 60 19 3 4
45 83 14 9 4
45 87 17 8 4
46 57 21 12 4
100 47 20 13 4
47 95 22 8 4
34 49 16 14 4
109 50 38 6 4
120 50 40 8 4
35 51 17 8 4
101 51 19 7 4
121 51 19 7 4
51 56 20 5 4
51 60 18 3 4
51 87 20 6 4
52 55 14 24 4
52 65 21 15 4
44 53 18 4 4
53 56 14 3 4
53 66 12 2 4
53 95 13 3 4
52 55 14 24 4
55 68 20 13 4
56 8 11 0 4
16 56 12 3 4
30 56 9 0 4
44 56 12 6 4
53 56 14 3 4
118 56 9 0 4
123 56 9 0 4
124 56 11 0 4
127 56 9 0 4
56 60 10 1 4
56 66 10 2 4
56 70 9 4 4
56 82 9 0 4
56 87 14 3 4
56 88 9 0 4
56 95 3 7 4
5 57 23 11 4
36 57 19 6 4
37 57 15 9 4
46 57 21 12 4
103 57 19 5 4
57 98 17 7 4
57 99 19 5 4
106 58 30 12 4
114 58 35 8 4
101 59 20 5 4
116 59 15 5 4
117 59 15 6 4
119 59 16 6 4
128 59 20 5 4
59 80 13 12 4
59 99 13 8 4
60 8 5 0 4
30 60 3 0 4
35 60 9 3 4
36 60 10 3 4
56 60 10 1 4
116 60 10 0 4
118 60 3 0 4
123 60 3 0 4
124 60 5 0 4
127 60 3 0 4
60 61 10 0 4
60 66 8 0 4
60 82 3 0 4
60 88 3 0 4
60 94 6 3 4
61 8 9 0 4
30 61 7 0 4
60 61 10 0 4
106 61 17 3 4
118 61 7 0 4
123 61 7 0 4
124 61 9 0 4
127 61 7 0 4
61 66 10 1 4
61 82 7 0 4
61 88 7 0 4
61 94 10 3 4
41 62 35 5 4
61 62 30 7 4
106 62 39 7 4
129 62 37 17 4
65 7 19 8 4
37 65 17 8 4
52 65 21 15 4
65 89 16 6 4
66 8 7 0 4
30 66 5 0 4
44 66 12 4 4
53 66 12 2 4
56 66 10 2 4
60 66 8 0 4
61 66 10 1 4
100 66 15 3 4
112 66 14 3 4
118 66 5 0 4
123 66 5 0 4
124 66 7 0 4
127 66 5 0 4
66 70 11 1 4
66 82 5 0 4
66 88 5 0 4
66 89 9 3 4
66 94 12 1 4
66 95 9 2 4
100 68 19 7 4
68 69 14 11 4
68 70 15 5 4
68 74 7 15 4
68 95 17 4 4
56 69 18 5 4
68 69 14 11 4
108 69 12 15 4
117 69 18 5 4
69 73 20 7 4
69 74 15 12 4
69 83 19 5 4
69 95 15 6 4
30 70 8 0 4
56 70 9 4 4
66 70 11 1 4
68 70 15 5 4
116 70 7 4 4
117 70 13 2 4
118 70 8 0 4
123 70 8 0 4
124 70 6 2 4
127 70 8 0 4
128 70 12 4 4
70 76 15 8 4
70 82 8 0 4
70 88 8 0 4
70 95 6 5 4
70 99 11 4 4
30 73 15 0 4
35 73 9 9 4
36 73 14 7 4
101 73 5 11 4
103 73 12 7 4
110 73 12 9 4
116 73 14 4 4
117 73 14 5 4
118 73 15 0 4
119 73 15 5 4
121 73 11 8 4
123 73 15 0 4
124 73 15 1 4
127 73 15 0 4
128 73 9 9 4
73 82 15 0 4
73 83 5 10 4
73 87 6 10 4
73 88 15 0 4
73 95 15 4 4
73 98 10 9 4
68 74 7 15 4
69 74 15 12 4
74 80 15 12 4
34 75 22 7 4
44 75 20 8 4
60 75 18 3 4
75 89 21 5 4
75 94 20 5 4
56 76 18 7 4
70 76 15 8 4
116 76 16 7 4
76 77 12 17 4
76 80 14 14 4
76 87 20 7 4
76 95 15 8 4
76 99 12 11 4
66 77 20 4 4
70 77 19 6 4
76 77 12 17 4
100 77 15 12 4
77 95 15 8 4
30 78 17 0 4
106 78 23 5 4
114 78 24 3 4
118 78 17 0 4
123 78 17 0 4
127 78 17 0 4
78 82 17 0 4
78 88 17 0 4
25 79 35 9 4
61 79 29 5 4
59 80 13 12 4
73 80 16 9 4
76 80 14 14 4
116 80 16 5 4
117 80 16 6 4
80 87 16 7 4
80 99 14 8 4
8 83 12 0 4
30 83 10 0 4
35 83 4 9 4
36 83 9 7 4
60 83 13 0 4
73 83 5 10 4
82 83 10 0 4
101 83 4 9 4
103 83 11 5 4
109 83 12 5 4
110 83 7 9 4
116 83 9 4 4
117 83 11 4 4
118 83 10 0 4
119 83 12 4 4
121 83 10 6 4
123 83 10 0 4
124 83 10 1 4
127 83 10 0 4
128 83 4 9 4
83 87 9 6 4
83 88 10 0 4
83 95 14 2 4
83 98 5 9 4
59 84 24 11 4
68 84 23 11 4
15 85 25 5 4
74 85 31 7 4
100 85 25 8 4
112 85 28 6 4
16 87 14 3 4
30 87 11 0 4
35 87 13 5 4
56 87 14 3 4
73 87 6 10 4
82 87 11 0 4
83 87 9 6 4
101 87 9 7 4
116 87 12 3 4
117 87 12 4 4
118 87 11 0 4
121 87 13 5 4
123 87 11 0 4
124 87 11 1 4
127 87 11 0 4
128 87 13 5 4
87 88 11 0 4
87 95 11 4 4
87 98 12 6 4
24 89 14 2 4
44 89 15 5 4
65 89 16 6 4
66 89 9 3 4
100 89 14 6 4
107 89 23 8 4
119 89 14 3 4
2 90 16 14 4
83 90 19 5 4
101 90 17 7 4
103 90 10 10 4
104 90 13 11 4
117 90 16 6 4
119 90 19 5 4
121 90 15 8 4
90 98 16 8 4
90 99 16 7 4
116 91 22 7 4
121 91 19 11 4
6 94 19 5 4
8 94 11 0 4
30 94 9 0 4
35 94 15 3 4
36 94 16 3 4
60 94 6 3 4
61 94 10 3 4
66 94 12 1 4
75 94 20 5 4
82 94 9 0 4
88 94 9 0 4
118 94 9 0 4
123 94 9 0 4
124 94 11 0 4
127 94 9 0 4
8 95 10 0 4
16 95 11 3 4
30 95 8 0 4
53 95 13 3 4
56 95 3 7 4
66 95 9 2 4
70 95 6 5 4
76 95 15 8 4
77 95 15 8 4
82 95 8 0 4
87 95 11 4 4
88 95 8 0 4
116 95 13 1 4
117 95 15 1 4
118 95 8 0 4
123 95 8 0 4
124 95 8 1 4
127 95 8 0 4
8 97 19 2 4
30 97 21 0 4
40 97 30 5 4
82 97 21 0 4
88 97 21 0 4
110 97 24 6 4
118 97 21 0 4
123 97 21 0 4
127 97 21 0 4
30 98 13 0 4
35 98 7 9 4
70 98 17 2 4
82 98 13 0 4
83 98 5 9 4
88 98 13 0 4
101 98 5 10 4
103 98 8 8 4
104 98 7 11 4
116 98 10 5 4
117 98 12 5 4
118 98 13 0 4
119 98 13 5 4
121 98 7 9 4
123 98 13 0 4
124 98 11 2 4
127 98 13 0 4
128 98 5 10 4
30 99 11 0 4
70 99 11 4 4
82 99 11 0 4
83 99 13 4 4
87 99 14 4 4
88 99 11 0 4
98 99 10 7 4
103 99 10 6 4
116 99 4 7 4
117 99 8 6 4
118 99 11 0 4
119 99 9 6 4
123 99 11 0 4
124 99 9 2 4
127 99 11 0 4
128 99 9 7 4
100 13 19 11 4
100 66 15 3 4
100 68 19 7 4
100 70 16 4 4
100 77 15 12 4
100 89 14 6 4
100 95 16 4 4
100 112 13 9 4
101 30 12 0 4
101 35 6 9 4
101 36 11 7 4
101 70 16 2 4
101 73 5 11 4
101 82 12 0 4
101 83 4 9 4
101 87 9 7 4
101 88 12 0 4
101 98 5 10 4
101 99 11 6 4
101 103 7 8 4
101 116 9 5 4
101 117 11 5 4
101 118 12 0 4
101 121 6 9 4
101 123 12 0 4
101 124 10 2 4
101 127 12 0 4
101 128 4 10 4
103 30 11 0 4
103 35 13 5 4
103 73 12 7 4
103 82 11 0 4
103 83 11 5 4
103 88 11 0 4
103 98 8 8 4
103 99 10 6 4
101 103 7 8 4
103 104 9 9 4
103 116 12 3 4
103 117 12 4 4
103 118 11 0 4
103 119 13 4 4
103 121 5 9 4
103 123 11 0 4
103 124 11 1 4
103 127 11 0 4
103 128 11 6 4
104 70 16 4 4
104 87 17 5 4
104 98 7 11 4
104 99 9 9 4
101 104 10 9 4
103 104 9 9 4
104 116 11 6 4
104 119 16 5 4
104 121 10 9 4
104 124 14 2 4
104 128 8 10 4
106 30 16 0 4
106 41 18 3 4
106 61 17 3 4
106 82 16 0 4
106 88 16 0 4
106 94 21 2 4
106 109 22 3 4
106 114 11 9 4
106 118 16 0 4
106 120 20 7 4
106 123 16 0 4
106 127 16 0 4
108 69 12 15 4
108 73 16 11 4
108 83 17 8 4
108 87 18 8 4
108 95 19 6 4
101 108 19 8 4
108 117 20 6 4
108 128 19 8 4
109 8 12 1 4
109 30 12 0 4
109 41 14 3 4
109 82 12 0 4
109 83 12 5 4
109 88 12 0 4
109 110 15 6 4
109 116 15 2 4
109 118 12 0 4
109 123 12 0 4
109 124 12 1 4
109 127 12 0 4
110 8 13 2 4
110 35 9 9 4
110 83 7 9 4
110 87 16 5 4
101 110 9 9 4
103 110 16 5 4
109 110 15 6 4
110 116 14 4 4
110 121 15 6 4
110 124 15 1 4
110 128 9 9 4
112 56 16 4 4
112 66 14 3 4
112 70 15 4 4
112 77 18 10 4
112 89 17 4 4
112 95 15 4 4
100 112 13 9 4
113 80 17 12 4
113 99 19 7 4
113 117 17 7 4
113 119 18 7 4
113 121 20 7 4
114 30 13 0 4
114 41 15 3 4
114 82 13 0 4
114 88 13 0 4
106 114 11 9 4
109 114 17 4 4
114 118 13 0 4
114 120 17 7 4
114 123 13 0 4
114 127 13 0 4
115 52 36 19 4
116 30 7 0 4
116 35 11 4 4
116 70 7 4 4
116 82 7 0 4
116 83 9 4 4
116 88 7 0 4
116 95 13 1 4
116 98 10 5 4
116 99 4 7 4
101 116 9 5 4
104 116 11 6 4
116 117 8 4 4
116 118 7 0 4
116 119 11 3 4
116 123 7 0 4
116 124 5 2 4
116 127 7 0 4
116 128 5 7 4
117 70 13 2 4
117 83 11 4 4
117 87 12 4 4
117 98 12 5 4
117 99 8 6 4
101 117 11 5 4
103 117 12 4 4
116 117 8 4 4
117 119 7 6 4
117 121 11 5 4
117 124 9 1 4
117 128 11 5 4
119 59 16 6 4
119 73 15 5 4
119 83 12 4 4
119 98 13 5 4
119 99 9 6 4
101 119 12 5 4
103 119 13 4 4
116 119 11 3 4
117 119 7 6 4
119 121 12 5 4
119 124 10 1 4
120 41 12 7 4
106 120 20 7 4
109 120 22 4 4
114 120 17 7 4
121 35 12 6 4
121 73 11 8 4
121 83 10 6 4
121 87 13 5 4
121 98 7 9 4
121 99 11 6 4
101 121 6 9 4
103 121 5 9 4
104 121 10 9 4
116 121 13 3 4
117 121 11 5 4
119 121 12 5 4
121 124 12 1 4
121 128 10 7 4
124 8 4 0 4
124 30 2 0 4
124 35 12 1 4
124 60 5 0 4
124 66 7 0 4
124 70 6 2 4
124 82 2 0 4
124 83 10 1 4
124 87 11 1 4
124 88 2 0 4
124 95 8 1 4
124 99 9 2 4
101 124 10 2 4
103 124 11 1 4
109 124 12 1 4
116 124 5 2 4
117 124 9 1 4
118 124 2 0 4
119 124 10 1 4
121 124 12 1 4
123 124 2 0 4
124 127 2 0 4
124 128 10 2 4
125 4 39 16 4
128 8 14 0 4
128 30 12 0 4
128 35 6 9 4
128 60 15 0 4
128 70 12 4 4
128 82 12 0 4
128 83 4 9 4
128 87 13 5 4
128 88 12 0 4
128 98 5 10 4
128 99 9 7 4
101 128 4 10 4
103 128 11 6 4
104 128 8 10 4
116 128 5 7 4
117 128 11 5 4
118 128 12 0 4
121 128 10 7 4
123 128 12 0 4
124 128 10 2 4
127 128 12 0 4
129 61 27 7 4
