Res1 Res2 NSingle NDouble Method
11 17 9 14 4
15 20 16 5 4
11 23 9 14 4
17 23 8 11 4
16 24 6 3 4
25 7 11 8 4
34 36 9 5 4
35 36 3 6 4
37 7 10 7 4
52 55 6 16 4
34 56 7 5 4
35 60 5 2 4
56 60 6 1 4
44 66 8 3 4
56 66 6 2 4
61 66 6 1 4
56 70 6 3 4
66 70 6 2 4
35 73 6 5 4
68 74 2 10 4
13 76 5 16 4
35 83 3 5 4
73 83 3 6 4
73 87 3 7 4
83 87 4 5 4
44 89 9 5 4
65 89 7 7 4
60 94 5 2 4
61 94 5 3 4
56 95 3 4 4
66 95 5 2 4
70 95 3 4 4
35 98 6 5 4
83 98 5 5 4
87 98 5 6 4
35 99 6 5 4
73 99 6 6 4
83 99 5 5 4
98 99 2 8 4
100 13 8 11 4
101 35 4 5 4
101 73 4 6 4
101 83 3 5 4
101 87 5 5 4
101 99 2 7 4
103 73 7 5 4
103 87 6 5 4
103 98 1 8 4
103 99 3 7 4
101 103 3 6 4
104 87 7 5 4
104 98 2 8 4
104 99 2 8 4
101 104 4 6 4
106 41 10 2 4
106 78 12 5 4
109 41 7 4 4
106 109 11 4 4
110 35 7 5 4
112 56 8 4 4
112 66 8 3 4
112 74 9 6 4
112 95 7 4 4
114 41 10 2 4
114 78 14 4 4
106 114 4 7 4
109 114 11 4 4
116 35 5 4 4
116 36 6 4 4
116 70 6 3 4
116 83 4 4 4
116 98 5 5 4
116 99 3 6 4
101 116 3 5 4
103 116 6 4 4
104 116 3 6 4
117 35 5 5 4
117 83 4 5 4
117 87 6 5 4
101 117 5 5 4
103 117 4 6 4
116 117 4 5 4
119 35 7 5 4
119 73 7 6 4
101 119 5 6 4
103 119 6 6 4
104 119 7 6 4
117 119 6 6 4
120 41 8 4 4
106 120 10 5 4
109 120 11 5 4
114 120 8 6 4
121 73 7 5 4
121 87 6 5 4
121 98 1 8 4
121 99 3 7 4
101 121 3 6 4
103 121 2 7 4
116 121 6 4 4
117 121 4 6 4
119 121 6 6 4
124 70 4 2 4
124 83 6 1 4
124 95 5 1 4
101 124 5 2 4
103 124 6 2 4
116 124 4 2 4
128 35 4 5 4
128 70 7 3 4
128 83 3 5 4
128 98 4 6 4
128 99 2 7 4
101 128 2 6 4
103 128 5 5 4
104 128 4 6 4
116 128 1 6 4
117 128 3 6 4
121 128 5 5 4
124 128 5 2 4
