Res1 Res2 NSingle NDouble Method
11 17 20 16 4
15 20 27 8 4
16 24 7 5 4
18 24 21 5 4
22 24 20 8 4
34 36 12 8 4
35 36 5 10 4
37 7 18 7 4
36 45 13 11 4
34 49 16 14 4
52 55 14 24 4
16 56 12 3 4
44 56 12 6 4
53 56 14 3 4
37 57 15 9 4
46 57 21 12 4
60 8 5 0 4
35 60 9 3 4
36 60 10 3 4
56 60 10 1 4
60 61 10 0 4
65 7 19 8 4
37 65 17 8 4
52 65 21 15 4
66 8 7 0 4
44 66 12 4 4
53 66 12 2 4
56 66 10 2 4
60 66 8 0 4
61 66 10 1 4
68 69 14 11 4
56 70 9 4 4
66 70 11 1 4
68 70 15 5 4
68 74 7 15 4
69 74 15 12 4
70 76 15 8 4
76 77 12 17 4
59 80 13 12 4
76 80 14 14 4
35 83 4 9 4
36 83 9 7 4
73 83 5 10 4
15 85 25 5 4
16 87 14 3 4
35 87 13 5 4
56 87 14 3 4
73 87 6 10 4
83 87 9 6 4
24 89 14 2 4
44 89 15 5 4
65 89 16 6 4
66 89 9 3 4
2 90 16 14 4
6 94 19 5 4
60 94 6 3 4
61 94 10 3 4
66 94 12 1 4
75 94 20 5 4
16 95 11 3 4
53 95 13 3 4
56 95 3 7 4
66 95 9 2 4
70 95 6 5 4
76 95 15 8 4
77 95 15 8 4
87 95 11 4 4
35 98 7 9 4
83 98 5 9 4
70 99 11 4 4
100 66 15 3 4
100 68 19 7 4
100 77 15 12 4
100 89 14 6 4
101 35 6 9 4
101 36 11 7 4
101 73 5 11 4
101 83 4 9 4
101 87 9 7 4
101 98 5 10 4
103 35 13 5 4
103 73 12 7 4
103 83 11 5 4
103 98 8 8 4
103 99 10 6 4
101 103 7 8 4
104 98 7 11 4
103 104 9 9 4
106 41 18 3 4
106 61 17 3 4
108 69 12 15 4
109 41 14 3 4
109 83 12 5 4
110 83 7 9 4
109 110 15 6 4
112 66 14 3 4
100 112 13 9 4
114 41 15 3 4
106 114 11 9 4
116 35 11 4 4
116 70 7 4 4
116 83 9 4 4
116 95 13 1 4
116 98 10 5 4
116 99 4 7 4
101 116 9 5 4
104 116 11 6 4
117 70 13 2 4
117 83 11 4 4
117 87 12 4 4
117 98 12 5 4
117 99 8 6 4
101 117 11 5 4
103 117 12 4 4
116 117 8 4 4
119 59 16 6 4
119 73 15 5 4
119 83 12 4 4
119 98 13 5 4
119 99 9 6 4
103 119 13 4 4
116 119 11 3 4
117 119 7 6 4
120 41 12 7 4
106 120 20 7 4
114 120 17 7 4
121 35 12 6 4
121 73 11 8 4
121 83 10 6 4
121 87 13 5 4
121 98 7 9 4
101 121 6 9 4
103 121 5 9 4
104 121 10 9 4
117 121 11 5 4
119 121 12 5 4
124 8 4 0 4
124 35 12 1 4
124 60 5 0 4
124 66 7 0 4
124 70 6 2 4
124 83 10 1 4
124 87 11 1 4
124 95 8 1 4
124 99 9 2 4
101 124 10 2 4
103 124 11 1 4
109 124 12 1 4
116 124 5 2 4
117 124 9 1 4
119 124 10 1 4
121 124 12 1 4
128 35 6 9 4
128 70 12 4 4
128 83 4 9 4
128 87 13 5 4
128 98 5 10 4
128 99 9 7 4
101 128 4 10 4
103 128 11 6 4
104 128 8 10 4
116 128 5 7 4
117 128 11 5 4
121 128 10 7 4
124 128 10 2 4
