Res1 Res2 NSingle NDouble Method
3 5 31 0 4
12 5 29 1 4
13 5 34 0 4
14 5 24 0 4
15 5 23 0 4
13 15 37 2 4
14 15 31 0 4
16 3 41 1 4
16 5 18 5 4
12 16 37 3 4
13 16 38 4 4
14 16 34 1 4
12 20 33 7 4
13 20 44 3 4
21 3 39 1 4
21 5 20 3 4
12 21 25 8 4
15 21 33 0 4
16 21 28 5 4
13 27 40 7 4
29 5 10 6 4
14 29 30 0 4
15 29 29 0 4
16 29 14 10 4
21 29 22 5 4
30 5 26 0 4
13 30 38 3 4
15 30 31 1 4
25 30 51 4 4
27 30 40 3 4
14 31 41 5 4
3 35 47 6 4
38 5 14 4 4
12 38 29 4 4
13 38 32 4 4
14 38 30 0 4
15 38 29 0 4
16 38 24 5 4
20 38 16 11 4
21 38 8 12 4
29 38 14 7 4
41 5 19 0 4
14 41 27 0 4
15 41 24 1 4
16 41 31 0 4
21 41 29 0 4
29 41 25 0 4
30 41 27 1 4
38 41 25 0 4
42 5 27 0 4
12 42 28 7 4
13 42 31 7 4
21 42 35 1 4
29 42 33 0 4
37 42 41 2 4
38 42 31 1 4
41 42 30 0 4
11 43 50 5 4
36 43 49 6 4
37 43 42 6 4
3 44 59 16 4
3 45 43 14 4
35 45 48 18 4
10 46 74 38 4
44 46 78 32 4
12 49 46 2 4
30 49 39 3 4
41 49 24 7 4
40 50 88 19 4
5 53 15 0 4
15 53 22 0 4
29 53 21 0 4
37 53 21 6 4
38 53 21 0 4
41 53 18 0 4
43 53 27 4 4
54 7 50 26 4
13 55 41 7 4
15 55 38 3 4
16 55 43 3 4
30 55 35 6 4
49 55 50 3 4
14 57 39 2 4
20 57 35 8 4
29 57 31 5 4
38 57 37 2 4
42 57 34 6 4
3 58 29 4 4
5 58 22 0 4
12 58 35 1 4
21 58 30 1 4
25 58 43 6 4
38 58 26 1 4
41 58 25 0 4
43 58 36 3 4
53 58 21 0 4
15 59 41 3 4
37 59 48 5 4
51 59 51 11 4
41 60 32 3 4
42 60 34 6 4
49 60 42 6 4
57 60 42 6 4
5 61 20 0 4
14 61 28 0 4
15 61 25 1 4
29 61 26 0 4
30 61 26 2 4
38 61 26 0 4
41 61 21 1 4
53 61 19 0 4
58 61 26 0 4
63 7 47 29 4
54 63 59 19 4
51 65 38 17 4
59 65 51 6 4
63 65 61 10 4
3 67 46 10 4
25 67 26 29 4
44 67 65 23 4
58 67 45 6 4
5 73 22 0 4
11 73 38 4 4
15 73 29 0 4
29 73 28 0 4
36 73 41 3 4
38 73 28 0 4
41 73 25 0 4
53 73 21 0 4
61 73 26 0 4
63 73 50 7 4
15 74 43 7 4
59 74 52 11 4
3 75 37 2 4
5 75 24 1 4
12 75 31 5 4
13 75 38 3 4
16 75 32 3 4
20 75 38 2 4
21 75 28 4 4
27 75 22 12 4
29 75 30 1 4
31 75 31 11 4
38 75 30 1 4
41 75 29 0 4
42 75 19 9 4
60 75 39 3 4
5 77 22 4 4
12 77 31 7 4
16 77 28 7 4
21 77 24 8 4
38 77 16 10 4
42 77 27 7 4
75 77 28 6 4
15 78 45 6 4
30 78 48 6 4
36 78 53 11 4
43 78 48 11 4
36 79 53 7 4
11 80 45 10 4
75 80 39 6 4
5 82 30 0 4
30 82 38 1 4
37 82 40 4 4
42 82 35 3 4
51 82 49 7 4
55 82 41 5 4
59 82 44 5 4
73 82 34 1 4
74 82 48 8 4
59 84 60 12 4
74 84 60 17 4
36 85 36 14 4
39 85 46 9 4
43 85 41 9 4
78 85 51 11 4
5 86 30 0 4
11 86 44 5 4
12 86 39 3 4
13 86 42 3 4
27 86 44 3 4
42 86 35 3 4
49 86 39 5 4
53 86 27 1 4
60 86 41 4 4
73 86 30 3 4
75 86 34 3 4
82 86 38 3 4
5 88 20 0 4
11 88 30 7 4
14 88 28 0 4
15 88 27 0 4
21 88 30 0 4
29 88 26 0 4
30 88 28 1 4
36 88 39 3 4
38 88 26 0 4
39 88 37 4 4
41 88 23 0 4
43 88 26 7 4
53 88 19 0 4
58 88 26 0 4
61 88 22 1 4
73 88 24 1 4
85 88 33 5 4
17 89 78 30 4
5 90 22 0 4
12 90 33 2 4
13 90 36 2 4
16 90 30 2 4
36 90 41 3 4
41 90 23 1 4
49 90 37 2 4
53 90 21 0 4
55 90 37 3 4
60 90 37 2 4
61 90 26 0 4
73 90 26 1 4
77 90 32 2 4
79 90 40 4 4
85 90 39 3 4
88 90 26 0 4
3 92 31 1 4
5 92 16 1 4
13 92 32 2 4
14 92 26 0 4
15 92 25 0 4
16 92 26 2 4
20 92 22 6 4
21 92 8 10 4
29 92 24 0 4
30 92 28 0 4
38 92 16 4 4
41 92 21 0 4
42 92 27 1 4
53 92 17 0 4
58 92 24 0 4
61 92 22 0 4
73 92 24 0 4
75 92 20 4 4
77 92 28 2 4
88 92 22 0 4
90 92 24 0 4
5 94 20 0 4
14 94 28 0 4
15 94 27 0 4
29 94 26 0 4
30 94 28 1 4
37 94 22 8 4
38 94 26 0 4
41 94 23 0 4
43 94 34 3 4
53 94 11 4 4
58 94 26 0 4
61 94 22 1 4
73 94 26 0 4
88 94 22 1 4
90 94 26 0 4
92 94 22 0 4
41 96 36 7 4
49 96 36 15 4
86 96 47 7 4
5 98 27 0 4
12 98 34 4 4
14 98 27 4 4
16 98 37 1 4
21 98 31 3 4
27 98 39 4 4
38 98 31 1 4
41 98 30 0 4
42 98 34 2 4
57 98 38 4 4
75 98 31 3 4
77 98 37 2 4
92 98 23 3 4
100 25 63 17 4
100 70 74 14 4
102 35 50 10 4
102 37 34 13 4
102 53 35 3 4
102 59 52 7 4
102 65 55 5 4
102 94 30 8 4
103 32 96 34 4
104 5 27 1 4
104 11 43 5 4
104 12 34 5 4
104 16 31 5 4
104 20 25 10 4
104 21 25 7 4
104 29 29 3 4
104 37 39 4 4
104 38 31 2 4
104 53 26 1 4
104 55 42 4 4
104 75 35 2 4
104 94 25 4 4
104 98 36 2 4
102 104 37 9 4
106 5 33 0 4
106 16 39 3 4
106 20 43 3 4
106 21 35 4 4
106 36 42 8 4
106 38 31 4 4
106 39 30 14 4
106 42 40 2 4
106 43 45 4 4
106 55 42 6 4
106 57 38 7 4
106 60 44 4 4
106 61 35 1 4
106 85 40 8 4
106 88 31 3 4
106 90 35 2 4
106 92 31 2 4
106 98 40 2 4
104 106 42 2 4
107 43 62 14 4
108 13 36 7 4
108 14 38 1 4
108 16 30 7 4
108 20 34 7 4
108 29 28 5 4
108 42 37 3 4
108 53 29 1 4
108 60 37 7 4
108 75 38 2 4
108 77 40 3 4
108 86 40 3 4
108 90 32 3 4
108 98 35 4 4
104 108 35 5 4
106 108 41 4 4
109 5 11 4 4
109 12 28 3 4
109 13 33 2 4
109 14 27 0 4
109 15 26 0 4
109 16 17 7 4
109 21 21 4 4
109 29 11 7 4
109 38 13 6 4
109 41 22 0 4
109 53 18 0 4
109 57 30 4 4
109 58 25 0 4
109 60 34 2 4
109 61 23 0 4
109 73 25 0 4
109 75 27 1 4
109 88 23 0 4
109 90 23 1 4
109 92 19 1 4
109 94 23 0 4
106 109 32 2 4
108 109 31 2 4
110 76 83 30 4
111 44 63 29 4
111 46 67 30 4
112 14 44 4 4
112 98 45 5 4
114 3 31 0 4
114 5 8 4 4
114 12 29 1 4
114 13 32 1 4
114 14 24 0 4
114 15 23 0 4
114 16 20 4 4
114 21 14 6 4
114 29 12 5 4
114 30 26 0 4
114 38 8 7 4
114 41 19 0 4
114 42 27 0 4
114 53 15 0 4
114 57 31 2 4
114 58 22 0 4
114 61 20 0 4
114 73 22 0 4
114 75 24 1 4
114 77 18 6 4
114 82 30 0 4
114 86 30 0 4
114 88 20 0 4
114 90 22 0 4
114 92 16 1 4
114 94 20 0 4
114 98 27 0 4
104 114 29 0 4
106 114 31 1 4
108 114 30 1 4
109 114 11 4 4
115 7 59 26 4
115 35 58 17 4
115 56 57 30 4
115 84 70 19 4
116 5 34 1 4
116 13 40 7 4
116 14 34 5 4
116 20 42 5 4
116 42 35 6 4
116 75 40 3 4
116 90 38 2 4
116 98 37 5 4
104 116 39 5 4
108 116 26 13 4
118 3 41 2 4
118 5 30 0 4
118 30 38 1 4
118 59 44 5 4
118 73 34 1 4
118 75 36 2 4
118 79 44 6 4
118 80 37 9 4
118 82 32 6 4
118 86 40 2 4
118 88 32 1 4
11 118 40 7 4
112 118 48 5 4
114 118 30 0 4
119 14 38 1 4
119 21 32 5 4
119 29 20 9 4
119 38 24 7 4
119 77 22 12 4
119 90 32 3 4
119 98 37 3 4
104 119 39 3 4
114 119 24 4 4
120 69 76 28 4
120 94 49 8 4
121 17 62 19 4
121 37 45 8 4
121 53 30 6 4
121 94 37 5 4
102 121 55 7 4
123 5 16 3 4
123 16 28 3 4
123 20 32 3 4
123 29 22 3 4
123 41 23 1 4
123 42 31 1 4
123 53 21 0 4
123 57 35 3 4
123 74 48 4 4
123 75 30 1 4
123 82 28 4 4
123 88 24 1 4
123 90 26 1 4
1 123 55 5 4
104 123 33 1 4
108 123 32 3 4
109 123 23 1 4
114 123 20 1 4
118 123 32 2 4
119 123 36 1 4
124 51 56 11 4
124 54 60 12 4
124 58 45 3 4
124 98 46 5 4
118 124 51 4 4
120 124 62 14 4
125 7 54 16 4
125 17 68 14 4
125 51 56 8 4
125 54 56 11 4
125 63 51 15 4
125 65 50 6 4
121 125 48 9 4
124 125 50 9 4
127 59 52 8 4
127 63 56 15 4
127 65 51 8 4
127 73 42 4 4
102 127 56 7 4
127 128 58 10 4
129 5 18 5 4
129 13 36 5 4
129 16 30 5 4
129 20 16 14 4
129 21 18 10 4
129 29 22 6 4
129 38 16 9 4
129 41 31 0 4
129 42 31 4 4
129 57 37 5 4
129 58 32 1 4
129 75 30 4 4
129 92 20 5 4
129 98 37 1 4
12 129 31 6 4
104 129 27 7 4
109 129 23 4 4
114 129 18 5 4
116 129 38 5 4
119 129 30 7 4
123 129 32 1 4
124 130 70 14 4
