Res1 Res2 NSingle NDouble Method
108 4 4 7 3
36 6 4 13 3
18 7 0 8 3
21 7 0 8 3
125 9 0 6 3
10 78 9 8 3
104 13 0 10 3
13 51 0 10 3
14 68 7 16 3
14 73 9 14 3
18 7 0 8 3
18 21 0 8 3
102 20 3 19 3
21 7 0 8 3
18 21 0 8 3
120 22 0 8 3
25 41 0 9 3
107 27 1 19 3
27 84 3 20 3
113 30 0 7 3
30 53 0 7 3
30 69 0 7 3
31 93 0 12 3
33 82 15 21 3
36 6 4 13 3
25 41 0 9 3
119 43 0 6 3
43 64 0 6 3
43 96 0 6 3
123 44 0 5 3
44 48 0 5 3
47 89 13 13 3
44 48 0 5 3
123 48 0 5 3
13 51 0 10 3
104 51 0 10 3
30 53 0 7 3
113 53 0 7 3
53 69 0 7 3
102 54 10 15 3
14 55 11 18 3
128 56 11 16 3
56 71 11 18 3
58 73 6 15 3
117 62 0 6 3
43 64 0 6 3
119 64 0 6 3
64 96 0 6 3
10 67 17 12 3
14 68 7 16 3
30 69 0 7 3
53 69 0 7 3
113 69 0 7 3
56 71 11 18 3
128 71 12 17 3
58 73 6 15 3
72 78 6 10 3
27 84 3 20 3
107 84 4 19 3
112 87 0 7 3
47 89 13 13 3
31 93 0 12 3
94 98 2 7 3
43 96 0 6 3
64 96 0 6 3
119 96 0 6 3
102 20 3 19 3
104 13 0 10 3
104 51 0 10 3
106 109 0 5 3
107 27 1 19 3
107 84 4 19 3
106 109 0 5 3
112 87 0 7 3
113 30 0 7 3
113 53 0 7 3
113 69 0 7 3
114 61 6 14 3
117 62 0 6 3
119 43 0 6 3
119 64 0 6 3
119 96 0 6 3
120 22 0 8 3
122 88 4 11 3
123 44 0 5 3
123 48 0 5 3
125 9 0 6 3
128 56 11 16 3
