Res1 Res2 NSingle NDouble Method
1 8 403 17 5
1 10 325 1 5
1 11 361 11 5
1 12 319 11 5
1 18 334 11 5
1 21 395 21 5
1 22 374 10 5
1 23 368 5 5
1 24 299 2 5
1 34 371 30 5
1 37 458 45 5
1 38 378 20 5
1 42 439 21 5
1 48 350 2 5
1 50 365 14 5
1 52 328 4 5
1 56 285 2 5
1 58 339 4 5
1 78 338 5 5
1 79 447 25 5
1 80 340 5 5
1 82 292 8 5
1 83 455 41 5
1 91 323 20 5
1 94 488 37 5
1 95 328 2 5
1 111 370 4 5
1 113 376 10 5
1 115 358 3 5
1 120 313 3 5
1 121 352 2 5
1 125 366 11 5
10 2 468 12 5
12 2 496 5 5
18 2 491 15 5
19 2 643 65 5
111 2 521 11 5
115 2 479 25 5
120 2 466 9 5
121 2 507 7 5
125 2 531 11 5
129 2 630 60 5
130 2 612 60 5
2 7 594 42 5
2 9 532 45 5
2 23 495 24 5
2 24 456 6 5
2 26 572 43 5
2 28 553 39 5
2 29 578 57 5
2 32 650 68 5
2 36 564 30 5
2 38 517 33 5
2 48 491 14 5
2 50 522 18 5
2 52 495 3 5
2 54 515 18 5
2 55 573 35 5
2 56 444 5 5
2 58 500 6 5
2 78 491 11 5
2 80 477 19 5
2 82 469 2 5
2 83 604 49 5
2 84 585 37 5
2 95 485 6 5
2 96 578 54 5
10 3 457 10 5
11 3 515 9 5
12 3 469 11 5
15 3 561 62 5
17 3 555 29 5
18 3 478 14 5
23 3 500 14 5
24 3 441 6 5
25 3 571 67 5
111 3 502 13 5
115 3 480 17 5
120 3 449 10 5
121 3 496 5 5
125 3 500 19 5
130 3 537 90 5
3 9 497 55 5
3 32 591 90 5
3 34 537 22 5
3 38 530 19 5
3 46 537 21 5
3 48 488 8 5
3 52 478 4 5
3 54 498 19 5
3 56 423 8 5
3 60 568 53 5
3 66 498 55 5
3 78 490 4 5
3 80 450 25 5
3 82 438 10 5
3 83 559 64 5
3 91 481 16 5
3 93 492 24 5
3 95 474 4 5
3 99 594 65 5
10 4 453 3 5
12 4 453 10 5
18 4 478 5 5
23 4 490 10 5
24 4 429 3 5
32 4 589 82 5
33 4 648 86 5
34 4 523 20 5
38 4 500 25 5
111 4 480 15 5
115 4 468 14 5
120 4 425 13 5
121 4 480 4 5
4 7 525 60 5
4 9 515 37 5
4 48 440 23 5
4 52 462 3 5
4 54 468 25 5
4 56 421 0 5
4 71 575 42 5
4 75 593 51 5
4 80 474 4 5
4 82 422 9 5
4 99 598 54 5
10 5 409 3 5
12 5 423 3 5
16 5 550 50 5
18 5 410 17 5
22 5 454 14 5
24 5 385 3 5
31 5 601 57 5
37 5 544 46 5
44 5 455 49 5
48 5 420 11 5
104 5 532 39 5
111 5 432 17 5
115 5 442 5 5
118 5 514 33 5
119 5 534 36 5
120 5 405 1 5
121 5 434 5 5
5 8 469 28 5
5 52 402 11 5
5 54 418 28 5
5 55 510 28 5
5 56 361 8 5
5 58 413 11 5
5 62 478 39 5
5 78 422 7 5
5 79 489 48 5
5 80 422 8 5
5 82 386 5 5
5 87 566 46 5
5 91 433 9 5
5 92 517 35 5
5 93 456 11 5
5 95 408 6 5
5 96 529 40 5
5 98 497 30 5
5 99 574 44 5
10 6 458 10 5
12 6 462 15 5
15 6 574 56 5
24 6 444 5 5
25 6 602 52 5
38 6 491 39 5
47 6 622 81 5
48 6 479 13 5
52 6 465 11 5
56 6 434 3 5
58 6 486 6 5
107 6 605 62 5
111 6 491 19 5
115 6 475 20 5
120 6 442 14 5
121 6 491 8 5
6 71 558 60 5
6 73 702 131 5
6 78 481 9 5
6 80 475 13 5
6 82 457 1 5
6 95 467 8 5
4 7 525 60 5
10 7 340 11 5
11 7 400 9 5
12 7 358 9 5
18 7 369 11 5
22 7 407 11 5
23 7 377 18 5
24 7 326 6 5
26 7 476 26 5
29 7 484 39 5
38 7 419 17 5
40 7 567 60 5
48 7 379 5 5
50 7 400 14 5
52 7 369 1 5
54 7 369 26 5
56 7 314 5 5
57 7 457 22 5
58 7 374 4 5
113 7 421 5 5
115 7 387 6 5
118 7 479 24 5
120 7 346 4 5
121 7 387 2 5
7 9 436 28 5
7 78 379 2 5
7 80 383 1 5
7 82 341 1 5
7 84 455 37 5
7 91 394 2 5
7 93 405 10 5
7 95 353 7 5
10 8 276 5 5
11 8 326 8 5
12 8 278 11 5
14 8 414 27 5
16 8 455 33 5
17 8 390 16 5
18 8 297 9 5
21 8 354 21 5
23 8 321 8 5
24 8 244 9 5
28 8 397 14 5
34 8 374 8 5
37 8 417 45 5
38 8 365 6 5
48 8 299 7 5
50 8 316 18 5
52 8 295 0 5
54 8 327 9 5
56 8 232 8 5
58 8 292 7 5
62 8 401 13 5
78 8 289 9 5
79 8 418 19 5
104 8 425 28 5
111 8 335 1 5
115 8 291 16 5
118 8 389 31 5
119 8 417 30 5
120 8 270 4 5
121 8 293 11 5
125 8 343 2 5
8 80 287 11 5
8 82 257 5 5
8 91 314 4 5
8 92 410 24 5
8 95 287 2 5
8 96 386 47 5
3 9 497 55 5
7 9 436 28 5
10 9 286 10 5
12 9 302 9 5
17 9 384 29 5
18 9 331 2 5
20 9 470 39 5
21 9 376 20 5
23 9 337 10 5
24 9 276 3 5
26 9 404 34 5
36 9 396 21 5
38 9 361 18 5
46 9 388 10 5
48 9 325 4 5
50 9 362 5 5
52 9 309 3 5
54 9 347 9 5
56 9 264 2 5
58 9 314 6 5
78 9 313 7 5
80 9 325 2 5
81 9 395 31 5
82 9 287 0 5
89 9 425 30 5
107 9 469 44 5
113 9 351 12 5
115 9 341 1 5
118 9 431 20 5
120 9 296 1 5
121 9 331 2 5
125 9 355 6 5
130 9 442 52 5
9 91 316 13 5
9 93 355 7 5
9 95 295 8 5
9 96 432 34 5
10 7 340 11 5
10 8 276 5 5
10 9 286 10 5
10 11 218 7 5
10 12 174 8 5
10 17 302 5 5
10 18 197 4 5
10 21 282 2 5
10 22 235 4 5
10 23 219 4 5
10 24 144 4 5
10 26 312 15 5
10 27 321 18 5
10 28 297 9 5
10 29 326 25 5
10 34 270 5 5
10 38 263 2 5
10 48 199 2 5
10 50 230 6 5
10 52 175 5 5
10 54 229 3 5
10 56 132 3 5
10 58 190 3 5
10 66 295 6 5
10 78 195 1 5
10 80 197 1 5
10 82 147 5 5
10 91 202 5 5
10 93 229 5 5
10 95 169 6 5
10 111 223 2 5
10 113 239 3 5
10 115 207 3 5
10 120 160 4 5
10 121 197 4 5
10 125 231 3 5
11 8 326 8 5
1 11 361 11 5
10 11 218 7 5
11 12 226 10 5
11 14 382 16 5
11 18 245 8 5
11 21 310 16 5
11 22 285 7 5
11 23 275 4 5
11 24 196 6 5
11 28 345 13 5
11 34 326 5 5
11 36 348 8 5
11 38 307 8 5
11 44 350 10 5
11 48 247 6 5
11 50 280 9 5
11 52 233 4 5
11 56 184 5 5
11 57 347 12 5
11 58 240 6 5
11 62 355 9 5
11 78 245 4 5
11 80 249 3 5
11 81 357 13 5
11 82 193 10 5
11 91 252 8 5
11 93 287 4 5
11 95 227 5 5
11 97 388 19 5
11 98 352 11 5
11 111 277 3 5
11 113 289 6 5
11 115 259 5 5
11 120 212 6 5
11 121 239 11 5
11 125 263 15 5
12 8 278 11 5
12 9 302 9 5
1 12 319 11 5
10 12 174 8 5
11 12 226 10 5
111 12 229 6 5
113 12 255 2 5
115 12 209 9 5
118 12 335 10 5
12 17 314 6 5
12 18 209 5 5
12 22 253 2 5
12 23 233 4 5
12 24 158 4 5
12 36 308 7 5
12 38 265 8 5
12 46 276 8 5
12 48 205 6 5
12 50 244 6 5
12 52 189 5 5
12 54 243 3 5
12 56 148 2 5
12 58 202 4 5
12 62 295 18 5
12 78 199 6 5
12 80 209 2 5
12 81 319 11 5
12 82 167 2 5
12 91 214 6 5
12 92 340 11 5
12 93 245 4 5
12 95 193 1 5
12 120 172 5 5
12 121 213 3 5
12 125 247 2 5
13 4 676 86 5
13 9 629 33 5
10 13 527 19 5
104 13 656 52 5
111 13 572 22 5
120 13 533 12 5
121 13 564 15 5
125 13 594 16 5
13 18 560 17 5
13 24 527 7 5
13 26 647 42 5
13 27 654 46 5
13 34 613 28 5
13 38 584 36 5
13 46 603 32 5
13 48 562 15 5
13 52 556 9 5
13 54 574 25 5
13 56 521 3 5
13 58 531 27 5
13 68 680 62 5
13 80 570 9 5
13 82 534 6 5
13 91 547 27 5
13 93 580 24 5
13 95 540 15 5
13 97 653 53 5
14 8 414 27 5
10 14 354 2 5
11 14 382 16 5
12 14 358 7 5
111 14 379 15 5
113 14 403 12 5
115 14 385 5 5
120 14 334 8 5
121 14 345 21 5
125 14 411 4 5
127 14 562 68 5
14 17 448 23 5
14 18 373 7 5
14 21 402 33 5
14 22 397 14 5
14 23 397 6 5
14 24 326 4 5
14 38 431 9 5
14 42 444 34 5
14 47 542 61 5
14 48 383 1 5
14 50 410 7 5
14 52 347 10 5
14 54 405 6 5
14 56 314 3 5
14 58 374 2 5
14 69 485 29 5
14 78 361 9 5
14 80 381 0 5
14 82 335 2 5
14 85 527 58 5
14 91 394 0 5
14 92 480 25 5
14 95 343 10 5
14 97 492 30 5
15 3 561 62 5
15 6 574 56 5
10 15 364 10 5
11 15 418 11 5
12 15 386 6 5
104 15 503 38 5
115 15 351 35 5
120 15 362 7 5
121 15 391 11 5
125 15 421 12 5
130 15 542 41 5
15 16 483 68 5
15 18 409 2 5
15 23 421 7 5
15 24 356 2 5
15 25 494 59 5
15 48 371 20 5
15 52 379 7 5
15 56 342 2 5
15 58 372 16 5
15 66 433 41 5
15 78 401 2 5
15 80 389 9 5
15 82 365 0 5
15 91 386 17 5
15 93 429 9 5
15 95 375 7 5
16 8 455 33 5
10 16 377 17 5
12 16 399 13 5
15 16 483 68 5
115 16 398 25 5
120 16 395 4 5
121 16 430 5 5
125 16 452 10 5
16 18 376 32 5
16 23 442 10 5
16 24 379 4 5
16 27 498 47 5
16 31 577 67 5
16 34 471 22 5
16 48 416 11 5
16 50 449 14 5
16 52 410 5 5
16 54 446 12 5
16 56 357 8 5
16 58 405 13 5
16 62 456 48 5
16 78 420 6 5
16 80 402 16 5
16 82 384 4 5
16 91 421 13 5
16 92 497 43 5
16 95 408 4 5
16 96 513 46 5
17 8 390 16 5
17 9 384 29 5
10 17 302 5 5
11 17 362 3 5
12 17 314 6 5
113 17 361 10 5
115 17 327 11 5
120 17 298 3 5
121 17 321 10 5
130 17 474 39 5
17 18 325 8 5
17 23 343 10 5
17 24 282 3 5
17 27 447 23 5
17 36 404 20 5
17 43 550 78 5
17 48 325 7 5
17 52 319 1 5
17 54 345 13 5
17 56 270 2 5
17 57 411 20 5
17 58 326 3 5
17 71 404 54 5
17 78 325 4 5
17 79 426 28 5
17 80 311 12 5
17 82 291 1 5
17 91 344 2 5
17 93 367 4 5
17 95 305 6 5
18 8 297 9 5
1 18 334 11 5
10 18 197 4 5
11 18 245 8 5
12 18 209 5 5
16 18 376 32 5
17 18 325 8 5
111 18 242 7 5
113 18 268 3 5
115 18 234 4 5
119 18 346 25 5
120 18 195 1 5
121 18 226 4 5
125 18 266 0 5
18 22 270 1 5
18 23 242 7 5
18 24 173 4 5
18 27 344 21 5
18 29 369 18 5
18 34 277 16 5
18 38 272 12 5
18 44 271 36 5
18 48 226 3 5
18 50 261 5 5
18 52 214 0 5
18 54 260 2 5
18 56 159 4 5
18 57 316 14 5
18 58 205 10 5
18 62 304 21 5
18 78 214 6 5
18 79 333 21 5
18 80 206 11 5
18 82 182 2 5
18 84 350 11 5
18 91 225 8 5
18 92 341 18 5
18 93 262 3 5
18 95 200 5 5
19 2 643 65 5
10 19 445 6 5
11 19 475 19 5
12 19 465 3 5
18 19 466 10 5
111 19 482 13 5
120 19 439 5 5
121 19 468 9 5
122 19 566 51 5
129 19 609 53 5
130 19 567 65 5
19 23 468 20 5
19 24 409 12 5
19 28 512 42 5
19 30 589 43 5
19 34 515 23 5
19 36 501 44 5
19 42 533 39 5
19 48 464 10 5
19 50 493 15 5
19 52 458 4 5
19 56 413 3 5
19 58 441 18 5
19 60 572 41 5
19 78 468 5 5
19 80 468 6 5
19 82 424 7 5
19 84 498 63 5
19 89 562 37 5
19 91 463 15 5
19 95 450 6 5
19 98 531 34 5
20 9 470 39 5
10 20 416 1 5
12 20 416 8 5
111 20 445 12 5
113 20 459 14 5
120 20 396 7 5
121 20 439 4 5
125 20 433 23 5
127 20 618 70 5
20 21 456 36 5
20 22 451 17 5
20 23 439 15 5
20 24 384 5 5
20 27 521 39 5
20 28 503 27 5
20 34 470 26 5
20 36 504 23 5
20 38 451 29 5
20 39 529 48 5
20 46 450 35 5
20 47 606 59 5
20 48 431 7 5
20 50 460 12 5
20 52 411 8 5
20 54 461 8 5
20 56 364 8 5
20 58 422 8 5
20 78 415 12 5
20 80 435 3 5
20 81 475 47 5
20 82 389 5 5
20 88 590 49 5
20 91 444 5 5
20 93 463 9 5
20 95 405 9 5
20 96 536 38 5
21 8 354 21 5
21 9 376 20 5
1 21 395 21 5
10 21 282 2 5
11 21 310 16 5
12 21 292 4 5
14 21 402 33 5
18 21 313 1 5
111 21 327 5 5
113 21 335 10 5
115 21 319 2 5
120 21 276 1 5
121 21 295 10 5
125 21 341 3 5
21 22 325 14 5
21 23 325 6 5
21 24 256 3 5
21 26 402 25 5
21 37 435 36 5
21 38 357 10 5
21 46 360 14 5
21 48 311 1 5
21 50 344 4 5
21 52 279 8 5
21 54 331 7 5
21 56 240 4 5
21 58 282 12 5
21 78 303 2 5
21 80 303 3 5
21 82 253 7 5
21 91 302 10 5
21 93 325 12 5
21 95 289 1 5
1 22 374 10 5
10 22 235 4 5
11 22 285 7 5
12 22 253 2 5
14 22 397 14 5
18 22 270 1 5
21 22 325 14 5
111 22 288 3 5
113 22 298 7 5
115 22 268 6 5
118 22 352 28 5
120 22 229 3 5
121 22 256 8 5
125 22 294 5 5
22 23 288 3 5
22 24 211 4 5
22 34 325 11 5
22 36 349 13 5
22 48 268 1 5
22 50 289 10 5
22 52 234 9 5
22 54 284 9 5
22 56 197 4 5
22 57 364 9 5
22 58 259 2 5
22 66 344 15 5
22 78 260 2 5
22 80 264 1 5
22 81 372 11 5
22 82 214 5 5
22 91 273 3 5
22 93 280 13 5
22 95 236 6 5
23 7 377 18 5
23 8 321 8 5
23 9 337 10 5
10 23 219 4 5
11 23 275 4 5
12 23 233 4 5
18 23 242 7 5
22 23 288 3 5
111 23 270 4 5
113 23 288 4 5
115 23 250 7 5
119 23 380 19 5
120 23 215 2 5
121 23 250 3 5
125 23 278 5 5
129 23 445 20 5
23 24 195 4 5
23 26 351 21 5
23 28 344 11 5
23 30 409 18 5
23 39 394 20 5
23 48 244 5 5
23 50 281 6 5
23 52 234 1 5
23 54 270 8 5
23 56 179 5 5
23 58 239 4 5
23 59 457 26 5
23 62 340 14 5
23 74 414 23 5
23 78 242 3 5
23 79 369 14 5
23 80 250 0 5
23 82 204 2 5
23 91 259 2 5
23 92 373 13 5
23 93 280 5 5
23 95 224 4 5
24 8 244 9 5
24 9 276 3 5
10 24 144 4 5
11 24 196 6 5
12 24 158 4 5
18 24 173 4 5
21 24 256 3 5
22 24 211 4 5
23 24 195 4 5
111 24 193 5 5
113 24 213 4 5
115 24 183 3 5
118 24 299 9 5
120 24 140 2 5
121 24 171 5 5
125 24 201 6 5
24 28 271 10 5
24 34 252 2 5
24 36 276 4 5
24 38 237 3 5
24 44 282 4 5
24 46 250 2 5
24 48 175 2 5
24 50 212 3 5
24 52 159 1 5
24 54 199 6 5
24 55 291 6 5
24 56 106 4 5
24 57 277 7 5
24 58 162 5 5
24 66 275 4 5
24 78 167 3 5
24 80 171 2 5
24 82 125 4 5
24 84 303 8 5
24 91 186 1 5
24 93 201 7 5
24 95 147 5 5
24 98 272 11 5
25 3 571 67 5
25 9 468 33 5
10 25 388 8 5
12 25 408 5 5
15 25 494 59 5
18 25 431 1 5
21 25 476 19 5
24 25 366 7 5
113 25 457 8 5
115 25 421 10 5
120 25 382 7 5
121 25 417 8 5
125 25 431 17 5
130 25 552 46 5
25 28 501 21 5
25 38 413 41 5
25 42 494 32 5
25 46 458 24 5
25 48 421 5 5
25 49 650 76 5
25 50 444 13 5
25 52 405 4 5
25 54 451 6 5
25 56 356 5 5
25 58 400 12 5
25 66 453 41 5
25 78 419 3 5
25 80 421 3 5
25 81 503 26 5
25 82 367 9 5
25 91 400 20 5
25 95 403 3 5
26 9 404 34 5
10 26 312 15 5
11 26 380 9 5
12 26 344 6 5
18 26 351 10 5
21 26 402 25 5
23 26 351 21 5
24 26 308 5 5
111 26 357 18 5
113 26 389 11 5
115 26 371 4 5
120 26 330 2 5
121 26 365 3 5
130 26 512 35 5
26 38 399 17 5
26 46 404 20 5
26 48 365 2 5
26 52 351 0 5
26 56 298 3 5
26 58 354 4 5
26 62 433 25 5
26 68 503 39 5
26 74 505 35 5
26 78 355 4 5
26 80 357 4 5
26 82 317 3 5
26 83 476 38 5
26 84 459 25 5
26 90 580 61 5
26 91 368 5 5
26 95 317 15 5
26 98 442 21 5
10 27 321 18 5
11 27 401 6 5
12 27 357 7 5
16 27 498 47 5
17 27 447 23 5
18 27 344 21 5
22 27 400 12 5
24 27 323 5 5
111 27 380 14 5
113 27 414 6 5
115 27 392 1 5
118 27 458 32 5
120 27 343 3 5
121 27 378 4 5
125 27 392 13 5
27 29 489 34 5
27 34 417 22 5
27 36 451 19 5
27 39 486 39 5
27 44 427 34 5
27 46 399 30 5
27 48 378 3 5
27 50 403 10 5
27 52 350 8 5
27 54 390 13 5
27 56 293 13 5
27 58 339 19 5
27 69 486 28 5
27 78 368 5 5
27 80 360 10 5
27 81 458 25 5
27 82 326 6 5
27 91 379 7 5
27 93 366 27 5
27 95 344 9 5
10 28 297 9 5
11 28 345 13 5
12 28 319 5 5
18 28 342 1 5
23 28 344 11 5
24 28 271 10 5
111 28 362 2 5
113 28 372 6 5
115 28 328 12 5
120 28 285 11 5
121 28 330 7 5
125 28 360 8 5
129 28 435 69 5
130 28 483 36 5
28 29 441 37 5
28 36 409 19 5
28 46 395 11 5
28 48 336 3 5
28 50 351 15 5
28 52 322 1 5
28 54 358 8 5
28 55 416 25 5
28 56 269 4 5
28 58 333 1 5
28 72 493 44 5
28 78 322 7 5
28 80 322 8 5
28 81 412 27 5
28 82 294 1 5
28 91 337 7 5
28 93 338 20 5
28 95 306 7 5
29 7 484 39 5
29 9 468 19 5
10 29 326 25 5
11 29 400 16 5
12 29 380 5 5
17 29 470 21 5
18 29 369 18 5
23 29 405 11 5
24 29 340 6 5
27 29 489 34 5
28 29 441 37 5
113 29 409 18 5
115 29 385 14 5
120 29 352 8 5
121 29 393 6 5
124 29 629 67 5
29 34 432 24 5
29 38 429 19 5
29 40 567 67 5
29 48 393 5 5
29 50 412 15 5
29 52 381 2 5
29 54 417 9 5
29 56 336 1 5
29 58 384 6 5
29 78 389 4 5
29 80 363 18 5
29 82 349 4 5
29 91 396 8 5
29 93 405 17 5
29 95 367 7 5
29 96 482 44 5
30 8 452 26 5
10 30 384 5 5
11 30 438 6 5
12 30 396 6 5
17 30 486 22 5
18 30 415 4 5
21 30 472 16 5
22 30 431 15 5
23 30 409 18 5
24 30 358 6 5
28 30 485 24 5
100 30 575 66 5
107 30 555 45 5
111 30 427 9 5
115 30 413 9 5
118 30 479 40 5
120 30 380 3 5
121 30 399 12 5
125 30 421 17 5
129 30 544 54 5
30 35 555 41 5
30 36 484 21 5
30 42 460 44 5
30 46 470 13 5
30 48 411 5 5
30 50 430 15 5
30 52 395 4 5
30 54 421 16 5
30 55 457 44 5
30 56 356 0 5
30 58 414 0 5
30 78 399 8 5
30 80 411 3 5
30 81 491 27 5
30 82 367 4 5
30 89 517 28 5
30 91 422 4 5
30 93 445 6 5
30 95 383 8 5
31 5 601 57 5
31 8 518 34 5
1 31 547 40 5
10 31 466 5 5
12 31 478 6 5
16 31 577 67 5
18 31 467 19 5
23 31 499 14 5
24 31 442 5 5
104 31 545 63 5
111 31 499 14 5
115 31 491 11 5
119 31 581 43 5
120 31 442 13 5
31 46 530 24 5
31 48 483 10 5
31 52 473 6 5
31 54 505 15 5
31 56 410 14 5
31 58 472 12 5
31 62 539 39 5
31 78 483 7 5
31 79 576 35 5
31 80 475 12 5
31 82 441 8 5
31 89 577 39 5
31 91 490 11 5
31 92 564 42 5
31 95 471 5 5
32 4 589 82 5
32 9 514 43 5
3 32 591 90 5
10 32 444 13 5
11 32 504 11 5
12 32 452 16 5
18 32 461 19 5
21 32 526 27 5
24 32 430 8 5
27 32 549 51 5
115 32 481 13 5
120 32 446 8 5
121 32 487 6 5
32 38 519 21 5
32 46 524 24 5
32 48 481 8 5
32 52 461 9 5
32 54 495 17 5
32 56 412 10 5
32 58 482 4 5
32 62 525 43 5
32 74 575 64 5
32 78 483 4 5
32 80 469 12 5
32 82 429 11 5
32 83 580 50 5
32 95 467 4 5
33 4 648 86 5
3 33 656 91 5
10 33 521 8 5
12 33 537 7 5
15 33 619 63 5
16 33 626 73 5
17 33 605 34 5
18 33 530 18 5
23 33 560 14 5
24 33 495 9 5
111 33 550 19 5
115 33 540 17 5
119 33 618 55 5
120 33 509 10 5
33 34 591 25 5
33 48 546 9 5
33 52 536 5 5
33 56 495 2 5
33 58 531 13 5
33 60 630 52 5
33 62 604 37 5
33 66 566 51 5
33 78 534 12 5
33 82 504 7 5
33 89 608 54 5
33 91 557 8 5
33 95 518 12 5
33 99 640 72 5
34 8 374 8 5
1 34 371 30 5
10 34 270 5 5
11 34 326 5 5
12 34 290 2 5
18 34 277 16 5
22 34 325 11 5
23 34 325 3 5
24 34 252 2 5
27 34 417 22 5
29 34 432 24 5
111 34 311 10 5
113 34 329 10 5
115 34 303 7 5
118 34 413 16 5
120 34 262 5 5
121 34 307 1 5
125 34 321 10 5
34 38 347 12 5
34 39 427 30 5
34 48 295 6 5
34 52 289 0 5
34 53 513 40 5
34 54 337 1 5
34 56 240 1 5
34 58 300 0 5
34 61 481 35 5
34 62 393 14 5
34 66 389 11 5
34 68 461 29 5
34 78 289 6 5
34 80 279 12 5
34 82 251 5 5
34 91 296 10 5
34 93 329 7 5
34 95 281 2 5
1 35 518 26 5
3 35 602 59 5
10 35 413 3 5
11 35 437 19 5
12 35 427 3 5
17 35 497 29 5
18 35 418 15 5
24 35 389 3 5
27 35 530 35 5
30 35 555 41 5
107 35 566 52 5
111 35 450 10 5
113 35 456 16 5
120 35 405 3 5
121 35 430 9 5
125 35 444 18 5
35 48 410 18 5
35 54 454 12 5
35 56 373 4 5
35 57 500 29 5
35 58 425 7 5
35 60 536 40 5
35 66 490 30 5
35 74 568 42 5
35 78 422 9 5
35 80 432 5 5
35 82 380 10 5
35 84 518 34 5
35 94 570 42 5
35 95 402 11 5
36 9 396 21 5
10 36 302 3 5
11 36 348 8 5
12 36 308 7 5
17 36 404 20 5
19 36 501 44 5
22 36 349 13 5
23 36 345 7 5
24 36 276 4 5
28 36 409 19 5
111 36 345 7 5
115 36 337 4 5
120 36 294 3 5
121 36 323 7 5
125 36 347 11 5
36 38 383 8 5
36 46 324 43 5
36 48 321 7 5
36 50 342 16 5
36 52 307 5 5
36 54 329 19 5
36 56 256 7 5
36 58 308 10 5
36 62 403 23 5
36 66 403 18 5
36 78 321 4 5
36 80 327 2 5
36 82 281 4 5
36 83 460 29 5
36 88 502 38 5
36 91 334 5 5
36 93 347 12 5
36 95 297 8 5
37 8 417 45 5
1 37 458 45 5
10 37 397 0 5
11 37 425 14 5
12 37 407 2 5
18 37 404 11 5
21 37 435 36 5
24 37 367 3 5
104 37 496 48 5
115 37 406 14 5
120 37 383 3 5
121 37 412 7 5
37 38 428 30 5
37 46 453 23 5
37 48 410 7 5
37 50 423 20 5
37 52 396 5 5
37 56 343 8 5
37 58 411 3 5
37 62 482 28 5
37 78 398 10 5
37 79 497 35 5
37 80 380 20 5
37 82 360 9 5
37 85 548 67 5
37 91 421 6 5
37 93 440 10 5
37 94 514 59 5
37 95 396 3 5
38 9 361 18 5
1 38 378 20 5
10 38 263 2 5
11 38 307 8 5
12 38 265 8 5
18 38 272 12 5
21 38 357 10 5
22 38 332 1 5
23 38 308 5 5
24 38 237 3 5
25 38 413 41 5
34 38 347 12 5
111 38 316 1 5
113 38 334 1 5
115 38 300 2 5
120 38 253 3 5
121 38 290 3 5
122 38 428 25 5
125 38 302 13 5
38 45 436 36 5
38 46 353 8 5
38 48 292 1 5
38 50 327 3 5
38 52 276 0 5
38 53 466 57 5
38 54 324 1 5
38 56 221 4 5
38 58 285 1 5
38 66 366 16 5
38 78 280 4 5
38 80 278 6 5
38 81 374 22 5
38 82 246 1 5
38 84 380 27 5
38 89 396 25 5
38 91 289 7 5
38 93 328 1 5
38 95 260 6 5
39 8 443 25 5
39 9 457 28 5
10 39 375 4 5
11 39 425 7 5
12 39 373 12 5
17 39 479 20 5
18 39 378 17 5
20 39 529 48 5
22 39 434 8 5
23 39 394 20 5
24 39 347 6 5
27 39 486 39 5
34 39 427 30 5
38 39 452 11 5
111 39 414 10 5
115 39 404 8 5
118 39 470 39 5
120 39 373 1 5
125 39 434 5 5
39 46 439 23 5
39 48 400 5 5
39 52 382 5 5
39 54 414 14 5
39 55 462 36 5
39 56 339 3 5
39 58 387 8 5
39 59 539 63 5
39 62 480 22 5
39 78 384 10 5
39 79 469 42 5
39 80 402 2 5
39 81 464 35 5
39 82 356 4 5
39 90 607 68 5
39 91 405 7 5
39 95 364 12 5
39 96 481 48 5
40 7 567 60 5
40 8 565 23 5
10 40 487 7 5
17 40 561 38 5
24 40 469 4 5
29 40 567 67 5
104 40 604 46 5
105 40 723 122 5
115 40 516 11 5
120 40 475 9 5
121 40 508 11 5
40 48 508 10 5
40 52 492 9 5
40 56 451 6 5
40 57 574 33 5
40 58 497 12 5
40 65 612 44 5
40 78 512 5 5
40 80 502 11 5
40 82 474 4 5
40 89 586 47 5
40 91 521 8 5
40 93 524 20 5
40 95 498 4 5
10 41 511 12 5
12 41 525 12 5
15 41 639 52 5
16 41 660 55 5
18 41 514 25 5
23 41 560 13 5
24 41 499 6 5
25 41 655 54 5
29 41 615 60 5
34 41 561 39 5
111 41 554 16 5
113 41 560 22 5
115 41 556 8 5
120 41 517 5 5
121 41 546 9 5
41 42 567 61 5
41 44 601 36 5
41 48 546 8 5
41 52 534 5 5
41 54 538 28 5
41 56 491 3 5
41 58 521 17 5
41 66 574 46 5
41 78 536 10 5
41 80 502 28 5
41 82 500 8 5
41 91 529 21 5
41 93 550 24 5
41 95 524 8 5
42 8 414 13 5
1 42 439 21 5
10 42 322 4 5
11 42 368 9 5
12 42 334 5 5
14 42 444 34 5
18 42 339 10 5
21 42 406 17 5
22 42 385 6 5
23 42 361 10 5
24 42 296 5 5
25 42 494 32 5
28 42 437 16 5
30 42 460 44 5
34 42 410 12 5
38 42 395 13 5
104 42 447 39 5
111 42 369 6 5
115 42 357 5 5
120 42 320 1 5
121 42 335 12 5
125 42 377 7 5
42 48 355 1 5
42 50 386 5 5
42 52 337 1 5
42 54 377 6 5
42 55 427 27 5
42 56 284 4 5
42 58 338 6 5
42 66 425 18 5
42 68 499 35 5
42 72 504 46 5
42 78 345 3 5
42 80 343 5 5
42 82 311 0 5
42 86 516 43 5
42 91 354 6 5
42 92 450 26 5
42 95 315 10 5
3 43 701 85 5
10 43 554 8 5
16 43 657 74 5
17 43 550 78 5
18 43 577 11 5
24 43 538 4 5
120 43 556 3 5
125 43 567 32 5
130 43 662 74 5
43 52 561 9 5
43 55 603 59 5
43 56 520 6 5
43 58 570 10 5
43 60 647 60 5
43 80 551 21 5
43 82 545 3 5
43 93 581 26 5
43 96 650 57 5
44 5 455 49 5
44 8 402 11 5
10 44 310 2 5
11 44 350 10 5
12 44 322 3 5
18 44 271 36 5
23 44 357 4 5
24 44 282 4 5
27 44 427 34 5
28 44 425 14 5
34 44 394 12 5
111 44 335 15 5
113 44 365 9 5
115 44 345 3 5
120 44 304 1 5
121 44 325 9 5
125 44 369 3 5
44 48 337 2 5
44 50 372 4 5
44 52 321 1 5
44 54 367 3 5
44 56 262 7 5
44 58 316 9 5
44 69 443 28 5
44 71 466 24 5
44 74 481 33 5
44 78 317 9 5
44 79 436 24 5
44 80 299 19 5
44 82 289 3 5
44 89 443 25 5
44 91 342 4 5
44 92 438 24 5
44 93 337 20 5
44 95 305 7 5
45 8 461 33 5
45 9 481 33 5
10 45 407 5 5
12 45 411 10 5
18 45 420 13 5
21 45 475 26 5
23 45 450 9 5
24 45 383 5 5
26 45 517 33 5
37 45 550 44 5
38 45 436 36 5
111 45 450 9 5
115 45 434 10 5
120 45 383 13 5
121 45 432 7 5
122 45 530 49 5
45 46 481 19 5
45 47 593 65 5
45 48 422 11 5
45 52 424 1 5
45 54 432 22 5
45 56 367 6 5
45 58 405 16 5
45 66 498 25 5
45 78 430 4 5
45 79 485 51 5
45 80 422 9 5
45 82 394 2 5
45 83 527 50 5
45 85 554 74 5
45 91 433 10 5
45 95 400 11 5
45 99 560 52 5
10 46 278 0 5
11 46 330 2 5
12 46 276 8 5
18 46 307 0 5
20 46 450 35 5
21 46 360 14 5
23 46 327 1 5
24 46 250 2 5
26 46 404 20 5
27 46 399 30 5
36 46 324 43 5
38 46 353 8 5
111 46 325 2 5
115 46 311 2 5
120 46 262 4 5
121 46 291 8 5
125 46 309 15 5
46 48 305 0 5
46 50 330 7 5
46 52 277 5 5
46 54 315 11 5
46 56 228 6 5
46 58 288 5 5
46 62 375 22 5
46 77 482 61 5
46 78 297 1 5
46 80 293 4 5
46 81 393 18 5
46 82 247 6 5
46 84 403 21 5
46 91 300 7 5
46 92 410 20 5
46 93 311 15 5
46 95 263 10 5
46 97 432 20 5
47 6 622 81 5
47 8 528 32 5
47 9 532 40 5
10 47 478 2 5
12 47 460 18 5
14 47 542 61 5
18 47 493 9 5
20 47 606 59 5
21 47 512 40 5
24 47 458 0 5
34 47 528 29 5
38 47 521 26 5
45 47 593 65 5
111 47 479 27 5
113 47 513 19 5
115 47 461 29 5
120 47 466 4 5
121 47 495 8 5
47 48 491 9 5
47 52 485 3 5
47 56 432 6 5
47 58 486 8 5
47 78 487 8 5
47 80 469 18 5
47 82 461 1 5
47 85 629 69 5
47 95 473 7 5
47 96 578 49 5
48 8 299 7 5
10 48 199 2 5
11 48 247 6 5
12 48 205 6 5
15 48 371 20 5
17 48 325 7 5
18 48 226 3 5
22 48 268 1 5
23 48 244 5 5
24 48 175 2 5
34 48 295 6 5
36 48 321 7 5
104 48 370 14 5
111 48 252 1 5
113 48 260 6 5
115 48 216 12 5
120 48 181 7 5
121 48 224 4 5
125 48 256 4 5
48 50 263 3 5
48 52 198 7 5
48 54 252 5 5
48 56 155 5 5
48 57 316 13 5
48 58 219 2 5
48 78 212 6 5
48 80 220 3 5
48 82 176 4 5
48 91 233 3 5
48 93 256 5 5
48 95 204 2 5
48 99 390 30 5
49 8 584 50 5
10 49 572 1 5
11 49 588 21 5
12 49 558 15 5
21 49 612 36 5
23 49 587 19 5
24 49 536 7 5
25 49 650 76 5
45 49 681 67 5
48 49 561 20 5
104 49 607 81 5
120 49 548 9 5
121 49 565 19 5
125 49 599 18 5
49 52 547 18 5
49 56 518 9 5
49 58 556 19 5
49 59 698 79 5
49 66 623 41 5
49 82 543 6 5
49 91 576 17 5
49 93 591 23 5
49 95 563 8 5
50 7 400 14 5
50 8 316 18 5
1 50 365 14 5
10 50 230 6 5
11 50 280 9 5
12 50 244 6 5
18 50 261 5 5
22 50 289 10 5
23 50 281 6 5
24 50 212 3 5
28 50 351 15 5
36 50 342 16 5
37 50 423 20 5
46 50 330 7 5
48 50 263 3 5
111 50 289 2 5
112 50 438 22 5
113 50 281 15 5
115 50 253 13 5
120 50 218 8 5
121 50 251 10 5
122 50 421 16 5
125 50 287 8 5
50 52 243 4 5
50 56 200 2 5
50 58 256 3 5
50 78 259 2 5
50 80 259 3 5
50 82 219 2 5
50 84 387 11 5
50 91 268 5 5
50 92 388 13 5
50 93 269 18 5
50 95 239 4 5
50 98 366 9 5
10 51 604 25 5
12 51 642 13 5
17 51 690 50 5
22 51 665 28 5
23 51 665 20 5
24 51 620 5 5
26 51 702 59 5
36 51 696 45 5
51 52 641 11 5
51 54 671 21 5
51 56 610 3 5
51 58 644 15 5
51 60 725 63 5
51 71 736 59 5
51 75 712 89 5
51 78 603 36 5
51 80 647 15 5
51 82 631 2 5
51 90 790 112 5
51 95 625 17 5
10 52 175 5 5
11 52 233 4 5
12 52 189 5 5
14 52 347 10 5
18 52 214 0 5
21 52 279 8 5
22 52 234 9 5
23 52 234 1 5
24 52 159 1 5
36 52 307 5 5
46 52 277 5 5
48 52 198 7 5
50 52 243 4 5
111 52 222 7 5
112 52 379 23 5
113 52 246 4 5
115 52 210 6 5
120 52 169 4 5
121 52 200 7 5
125 52 242 2 5
52 54 238 3 5
52 55 306 15 5
52 56 139 4 5
52 57 308 8 5
52 58 195 5 5
52 62 308 9 5
52 66 308 4 5
52 78 202 2 5
52 80 206 1 5
52 82 154 6 5
52 91 201 10 5
52 93 246 1 5
52 95 186 2 5
53 9 541 39 5
1 53 548 46 5
10 53 433 28 5
11 53 515 15 5
12 53 475 14 5
18 53 466 26 5
23 53 486 27 5
24 53 443 11 5
34 53 513 40 5
36 53 545 38 5
38 53 466 57 5
52 53 482 8 5
111 53 504 18 5
115 53 514 6 5
120 53 467 7 5
121 53 502 8 5
122 53 586 57 5
125 53 502 24 5
53 56 445 3 5
53 60 540 73 5
53 78 480 15 5
53 81 554 43 5
53 82 454 8 5
53 83 575 62 5
53 89 586 41 5
53 91 489 18 5
53 95 478 8 5
54 7 369 26 5
54 8 327 9 5
54 9 347 9 5
5 54 418 28 5
10 54 229 3 5
12 54 243 3 5
17 54 345 13 5
18 54 260 2 5
21 54 331 7 5
22 54 284 9 5
23 54 270 8 5
24 54 199 6 5
36 54 329 19 5
45 54 432 22 5
46 54 315 11 5
48 54 252 5 5
52 54 238 3 5
111 54 276 5 5
113 54 294 5 5
115 54 270 1 5
118 54 374 13 5
119 54 388 19 5
120 54 225 1 5
121 54 260 2 5
125 54 292 2 5
54 56 181 8 5
54 58 245 5 5
54 62 354 11 5
54 78 254 1 5
54 79 351 27 5
54 80 254 2 5
54 81 364 11 5
54 82 194 11 5
54 83 407 19 5
54 88 447 29 5
54 91 265 3 5
54 92 365 21 5
54 93 260 19 5
54 95 234 3 5
55 8 403 17 5
10 55 321 3 5
11 55 377 3 5
12 55 339 1 5
18 55 356 0 5
22 55 380 7 5
23 55 360 9 5
24 55 291 6 5
28 55 416 25 5
30 55 457 44 5
39 55 462 36 5
42 55 427 27 5
46 55 405 12 5
48 55 348 3 5
50 55 377 8 5
52 55 306 15 5
54 55 380 3 5
111 55 378 0 5
112 55 483 42 5
113 55 386 5 5
115 55 360 2 5
120 55 301 9 5
121 55 332 12 5
125 55 370 9 5
129 55 477 54 5
55 56 287 1 5
55 58 333 7 5
55 66 422 18 5
55 70 566 65 5
55 78 338 5 5
55 80 346 2 5
55 81 432 23 5
55 82 306 1 5
55 89 458 24 5
55 91 351 6 5
55 93 382 4 5
55 95 326 3 5
56 8 232 8 5
10 56 132 3 5
11 56 184 5 5
12 56 148 2 5
18 56 159 4 5
21 56 240 4 5
22 56 197 4 5
23 56 179 5 5
24 56 106 4 5
28 56 269 4 5
34 56 240 1 5
36 56 256 7 5
38 56 221 4 5
44 56 262 7 5
46 56 228 6 5
48 56 155 5 5
50 56 200 2 5
52 56 139 4 5
54 56 181 8 5
111 56 177 6 5
113 56 203 2 5
115 56 169 3 5
120 56 126 2 5
121 56 157 5 5
125 56 193 3 5
56 58 150 4 5
56 78 155 2 5
56 80 155 3 5
56 82 109 5 5
56 91 162 6 5
56 92 292 9 5
56 93 193 4 5
56 95 131 6 5
10 57 309 3 5
11 57 347 12 5
12 57 323 3 5
17 57 411 20 5
18 57 316 14 5
22 57 364 9 5
23 57 358 4 5
24 57 277 7 5
48 57 316 13 5
52 57 308 8 5
54 57 360 7 5
56 57 273 2 5
107 57 500 33 5
111 57 336 15 5
113 57 366 9 5
115 57 350 1 5
119 57 444 31 5
120 57 299 4 5
121 57 312 16 5
122 57 458 34 5
125 57 342 17 5
57 58 305 15 5
57 75 491 30 5
57 76 437 53 5
57 78 312 12 5
57 80 316 11 5
57 82 292 2 5
57 91 337 7 5
57 93 362 8 5
57 95 308 6 5
57 98 417 20 5
58 8 292 7 5
10 58 190 3 5
11 58 240 6 5
12 58 202 4 5
18 58 205 10 5
21 58 282 12 5
22 58 259 2 5
23 58 239 4 5
24 58 162 5 5
27 58 339 19 5
36 58 308 10 5
44 58 316 9 5
46 58 288 5 5
48 58 219 2 5
50 58 256 3 5
52 58 195 5 5
54 58 245 5 5
56 58 150 4 5
57 58 305 15 5
111 58 225 11 5
113 58 259 3 5
115 58 223 5 5
119 58 333 27 5
120 58 186 1 5
121 58 219 3 5
122 58 361 23 5
125 58 243 7 5
58 66 307 10 5
58 78 211 3 5
58 80 207 6 5
58 82 175 1 5
58 89 345 15 5
58 91 212 10 5
58 93 237 11 5
58 95 193 4 5
58 97 350 20 5
58 98 308 15 5
59 8 506 31 5
10 59 458 0 5
11 59 484 15 5
12 59 456 8 5
14 59 556 42 5
18 59 459 14 5
21 59 496 36 5
23 59 457 26 5
24 59 424 5 5
25 59 590 48 5
30 59 578 49 5
34 59 516 23 5
37 59 585 47 5
39 59 539 63 5
42 59 530 41 5
46 59 492 34 5
48 59 473 6 5
50 59 498 13 5
52 59 459 4 5
55 59 543 33 5
56 59 410 5 5
58 59 468 5 5
111 59 483 13 5
115 59 471 12 5
120 59 436 7 5
121 59 453 17 5
59 74 597 47 5
59 78 463 8 5
59 80 463 9 5
59 82 437 1 5
59 91 460 17 5
59 95 457 3 5
59 96 552 50 5
10 60 355 9 5
11 60 415 7 5
12 60 379 4 5
17 60 465 22 5
18 60 398 2 5
21 60 443 20 5
23 60 414 5 5
24 60 347 1 5
28 60 468 22 5
36 60 459 23 5
48 60 384 8 5
52 60 376 3 5
53 60 540 73 5
56 60 333 1 5
58 60 375 9 5
107 60 502 61 5
111 60 414 5 5
115 60 386 12 5
120 60 345 10 5
121 60 382 10 5
125 60 400 17 5
130 60 479 67 5
60 62 460 27 5
60 66 442 31 5
60 78 380 7 5
60 80 386 5 5
60 82 348 3 5
60 91 397 6 5
60 95 366 6 5
60 97 489 39 5
60 99 532 44 5
10 61 439 4 5
12 61 453 4 5
18 61 464 6 5
22 61 476 19 5
23 61 476 11 5
24 61 415 4 5
28 61 530 28 5
34 61 481 35 5
46 61 497 26 5
48 61 456 9 5
52 61 444 6 5
56 61 401 4 5
58 61 457 5 5
113 61 490 13 5
115 61 460 12 5
120 61 427 6 5
121 61 460 8 5
125 61 470 19 5
61 78 438 15 5
61 80 430 20 5
61 82 428 0 5
61 84 532 41 5
61 95 416 18 5
62 8 401 13 5
5 62 478 39 5
10 62 311 3 5
11 62 355 9 5
12 62 295 18 5
16 62 456 48 5
18 62 304 21 5
21 62 393 17 5
23 62 340 14 5
24 62 287 3 5
26 62 433 25 5
34 62 393 14 5
36 62 403 23 5
46 62 375 22 5
48 62 332 6 5
50 62 369 7 5
52 62 308 9 5
54 62 354 11 5
56 62 275 2 5
58 62 331 3 5
111 62 356 6 5
112 62 483 37 5
113 62 376 5 5
115 62 332 11 5
120 62 301 4 5
121 62 334 6 5
62 66 408 20 5
62 74 474 38 5
62 78 334 2 5
62 79 443 22 5
62 80 320 10 5
62 82 288 5 5
62 91 331 11 5
62 92 401 44 5
62 94 434 59 5
62 95 312 5 5
62 96 457 27 5
63 8 565 21 5
10 63 481 8 5
11 63 525 14 5
12 63 493 9 5
17 63 579 27 5
22 63 534 15 5
24 63 453 10 5
36 63 567 31 5
46 63 539 30 5
48 63 500 12 5
50 63 521 21 5
52 63 470 18 5
54 63 530 13 5
56 63 453 3 5
58 63 483 17 5
103 63 685 65 5
111 63 524 12 5
115 63 502 16 5
119 63 602 43 5
120 63 473 8 5
121 63 502 12 5
63 75 579 77 5
63 77 661 81 5
63 78 456 31 5
63 79 593 37 5
63 82 470 4 5
63 91 509 12 5
63 94 644 44 5
63 95 496 3 5
63 98 585 27 5
64 8 644 40 5
10 64 596 9 5
12 64 610 9 5
16 64 677 86 5
18 64 591 26 5
21 64 614 55 5
23 64 619 23 5
24 64 580 5 5
26 64 662 59 5
42 64 674 47 5
52 64 605 9 5
56 64 556 10 5
113 64 639 22 5
115 64 607 22 5
116 64 768 101 5
120 64 584 11 5
121 64 617 13 5
64 80 597 20 5
64 82 577 9 5
64 85 705 97 5
64 92 670 58 5
64 95 599 10 5
64 96 676 66 5
64 98 654 51 5
65 9 461 22 5
1 65 478 24 5
10 65 355 10 5
12 65 375 7 5
18 65 384 10 5
23 65 404 11 5
24 65 345 3 5
26 65 495 23 5
28 65 474 20 5
34 65 443 18 5
37 65 528 34 5
38 65 434 16 5
40 65 612 44 5
48 65 378 12 5
52 65 376 4 5
56 65 333 2 5
58 65 369 13 5
115 65 398 7 5
120 65 347 10 5
121 65 382 11 5
122 65 508 39 5
65 70 636 54 5
65 75 545 33 5
65 76 539 32 5
65 78 380 8 5
65 80 386 6 5
65 81 470 28 5
65 82 348 4 5
65 91 397 7 5
65 95 360 10 5
3 66 498 55 5
10 66 295 6 5
11 66 351 6 5
12 66 311 5 5
15 66 433 41 5
18 66 336 0 5
22 66 344 15 5
24 66 275 4 5
25 66 453 41 5
34 66 389 11 5
36 66 403 18 5
38 66 366 16 5
42 66 425 18 5
48 66 334 0 5
50 66 361 6 5
52 66 308 4 5
54 66 360 3 5
55 66 422 18 5
56 66 265 2 5
58 66 307 10 5
60 66 442 31 5
62 66 408 20 5
107 66 494 32 5
111 66 340 9 5
113 66 370 3 5
115 66 338 3 5
120 66 291 4 5
121 66 322 7 5
125 66 336 16 5
66 78 324 2 5
66 80 328 1 5
66 82 278 5 5
66 89 446 20 5
66 91 317 13 5
66 93 348 11 5
66 95 310 1 5
66 97 433 34 5
10 67 625 9 5
12 67 621 18 5
23 67 652 21 5
24 67 609 5 5
28 67 662 60 5
29 67 721 61 5
34 67 669 39 5
42 67 701 48 5
44 67 669 56 5
50 67 663 23 5
56 67 583 11 5
58 67 633 15 5
66 67 692 41 5
111 67 632 31 5
115 67 640 20 5
120 67 623 6 5
125 67 662 21 5
67 69 698 65 5
67 72 745 82 5
67 78 612 26 5
67 80 610 28 5
67 82 604 10 5
67 84 706 52 5
67 93 648 29 5
67 94 708 85 5
67 95 616 16 5
68 9 495 25 5
1 68 516 25 5
6 68 607 55 5
10 68 413 1 5
12 68 421 4 5
17 68 507 22 5
21 68 479 23 5
23 68 448 9 5
24 68 387 2 5
26 68 503 39 5
34 68 461 29 5
38 68 452 27 5
42 68 499 35 5
46 68 481 18 5
48 68 426 8 5
52 68 408 8 5
56 68 377 0 5
57 68 494 30 5
58 68 417 9 5
60 68 536 38 5
62 68 514 21 5
111 68 438 14 5
120 68 387 10 5
125 68 452 12 5
130 68 567 44 5
68 78 428 4 5
68 80 422 8 5
68 82 384 6 5
68 84 518 32 5
68 86 571 58 5
68 91 439 6 5
68 95 418 1 5
68 98 501 28 5
69 8 439 16 5
10 69 359 1 5
12 69 363 6 5
14 69 485 29 5
18 69 388 1 5
23 69 396 8 5
24 69 327 5 5
27 69 486 28 5
34 69 437 14 5
36 69 457 18 5
38 69 414 19 5
44 69 443 28 5
46 69 433 15 5
48 69 382 3 5
50 69 411 8 5
52 69 360 5 5
54 69 394 13 5
56 69 307 8 5
58 69 367 7 5
111 69 372 20 5
113 69 402 14 5
115 69 386 6 5
120 69 333 10 5
121 69 376 7 5
125 69 408 7 5
69 71 451 55 5
69 72 525 51 5
69 78 364 9 5
69 80 368 8 5
69 82 338 2 5
69 91 389 4 5
69 93 400 12 5
69 94 494 51 5
69 95 358 4 5
69 98 437 33 5
69 99 520 44 5
70 9 607 34 5
10 70 541 2 5
12 70 533 13 5
14 70 633 47 5
20 70 675 56 5
21 70 601 27 5
24 70 515 3 5
29 70 651 47 5
39 70 650 51 5
46 70 579 34 5
48 70 540 16 5
52 70 518 18 5
54 70 544 30 5
55 70 566 65 5
56 70 495 6 5
65 70 636 54 5
111 70 568 14 5
112 70 619 83 5
113 70 574 20 5
115 70 536 23 5
120 70 531 3 5
70 78 542 12 5
70 80 548 10 5
70 81 584 56 5
70 82 512 7 5
70 92 605 56 5
70 95 530 10 5
71 9 454 26 5
6 71 558 60 5
10 71 358 9 5
11 71 418 7 5
12 71 368 11 5
17 71 404 54 5
18 71 397 4 5
24 71 350 1 5
36 71 468 20 5
38 71 425 21 5
44 71 466 24 5
48 71 389 7 5
52 71 361 12 5
54 71 415 10 5
56 71 334 2 5
58 71 392 2 5
66 71 469 19 5
69 71 451 55 5
111 71 399 14 5
115 71 405 4 5
120 71 356 6 5
121 71 401 2 5
130 71 528 44 5
71 78 389 4 5
71 80 373 13 5
71 82 347 5 5
71 89 495 30 5
71 91 410 1 5
71 95 379 1 5
10 72 428 7 5
11 72 462 18 5
12 72 436 10 5
14 72 538 43 5
18 72 457 7 5
22 72 479 15 5
24 72 394 12 5
28 72 493 44 5
36 72 508 33 5
42 72 504 46 5
44 72 516 32 5
46 72 500 22 5
48 72 467 1 5
50 72 474 17 5
52 72 443 4 5
54 72 457 22 5
56 72 388 8 5
58 72 436 13 5
69 72 525 51 5
111 72 431 31 5
113 72 477 17 5
115 72 471 4 5
118 72 527 40 5
120 72 420 7 5
121 72 423 24 5
125 72 471 16 5
72 78 457 3 5
72 80 461 2 5
72 82 417 3 5
72 87 557 64 5
72 93 453 26 5
72 95 423 12 5
72 97 546 45 5
72 98 524 30 5
73 9 690 51 5
6 73 702 131 5
10 73 640 11 5
17 73 654 72 5
21 73 688 42 5
24 73 628 5 5
26 73 710 59 5
28 73 693 54 5
36 73 692 51 5
38 73 661 46 5
44 73 676 62 5
48 73 649 20 5
56 73 610 7 5
71 73 718 72 5
111 73 647 33 5
115 73 657 21 5
130 73 746 78 5
73 89 711 65 5
73 93 663 31 5
73 99 749 80 5
74 8 463 28 5
74 9 487 26 5
10 74 397 6 5
11 74 441 12 5
12 74 403 10 5
16 74 550 47 5
18 74 394 22 5
22 74 446 15 5
23 74 414 23 5
24 74 381 2 5
26 74 505 35 5
32 74 575 64 5
44 74 481 33 5
50 74 445 15 5
52 74 414 2 5
56 74 359 6 5
58 74 419 5 5
62 74 474 38 5
113 74 438 20 5
115 74 384 31 5
119 74 514 43 5
120 74 395 3 5
121 74 408 15 5
74 78 412 9 5
74 80 420 6 5
74 82 374 8 5
74 91 431 7 5
74 92 489 46 5
74 93 450 11 5
74 95 390 12 5
74 96 525 39 5
10 75 408 2 5
12 75 412 7 5
17 75 498 25 5
18 75 431 5 5
22 75 449 15 5
23 75 447 8 5
24 75 380 4 5
34 75 464 26 5
36 75 494 25 5
38 75 473 15 5
44 75 500 25 5
48 75 421 9 5
52 75 399 11 5
54 75 441 15 5
56 75 368 3 5
57 75 491 30 5
58 75 420 6 5
63 75 579 77 5
107 75 519 72 5
113 75 463 9 5
120 75 400 2 5
121 75 427 7 5
125 75 449 12 5
75 77 596 71 5
75 78 403 15 5
75 79 516 33 5
75 80 415 10 5
75 82 383 5 5
75 91 420 14 5
75 93 455 10 5
75 95 413 2 5
76 9 492 21 5
10 76 398 3 5
12 76 406 6 5
18 76 405 14 5
20 76 568 39 5
22 76 451 10 5
24 76 368 6 5
35 76 567 40 5
44 76 492 25 5
48 76 411 10 5
52 76 393 10 5
54 76 443 10 5
56 76 362 2 5
57 76 437 53 5
58 76 398 13 5
111 76 415 20 5
113 76 451 11 5
119 76 513 41 5
120 76 390 3 5
121 76 419 7 5
125 76 433 16 5
76 78 393 16 5
76 80 423 2 5
76 81 495 30 5
76 82 381 2 5
76 93 445 11 5
76 95 391 9 5
76 98 496 25 5
77 9 578 27 5
7 77 594 47 5
10 77 500 1 5
11 77 528 15 5
12 77 492 12 5
18 77 515 8 5
20 77 636 54 5
23 77 521 16 5
24 77 460 9 5
34 77 566 20 5
36 77 578 28 5
37 77 621 51 5
38 77 553 20 5
45 77 623 60 5
46 77 482 61 5
48 77 511 9 5
52 77 497 7 5
56 77 450 7 5
57 77 563 39 5
58 77 482 20 5
63 77 661 81 5
75 77 596 71 5
115 77 503 18 5
120 77 490 2 5
121 77 505 13 5
77 78 491 16 5
77 80 509 8 5
77 82 479 2 5
77 91 512 13 5
77 95 481 13 5
78 8 289 9 5
78 9 313 7 5
10 78 195 1 5
11 78 245 4 5
12 78 199 6 5
18 78 214 6 5
22 78 260 2 5
23 78 242 3 5
24 78 167 3 5
28 78 322 7 5
34 78 289 6 5
38 78 280 4 5
44 78 317 9 5
48 78 212 6 5
50 78 259 2 5
52 78 202 2 5
54 78 254 1 5
56 78 155 2 5
57 78 312 12 5
58 78 211 3 5
63 78 456 31 5
76 78 393 16 5
103 78 467 24 5
111 78 238 5 5
113 78 256 5 5
115 78 218 8 5
118 78 340 11 5
120 78 185 2 5
121 78 226 0 5
125 78 238 10 5
78 79 337 15 5
78 80 214 3 5
78 82 176 1 5
78 91 229 2 5
78 93 258 1 5
78 95 186 8 5
79 8 418 19 5
1 79 447 25 5
5 79 489 48 5
10 79 342 2 5
11 79 400 1 5
12 79 354 3 5
17 79 426 28 5
18 79 333 21 5
22 79 399 7 5
23 79 369 14 5
24 79 316 3 5
34 79 420 15 5
39 79 469 42 5
44 79 436 24 5
45 79 485 51 5
48 79 363 5 5
50 79 402 5 5
52 79 345 5 5
54 79 351 27 5
56 79 302 3 5
57 79 453 16 5
58 79 356 5 5
62 79 443 22 5
78 79 337 15 5
111 79 383 7 5
113 79 397 9 5
115 79 359 12 5
119 79 447 45 5
120 79 336 1 5
121 79 365 5 5
125 79 393 7 5
79 80 345 12 5
79 82 325 1 5
79 91 366 8 5
79 92 444 37 5
79 93 405 2 5
79 95 343 4 5
79 98 450 19 5
3 80 450 25 5
8 80 287 11 5
10 80 197 1 5
11 80 249 3 5
12 80 209 2 5
17 80 311 12 5
18 80 206 11 5
22 80 264 1 5
23 80 250 0 5
24 80 171 2 5
28 80 322 8 5
29 80 363 18 5
34 80 279 12 5
37 80 380 20 5
38 80 278 6 5
44 80 299 19 5
48 80 220 3 5
50 80 259 3 5
52 80 206 1 5
54 80 254 2 5
56 80 155 3 5
57 80 316 11 5
58 80 207 6 5
62 80 320 10 5
78 80 214 3 5
79 80 345 12 5
111 80 240 5 5
113 80 248 10 5
115 80 220 8 5
120 80 187 2 5
121 80 224 2 5
125 80 248 6 5
80 82 178 1 5
80 91 221 7 5
80 93 242 10 5
80 95 196 4 5
80 96 343 25 5
81 9 395 31 5
8 81 409 14 5
10 81 325 1 5
11 81 357 13 5
12 81 319 11 5
18 81 352 2 5
20 81 475 47 5
21 81 403 17 5
22 81 372 11 5
23 81 362 8 5
24 81 297 3 5
28 81 412 27 5
38 81 374 22 5
39 81 464 35 5
46 81 393 18 5
48 81 348 3 5
52 81 332 2 5
54 81 364 11 5
55 81 432 23 5
56 81 281 4 5
58 81 345 1 5
78 81 336 6 5
80 81 344 3 5
107 81 448 65 5
111 81 376 1 5
115 81 356 4 5
120 81 295 12 5
121 81 350 3 5
122 81 468 35 5
125 81 378 5 5
81 82 304 2 5
81 89 400 53 5
81 91 363 0 5
81 93 370 10 5
81 95 312 10 5
1 82 292 8 5
8 82 257 5 5
10 82 147 5 5
11 82 193 10 5
12 82 167 2 5
18 82 182 2 5
21 82 253 7 5
22 82 214 5 5
23 82 204 2 5
24 82 125 4 5
34 82 251 5 5
36 82 281 4 5
38 82 246 1 5
46 82 247 6 5
48 82 176 4 5
50 82 219 2 5
52 82 154 6 5
54 82 194 11 5
56 82 109 5 5
58 82 175 1 5
62 82 288 5 5
66 82 278 5 5
78 82 176 1 5
80 82 178 1 5
111 82 206 1 5
113 82 218 4 5
115 82 190 2 5
120 82 145 2 5
121 82 182 2 5
125 82 206 6 5
82 91 187 3 5
82 92 313 8 5
82 93 216 2 5
82 95 156 3 5
83 9 460 28 5
1 83 455 41 5
3 83 559 64 5
8 83 456 20 5
10 83 356 15 5
11 83 428 7 5
12 83 386 7 5
18 83 413 1 5
21 83 446 25 5
22 83 417 18 5
23 83 431 3 5
24 83 346 8 5
26 83 476 38 5
36 83 460 29 5
38 83 451 13 5
42 83 490 25 5
45 83 527 50 5
48 83 401 6 5
50 83 438 7 5
52 83 395 0 5
53 83 575 62 5
54 83 407 19 5
56 83 342 3 5
58 83 406 0 5
60 83 511 36 5
78 83 397 5 5
79 83 488 34 5
80 83 403 3 5
82 83 357 5 5
106 83 611 80 5
115 83 411 6 5
120 83 374 2 5
121 83 411 2 5
83 91 404 9 5
83 95 385 3 5
83 98 486 21 5
7 84 455 37 5
10 84 337 3 5
11 84 377 11 5
12 84 343 7 5
18 84 350 11 5
19 84 498 63 5
23 84 378 8 5
24 84 303 8 5
26 84 459 25 5
36 84 439 18 5
38 84 380 27 5
46 84 403 21 5
48 84 360 5 5
50 84 387 11 5
56 84 293 6 5
58 84 349 7 5
61 84 532 41 5
68 84 518 32 5
72 84 533 38 5
80 84 362 2 5
82 84 320 2 5
111 84 374 10 5
115 84 360 10 5
120 84 333 1 5
122 84 484 35 5
84 86 539 38 5
84 95 332 8 5
84 98 443 21 5
8 85 491 40 5
10 85 459 1 5
12 85 447 14 5
14 85 527 58 5
18 85 452 19 5
21 85 515 28 5
24 85 433 2 5
37 85 548 67 5
38 85 496 28 5
45 85 554 74 5
50 85 501 13 5
52 85 458 6 5
54 85 486 17 5
56 85 403 10 5
58 85 435 23 5
69 85 550 48 5
78 85 476 3 5
80 85 454 15 5
82 85 440 1 5
104 85 558 49 5
111 85 484 14 5
115 85 468 15 5
119 85 570 41 5
120 85 441 6 5
121 85 458 16 5
125 85 496 13 5
85 91 471 13 5
85 92 539 47 5
85 93 484 20 5
85 95 452 7 5
8 86 520 19 5
10 86 430 9 5
11 86 442 31 5
12 86 450 6 5
14 86 554 38 5
18 86 457 10 5
24 86 418 3 5
28 86 525 31 5
36 86 530 25 5
42 86 516 43 5
44 86 528 29 5
48 86 459 8 5
56 86 408 1 5
57 86 533 27 5
58 86 432 18 5
60 86 563 41 5
68 86 571 58 5
78 86 455 7 5
80 86 453 9 5
82 86 423 3 5
84 86 539 38 5
113 86 483 17 5
115 86 469 8 5
120 86 440 0 5
121 86 451 13 5
130 86 580 54 5
86 91 452 16 5
86 95 423 15 5
86 97 570 36 5
8 87 491 19 5
10 87 419 0 5
11 87 453 11 5
12 87 433 0 5
16 87 564 45 5
18 87 430 9 5
24 87 381 7 5
27 87 536 32 5
46 87 473 24 5
48 87 422 12 5
50 87 459 13 5
52 87 422 3 5
56 87 361 10 5
58 87 401 19 5
62 87 484 38 5
69 87 536 34 5
72 87 557 64 5
78 87 422 9 5
80 87 424 9 5
82 87 398 1 5
84 87 524 31 5
104 87 516 49 5
111 87 438 16 5
113 87 448 20 5
115 87 442 7 5
120 87 411 0 5
121 87 396 26 5
125 87 454 13 5
87 88 585 52 5
87 89 532 33 5
87 93 444 19 5
87 95 404 10 5
87 97 483 65 5
8 88 508 24 5
10 88 424 11 5
11 88 468 17 5
12 88 438 11 5
22 88 477 18 5
24 88 412 5 5
27 88 541 43 5
36 88 502 38 5
38 88 483 27 5
44 88 528 28 5
48 88 455 9 5
52 88 443 6 5
54 88 447 29 5
56 88 396 6 5
58 88 436 15 5
69 88 561 35 5
72 88 594 59 5
80 88 449 10 5
81 88 523 37 5
82 88 425 1 5
87 88 585 52 5
100 88 619 70 5
103 88 642 61 5
111 88 467 15 5
120 88 430 4 5
121 88 445 15 5
125 88 485 11 5
88 93 449 30 5
88 95 439 6 5
88 96 552 44 5
89 9 425 30 5
8 89 435 15 5
10 89 355 0 5
11 89 391 10 5
12 89 355 7 5
17 89 451 20 5
18 89 362 11 5
24 89 317 7 5
27 89 482 27 5
28 89 448 23 5
38 89 396 25 5
44 89 443 25 5
46 89 429 14 5
48 89 376 3 5
50 89 409 6 5
52 89 350 7 5
54 89 400 7 5
55 89 458 24 5
56 89 307 5 5
58 89 345 15 5
66 89 446 20 5
78 89 358 9 5
80 89 360 9 5
81 89 400 53 5
82 89 330 3 5
104 89 478 36 5
113 89 402 11 5
115 89 376 8 5
118 89 438 41 5
120 89 311 18 5
121 89 372 6 5
125 89 402 7 5
89 91 389 1 5
89 95 354 3 5
89 96 481 34 5
9 90 584 41 5
10 90 508 14 5
11 90 556 18 5
12 90 522 14 5
18 90 523 21 5
20 90 632 73 5
21 90 554 46 5
22 90 529 37 5
23 90 545 21 5
24 90 500 6 5
26 90 580 61 5
30 90 626 64 5
36 90 556 56 5
39 90 607 68 5
46 90 580 29 5
48 90 549 7 5
52 90 515 15 5
54 90 571 12 5
56 90 494 2 5
58 90 546 5 5
62 90 603 37 5
78 90 535 11 5
80 90 537 11 5
82 90 499 9 5
89 90 609 53 5
107 90 645 71 5
118 90 603 49 5
120 90 524 2 5
121 90 535 15 5
125 90 579 9 5
90 91 558 7 5
90 95 513 14 5
1 91 323 20 5
8 91 314 4 5
9 91 316 13 5
10 91 202 5 5
11 91 252 8 5
12 91 214 6 5
15 91 386 17 5
18 91 225 8 5
21 91 302 10 5
22 91 273 3 5
23 91 259 2 5
24 91 186 1 5
28 91 337 7 5
34 91 296 10 5
38 91 289 7 5
46 91 300 7 5
48 91 233 3 5
50 91 268 5 5
52 91 201 10 5
54 91 265 3 5
56 91 162 6 5
57 91 337 7 5
58 91 212 10 5
62 91 331 11 5
66 91 317 13 5
78 91 229 2 5
80 91 221 7 5
82 91 187 3 5
111 91 257 3 5
113 91 273 4 5
115 91 233 8 5
120 91 190 7 5
121 91 227 7 5
125 91 257 8 5
91 93 265 5 5
91 95 207 5 5
8 92 410 24 5
10 92 338 5 5
12 92 340 11 5
16 92 497 43 5
18 92 341 18 5
21 92 428 15 5
23 92 373 13 5
24 92 320 2 5
36 92 442 19 5
38 92 409 15 5
42 92 450 26 5
44 92 438 24 5
46 92 410 20 5
48 92 369 3 5
50 92 388 13 5
52 92 351 3 5
54 92 365 21 5
56 92 292 9 5
58 92 348 10 5
62 92 401 44 5
74 92 489 46 5
78 92 357 6 5
79 92 444 37 5
80 92 351 10 5
82 92 313 8 5
91 92 370 7 5
111 92 385 7 5
112 92 492 48 5
113 92 383 17 5
115 92 361 12 5
119 92 475 32 5
120 92 340 0 5
121 92 375 1 5
125 92 399 5 5
92 95 341 6 5
92 96 472 35 5
10 93 229 5 5
11 93 287 4 5
12 93 245 4 5
18 93 262 3 5
21 93 325 12 5
22 93 280 13 5
23 93 280 5 5
24 93 201 7 5
27 93 366 27 5
28 93 338 20 5
34 93 329 7 5
36 93 347 12 5
44 93 337 20 5
46 93 311 15 5
48 93 256 5 5
50 93 269 18 5
52 93 246 1 5
54 93 260 19 5
56 93 193 4 5
58 93 237 11 5
66 93 348 11 5
78 93 258 1 5
80 93 242 10 5
82 93 216 2 5
88 93 449 30 5
91 93 265 5 5
111 93 276 7 5
113 93 292 8 5
115 93 274 1 5
120 93 231 0 5
121 93 254 7 5
125 93 252 24 5
93 95 234 5 5
93 97 391 21 5
1 94 488 37 5
8 94 479 21 5
10 94 407 2 5
11 94 439 14 5
12 94 407 9 5
16 94 562 42 5
18 94 428 6 5
23 94 434 14 5
24 94 375 6 5
35 94 570 42 5
37 94 514 59 5
38 94 448 27 5
46 94 477 18 5
48 94 424 7 5
54 94 450 10 5
56 94 359 7 5
62 94 434 59 5
69 94 494 51 5
78 94 424 4 5
80 94 418 8 5
82 94 370 11 5
112 94 519 66 5
113 94 452 14 5
120 94 395 4 5
94 95 398 9 5
94 98 479 37 5
9 95 295 8 5
10 95 169 6 5
11 95 227 5 5
12 95 193 1 5
14 95 343 10 5
18 95 200 5 5
22 95 236 6 5
23 95 224 4 5
24 95 147 5 5
26 95 317 15 5
27 95 344 9 5
28 95 306 7 5
36 95 297 8 5
38 95 260 6 5
39 95 364 12 5
42 95 315 10 5
44 95 305 7 5
46 95 263 10 5
48 95 204 2 5
50 95 239 4 5
52 95 186 2 5
54 95 234 3 5
56 95 131 6 5
58 95 193 4 5
61 95 416 18 5
78 95 186 8 5
80 95 196 4 5
81 95 312 10 5
82 95 156 3 5
84 95 332 8 5
91 95 207 5 5
93 95 234 5 5
111 95 226 3 5
113 95 236 7 5
115 95 212 3 5
118 95 322 12 5
119 95 350 11 5
120 95 169 2 5
121 95 202 4 5
125 95 230 6 5
8 96 386 47 5
9 96 432 34 5
10 96 350 10 5
11 96 416 5 5
12 96 366 9 5
16 96 513 46 5
18 96 371 14 5
23 96 399 11 5
24 96 332 7 5
28 96 455 27 5
29 96 482 44 5
36 96 462 20 5
38 96 429 16 5
39 96 481 48 5
48 96 391 3 5
50 96 410 13 5
52 96 359 10 5
54 96 407 11 5
56 96 324 4 5
58 96 364 13 5
59 96 552 50 5
62 96 457 27 5
78 96 389 1 5
80 96 343 25 5
82 96 345 3 5
89 96 481 34 5
91 96 402 2 5
92 96 472 35 5
93 96 413 10 5
95 96 369 3 5
111 96 407 7 5
113 96 423 8 5
115 96 373 17 5
120 96 354 4 5
121 96 397 1 5
129 96 534 47 5
10 97 360 5 5
11 97 388 19 5
12 97 382 1 5
14 97 492 30 5
18 97 397 1 5
21 97 454 13 5
23 97 415 3 5
24 97 332 7 5
27 97 491 30 5
46 97 432 20 5
48 97 383 7 5
52 97 377 1 5
54 97 415 7 5
56 97 328 2 5
58 97 350 20 5
60 97 489 39 5
66 97 433 34 5
72 97 546 45 5
78 97 381 5 5
80 97 379 7 5
82 97 337 7 5
87 97 483 65 5
91 97 394 6 5
93 97 391 21 5
95 97 357 9 5
103 97 578 55 5
113 97 405 17 5
115 97 395 6 5
120 97 360 1 5
121 97 365 17 5
125 97 373 29 5
130 97 528 41 5
97 99 511 53 5
8 98 404 12 5
10 98 312 3 5
11 98 352 11 5
12 98 320 6 5
18 98 333 7 5
21 98 400 14 5
23 98 357 6 5
24 98 272 11 5
28 98 425 16 5
34 98 400 11 5
48 98 343 1 5
50 98 366 9 5
52 98 317 5 5
54 98 359 9 5
56 98 276 2 5
57 98 417 20 5
58 98 308 15 5
62 98 427 16 5
69 98 437 33 5
78 98 329 5 5
80 98 329 6 5
82 98 295 2 5
91 98 344 5 5
93 98 367 7 5
94 98 479 37 5
95 98 319 2 5
111 98 277 46 5
113 98 361 13 5
115 98 349 3 5
119 98 455 27 5
120 98 302 4 5
121 98 331 8 5
3 99 594 65 5
9 99 493 30 5
10 99 397 13 5
11 99 455 12 5
12 99 427 5 5
15 99 549 41 5
16 99 558 50 5
23 99 458 8 5
24 99 391 4 5
36 99 503 26 5
45 99 560 52 5
48 99 390 30 5
50 99 467 11 5
52 99 420 6 5
54 99 446 18 5
56 99 359 13 5
58 99 429 7 5
60 99 532 44 5
66 99 492 31 5
69 99 520 44 5
78 99 434 5 5
80 99 434 6 5
82 99 388 8 5
83 99 549 42 5
87 99 572 47 5
91 99 445 7 5
93 99 458 14 5
95 99 424 2 5
97 99 511 53 5
111 99 448 13 5
115 99 444 8 5
120 99 409 3 5
121 99 448 2 5
130 99 567 48 5
100 8 547 26 5
100 9 555 32 5
100 11 487 29 5
100 12 481 11 5
100 23 504 18 5
100 24 447 9 5
100 28 568 30 5
100 30 575 66 5
100 36 563 29 5
100 48 502 7 5
100 50 529 13 5
100 52 486 6 5
100 54 526 11 5
100 55 566 37 5
100 56 449 1 5
100 58 499 5 5
100 66 560 30 5
100 74 610 56 5
100 78 482 14 5
100 80 504 4 5
100 81 546 47 5
100 82 464 3 5
100 88 619 70 5
100 89 582 43 5
100 93 518 17 5
100 95 484 5 5
100 96 601 41 5
100 98 561 35 5
10 100 485 2 5
100 107 614 63 5
100 111 504 18 5
100 113 522 18 5
100 118 582 36 5
100 120 455 13 5
100 121 510 4 5
100 125 498 26 5
100 129 609 69 5
101 8 667 41 5
101 23 644 23 5
101 24 601 7 5
101 28 660 59 5
101 38 676 27 5
101 42 675 59 5
101 46 671 35 5
101 50 653 26 5
101 52 614 17 5
101 55 636 77 5
101 58 639 10 5
101 78 636 12 5
101 81 670 60 5
101 82 612 4 5
101 91 643 16 5
101 93 638 32 5
101 95 626 9 5
101 113 658 25 5
101 115 628 24 5
101 120 605 13 5
101 125 648 26 5
101 129 737 80 5
102 8 543 21 5
102 11 493 19 5
102 14 567 45 5
102 21 525 30 5
102 22 498 22 5
102 23 502 12 5
102 24 433 9 5
102 28 558 28 5
102 37 590 53 5
102 38 510 28 5
102 46 525 26 5
102 48 484 9 5
102 50 517 12 5
102 52 480 2 5
102 54 498 18 5
102 56 433 2 5
102 78 480 8 5
102 80 472 13 5
102 81 556 35 5
102 82 424 16 5
102 85 650 55 5
102 95 458 11 5
10 102 467 4 5
102 111 500 13 5
102 115 482 15 5
102 120 455 6 5
102 121 490 7 5
102 125 514 11 5
102 129 631 51 5
103 12 496 6 5
103 18 507 8 5
103 22 533 14 5
103 23 513 16 5
103 24 458 6 5
103 27 565 55 5
103 36 568 29 5
103 44 558 37 5
103 48 493 14 5
103 52 489 7 5
103 54 523 15 5
103 55 571 37 5
103 56 452 2 5
103 58 494 10 5
103 60 601 45 5
103 78 467 24 5
103 80 509 4 5
103 82 471 2 5
103 83 616 44 5
103 88 642 61 5
103 93 507 25 5
103 95 485 7 5
103 97 578 55 5
103 99 625 58 5
10 103 458 18 5
100 103 667 70 5
103 111 523 11 5
103 115 491 20 5
103 120 480 3 5
103 125 511 22 5
104 8 425 28 5
104 11 409 9 5
104 12 381 2 5
104 18 384 8 5
104 21 449 16 5
104 24 337 5 5
104 28 472 19 5
104 31 545 63 5
104 37 496 48 5
104 42 447 39 5
104 44 471 19 5
104 46 441 16 5
104 48 370 14 5
104 49 607 81 5
104 50 417 10 5
104 52 368 6 5
104 54 418 6 5
104 56 321 6 5
104 58 357 17 5
104 62 472 20 5
104 78 390 1 5
104 80 386 4 5
104 81 474 24 5
104 82 346 3 5
104 87 516 49 5
104 89 478 36 5
104 91 405 1 5
104 93 400 17 5
104 95 372 2 5
104 96 495 35 5
10 104 371 0 5
104 111 406 8 5
104 115 376 16 5
104 120 347 8 5
104 121 370 15 5
104 125 414 9 5
105 17 640 69 5
105 18 625 23 5
105 24 598 10 5
105 29 716 63 5
105 40 723 122 5
105 56 588 8 5
105 58 640 11 5
105 65 725 58 5
105 71 704 69 5
105 80 615 25 5
105 82 603 10 5
105 95 619 14 5
10 105 622 10 5
105 120 614 10 5
106 12 567 4 5
106 18 562 14 5
106 19 714 64 5
106 22 572 28 5
106 23 572 20 5
106 24 535 1 5
106 27 656 43 5
106 36 617 38 5
106 48 558 15 5
106 50 589 19 5
106 52 538 16 5
106 54 572 24 5
106 56 503 10 5
106 66 586 53 5
106 78 562 10 5
106 82 526 8 5
106 83 611 80 5
106 91 563 17 5
106 93 594 15 5
106 95 528 19 5
106 99 688 60 5
10 106 523 19 5
106 115 566 16 5
106 120 537 8 5
106 121 566 12 5
106 125 582 20 5
107 6 605 62 5
107 9 469 44 5
107 11 461 11 5
107 12 429 6 5
107 18 452 2 5
107 21 489 24 5
107 22 462 16 5
107 24 397 3 5
107 38 470 24 5
107 46 475 27 5
107 48 438 8 5
107 52 410 13 5
107 54 454 16 5
107 55 508 35 5
107 56 387 1 5
107 57 500 33 5
107 58 439 4 5
107 60 502 61 5
107 66 494 32 5
107 75 519 72 5
107 78 436 6 5
107 80 436 7 5
107 81 448 65 5
107 82 408 0 5
107 91 441 11 5
107 93 468 11 5
107 95 412 10 5
10 107 423 2 5
107 115 444 10 5
107 120 403 8 5
107 121 432 12 5
107 125 458 15 5
108 7 668 57 5
108 8 606 50 5
108 9 632 47 5
108 11 612 20 5
108 24 562 5 5
108 25 690 67 5
108 26 660 51 5
108 38 627 30 5
108 45 683 77 5
108 56 554 2 5
108 74 703 63 5
108 79 668 49 5
108 80 593 13 5
108 82 551 13 5
108 83 670 68 5
108 91 594 19 5
108 92 672 48 5
108 95 571 15 5
108 96 668 61 5
1 108 663 42 5
10 108 570 13 5
108 112 690 73 5
108 113 623 21 5
108 115 601 16 5
108 120 578 5 5
108 121 601 12 5
108 124 753 115 5
109 3 772 76 5
109 12 615 11 5
109 16 698 80 5
109 18 626 13 5
109 24 595 2 5
109 33 782 101 5
109 34 669 29 5
109 41 798 92 5
109 48 622 14 5
109 55 682 46 5
109 56 579 3 5
109 57 672 45 5
109 74 730 63 5
109 78 598 23 5
109 80 608 19 5
109 82 588 8 5
109 91 619 20 5
109 95 600 14 5
109 114 849 114 5
109 115 610 25 5
109 120 589 13 5
109 121 628 12 5
109 125 624 30 5
110 3 688 79 5
110 12 551 4 5
110 16 620 80 5
110 18 538 18 5
110 21 591 32 5
110 23 570 13 5
110 24 509 6 5
110 29 641 52 5
110 46 575 36 5
110 52 536 9 5
110 56 503 2 5
110 57 586 49 5
110 58 529 18 5
110 78 546 10 5
110 80 506 31 5
110 82 516 5 5
110 84 610 51 5
110 91 565 8 5
110 93 550 29 5
110 95 534 8 5
110 98 601 43 5
10 110 525 10 5
11 110 579 11 5
110 111 560 18 5
110 113 528 43 5
110 115 552 15 5
110 116 711 95 5
110 120 525 6 5
110 121 546 14 5
111 12 229 6 5
111 18 242 7 5
111 21 327 5 5
111 22 288 3 5
111 23 270 4 5
111 24 193 5 5
111 26 357 18 5
111 34 311 10 5
111 44 335 15 5
111 48 252 1 5
111 50 289 2 5
111 52 222 7 5
111 54 276 5 5
111 56 177 6 5
111 57 336 15 5
111 58 225 11 5
111 66 340 9 5
111 69 372 20 5
111 78 238 5 5
111 80 240 5 5
111 82 206 1 5
111 91 257 3 5
111 93 276 7 5
111 95 226 3 5
111 98 277 46 5
10 111 223 2 5
11 111 277 3 5
111 113 286 5 5
111 115 258 3 5
111 119 364 27 5
111 120 211 4 5
111 121 250 3 5
111 125 276 6 5
112 8 470 28 5
112 9 496 25 5
112 12 410 10 5
112 18 415 15 5
112 24 374 9 5
112 50 438 22 5
112 52 379 23 5
112 54 447 14 5
112 55 483 42 5
112 56 370 4 5
112 58 430 3 5
112 62 483 37 5
112 70 619 83 5
112 78 433 2 5
112 80 435 2 5
112 82 389 4 5
112 91 444 4 5
112 92 492 48 5
112 94 519 66 5
112 95 403 9 5
10 112 406 5 5
112 113 443 21 5
112 115 431 11 5
112 120 402 3 5
112 121 421 12 5
112 127 600 78 5
113 9 351 12 5
113 12 255 2 5
113 17 361 10 5
113 18 268 3 5
113 21 335 10 5
113 22 298 7 5
113 23 288 4 5
113 24 213 4 5
113 29 409 18 5
113 34 329 10 5
113 48 260 6 5
113 50 281 15 5
113 52 246 4 5
113 54 294 5 5
113 56 203 2 5
113 58 259 3 5
113 69 402 14 5
113 74 438 20 5
113 78 256 5 5
113 80 248 10 5
113 82 218 4 5
113 87 448 20 5
113 91 273 4 5
113 92 383 17 5
113 93 292 8 5
113 95 236 7 5
113 97 405 17 5
113 98 361 13 5
10 113 239 3 5
11 113 289 6 5
110 113 528 43 5
111 113 286 5 5
112 113 443 21 5
113 115 272 5 5
113 120 229 4 5
113 121 258 8 5
113 125 288 9 5
114 12 620 12 5
114 18 637 11 5
114 24 602 2 5
114 28 673 48 5
114 34 668 33 5
114 37 707 72 5
114 38 643 39 5
114 42 694 45 5
114 44 654 57 5
114 46 668 32 5
114 52 619 10 5
114 56 564 14 5
114 69 681 67 5
114 78 609 21 5
114 80 617 18 5
114 81 683 49 5
114 82 595 8 5
114 95 611 12 5
1 114 685 48 5
11 114 640 23 5
111 114 631 25 5
114 115 641 13 5
114 120 606 8 5
114 121 635 12 5
114 126 741 73 5
114 128 751 100 5
115 8 291 16 5
115 12 209 9 5
115 15 351 35 5
115 16 398 25 5
115 17 327 11 5
115 18 234 4 5
115 22 268 6 5
115 23 250 7 5
115 24 183 3 5
115 28 328 12 5
115 34 303 7 5
115 47 461 29 5
115 48 216 12 5
115 50 253 13 5
115 52 210 6 5
115 54 270 1 5
115 56 169 3 5
115 58 223 5 5
115 62 332 11 5
115 74 384 31 5
115 78 218 8 5
115 80 220 8 5
115 82 190 2 5
115 91 233 8 5
115 93 274 1 5
115 95 212 3 5
115 96 373 17 5
10 115 207 3 5
11 115 259 5 5
111 115 258 3 5
113 115 272 5 5
115 120 197 4 5
115 121 232 5 5
115 125 268 3 5
116 8 576 33 5
116 12 524 11 5
116 14 612 51 5
116 18 531 15 5
116 21 552 45 5
116 23 545 19 5
116 24 486 11 5
116 29 634 49 5
116 37 603 75 5
116 38 561 31 5
116 46 570 32 5
116 52 525 8 5
116 56 484 5 5
116 58 516 18 5
116 80 529 13 5
116 82 507 3 5
116 95 517 10 5
11 116 544 22 5
110 116 711 95 5
115 116 535 17 5
116 120 510 7 5
116 121 521 20 5
117 18 795 30 5
117 24 778 12 5
117 25 858 98 5
117 37 829 109 5
117 38 765 76 5
117 45 881 93 5
117 56 762 13 5
117 58 770 38 5
10 117 766 30 5
116 117 924 129 5
118 7 479 24 5
118 8 389 31 5
118 9 431 20 5
118 12 335 10 5
118 18 352 9 5
118 22 352 28 5
118 23 390 1 5
118 24 299 9 5
118 27 458 32 5
118 28 452 14 5
118 30 479 40 5
118 34 413 16 5
118 36 437 18 5
118 39 470 39 5
118 44 441 19 5
118 46 425 9 5
118 48 366 1 5
118 50 395 6 5
118 52 342 4 5
118 54 374 13 5
118 55 452 20 5
118 56 297 3 5
118 58 357 2 5
118 69 476 25 5
118 78 340 11 5
118 80 360 2 5
118 81 450 21 5
118 82 318 2 5
118 89 438 41 5
118 91 359 9 5
118 93 398 3 5
118 95 322 12 5
10 118 339 1 5
11 118 383 7 5
111 118 382 5 5
113 118 390 10 5
115 118 370 4 5
118 120 327 3 5
118 121 368 1 5
119 8 417 30 5
119 12 373 4 5
119 17 463 20 5
119 18 346 25 5
119 23 380 19 5
119 24 327 8 5
119 36 459 20 5
119 44 453 26 5
119 48 378 8 5
119 52 366 5 5
119 54 388 19 5
119 56 313 8 5
119 57 444 31 5
119 58 333 27 5
119 74 514 43 5
119 76 513 41 5
119 78 372 8 5
119 79 447 45 5
119 80 374 8 5
119 82 342 3 5
119 91 393 5 5
119 92 475 32 5
119 93 406 12 5
119 95 350 11 5
119 98 455 27 5
10 119 363 2 5
111 119 364 27 5
115 119 390 7 5
119 120 357 1 5
119 121 374 11 5
119 125 412 8 5
120 8 270 4 5
120 14 334 8 5
120 18 195 1 5
120 22 229 3 5
120 23 215 2 5
120 24 140 2 5
120 28 285 11 5
120 34 262 5 5
120 38 253 3 5
120 46 262 4 5
120 48 181 7 5
120 50 218 8 5
120 52 169 4 5
120 54 225 1 5
120 55 301 9 5
120 56 126 2 5
120 58 186 1 5
120 66 291 4 5
120 69 333 10 5
120 78 185 2 5
120 80 187 2 5
120 81 295 12 5
120 82 145 2 5
120 89 311 18 5
120 91 190 7 5
120 93 231 0 5
120 95 169 2 5
10 120 160 4 5
11 120 212 6 5
12 120 172 5 5
111 120 211 4 5
113 120 229 4 5
115 120 197 4 5
120 121 191 3 5
120 125 221 4 5
120 129 386 20 5
121 8 293 11 5
121 14 345 21 5
121 17 321 10 5
121 18 226 4 5
121 21 295 10 5
121 22 256 8 5
121 23 250 3 5
121 24 171 5 5
121 36 323 7 5
121 38 290 3 5
121 42 335 12 5
121 44 325 9 5
121 46 291 8 5
121 48 224 4 5
121 50 251 10 5
121 52 200 7 5
121 54 260 2 5
121 55 332 12 5
121 56 157 5 5
121 57 312 16 5
121 58 219 3 5
121 66 322 7 5
121 72 423 24 5
121 78 226 0 5
121 80 224 2 5
121 82 182 2 5
121 87 396 26 5
121 91 227 7 5
121 93 254 7 5
121 95 202 4 5
121 97 365 17 5
121 98 331 8 5
10 121 197 4 5
11 121 239 11 5
12 121 213 3 5
104 121 370 15 5
111 121 250 3 5
113 121 258 8 5
115 121 232 5 5
120 121 191 3 5
121 125 252 7 5
122 18 398 9 5
122 19 566 51 5
122 23 416 11 5
122 24 333 15 5
122 28 476 25 5
122 30 535 35 5
122 38 428 25 5
122 44 485 20 5
122 45 530 49 5
122 48 404 5 5
122 50 421 16 5
122 52 390 3 5
122 53 586 57 5
122 54 422 12 5
122 56 347 1 5
122 57 458 34 5
122 58 361 23 5
122 65 508 39 5
122 66 480 19 5
122 81 468 35 5
122 82 364 2 5
122 84 484 35 5
122 91 407 8 5
122 93 434 8 5
122 95 380 6 5
122 98 489 20 5
10 122 387 0 5
11 122 411 16 5
12 122 393 4 5
113 122 432 12 5
120 122 365 7 5
121 122 394 11 5
122 125 426 11 5
122 126 552 46 5
123 5 685 66 5
123 8 610 39 5
123 16 661 76 5
123 18 579 14 5
123 24 550 2 5
123 39 671 57 5
123 55 631 49 5
123 58 574 12 5
123 62 625 47 5
123 69 653 55 5
123 78 573 13 5
123 79 646 51 5
123 80 579 11 5
123 89 641 58 5
123 92 610 70 5
123 93 593 24 5
123 95 567 8 5
123 96 664 54 5
10 123 548 15 5
12 123 538 27 5
111 123 581 24 5
112 123 676 71 5
115 123 573 21 5
118 123 641 51 5
121 123 591 8 5
123 125 591 24 5
124 15 667 52 5
124 18 548 22 5
124 23 576 19 5
124 24 531 4 5
124 29 629 67 5
124 34 597 35 5
124 41 734 94 5
124 54 570 26 5
124 56 521 2 5
124 58 567 8 5
124 78 568 8 5
124 80 568 9 5
124 82 526 9 5
124 92 615 60 5
124 94 674 62 5
124 95 548 10 5
10 124 537 13 5
12 124 553 12 5
108 124 753 115 5
112 124 659 72 5
113 124 566 33 5
120 124 533 11 5
124 129 687 67 5
125 18 266 0 5
125 22 294 5 5
125 23 278 5 5
125 24 201 6 5
125 28 360 8 5
125 34 321 10 5
125 36 347 11 5
125 38 302 13 5
125 46 309 15 5
125 48 256 4 5
125 50 287 8 5
125 52 242 2 5
125 54 292 2 5
125 56 193 3 5
125 57 342 17 5
125 58 243 7 5
125 66 336 16 5
125 78 238 10 5
125 80 248 6 5
125 82 206 6 5
125 91 257 8 5
125 93 252 24 5
125 95 230 6 5
125 97 373 29 5
1 125 366 11 5
10 125 231 3 5
11 125 263 15 5
12 125 247 2 5
111 125 276 6 5
113 125 288 9 5
115 125 268 3 5
120 125 221 4 5
121 125 252 7 5
126 18 450 6 5
126 23 464 10 5
126 24 401 4 5
126 28 518 27 5
126 34 511 13 5
126 42 539 24 5
126 44 521 25 5
126 48 428 16 5
126 52 436 3 5
126 54 474 9 5
126 56 375 10 5
126 58 439 7 5
126 62 536 19 5
126 78 436 9 5
126 80 450 3 5
126 82 398 8 5
126 87 592 42 5
126 91 453 8 5
126 93 476 10 5
126 95 422 8 5
126 98 511 32 5
10 126 433 0 5
11 126 461 14 5
12 126 433 7 5
111 126 448 18 5
113 126 470 16 5
115 126 442 14 5
120 126 425 0 5
121 126 416 23 5
122 126 552 46 5
126 128 634 60 5
127 8 576 25 5
127 14 562 68 5
127 18 529 8 5
127 20 618 70 5
127 21 556 35 5
127 22 547 18 5
127 23 523 22 5
127 24 484 4 5
127 27 611 43 5
127 34 582 19 5
127 38 567 20 5
127 48 521 11 5
127 50 554 14 5
127 52 497 14 5
127 55 581 43 5
127 56 478 0 5
127 58 520 8 5
127 78 519 9 5
127 80 527 6 5
127 82 495 1 5
127 88 654 66 5
127 91 526 13 5
127 93 549 15 5
10 127 508 4 5
12 127 510 10 5
111 127 539 14 5
112 127 600 78 5
113 127 553 16 5
115 127 539 7 5
120 127 492 8 5
121 127 483 31 5
128 18 498 14 5
128 23 530 9 5
128 24 465 4 5
128 34 541 30 5
128 37 620 49 5
128 38 534 27 5
128 44 577 29 5
128 48 490 17 5
128 52 486 10 5
128 54 528 14 5
128 56 441 9 5
128 58 503 7 5
128 69 596 43 5
128 78 476 21 5
128 79 579 44 5
128 80 502 9 5
128 82 474 2 5
128 86 665 52 5
128 91 505 14 5
128 95 480 11 5
1 128 576 36 5
10 128 491 3 5
11 128 535 9 5
12 128 497 7 5
111 128 518 15 5
114 128 751 100 5
115 128 514 10 5
119 128 610 39 5
120 128 487 1 5
121 128 506 10 5
126 128 634 60 5
129 7 550 35 5
129 8 492 26 5
129 17 512 29 5
129 22 479 11 5
129 23 445 20 5
129 24 404 3 5
129 28 435 69 5
129 30 544 54 5
129 48 445 8 5
129 50 478 11 5
129 52 419 12 5
129 54 469 12 5
129 55 477 54 5
129 56 386 5 5
129 78 433 11 5
129 82 411 2 5
129 91 460 5 5
129 95 415 12 5
129 96 534 47 5
10 129 414 10 5
12 129 430 9 5
115 129 449 11 5
118 129 521 39 5
120 129 386 20 5
130 3 537 90 5
130 9 442 52 5
130 17 474 39 5
130 19 567 65 5
130 23 451 8 5
130 24 382 5 5
130 26 512 35 5
130 28 483 36 5
130 36 496 26 5
130 38 459 24 5
130 42 506 32 5
130 50 460 11 5
130 52 415 5 5
130 54 453 11 5
130 56 372 3 5
130 58 430 3 5
130 60 479 67 5
130 66 485 31 5
130 71 528 44 5
130 78 435 1 5
130 80 407 16 5
130 81 503 32 5
130 82 395 1 5
130 89 521 37 5
130 91 436 8 5
130 93 447 16 5
130 95 415 3 5
130 97 528 41 5
10 130 404 6 5
11 130 434 19 5
12 130 408 11 5
115 130 437 8 5
120 130 396 6 5
121 130 419 13 5
125 130 451 13 5
