Res1 Res2 NSingle NDouble Method
4 7 525 60 5
3 9 497 55 5
7 9 436 28 5
10 7 340 11 5
10 8 276 5 5
10 9 286 10 5
11 8 326 8 5
1 11 361 11 5
10 11 218 7 5
12 8 278 11 5
12 9 302 9 5
1 12 319 11 5
10 12 174 8 5
11 12 226 10 5
14 8 414 27 5
11 14 382 16 5
15 3 561 62 5
15 6 574 56 5
16 8 455 33 5
15 16 483 68 5
17 8 390 16 5
17 9 384 29 5
10 17 302 5 5
12 17 314 6 5
18 8 297 9 5
1 18 334 11 5
10 18 197 4 5
11 18 245 8 5
12 18 209 5 5
16 18 376 32 5
17 18 325 8 5
19 2 643 65 5
20 9 470 39 5
21 8 354 21 5
21 9 376 20 5
1 21 395 21 5
10 21 282 2 5
11 21 310 16 5
14 21 402 33 5
1 22 374 10 5
10 22 235 4 5
11 22 285 7 5
12 22 253 2 5
14 22 397 14 5
18 22 270 1 5
21 22 325 14 5
23 7 377 18 5
23 8 321 8 5
23 9 337 10 5
10 23 219 4 5
11 23 275 4 5
12 23 233 4 5
18 23 242 7 5
22 23 288 3 5
24 8 244 9 5
24 9 276 3 5
10 24 144 4 5
11 24 196 6 5
12 24 158 4 5
18 24 173 4 5
21 24 256 3 5
22 24 211 4 5
23 24 195 4 5
25 3 571 67 5
15 25 494 59 5
26 9 404 34 5
10 26 312 15 5
21 26 402 25 5
23 26 351 21 5
10 27 321 18 5
16 27 498 47 5
17 27 447 23 5
18 27 344 21 5
10 28 297 9 5
11 28 345 13 5
23 28 344 11 5
24 28 271 10 5
29 7 484 39 5
10 29 326 25 5
18 29 369 18 5
27 29 489 34 5
28 29 441 37 5
23 30 409 18 5
31 5 601 57 5
16 31 577 67 5
32 4 589 82 5
3 32 591 90 5
33 4 648 86 5
34 8 374 8 5
1 34 371 30 5
10 34 270 5 5
11 34 326 5 5
18 34 277 16 5
22 34 325 11 5
24 34 252 2 5
27 34 417 22 5
29 34 432 24 5
30 35 555 41 5
36 9 396 21 5
11 36 348 8 5
12 36 308 7 5
17 36 404 20 5
19 36 501 44 5
22 36 349 13 5
24 36 276 4 5
28 36 409 19 5
37 8 417 45 5
1 37 458 45 5
21 37 435 36 5
38 9 361 18 5
1 38 378 20 5
10 38 263 2 5
11 38 307 8 5
12 38 265 8 5
18 38 272 12 5
21 38 357 10 5
24 38 237 3 5
25 38 413 41 5
34 38 347 12 5
20 39 529 48 5
23 39 394 20 5
27 39 486 39 5
34 39 427 30 5
40 7 567 60 5
29 40 567 67 5
1 42 439 21 5
14 42 444 34 5
25 42 494 32 5
30 42 460 44 5
17 43 550 78 5
44 5 455 49 5
11 44 350 10 5
18 44 271 36 5
24 44 282 4 5
27 44 427 34 5
38 45 436 36 5
12 46 276 8 5
20 46 450 35 5
21 46 360 14 5
24 46 250 2 5
26 46 404 20 5
27 46 399 30 5
36 46 324 43 5
38 46 353 8 5
47 6 622 81 5
14 47 542 61 5
20 47 606 59 5
45 47 593 65 5
48 8 299 7 5
10 48 199 2 5
11 48 247 6 5
12 48 205 6 5
15 48 371 20 5
17 48 325 7 5
18 48 226 3 5
22 48 268 1 5
23 48 244 5 5
24 48 175 2 5
34 48 295 6 5
36 48 321 7 5
25 49 650 76 5
50 7 400 14 5
50 8 316 18 5
1 50 365 14 5
10 50 230 6 5
11 50 280 9 5
12 50 244 6 5
18 50 261 5 5
22 50 289 10 5
23 50 281 6 5
24 50 212 3 5
28 50 351 15 5
36 50 342 16 5
37 50 423 20 5
46 50 330 7 5
48 50 263 3 5
10 52 175 5 5
11 52 233 4 5
12 52 189 5 5
14 52 347 10 5
18 52 214 0 5
21 52 279 8 5
22 52 234 9 5
23 52 234 1 5
24 52 159 1 5
36 52 307 5 5
46 52 277 5 5
48 52 198 7 5
50 52 243 4 5
34 53 513 40 5
38 53 466 57 5
54 7 369 26 5
54 8 327 9 5
54 9 347 9 5
5 54 418 28 5
10 54 229 3 5
12 54 243 3 5
17 54 345 13 5
18 54 260 2 5
21 54 331 7 5
22 54 284 9 5
23 54 270 8 5
24 54 199 6 5
36 54 329 19 5
45 54 432 22 5
46 54 315 11 5
48 54 252 5 5
52 54 238 3 5
24 55 291 6 5
28 55 416 25 5
30 55 457 44 5
39 55 462 36 5
42 55 427 27 5
52 55 306 15 5
56 8 232 8 5
10 56 132 3 5
11 56 184 5 5
12 56 148 2 5
18 56 159 4 5
21 56 240 4 5
22 56 197 4 5
23 56 179 5 5
24 56 106 4 5
28 56 269 4 5
34 56 240 1 5
36 56 256 7 5
38 56 221 4 5
44 56 262 7 5
46 56 228 6 5
48 56 155 5 5
50 56 200 2 5
52 56 139 4 5
54 56 181 8 5
11 57 347 12 5
17 57 411 20 5
18 57 316 14 5
22 57 364 9 5
24 57 277 7 5
48 57 316 13 5
52 57 308 8 5
58 8 292 7 5
10 58 190 3 5
11 58 240 6 5
12 58 202 4 5
18 58 205 10 5
21 58 282 12 5
22 58 259 2 5
23 58 239 4 5
24 58 162 5 5
27 58 339 19 5
36 58 308 10 5
44 58 316 9 5
46 58 288 5 5
48 58 219 2 5
50 58 256 3 5
52 58 195 5 5
54 58 245 5 5
56 58 150 4 5
57 58 305 15 5
23 59 457 26 5
39 59 539 63 5
53 60 540 73 5
34 61 481 35 5
62 8 401 13 5
5 62 478 39 5
11 62 355 9 5
12 62 295 18 5
16 62 456 48 5
18 62 304 21 5
23 62 340 14 5
26 62 433 25 5
34 62 393 14 5
36 62 403 23 5
46 62 375 22 5
52 62 308 9 5
54 62 354 11 5
40 65 612 44 5
3 66 498 55 5
10 66 295 6 5
15 66 433 41 5
22 66 344 15 5
24 66 275 4 5
25 66 453 41 5
34 66 389 11 5
36 66 403 18 5
38 66 366 16 5
42 66 425 18 5
52 66 308 4 5
55 66 422 18 5
58 66 307 10 5
60 66 442 31 5
62 66 408 20 5
26 68 503 39 5
34 68 461 29 5
42 68 499 35 5
14 69 485 29 5
27 69 486 28 5
44 69 443 28 5
55 70 566 65 5
65 70 636 54 5
6 71 558 60 5
17 71 404 54 5
44 71 466 24 5
69 71 451 55 5
28 72 493 44 5
42 72 504 46 5
69 72 525 51 5
6 73 702 131 5
23 74 414 23 5
26 74 505 35 5
32 74 575 64 5
44 74 481 33 5
62 74 474 38 5
57 75 491 30 5
63 75 579 77 5
57 76 437 53 5
46 77 482 61 5
63 77 661 81 5
75 77 596 71 5
78 8 289 9 5
78 9 313 7 5
10 78 195 1 5
11 78 245 4 5
12 78 199 6 5
18 78 214 6 5
22 78 260 2 5
23 78 242 3 5
24 78 167 3 5
28 78 322 7 5
34 78 289 6 5
38 78 280 4 5
44 78 317 9 5
48 78 212 6 5
50 78 259 2 5
52 78 202 2 5
54 78 254 1 5
56 78 155 2 5
57 78 312 12 5
58 78 211 3 5
63 78 456 31 5
76 78 393 16 5
79 8 418 19 5
1 79 447 25 5
5 79 489 48 5
17 79 426 28 5
18 79 333 21 5
23 79 369 14 5
39 79 469 42 5
44 79 436 24 5
45 79 485 51 5
54 79 351 27 5
62 79 443 22 5
78 79 337 15 5
3 80 450 25 5
8 80 287 11 5
10 80 197 1 5
11 80 249 3 5
12 80 209 2 5
17 80 311 12 5
18 80 206 11 5
22 80 264 1 5
23 80 250 0 5
24 80 171 2 5
28 80 322 8 5
29 80 363 18 5
34 80 279 12 5
37 80 380 20 5
38 80 278 6 5
44 80 299 19 5
48 80 220 3 5
50 80 259 3 5
52 80 206 1 5
54 80 254 2 5
56 80 155 3 5
57 80 316 11 5
58 80 207 6 5
62 80 320 10 5
78 80 214 3 5
79 80 345 12 5
81 9 395 31 5
11 81 357 13 5
12 81 319 11 5
20 81 475 47 5
22 81 372 11 5
28 81 412 27 5
38 81 374 22 5
39 81 464 35 5
46 81 393 18 5
54 81 364 11 5
55 81 432 23 5
1 82 292 8 5
8 82 257 5 5
10 82 147 5 5
11 82 193 10 5
12 82 167 2 5
18 82 182 2 5
21 82 253 7 5
22 82 214 5 5
23 82 204 2 5
24 82 125 4 5
34 82 251 5 5
36 82 281 4 5
38 82 246 1 5
46 82 247 6 5
48 82 176 4 5
50 82 219 2 5
52 82 154 6 5
54 82 194 11 5
56 82 109 5 5
58 82 175 1 5
62 82 288 5 5
66 82 278 5 5
78 82 176 1 5
80 82 178 1 5
1 83 455 41 5
3 83 559 64 5
26 83 476 38 5
36 83 460 29 5
45 83 527 50 5
53 83 575 62 5
54 83 407 19 5
7 84 455 37 5
18 84 350 11 5
19 84 498 63 5
24 84 303 8 5
26 84 459 25 5
38 84 380 27 5
46 84 403 21 5
50 84 387 11 5
61 84 532 41 5
68 84 518 32 5
14 85 527 58 5
37 85 548 67 5
45 85 554 74 5
42 86 516 43 5
68 86 571 58 5
84 86 539 38 5
72 87 557 64 5
36 88 502 38 5
54 88 447 29 5
87 88 585 52 5
89 9 425 30 5
38 89 396 25 5
44 89 443 25 5
55 89 458 24 5
58 89 345 15 5
66 89 446 20 5
81 89 400 53 5
26 90 580 61 5
39 90 607 68 5
1 91 323 20 5
8 91 314 4 5
9 91 316 13 5
10 91 202 5 5
11 91 252 8 5
12 91 214 6 5
15 91 386 17 5
18 91 225 8 5
21 91 302 10 5
22 91 273 3 5
23 91 259 2 5
24 91 186 1 5
28 91 337 7 5
34 91 296 10 5
38 91 289 7 5
46 91 300 7 5
48 91 233 3 5
50 91 268 5 5
52 91 201 10 5
54 91 265 3 5
56 91 162 6 5
57 91 337 7 5
58 91 212 10 5
62 91 331 11 5
66 91 317 13 5
78 91 229 2 5
80 91 221 7 5
82 91 187 3 5
8 92 410 24 5
12 92 340 11 5
16 92 497 43 5
18 92 341 18 5
23 92 373 13 5
42 92 450 26 5
44 92 438 24 5
46 92 410 20 5
50 92 388 13 5
54 92 365 21 5
56 92 292 9 5
62 92 401 44 5
74 92 489 46 5
79 92 444 37 5
82 92 313 8 5
10 93 229 5 5
11 93 287 4 5
12 93 245 4 5
18 93 262 3 5
21 93 325 12 5
22 93 280 13 5
23 93 280 5 5
24 93 201 7 5
27 93 366 27 5
28 93 338 20 5
34 93 329 7 5
36 93 347 12 5
44 93 337 20 5
46 93 311 15 5
48 93 256 5 5
50 93 269 18 5
52 93 246 1 5
54 93 260 19 5
56 93 193 4 5
58 93 237 11 5
66 93 348 11 5
78 93 258 1 5
80 93 242 10 5
82 93 216 2 5
88 93 449 30 5
91 93 265 5 5
1 94 488 37 5
35 94 570 42 5
37 94 514 59 5
62 94 434 59 5
69 94 494 51 5
9 95 295 8 5
10 95 169 6 5
11 95 227 5 5
12 95 193 1 5
14 95 343 10 5
18 95 200 5 5
22 95 236 6 5
23 95 224 4 5
24 95 147 5 5
26 95 317 15 5
27 95 344 9 5
28 95 306 7 5
36 95 297 8 5
38 95 260 6 5
39 95 364 12 5
42 95 315 10 5
44 95 305 7 5
46 95 263 10 5
48 95 204 2 5
50 95 239 4 5
52 95 186 2 5
54 95 234 3 5
56 95 131 6 5
58 95 193 4 5
61 95 416 18 5
78 95 186 8 5
80 95 196 4 5
81 95 312 10 5
82 95 156 3 5
84 95 332 8 5
91 95 207 5 5
93 95 234 5 5
8 96 386 47 5
9 96 432 34 5
16 96 513 46 5
29 96 482 44 5
39 96 481 48 5
59 96 552 50 5
62 96 457 27 5
80 96 343 25 5
89 96 481 34 5
92 96 472 35 5
11 97 388 19 5
14 97 492 30 5
46 97 432 20 5
58 97 350 20 5
60 97 489 39 5
66 97 433 34 5
72 97 546 45 5
87 97 483 65 5
93 97 391 21 5
11 98 352 11 5
24 98 272 11 5
50 98 366 9 5
57 98 417 20 5
58 98 308 15 5
69 98 437 33 5
94 98 479 37 5
3 99 594 65 5
45 99 560 52 5
48 99 390 30 5
60 99 532 44 5
69 99 520 44 5
97 99 511 53 5
100 30 575 66 5
100 88 619 70 5
103 78 467 24 5
103 88 642 61 5
103 97 578 55 5
104 8 425 28 5
104 31 545 63 5
104 37 496 48 5
104 42 447 39 5
104 48 370 14 5
104 49 607 81 5
104 87 516 49 5
104 89 478 36 5
105 40 723 122 5
106 83 611 80 5
107 6 605 62 5
107 9 469 44 5
107 57 500 33 5
107 60 502 61 5
107 66 494 32 5
107 75 519 72 5
107 81 448 65 5
111 12 229 6 5
111 18 242 7 5
111 21 327 5 5
111 22 288 3 5
111 23 270 4 5
111 24 193 5 5
111 26 357 18 5
111 34 311 10 5
111 44 335 15 5
111 48 252 1 5
111 50 289 2 5
111 52 222 7 5
111 54 276 5 5
111 56 177 6 5
111 57 336 15 5
111 58 225 11 5
111 66 340 9 5
111 69 372 20 5
111 78 238 5 5
111 80 240 5 5
111 82 206 1 5
111 91 257 3 5
111 93 276 7 5
111 95 226 3 5
111 98 277 46 5
10 111 223 2 5
11 111 277 3 5
112 50 438 22 5
112 52 379 23 5
112 55 483 42 5
112 62 483 37 5
112 70 619 83 5
112 92 492 48 5
112 94 519 66 5
113 9 351 12 5
113 12 255 2 5
113 17 361 10 5
113 18 268 3 5
113 21 335 10 5
113 22 298 7 5
113 23 288 4 5
113 24 213 4 5
113 29 409 18 5
113 34 329 10 5
113 48 260 6 5
113 50 281 15 5
113 52 246 4 5
113 54 294 5 5
113 56 203 2 5
113 58 259 3 5
113 69 402 14 5
113 74 438 20 5
113 78 256 5 5
113 80 248 10 5
113 82 218 4 5
113 87 448 20 5
113 91 273 4 5
113 92 383 17 5
113 93 292 8 5
113 95 236 7 5
113 97 405 17 5
113 98 361 13 5
10 113 239 3 5
11 113 289 6 5
110 113 528 43 5
111 113 286 5 5
112 113 443 21 5
115 8 291 16 5
115 12 209 9 5
115 15 351 35 5
115 16 398 25 5
115 17 327 11 5
115 18 234 4 5
115 22 268 6 5
115 23 250 7 5
115 24 183 3 5
115 28 328 12 5
115 34 303 7 5
115 47 461 29 5
115 48 216 12 5
115 50 253 13 5
115 52 210 6 5
115 54 270 1 5
115 56 169 3 5
115 58 223 5 5
115 62 332 11 5
115 74 384 31 5
115 78 218 8 5
115 80 220 8 5
115 82 190 2 5
115 91 233 8 5
115 93 274 1 5
115 95 212 3 5
115 96 373 17 5
10 115 207 3 5
11 115 259 5 5
111 115 258 3 5
113 115 272 5 5
110 116 711 95 5
118 7 479 24 5
118 8 389 31 5
118 9 431 20 5
118 12 335 10 5
118 22 352 28 5
118 24 299 9 5
118 27 458 32 5
118 30 479 40 5
118 34 413 16 5
118 39 470 39 5
118 54 374 13 5
118 78 340 11 5
118 89 438 41 5
118 95 322 12 5
119 8 417 30 5
119 18 346 25 5
119 23 380 19 5
119 54 388 19 5
119 57 444 31 5
119 58 333 27 5
119 74 514 43 5
119 76 513 41 5
119 79 447 45 5
119 92 475 32 5
119 95 350 11 5
119 98 455 27 5
111 119 364 27 5
120 8 270 4 5
120 14 334 8 5
120 18 195 1 5
120 22 229 3 5
120 23 215 2 5
120 24 140 2 5
120 28 285 11 5
120 34 262 5 5
120 38 253 3 5
120 46 262 4 5
120 48 181 7 5
120 50 218 8 5
120 52 169 4 5
120 54 225 1 5
120 55 301 9 5
120 56 126 2 5
120 58 186 1 5
120 66 291 4 5
120 69 333 10 5
120 78 185 2 5
120 80 187 2 5
120 81 295 12 5
120 82 145 2 5
120 89 311 18 5
120 91 190 7 5
120 93 231 0 5
120 95 169 2 5
10 120 160 4 5
11 120 212 6 5
12 120 172 5 5
111 120 211 4 5
113 120 229 4 5
115 120 197 4 5
121 8 293 11 5
121 14 345 21 5
121 17 321 10 5
121 18 226 4 5
121 21 295 10 5
121 22 256 8 5
121 23 250 3 5
121 24 171 5 5
121 36 323 7 5
121 38 290 3 5
121 42 335 12 5
121 44 325 9 5
121 46 291 8 5
121 48 224 4 5
121 50 251 10 5
121 52 200 7 5
121 54 260 2 5
121 55 332 12 5
121 56 157 5 5
121 57 312 16 5
121 58 219 3 5
121 66 322 7 5
121 72 423 24 5
121 78 226 0 5
121 80 224 2 5
121 82 182 2 5
121 87 396 26 5
121 91 227 7 5
121 93 254 7 5
121 95 202 4 5
121 97 365 17 5
121 98 331 8 5
10 121 197 4 5
11 121 239 11 5
12 121 213 3 5
104 121 370 15 5
111 121 250 3 5
113 121 258 8 5
115 121 232 5 5
120 121 191 3 5
122 19 566 51 5
122 38 428 25 5
122 45 530 49 5
122 50 421 16 5
122 53 586 57 5
122 57 458 34 5
122 58 361 23 5
122 65 508 39 5
122 81 468 35 5
122 84 484 35 5
124 29 629 67 5
108 124 753 115 5
125 18 266 0 5
125 22 294 5 5
125 23 278 5 5
125 24 201 6 5
125 28 360 8 5
125 34 321 10 5
125 36 347 11 5
125 38 302 13 5
125 46 309 15 5
125 48 256 4 5
125 50 287 8 5
125 52 242 2 5
125 54 292 2 5
125 56 193 3 5
125 57 342 17 5
125 58 243 7 5
125 66 336 16 5
125 78 238 10 5
125 80 248 6 5
125 82 206 6 5
125 91 257 8 5
125 93 252 24 5
125 95 230 6 5
125 97 373 29 5
1 125 366 11 5
10 125 231 3 5
11 125 263 15 5
12 125 247 2 5
111 125 276 6 5
113 125 288 9 5
115 125 268 3 5
120 125 221 4 5
121 125 252 7 5
122 126 552 46 5
127 14 562 68 5
127 20 618 70 5
112 127 600 78 5
114 128 751 100 5
126 128 634 60 5
129 23 445 20 5
129 28 435 69 5
129 30 544 54 5
129 55 477 54 5
129 96 534 47 5
120 129 386 20 5
130 3 537 90 5
130 9 442 52 5
130 17 474 39 5
130 19 567 65 5
130 26 512 35 5
130 28 483 36 5
130 60 479 67 5
130 71 528 44 5
130 97 528 41 5
