Res1 Res2 NSingle NDouble Method
1 8 288 15 5
1 10 234 1 5
1 11 248 13 5
1 12 226 10 5
1 18 236 10 5
1 21 281 18 5
1 22 262 9 5
1 23 262 7 5
1 24 215 3 5
1 34 243 32 5
1 37 313 38 5
1 38 253 21 5
1 48 249 4 5
1 50 258 9 5
1 52 233 4 5
1 56 200 4 5
1 58 240 5 5
1 78 231 9 5
1 79 298 25 5
1 80 229 9 5
1 82 209 9 5
1 83 303 38 5
1 91 222 19 5
1 95 232 4 5
1 111 246 8 5
1 113 263 10 5
1 115 254 4 5
1 120 221 3 5
1 121 259 2 5
1 125 263 11 5
10 2 330 16 5
18 2 352 15 5
115 2 336 26 5
120 2 331 11 5
121 2 367 11 5
129 2 415 68 5
130 2 414 64 5
2 7 394 42 5
2 9 358 47 5
2 23 350 26 5
2 24 331 8 5
2 26 385 53 5
2 28 375 43 5
2 29 372 69 5
2 38 355 33 5
2 48 353 15 5
2 50 362 20 5
2 52 359 4 5
2 54 367 21 5
2 55 393 35 5
2 56 326 4 5
2 58 354 11 5
2 78 353 11 5
2 80 343 15 5
2 82 341 6 5
2 83 407 49 5
2 95 348 9 5
2 96 390 55 5
10 3 317 10 5
12 3 323 12 5
18 3 337 10 5
23 3 345 16 5
24 3 310 6 5
25 3 380 60 5
111 3 341 11 5
115 3 329 17 5
120 3 312 8 5
125 3 348 19 5
130 3 355 81 5
3 9 327 50 5
3 32 375 81 5
3 38 354 21 5
3 48 342 8 5
3 52 330 6 5
3 54 348 18 5
3 56 289 10 5
3 60 368 54 5
3 66 313 58 5
3 80 298 25 5
3 82 310 9 5
3 83 356 62 5
3 91 325 18 5
3 93 329 25 5
3 95 333 4 5
10 4 318 5 5
12 4 320 9 5
13 4 444 80 5
23 4 340 14 5
24 4 305 4 5
32 4 390 69 5
33 4 425 76 5
38 4 341 23 5
115 4 322 16 5
120 4 297 11 5
4 7 344 50 5
4 9 354 32 5
4 48 299 25 5
4 54 327 24 5
4 56 298 1 5
4 75 401 44 5
4 80 329 5 5
4 82 301 9 5
4 99 386 56 5
10 5 296 2 5
16 5 360 52 5
18 5 278 21 5
22 5 316 14 5
24 5 273 6 5
37 5 365 44 5
44 5 300 43 5
45 5 368 48 5
48 5 299 11 5
104 5 345 45 5
111 5 302 12 5
115 5 308 9 5
119 5 355 43 5
120 5 289 1 5
5 8 320 31 5
5 52 281 12 5
5 54 291 28 5
5 56 252 10 5
5 58 284 15 5
5 62 311 41 5
5 78 297 8 5
5 79 326 43 5
5 80 293 9 5
5 82 279 6 5
5 87 372 46 5
5 91 302 11 5
5 92 342 41 5
5 93 318 12 5
5 95 288 8 5
5 96 350 44 5
12 6 333 13 5
15 6 392 54 5
18 6 347 11 5
24 6 322 6 5
38 6 330 39 5
48 6 334 18 5
52 6 328 13 5
56 6 309 6 5
107 6 397 65 5
111 6 343 16 5
115 6 327 24 5
120 6 320 10 5
6 71 358 68 5
6 73 441 125 5
6 80 334 13 5
4 7 344 50 5
10 7 230 9 5
11 7 272 7 5
12 7 240 9 5
18 7 250 9 5
22 7 268 12 5
23 7 252 18 5
24 7 221 6 5
26 7 325 26 5
29 7 324 36 5
38 7 277 15 5
40 7 378 54 5
48 7 251 9 5
50 7 266 11 5
52 7 247 3 5
54 7 255 20 5
56 7 208 6 5
57 7 305 20 5
58 7 248 7 5
111 7 260 7 5
113 7 277 9 5
115 7 254 10 5
118 7 317 22 5
120 7 227 6 5
7 9 280 29 5
7 75 347 31 5
7 78 253 4 5
7 80 257 1 5
7 82 237 1 5
7 84 302 32 5
7 93 270 10 5
7 95 236 8 5
10 8 206 4 5
11 8 234 9 5
12 8 196 14 5
14 8 296 25 5
18 8 216 9 5
21 8 255 20 5
23 8 228 13 5
24 8 175 12 5
37 8 273 47 5
39 8 295 27 5
48 8 221 7 5
50 8 224 15 5
52 8 215 2 5
54 8 239 11 5
55 8 277 19 5
56 8 170 8 5
58 8 210 9 5
78 8 209 9 5
79 8 280 23 5
104 8 289 30 5
111 8 232 4 5
113 8 249 6 5
115 8 206 17 5
118 8 271 28 5
120 8 195 5 5
121 8 215 13 5
8 80 209 8 5
8 82 193 6 5
8 91 224 7 5
8 95 212 3 5
8 96 266 43 5
3 9 327 50 5
7 9 280 29 5
10 9 204 9 5
12 9 210 11 5
17 9 262 30 5
18 9 238 2 5
21 9 271 16 5
22 9 258 4 5
23 9 238 12 5
24 9 201 3 5
26 9 281 35 5
36 9 273 20 5
38 9 241 20 5
48 9 235 4 5
52 9 219 4 5
54 9 253 8 5
56 9 188 3 5
58 9 220 8 5
78 9 221 7 5
80 9 225 4 5
81 9 281 29 5
82 9 209 2 5
83 9 299 33 5
89 9 283 30 5
107 9 322 39 5
113 9 245 12 5
120 9 211 1 5
121 9 241 4 5
125 9 249 11 5
130 9 308 47 5
9 91 222 12 5
9 93 252 6 5
9 95 212 7 5
10 7 230 9 5
10 9 204 9 5
10 11 156 7 5
10 12 130 6 5
10 17 214 9 5
10 18 140 6 5
10 22 168 4 5
10 23 162 5 5
10 24 109 4 5
10 26 229 16 5
10 27 230 13 5
10 28 209 11 5
10 29 234 23 5
10 38 185 3 5
10 48 147 3 5
10 50 158 7 5
10 52 127 5 5
10 54 169 5 5
10 56 98 3 5
10 58 136 5 5
10 65 246 13 5
10 66 210 7 5
10 78 143 1 5
10 80 139 2 5
10 82 113 5 5
10 83 247 14 5
10 91 148 4 5
10 93 160 7 5
10 95 124 6 5
10 99 268 17 5
10 111 152 3 5
10 113 169 5 5
10 115 150 4 5
10 120 115 4 5
10 121 149 5 5
10 125 175 3 5
11 8 234 9 5
1 11 248 13 5
10 11 156 7 5
11 12 162 9 5
11 18 168 11 5
11 21 219 16 5
11 22 204 5 5
11 23 194 8 5
11 24 145 5 5
11 28 247 11 5
11 38 207 11 5
11 44 234 11 5
11 48 177 7 5
11 50 194 8 5
11 52 167 4 5
11 56 132 5 5
11 57 245 11 5
11 58 170 7 5
11 62 239 12 5
11 78 175 4 5
11 80 175 3 5
11 82 139 11 5
11 91 176 9 5
11 93 206 3 5
11 95 162 6 5
11 97 274 19 5
11 98 235 15 5
11 111 190 3 5
11 113 203 7 5
11 115 184 6 5
11 120 151 5 5
11 121 171 13 5
11 125 183 18 5
12 8 196 14 5
12 9 210 11 5
1 12 226 10 5
10 12 130 6 5
11 12 162 9 5
111 12 158 5 5
113 12 181 4 5
115 12 148 10 5
118 12 233 11 5
12 18 148 7 5
12 23 172 5 5
12 24 117 5 5
12 36 211 11 5
12 38 175 13 5
12 46 197 7 5
12 48 147 8 5
12 50 168 7 5
12 52 135 6 5
12 56 106 4 5
12 58 144 6 5
12 62 203 16 5
12 78 143 6 5
12 80 149 2 5
12 81 235 12 5
12 82 129 2 5
12 91 154 6 5
12 92 240 13 5
12 93 174 5 5
12 95 142 2 5
12 98 221 8 5
12 120 123 5 5
12 121 161 4 5
13 4 444 80 5
13 9 416 41 5
10 13 376 16 5
104 13 437 53 5
111 13 402 16 5
120 13 375 12 5
121 13 403 16 5
13 24 377 8 5
13 34 417 31 5
13 38 401 33 5
13 54 403 26 5
13 56 372 4 5
13 58 362 30 5
13 68 461 53 5
13 80 393 13 5
13 82 381 9 5
13 91 372 30 5
13 93 400 25 5
13 95 384 14 5
13 97 442 54 5
14 8 296 25 5
10 14 258 3 5
11 14 272 15 5
12 14 256 9 5
111 14 262 14 5
113 14 291 10 5
115 14 276 7 5
120 14 239 8 5
121 14 247 22 5
127 14 380 62 5
14 18 268 8 5
14 21 277 34 5
14 22 278 15 5
14 24 237 6 5
14 42 295 38 5
14 47 362 59 5
14 48 281 2 5
14 50 290 7 5
14 52 249 10 5
14 54 297 7 5
14 56 230 3 5
14 58 272 3 5
14 69 332 33 5
14 78 257 10 5
14 80 271 2 5
14 82 249 3 5
14 85 358 50 5
14 92 326 31 5
14 95 250 9 5
15 3 374 57 5
10 15 261 11 5
11 15 299 11 5
12 15 275 9 5
104 15 338 40 5
115 15 239 35 5
120 15 256 9 5
121 15 282 14 5
15 16 325 61 5
15 24 260 4 5
15 25 346 50 5
15 33 402 65 5
15 48 256 24 5
15 52 274 7 5
15 56 251 2 5
15 58 267 15 5
15 66 291 42 5
15 78 288 4 5
15 80 272 11 5
15 82 268 3 5
15 91 279 14 5
15 95 273 7 5
15 99 367 43 5
16 5 360 52 5
16 8 312 33 5
10 16 264 16 5
12 16 276 15 5
15 16 325 61 5
115 16 280 21 5
120 16 275 6 5
16 18 248 34 5
16 23 314 11 5
16 24 271 5 5
16 34 325 21 5
16 48 295 11 5
16 50 310 13 5
16 52 291 5 5
16 56 254 7 5
16 58 284 13 5
16 62 291 49 5
16 78 293 8 5
16 80 277 15 5
16 82 273 7 5
16 91 298 11 5
16 92 334 43 5
16 95 288 6 5
16 96 344 45 5
17 8 278 18 5
17 9 262 30 5
10 17 214 9 5
11 17 260 5 5
12 17 230 6 5
111 17 252 3 5
113 17 257 11 5
115 17 236 11 5
120 17 213 5 5
121 17 241 9 5
130 17 338 37 5
17 18 232 10 5
17 23 254 9 5
17 24 211 3 5
17 36 285 19 5
17 43 363 71 5
17 48 237 8 5
17 52 231 3 5
17 54 255 12 5
17 56 200 2 5
17 57 283 23 5
17 58 236 5 5
17 71 267 55 5
17 78 235 5 5
17 79 290 27 5
17 80 221 11 5
17 82 219 2 5
17 89 311 21 5
17 91 248 4 5
17 93 264 5 5
17 95 220 8 5
18 8 216 9 5
10 18 140 6 5
11 18 168 11 5
12 18 148 7 5
16 18 248 34 5
111 18 164 7 5
113 18 187 6 5
115 18 160 9 5
120 18 141 1 5
121 18 163 8 5
125 18 197 2 5
18 22 190 3 5
18 23 176 8 5
18 24 129 4 5
18 27 238 19 5
18 34 191 16 5
18 38 193 9 5
18 39 247 20 5
18 44 170 34 5
18 48 163 5 5
18 50 180 6 5
18 52 153 2 5
18 54 193 3 5
18 56 116 4 5
18 57 225 12 5
18 58 146 10 5
18 62 195 25 5
18 78 151 7 5
18 80 147 8 5
18 82 135 4 5
18 91 156 10 5
18 93 186 4 5
18 95 144 6 5
10 19 305 9 5
11 19 319 21 5
18 19 319 12 5
111 19 327 11 5
120 19 302 6 5
121 19 326 12 5
122 19 368 49 5
130 19 373 65 5
19 23 317 23 5
19 24 286 11 5
19 28 350 36 5
19 34 346 24 5
19 36 328 43 5
19 42 340 45 5
19 48 328 8 5
19 52 320 4 5
19 53 409 67 5
19 56 285 5 5
19 58 305 16 5
19 60 370 46 5
19 80 322 6 5
19 82 298 8 5
19 84 337 52 5
19 91 317 15 5
19 95 311 8 5
19 98 358 30 5
20 9 339 31 5
10 20 303 4 5
12 20 307 7 5
111 20 315 11 5
120 20 286 8 5
125 20 306 27 5
127 20 417 67 5
20 21 326 33 5
20 22 323 16 5
20 23 323 14 5
20 24 280 8 5
20 27 343 46 5
20 34 332 25 5
20 38 316 27 5
20 39 350 48 5
20 46 314 33 5
20 52 296 10 5
20 56 267 8 5
20 58 307 9 5
20 78 298 13 5
20 80 310 6 5
20 81 328 50 5
20 82 292 5 5
20 95 297 9 5
21 8 255 20 5
21 9 271 16 5
1 21 281 18 5
10 21 207 3 5
11 21 219 16 5
12 21 213 5 5
14 21 277 34 5
18 21 231 1 5
111 21 229 5 5
113 21 242 9 5
115 21 231 4 5
120 21 200 2 5
121 21 218 11 5
125 21 250 6 5
21 22 231 13 5
21 23 243 5 5
21 24 190 4 5
21 26 292 25 5
21 37 296 35 5
21 38 256 8 5
21 42 278 21 5
21 46 250 16 5
21 48 230 2 5
21 50 237 8 5
21 52 198 10 5
21 54 242 9 5
21 56 173 6 5
21 58 205 11 5
21 62 268 19 5
21 78 222 2 5
21 80 216 4 5
21 82 190 7 5
21 91 209 14 5
21 93 235 10 5
21 95 209 4 5
10 22 168 4 5
11 22 204 5 5
12 22 180 3 5
18 22 190 3 5
21 22 231 13 5
111 22 194 4 5
113 22 211 6 5
115 22 190 6 5
118 22 237 26 5
120 22 159 4 5
121 22 183 10 5
125 22 213 6 5
22 23 208 4 5
22 24 153 4 5
22 27 270 15 5
22 34 225 11 5
22 36 245 11 5
22 48 193 2 5
22 50 192 12 5
22 52 163 9 5
22 54 197 13 5
22 56 140 4 5
22 57 247 13 5
22 58 186 2 5
22 66 244 12 5
22 78 181 4 5
22 80 179 4 5
22 81 265 14 5
22 82 159 4 5
22 91 192 4 5
22 93 192 13 5
22 95 162 9 5
23 7 252 18 5
23 8 228 13 5
10 23 162 5 5
11 23 194 8 5
12 23 172 5 5
18 23 176 8 5
22 23 208 4 5
111 23 184 7 5
113 23 207 6 5
115 23 186 6 5
120 23 159 2 5
121 23 193 3 5
129 23 305 28 5
23 24 149 4 5
23 26 257 22 5
23 28 245 13 5
23 39 261 23 5
23 48 183 5 5
23 50 200 6 5
23 52 175 1 5
23 54 199 10 5
23 56 134 5 5
23 58 176 5 5
23 62 235 15 5
23 74 296 20 5
23 78 175 5 5
23 80 179 2 5
23 82 159 2 5
23 91 186 5 5
23 92 264 16 5
23 93 202 6 5
23 95 164 6 5
24 8 175 12 5
10 24 109 4 5
11 24 145 5 5
12 24 117 5 5
18 24 129 4 5
22 24 153 4 5
23 24 149 4 5
111 24 133 5 5
113 24 152 6 5
115 24 137 3 5
118 24 212 9 5
120 24 102 3 5
121 24 134 5 5
122 24 232 14 5
125 24 156 5 5
24 28 198 9 5
24 36 196 6 5
24 38 170 3 5
24 44 193 5 5
24 46 176 5 5
24 48 132 3 5
24 50 149 4 5
24 52 118 2 5
24 54 148 8 5
24 55 204 7 5
24 56 81 4 5
24 58 121 5 5
24 66 193 8 5
24 78 124 3 5
24 80 124 2 5
24 82 100 4 5
24 84 219 8 5
24 91 135 3 5
24 93 145 7 5
24 95 111 5 5
24 98 196 8 5
25 3 380 60 5
25 9 321 32 5
10 25 277 9 5
12 25 291 7 5
15 25 346 50 5
24 25 262 9 5
115 25 299 11 5
120 25 270 8 5
121 25 306 8 5
125 25 310 17 5
25 38 284 35 5
25 42 340 31 5
25 46 322 21 5
25 48 298 9 5
25 50 309 13 5
25 52 290 5 5
25 56 255 6 5
25 58 287 11 5
25 66 297 45 5
25 78 296 6 5
25 80 294 6 5
25 81 348 32 5
25 82 264 11 5
25 91 279 20 5
25 95 289 5 5
26 9 281 35 5
10 26 229 16 5
11 26 277 11 5
12 26 251 10 5
18 26 267 7 5
21 26 292 25 5
23 26 257 22 5
24 26 234 6 5
111 26 257 15 5
113 26 286 11 5
120 26 242 5 5
130 26 359 41 5
26 38 274 23 5
26 46 278 26 5
26 50 283 9 5
26 52 262 2 5
26 56 227 3 5
26 58 261 7 5
26 62 298 28 5
26 68 330 45 5
26 78 264 5 5
26 80 262 5 5
26 82 240 6 5
26 83 330 37 5
26 84 317 31 5
26 90 398 62 5
26 95 237 14 5
26 98 310 23 5
27 9 310 18 5
10 27 230 13 5
12 27 250 8 5
18 27 238 19 5
22 27 270 15 5
24 27 227 7 5
111 27 254 14 5
113 27 283 10 5
118 27 301 34 5
120 27 241 3 5
121 27 269 7 5
125 27 283 11 5
27 34 291 18 5
27 36 297 25 5
27 39 307 42 5
27 44 290 26 5
27 46 255 35 5
27 48 271 3 5
27 50 278 9 5
27 52 245 8 5
27 54 277 13 5
27 56 204 12 5
27 58 236 17 5
27 78 261 4 5
27 80 243 12 5
27 82 231 8 5
27 89 319 29 5
27 91 266 7 5
27 93 250 24 5
27 95 240 10 5
10 28 209 11 5
11 28 247 11 5
12 28 229 6 5
23 28 245 13 5
24 28 198 9 5
113 28 260 9 5
115 28 233 12 5
120 28 202 10 5
121 28 240 9 5
129 28 284 68 5
28 29 309 35 5
28 36 280 21 5
28 48 246 3 5
28 50 241 15 5
28 52 230 3 5
28 54 256 11 5
28 55 286 23 5
28 56 195 4 5
28 58 241 2 5
28 78 232 6 5
28 80 222 10 5
28 81 294 27 5
28 82 216 3 5
28 91 245 5 5
28 93 243 15 5
28 95 217 9 5
29 7 324 36 5
2 29 372 69 5
10 29 234 23 5
11 29 282 18 5
12 29 276 7 5
18 29 258 21 5
23 29 286 17 5
24 29 251 7 5
28 29 309 35 5
113 29 293 17 5
115 29 286 10 5
120 29 255 8 5
29 34 303 24 5
29 38 301 19 5
29 40 388 65 5
29 41 401 64 5
29 48 291 5 5
29 50 284 18 5
29 52 273 6 5
29 54 305 11 5
29 56 250 1 5
29 58 278 8 5
29 78 283 5 5
29 80 255 18 5
29 82 257 7 5
29 91 288 8 5
29 93 286 18 5
29 95 270 7 5
29 96 344 37 5
30 8 316 24 5
10 30 270 6 5
11 30 304 8 5
12 30 278 7 5
17 30 332 25 5
18 30 296 3 5
22 30 292 17 5
23 30 292 15 5
24 30 253 7 5
28 30 339 21 5
100 30 386 53 5
111 30 294 7 5
115 30 290 9 5
118 30 327 34 5
120 30 267 3 5
121 30 283 13 5
125 30 297 17 5
129 30 369 51 5
30 36 331 21 5
30 42 315 37 5
30 48 289 7 5
30 50 296 13 5
30 52 279 4 5
30 54 285 22 5
30 55 301 41 5
30 56 248 3 5
30 78 279 8 5
30 80 283 5 5
30 82 263 5 5
30 90 405 69 5
30 91 298 4 5
30 93 308 8 5
30 95 272 7 5
30 96 356 32 5
31 5 402 61 5
1 31 370 45 5
12 31 344 11 5
16 31 390 65 5
18 31 340 18 5
24 31 327 7 5
104 31 347 72 5
115 31 352 15 5
120 31 327 10 5
31 48 347 15 5
31 52 345 8 5
31 54 359 22 5
31 56 302 13 5
31 58 342 14 5
31 62 365 42 5
31 78 351 9 5
31 79 390 39 5
31 80 341 13 5
31 82 325 11 5
31 92 390 45 5
32 9 340 41 5
3 32 375 81 5
10 32 312 10 5
12 32 314 14 5
18 32 322 15 5
24 32 295 11 5
27 32 368 44 5
107 32 384 63 5
115 32 324 17 5
120 32 307 8 5
125 32 343 19 5
32 52 321 8 5
32 56 284 10 5
32 62 337 44 5
32 74 362 67 5
32 80 321 11 5
32 82 303 10 5
32 95 328 4 5
33 4 425 76 5
10 33 365 8 5
15 33 402 65 5
16 33 395 75 5
18 33 375 13 5
24 33 344 11 5
111 33 359 24 5
115 33 375 16 5
119 33 406 58 5
120 33 350 11 5
33 48 374 14 5
33 52 370 8 5
33 54 382 23 5
33 56 349 2 5
33 58 367 14 5
33 60 422 49 5
33 66 381 46 5
33 78 378 8 5
33 80 374 9 5
33 82 352 10 5
33 89 412 45 5
33 95 365 10 5
33 99 403 74 5
1 34 243 32 5
10 34 197 3 5
11 34 229 6 5
12 34 207 3 5
18 34 191 16 5
22 34 225 11 5
23 34 231 6 5
24 34 182 3 5
27 34 291 18 5
29 34 303 24 5
111 34 213 8 5
113 34 228 11 5
115 34 217 6 5
118 34 278 19 5
120 34 182 6 5
121 34 226 2 5
125 34 230 11 5
34 38 238 12 5
34 39 278 30 5
34 44 261 14 5
34 48 210 7 5
34 52 208 0 5
34 56 169 3 5
34 58 217 0 5
34 61 315 35 5
34 68 312 25 5
34 75 316 24 5
34 78 202 7 5
34 79 279 18 5
34 80 190 12 5
34 82 186 4 5
34 91 201 13 5
34 93 231 7 5
34 95 201 3 5
3 35 394 58 5
11 35 309 17 5
17 35 351 27 5
18 35 295 15 5
24 35 280 5 5
30 35 381 37 5
32 35 399 53 5
107 35 379 52 5
113 35 320 16 5
120 35 290 3 5
121 35 304 14 5
125 35 316 19 5
35 48 284 21 5
35 54 324 14 5
35 56 261 8 5
35 57 338 32 5
35 58 299 10 5
35 60 364 40 5
35 66 343 27 5
35 76 381 37 5
35 78 296 11 5
35 80 304 6 5
35 82 272 12 5
35 83 374 37 5
35 84 359 32 5
35 95 291 9 5
36 9 273 20 5
10 36 215 4 5
11 36 245 8 5
12 36 211 11 5
17 36 285 19 5
19 36 328 43 5
22 36 245 11 5
23 36 249 7 5
24 36 196 6 5
27 36 297 25 5
28 36 280 21 5
111 36 235 7 5
115 36 233 8 5
120 36 208 3 5
121 36 232 9 5
125 36 250 11 5
36 46 212 40 5
36 48 230 7 5
36 50 235 14 5
36 52 214 7 5
36 54 226 22 5
36 56 181 7 5
36 58 217 10 5
36 62 278 19 5
36 78 228 4 5
36 80 228 3 5
36 82 200 7 5
36 83 302 32 5
36 88 335 38 5
36 91 233 7 5
36 93 243 11 5
36 95 211 8 5
37 8 273 47 5
1 37 313 38 5
10 37 281 2 5
11 37 293 15 5
12 37 283 6 5
18 37 283 11 5
21 37 296 35 5
24 37 260 5 5
104 37 338 41 5
113 37 308 12 5
115 37 275 18 5
116 37 391 76 5
120 37 264 6 5
121 37 292 10 5
37 38 288 28 5
37 46 304 25 5
37 48 290 8 5
37 50 285 20 5
37 52 278 6 5
37 55 324 31 5
37 56 243 7 5
37 62 324 27 5
37 78 284 7 5
37 79 331 33 5
37 80 264 16 5
37 82 258 9 5
37 85 361 59 5
37 91 297 6 5
37 94 348 49 5
37 95 283 3 5
38 9 241 20 5
1 38 253 21 5
10 38 185 3 5
11 38 207 11 5
12 38 175 13 5
18 38 193 9 5
23 38 219 6 5
24 38 170 3 5
25 38 284 35 5
34 38 238 12 5
37 38 288 28 5
111 38 211 3 5
113 38 232 3 5
115 38 209 4 5
120 38 174 4 5
121 38 212 3 5
125 38 210 15 5
38 45 293 31 5
38 46 246 7 5
38 48 208 2 5
38 50 221 5 5
38 52 194 1 5
38 53 315 48 5
38 56 155 4 5
38 58 201 2 5
38 69 273 26 5
38 71 288 24 5
38 78 194 5 5
38 80 190 6 5
38 81 268 20 5
38 82 180 1 5
38 84 269 20 5
38 89 268 22 5
38 91 197 9 5
38 93 231 1 5
38 95 187 4 5
39 8 295 27 5
39 9 311 23 5
10 39 257 5 5
11 39 289 8 5
12 39 255 11 5
18 39 247 20 5
20 39 350 48 5
22 39 289 11 5
23 39 261 23 5
24 39 236 8 5
27 39 307 42 5
34 39 278 30 5
38 39 298 14 5
111 39 277 8 5
115 39 277 8 5
118 39 306 37 5
120 39 252 3 5
39 46 296 20 5
39 48 278 5 5
39 52 258 7 5
39 54 288 13 5
39 55 304 32 5
39 56 233 3 5
39 58 267 7 5
39 62 316 22 5
39 78 254 13 5
39 79 311 34 5
39 80 268 5 5
39 81 314 35 5
39 82 242 8 5
39 91 275 8 5
39 95 247 12 5
39 96 307 49 5
40 7 378 54 5
10 40 354 8 5
24 40 339 8 5
29 40 388 65 5
104 40 403 51 5
105 40 464 118 5
115 40 364 16 5
120 40 341 10 5
121 40 365 16 5
125 40 375 22 5
40 52 351 12 5
40 56 332 5 5
40 58 356 14 5
40 80 359 11 5
40 82 345 8 5
40 89 409 41 5
2 41 455 78 5
10 41 353 14 5
12 41 367 12 5
15 41 424 54 5
16 41 431 57 5
18 41 361 20 5
24 41 350 8 5
29 41 401 64 5
34 41 394 29 5
113 41 384 22 5
120 41 362 5 5
121 41 382 13 5
41 42 382 53 5
41 44 401 33 5
41 52 366 10 5
41 54 376 26 5
41 56 347 3 5
41 58 365 15 5
41 66 379 47 5
41 78 370 12 5
41 80 344 24 5
41 82 354 9 5
41 91 359 23 5
41 93 383 20 5
41 95 365 10 5
42 8 289 16 5
10 42 229 5 5
11 42 255 11 5
12 42 237 6 5
14 42 295 38 5
18 42 237 11 5
19 42 340 45 5
21 42 278 21 5
23 42 257 11 5
24 42 212 6 5
30 42 315 37 5
38 42 272 13 5
104 42 304 35 5
111 42 249 8 5
115 42 251 7 5
120 42 228 1 5
121 42 240 13 5
125 42 262 13 5
42 44 293 16 5
42 50 265 7 5
42 52 242 1 5
42 55 296 22 5
42 56 201 5 5
42 58 245 4 5
42 66 293 19 5
42 68 324 37 5
42 72 343 43 5
42 78 242 5 5
42 80 240 5 5
42 82 230 0 5
42 86 339 42 5
42 91 241 11 5
42 93 271 5 5
42 95 223 10 5
10 43 381 12 5
16 43 437 66 5
17 43 363 71 5
24 43 378 6 5
33 43 468 93 5
120 43 378 9 5
125 43 386 34 5
130 43 445 70 5
43 53 451 87 5
43 55 408 49 5
43 56 363 7 5
43 60 420 62 5
43 80 378 19 5
43 93 401 23 5
43 96 437 53 5
44 5 300 43 5
10 44 208 5 5
11 44 234 11 5
12 44 220 4 5
18 44 170 34 5
23 44 248 5 5
24 44 193 5 5
27 44 290 26 5
34 44 261 14 5
111 44 218 13 5
113 44 245 10 5
115 44 238 3 5
120 44 205 2 5
121 44 229 8 5
125 44 257 5 5
44 48 233 3 5
44 50 250 4 5
44 52 219 2 5
44 56 174 8 5
44 58 214 9 5
44 69 298 27 5
44 78 207 12 5
44 79 286 22 5
44 80 205 12 5
44 82 197 6 5
44 89 291 24 5
44 91 230 6 5
44 93 218 21 5
44 95 202 10 5
45 8 312 33 5
45 9 318 34 5
10 45 286 5 5
12 45 278 14 5
18 45 288 14 5
24 45 267 7 5
37 45 361 44 5
38 45 293 31 5
111 45 298 12 5
115 45 298 12 5
120 45 271 8 5
121 45 301 11 5
45 47 376 68 5
45 48 293 12 5
45 52 295 3 5
45 54 301 21 5
45 56 254 7 5
45 58 276 17 5
45 78 297 6 5
45 79 318 45 5
45 80 291 8 5
45 82 281 3 5
45 83 343 48 5
45 85 344 73 5
45 91 302 9 5
45 95 276 12 5
10 46 201 0 5
12 46 197 7 5
18 46 219 1 5
21 46 250 16 5
24 46 176 5 5
26 46 278 26 5
27 46 255 35 5
36 46 212 40 5
111 46 223 2 5
115 46 221 3 5
120 46 184 4 5
121 46 208 10 5
125 46 222 14 5
46 48 220 1 5
46 50 215 13 5
46 52 192 7 5
46 54 232 8 5
46 56 161 6 5
46 58 205 5 5
46 62 252 21 5
46 77 313 56 5
46 78 208 3 5
46 80 198 7 5
46 81 280 19 5
46 82 180 6 5
46 84 279 20 5
46 91 211 7 5
46 93 213 15 5
46 95 189 8 5
47 6 425 70 5
47 8 364 33 5
12 47 324 17 5
14 47 362 59 5
18 47 344 12 5
21 47 351 39 5
24 47 331 1 5
34 47 361 29 5
38 47 349 29 5
45 47 376 68 5
111 47 326 24 5
115 47 318 28 5
120 47 327 6 5
125 47 359 19 5
47 56 302 9 5
47 78 339 11 5
47 80 329 15 5
47 85 410 66 5
47 95 334 9 5
48 8 221 7 5
4 48 299 25 5
10 48 147 3 5
11 48 177 7 5
12 48 147 8 5
15 48 256 24 5
18 48 163 5 5
23 48 183 5 5
24 48 132 3 5
34 48 210 7 5
104 48 256 16 5
111 48 173 3 5
113 48 186 7 5
115 48 157 11 5
120 48 132 6 5
121 48 166 7 5
125 48 190 6 5
48 50 187 3 5
48 52 144 7 5
48 54 190 5 5
48 56 115 5 5
48 57 226 12 5
48 58 153 7 5
48 62 228 9 5
48 78 152 7 5
48 80 156 4 5
48 82 130 7 5
48 91 171 3 5
48 93 183 6 5
48 95 153 2 5
48 99 275 24 5
49 5 453 61 5
49 8 385 52 5
24 49 374 9 5
25 49 426 72 5
48 49 386 21 5
104 49 396 73 5
120 49 378 10 5
125 49 410 23 5
49 52 376 18 5
49 56 365 7 5
49 58 385 18 5
49 66 425 37 5
49 82 382 8 5
49 91 393 19 5
49 93 403 23 5
49 96 429 58 5
50 8 224 15 5
10 50 158 7 5
11 50 194 8 5
12 50 168 7 5
18 50 180 6 5
21 50 237 8 5
22 50 192 12 5
23 50 200 6 5
24 50 149 4 5
28 50 241 15 5
29 50 284 18 5
36 50 235 14 5
37 50 285 20 5
46 50 215 13 5
48 50 187 3 5
111 50 194 2 5
113 50 193 13 5
115 50 170 14 5
120 50 149 7 5
121 50 173 13 5
125 50 205 8 5
50 52 171 3 5
50 56 138 3 5
50 58 178 4 5
50 78 181 2 5
50 80 173 5 5
50 82 157 3 5
50 91 186 5 5
50 93 188 13 5
50 95 168 4 5
50 98 249 9 5
10 51 417 25 5
17 51 475 46 5
24 51 436 8 5
26 51 476 60 5
36 51 468 45 5
51 56 429 5 5
51 60 480 63 5
51 75 474 77 5
51 78 424 28 5
51 80 450 14 5
51 90 510 109 5
51 95 443 14 5
10 52 127 5 5
11 52 167 4 5
12 52 135 6 5
18 52 153 2 5
21 52 198 10 5
22 52 163 9 5
23 52 175 1 5
24 52 118 2 5
36 52 214 7 5
46 52 192 7 5
48 52 144 7 5
50 52 171 3 5
111 52 151 6 5
112 52 260 22 5
113 52 176 4 5
115 52 151 6 5
120 52 120 4 5
121 52 152 6 5
125 52 180 3 5
52 54 176 4 5
52 55 214 12 5
52 56 101 4 5
52 57 214 10 5
52 58 137 7 5
52 62 212 9 5
52 78 146 2 5
52 80 146 1 5
52 82 114 7 5
52 91 141 10 5
52 93 175 2 5
52 95 135 3 5
52 96 251 12 5
53 8 372 31 5
53 9 360 41 5
1 53 370 43 5
10 53 312 20 5
11 53 354 18 5
12 53 332 15 5
18 53 326 23 5
23 53 340 26 5
24 53 315 11 5
34 53 353 35 5
36 53 369 37 5
38 53 315 48 5
52 53 345 6 5
111 53 352 13 5
120 53 329 7 5
121 53 357 11 5
122 53 391 52 5
125 53 351 25 5
53 56 314 5 5
53 60 341 75 5
53 78 335 15 5
53 80 347 8 5
53 81 375 47 5
53 82 313 15 5
53 83 377 59 5
53 95 338 9 5
54 7 255 20 5
54 8 239 11 5
5 54 291 28 5
10 54 169 5 5
11 54 211 3 5
12 54 183 3 5
18 54 193 3 5
22 54 197 13 5
23 54 199 10 5
24 54 148 8 5
30 54 285 22 5
36 54 226 22 5
46 54 232 8 5
48 54 190 5 5
52 54 176 4 5
111 54 191 7 5
113 54 210 8 5
115 54 201 2 5
119 54 282 19 5
120 54 168 1 5
121 54 200 3 5
54 56 133 9 5
54 58 177 8 5
54 62 248 12 5
54 78 188 2 5
54 79 253 19 5
54 80 186 2 5
54 82 144 13 5
54 83 286 18 5
54 88 307 30 5
54 91 195 4 5
54 92 267 18 5
54 93 183 19 5
54 95 173 5 5
55 8 277 19 5
10 55 223 5 5
12 55 237 3 5
18 55 253 0 5
22 55 265 6 5
23 55 255 9 5
24 55 204 7 5
28 55 286 23 5
30 55 301 41 5
39 55 304 32 5
42 55 296 22 5
46 55 278 12 5
48 55 244 5 5
50 55 253 10 5
52 55 214 12 5
111 55 259 0 5
113 55 266 7 5
115 55 249 5 5
120 55 206 9 5
121 55 236 12 5
125 55 264 9 5
129 55 328 47 5
55 56 203 1 5
55 58 231 8 5
55 66 285 20 5
55 70 350 66 5
55 78 236 5 5
55 80 238 3 5
55 81 298 26 5
55 82 222 1 5
55 89 310 22 5
55 91 245 6 5
55 93 267 4 5
55 95 229 4 5
56 8 170 8 5
10 56 98 3 5
11 56 132 5 5
12 56 106 4 5
18 56 116 4 5
21 56 173 6 5
22 56 140 4 5
23 56 134 5 5
24 56 81 4 5
27 56 204 12 5
34 56 169 3 5
36 56 181 7 5
38 56 155 4 5
42 56 201 5 5
44 56 174 8 5
46 56 161 6 5
48 56 115 5 5
50 56 138 3 5
52 56 101 4 5
54 56 133 9 5
111 56 120 5 5
113 56 145 3 5
115 56 122 4 5
120 56 89 3 5
121 56 121 5 5
125 56 147 3 5
56 58 110 4 5
56 62 187 5 5
56 78 111 3 5
56 80 109 3 5
56 82 81 7 5
56 91 114 7 5
56 93 136 5 5
56 95 96 6 5
57 7 305 20 5
10 57 221 4 5
11 57 245 11 5
12 57 231 4 5
17 57 283 23 5
18 57 225 12 5
22 57 247 13 5
23 57 261 4 5
24 57 202 6 5
48 57 226 12 5
50 57 257 6 5
52 57 214 10 5
54 57 260 8 5
56 57 197 2 5
110 57 382 51 5
111 57 229 13 5
113 57 262 7 5
115 57 251 2 5
119 57 314 28 5
120 57 212 4 5
121 57 220 18 5
122 57 314 29 5
125 57 242 18 5
57 58 209 17 5
57 68 322 33 5
57 76 289 45 5
57 78 220 11 5
57 80 218 11 5
57 82 212 4 5
57 91 235 9 5
57 93 255 8 5
57 95 219 7 5
58 8 210 9 5
58 9 220 8 5
10 58 136 5 5
11 58 170 7 5
12 58 144 6 5
18 58 146 10 5
21 58 205 11 5
22 58 186 2 5
23 58 176 5 5
24 58 121 5 5
36 58 217 10 5
44 58 214 9 5
46 58 205 5 5
48 58 153 7 5
50 58 178 4 5
52 58 137 7 5
54 58 177 8 5
56 58 110 4 5
57 58 209 17 5
111 58 156 8 5
113 58 181 6 5
115 58 158 7 5
119 58 243 22 5
120 58 133 2 5
121 58 163 5 5
122 58 243 23 5
125 58 185 5 5
58 78 151 4 5
58 80 143 7 5
58 82 131 3 5
58 91 150 10 5
58 93 172 8 5
58 95 140 5 5
58 98 215 13 5
59 8 356 36 5
11 59 346 19 5
12 59 334 11 5
14 59 384 47 5
18 59 338 14 5
21 59 357 35 5
23 59 334 26 5
24 59 313 9 5
30 59 400 48 5
37 59 401 49 5
39 59 373 54 5
42 59 361 46 5
46 59 349 33 5
56 59 310 4 5
115 59 346 13 5
120 59 315 11 5
121 59 335 19 5
59 78 341 9 5
59 80 339 9 5
59 82 329 4 5
59 91 334 18 5
59 95 340 5 5
59 96 372 56 5
60 9 317 22 5
10 60 255 8 5
11 60 291 9 5
12 60 271 5 5
21 60 308 22 5
24 60 248 4 5
36 60 320 21 5
42 60 326 26 5
48 60 272 10 5
52 60 270 3 5
53 60 341 75 5
56 60 235 4 5
58 60 271 7 5
107 60 343 53 5
111 60 285 6 5
115 60 271 13 5
120 60 244 9 5
121 60 276 11 5
125 60 282 19 5
130 60 313 69 5
60 66 295 34 5
60 78 262 11 5
60 80 268 7 5
60 82 252 5 5
60 91 281 7 5
60 95 259 8 5
60 97 327 43 5
60 99 347 47 5
10 61 306 4 5
18 61 318 8 5
22 61 320 19 5
23 61 326 14 5
24 61 291 4 5
26 61 367 38 5
28 61 343 35 5
34 61 315 35 5
46 61 331 26 5
48 61 311 12 5
50 61 324 15 5
52 61 311 4 5
56 61 272 7 5
58 61 318 5 5
115 61 310 15 5
120 61 295 5 5
121 61 321 10 5
125 61 321 21 5
61 78 303 12 5
61 80 293 16 5
61 84 352 40 5
61 95 284 17 5
62 8 275 16 5
5 62 311 41 5
10 62 217 4 5
11 62 239 12 5
12 62 203 16 5
16 62 291 49 5
18 62 195 25 5
21 62 268 19 5
23 62 235 15 5
24 62 200 5 5
26 62 298 28 5
36 62 278 19 5
46 62 252 21 5
48 62 228 9 5
50 62 251 7 5
52 62 212 9 5
54 62 248 12 5
56 62 187 5 5
58 62 227 6 5
111 62 239 6 5
115 62 227 12 5
120 62 208 4 5
121 62 236 8 5
62 74 305 42 5
62 78 234 2 5
62 79 287 25 5
62 80 220 8 5
62 82 204 6 5
62 91 227 11 5
62 92 267 41 5
62 94 282 52 5
62 95 213 8 5
10 63 338 7 5
11 63 362 14 5
17 63 384 34 5
24 63 319 9 5
46 63 371 25 5
48 63 345 14 5
50 63 352 20 5
52 63 329 14 5
56 63 318 3 5
57 63 387 31 5
58 63 334 16 5
60 63 409 41 5
111 63 354 12 5
115 63 348 15 5
119 63 405 44 5
120 63 327 8 5
121 63 351 14 5
63 75 377 68 5
63 77 432 72 5
63 78 311 27 5
63 79 394 35 5
63 82 333 5 5
63 91 348 14 5
10 64 403 13 5
12 64 409 15 5
16 64 437 78 5
18 64 397 26 5
21 64 414 48 5
23 64 427 21 5
24 64 404 5 5
42 64 438 49 5
56 64 385 8 5
58 64 405 19 5
62 64 432 45 5
115 64 409 23 5
120 64 400 10 5
64 80 404 18 5
64 82 400 10 5
64 85 447 88 5
64 92 415 69 5
64 95 411 11 5
64 96 443 62 5
64 98 440 42 5
65 7 338 25 5
65 9 318 22 5
1 65 324 26 5
10 65 246 13 5
12 65 264 9 5
18 65 266 13 5
23 65 286 13 5
24 65 249 4 5
28 65 331 20 5
37 65 355 35 5
38 65 299 16 5
48 65 265 14 5
52 65 261 8 5
55 65 327 23 5
56 65 240 2 5
58 65 256 15 5
115 65 276 11 5
120 65 245 9 5
121 65 269 15 5
122 65 343 36 5
65 76 362 30 5
65 78 263 11 5
65 80 269 7 5
65 81 325 32 5
65 82 245 9 5
65 91 274 11 5
65 95 254 11 5
3 66 313 58 5
10 66 210 7 5
11 66 250 6 5
12 66 224 5 5
15 66 291 42 5
18 66 242 1 5
22 66 244 12 5
24 66 193 8 5
25 66 297 45 5
34 66 273 11 5
38 66 259 12 5
46 66 269 12 5
48 66 245 0 5
50 66 252 6 5
52 66 219 5 5
54 66 259 6 5
55 66 285 20 5
56 66 192 2 5
58 66 224 7 5
60 66 295 34 5
111 66 234 8 5
115 66 240 5 5
120 66 207 4 5
121 66 233 9 5
125 66 243 15 5
66 78 233 2 5
66 80 231 2 5
66 82 207 4 5
66 91 226 11 5
66 93 236 15 5
66 95 224 2 5
66 97 304 31 5
66 99 330 32 5
28 67 452 55 5
36 67 468 43 5
44 67 441 54 5
56 67 407 14 5
111 67 431 29 5
115 67 447 21 5
120 67 436 9 5
67 69 461 68 5
67 72 483 85 5
67 78 428 24 5
67 80 426 24 5
67 82 428 13 5
67 84 475 53 5
67 93 445 30 5
67 95 435 16 5
68 9 327 27 5
12 68 287 7 5
24 68 272 2 5
26 68 330 45 5
34 68 312 25 5
38 68 298 26 5
42 68 324 37 5
48 68 292 10 5
52 68 284 6 5
56 68 261 1 5
57 68 322 33 5
58 68 289 8 5
60 68 358 36 5
111 68 289 14 5
120 68 264 9 5
125 68 314 13 5
130 68 383 44 5
68 78 292 6 5
68 80 286 8 5
68 82 268 7 5
68 83 360 37 5
68 84 353 28 5
68 86 383 46 5
68 98 328 29 5
10 69 264 1 5
12 69 264 6 5
14 69 332 33 5
24 69 243 4 5
27 69 328 31 5
36 69 307 25 5
38 69 273 26 5
44 69 298 27 5
50 69 288 9 5
52 69 261 5 5
54 69 287 13 5
56 69 220 9 5
58 69 262 9 5
66 69 318 20 5
111 69 258 17 5
113 69 281 16 5
115 69 282 5 5
120 69 245 6 5
121 69 279 7 5
69 71 321 45 5
69 72 356 50 5
69 78 259 10 5
69 80 261 8 5
69 82 251 3 5
69 85 354 53 5
69 91 278 6 5
69 93 282 13 5
69 94 319 54 5
69 95 260 5 5
69 98 293 34 5
69 99 352 42 5
70 9 403 34 5
12 70 369 11 5
14 70 417 48 5
21 70 394 34 5
24 70 354 6 5
48 70 366 18 5
52 70 344 21 5
54 70 372 28 5
55 70 350 66 5
56 70 337 8 5
65 70 425 48 5
112 70 402 73 5
113 70 382 23 5
115 70 365 21 5
120 70 362 5 5
127 70 451 85 5
70 78 362 16 5
70 80 366 13 5
70 81 382 58 5
70 82 360 6 5
70 92 411 47 5
70 95 357 14 5
71 9 313 27 5
6 71 358 68 5
10 71 265 6 5
12 71 271 8 5
17 71 267 55 5
18 71 289 4 5
24 71 260 1 5
36 71 324 22 5
38 71 288 24 5
44 71 311 26 5
48 71 286 6 5
52 71 264 9 5
56 71 243 3 5
58 71 281 5 5
66 71 325 22 5
69 71 321 45 5
111 71 275 14 5
120 71 260 4 5
71 78 284 3 5
71 80 264 12 5
71 82 258 5 5
71 95 279 1 5
10 72 302 10 5
11 72 326 17 5
12 72 312 10 5
14 72 366 44 5
18 72 324 9 5
22 72 334 16 5
24 72 279 14 5
28 72 343 39 5
36 72 339 37 5
42 72 343 43 5
44 72 346 31 5
46 72 339 26 5
50 72 330 16 5
52 72 319 4 5
54 72 319 25 5
56 72 278 8 5
58 72 304 16 5
69 72 356 50 5
111 72 304 22 5
113 72 335 17 5
115 72 338 5 5
118 72 363 36 5
120 72 305 4 5
121 72 313 18 5
125 72 339 16 5
72 78 329 3 5
72 80 327 3 5
72 82 301 6 5
72 84 366 37 5
72 87 356 65 5
72 88 390 60 5
72 93 306 29 5
72 95 308 9 5
72 97 378 43 5
72 98 353 32 5
6 73 441 125 5
17 73 454 60 5
28 73 461 56 5
38 73 443 45 5
44 73 452 54 5
48 73 455 20 5
56 73 430 8 5
111 73 446 27 5
73 80 445 20 5
73 93 452 32 5
73 99 486 79 5
74 8 328 25 5
74 9 332 27 5
10 74 284 6 5
11 74 308 13 5
12 74 282 12 5
18 74 272 22 5
22 74 312 14 5
23 74 296 20 5
24 74 275 3 5
26 74 355 35 5
32 74 362 67 5
37 74 365 42 5
39 74 359 36 5
44 74 330 26 5
48 74 305 6 5
50 74 306 15 5
56 74 260 4 5
58 74 298 6 5
62 74 305 42 5
113 74 305 19 5
115 74 282 20 5
120 74 281 3 5
121 74 289 17 5
74 78 293 8 5
74 82 261 13 5
74 92 336 42 5
74 95 272 14 5
74 96 350 42 5
1 75 341 28 5
7 75 347 31 5
10 75 283 5 5
12 75 287 8 5
17 75 337 28 5
18 75 301 6 5
22 75 307 15 5
24 75 266 6 5
34 75 316 24 5
48 75 294 10 5
52 75 278 10 5
54 75 308 16 5
56 75 257 4 5
57 75 332 29 5
58 75 295 6 5
63 75 377 68 5
107 75 345 63 5
120 75 276 4 5
121 75 300 10 5
125 75 312 15 5
75 77 391 63 5
75 78 278 14 5
75 79 345 30 5
75 80 288 8 5
75 82 272 6 5
75 91 291 13 5
75 93 307 14 5
76 9 332 20 5
10 76 276 3 5
12 76 282 5 5
18 76 266 18 5
22 76 304 11 5
24 76 249 9 5
27 76 350 28 5
44 76 318 25 5
48 76 279 12 5
52 76 265 11 5
54 76 307 11 5
56 76 246 4 5
57 76 289 45 5
58 76 272 12 5
111 76 268 20 5
119 76 347 38 5
120 76 263 5 5
121 76 293 8 5
125 76 297 17 5
76 78 265 15 5
76 81 331 34 5
76 82 267 3 5
76 95 270 8 5
76 98 331 23 5
11 77 368 13 5
12 77 344 11 5
18 77 354 11 5
24 77 317 12 5
45 77 408 56 5
46 77 313 56 5
48 77 353 12 5
50 77 356 20 5
52 77 339 11 5
56 77 312 8 5
57 77 373 40 5
58 77 328 21 5
75 77 391 63 5
111 77 352 15 5
115 77 352 15 5
120 77 341 3 5
121 77 347 18 5
77 78 345 12 5
77 80 355 6 5
77 82 343 2 5
77 95 338 11 5
78 8 209 9 5
78 9 221 7 5
1 78 231 9 5
10 78 143 1 5
11 78 175 4 5
12 78 143 6 5
18 78 151 7 5
22 78 181 4 5
23 78 175 5 5
24 78 124 3 5
34 78 202 7 5
38 78 194 5 5
39 78 254 13 5
44 78 207 12 5
48 78 152 7 5
50 78 181 2 5
52 78 146 2 5
54 78 188 2 5
56 78 111 3 5
57 78 220 11 5
58 78 151 4 5
63 78 311 27 5
76 78 265 15 5
111 78 161 5 5
113 78 182 5 5
115 78 153 9 5
120 78 130 3 5
121 78 170 1 5
125 78 170 12 5
78 79 227 15 5
78 80 150 3 5
78 81 240 11 5
78 82 132 2 5
78 91 165 2 5
78 93 183 2 5
78 95 131 9 5
79 8 280 23 5
1 79 298 25 5
5 79 326 43 5
10 79 236 4 5
11 79 278 2 5
12 79 244 5 5
17 79 290 27 5
18 79 230 17 5
22 79 270 9 5
23 79 260 12 5
24 79 221 4 5
34 79 279 18 5
39 79 311 34 5
44 79 286 22 5
45 79 318 45 5
48 79 257 4 5
50 79 272 6 5
52 79 239 5 5
54 79 253 19 5
56 79 208 4 5
58 79 246 6 5
62 79 287 25 5
78 79 227 15 5
111 79 252 9 5
113 79 275 8 5
115 79 248 11 5
119 79 299 43 5
120 79 231 2 5
121 79 259 6 5
125 79 275 9 5
79 80 227 14 5
79 82 231 2 5
79 83 321 33 5
79 91 250 9 5
79 92 298 35 5
79 93 282 2 5
79 95 238 5 5
1 80 229 9 5
3 80 298 25 5
8 80 209 8 5
10 80 139 2 5
11 80 175 3 5
12 80 149 2 5
17 80 221 11 5
18 80 147 8 5
22 80 179 4 5
24 80 124 2 5
27 80 243 12 5
28 80 222 10 5
29 80 255 18 5
34 80 190 12 5
37 80 264 16 5
38 80 190 6 5
44 80 205 12 5
46 80 198 7 5
48 80 156 4 5
50 80 173 5 5
52 80 146 1 5
56 80 109 3 5
57 80 218 11 5
58 80 143 7 5
78 80 150 3 5
79 80 227 14 5
110 80 340 29 5
111 80 161 4 5
113 80 172 9 5
115 80 151 9 5
120 80 130 2 5
121 80 162 4 5
125 80 174 9 5
80 82 130 2 5
80 91 155 6 5
80 93 169 8 5
80 95 139 4 5
80 96 245 18 5
81 9 281 29 5
10 81 247 1 5
11 81 271 8 5
12 81 235 12 5
18 81 261 4 5
20 81 328 50 5
22 81 265 14 5
23 81 271 9 5
24 81 224 5 5
28 81 294 27 5
38 81 268 20 5
39 81 314 35 5
46 81 280 19 5
52 81 244 5 5
54 81 270 13 5
55 81 298 26 5
56 81 213 4 5
58 81 261 1 5
65 81 325 32 5
78 81 240 11 5
80 81 250 5 5
107 81 313 57 5
111 81 273 1 5
120 81 220 10 5
122 81 326 33 5
81 82 236 2 5
81 89 258 56 5
81 91 271 1 5
81 93 267 12 5
81 95 231 11 5
1 82 209 9 5
8 82 193 6 5
10 82 113 5 5
11 82 139 11 5
12 82 129 2 5
18 82 135 4 5
21 82 190 7 5
22 82 159 4 5
23 82 159 2 5
24 82 100 4 5
27 82 231 8 5
34 82 186 4 5
36 82 200 7 5
44 82 197 6 5
46 82 180 6 5
48 82 130 7 5
50 82 157 3 5
52 82 114 7 5
54 82 144 13 5
56 82 81 7 5
58 82 131 3 5
62 82 204 6 5
78 82 132 2 5
80 82 130 2 5
111 82 145 2 5
113 82 158 6 5
115 82 143 3 5
120 82 110 2 5
121 82 144 3 5
125 82 160 6 5
82 91 139 4 5
82 93 161 2 5
82 95 121 3 5
83 9 299 33 5
1 83 303 38 5
3 83 356 62 5
10 83 247 14 5
11 83 293 10 5
12 83 261 12 5
18 83 293 1 5
21 83 308 24 5
22 83 287 16 5
24 83 248 6 5
26 83 330 37 5
36 83 302 32 5
38 83 296 19 5
42 83 326 28 5
45 83 343 48 5
48 83 280 8 5
50 83 305 5 5
54 83 286 18 5
56 83 241 3 5
78 83 274 7 5
79 83 321 33 5
80 83 276 5 5
82 83 254 6 5
115 83 289 6 5
120 83 262 2 5
121 83 294 4 5
130 83 361 47 5
83 91 281 9 5
83 95 271 4 5
7 84 302 32 5
11 84 264 12 5
12 84 244 8 5
18 84 248 11 5
19 84 337 52 5
24 84 219 8 5
26 84 317 31 5
38 84 269 20 5
46 84 279 20 5
48 84 259 6 5
56 84 208 7 5
58 84 250 7 5
61 84 352 40 5
82 84 235 3 5
111 84 258 9 5
115 84 254 11 5
120 84 237 2 5
122 84 333 30 5
84 95 242 6 5
8 85 342 33 5
12 85 312 12 5
14 85 358 50 5
18 85 316 15 5
24 85 303 4 5
37 85 361 59 5
38 85 325 30 5
45 85 344 73 5
47 85 410 66 5
52 85 321 5 5
54 85 337 18 5
56 85 282 8 5
58 85 296 22 5
69 85 354 53 5
80 85 313 12 5
82 85 311 3 5
104 85 371 45 5
111 85 324 14 5
115 85 326 13 5
120 85 305 6 5
121 85 315 19 5
85 91 322 14 5
85 93 332 18 5
85 95 312 9 5
7 86 372 30 5
10 86 296 10 5
11 86 302 26 5
12 86 310 8 5
14 86 374 37 5
18 86 318 9 5
24 86 295 3 5
28 86 353 31 5
36 86 357 25 5
42 86 339 42 5
48 86 319 9 5
56 86 284 2 5
58 86 294 18 5
60 86 375 40 5
68 86 383 46 5
80 86 313 7 5
82 86 299 4 5
113 86 337 13 5
115 86 322 10 5
121 86 317 13 5
130 86 384 56 5
86 91 314 13 5
86 95 296 12 5
5 87 372 46 5
8 87 336 21 5
10 87 294 1 5
11 87 312 11 5
18 87 294 11 5
24 87 259 11 5
46 87 309 28 5
48 87 295 11 5
50 87 308 14 5
52 87 295 3 5
55 87 337 30 5
56 87 252 8 5
58 87 276 17 5
62 87 325 32 5
72 87 356 65 5
78 87 297 6 5
80 87 295 6 5
82 87 283 2 5
104 87 339 46 5
111 87 292 15 5
113 87 303 20 5
120 87 287 0 5
121 87 277 23 5
125 87 317 14 5
87 91 308 6 5
87 93 304 17 5
87 95 276 12 5
87 97 316 61 5
87 99 374 46 5
10 88 300 10 5
11 88 320 19 5
12 88 304 13 5
18 88 322 9 5
22 88 322 21 5
24 88 285 10 5
27 88 348 48 5
30 88 376 47 5
36 88 335 38 5
38 88 331 24 5
44 88 348 29 5
52 88 309 8 5
54 88 307 30 5
56 88 278 7 5
58 88 312 11 5
72 88 390 60 5
80 88 307 12 5
81 88 359 39 5
82 88 309 1 5
100 88 378 76 5
103 88 410 65 5
111 88 320 13 5
120 88 303 4 5
121 88 319 14 5
88 93 298 32 5
88 95 314 5 5
88 96 366 46 5
89 9 283 30 5
10 89 253 0 5
11 89 275 8 5
12 89 249 7 5
18 89 253 10 5
24 89 224 7 5
27 89 319 29 5
38 89 268 22 5
44 89 291 24 5
52 89 244 7 5
56 89 217 4 5
58 89 245 11 5
62 89 306 20 5
66 89 305 20 5
78 89 250 8 5
80 89 242 11 5
81 89 258 56 5
82 89 236 4 5
113 89 278 11 5
115 89 259 10 5
118 89 292 37 5
120 89 218 13 5
121 89 262 9 5
89 95 247 5 5
89 96 327 32 5
10 90 363 15 5
11 90 393 19 5
12 90 369 17 5
18 90 371 21 5
21 90 388 43 5
22 90 373 32 5
23 90 393 20 5
24 90 358 10 5
26 90 398 62 5
27 90 407 55 5
30 90 405 69 5
36 90 392 46 5
39 90 392 68 5
52 90 368 15 5
56 90 361 2 5
58 90 391 8 5
78 90 380 13 5
80 90 380 12 5
82 90 368 8 5
89 90 408 53 5
107 90 409 81 5
118 90 414 46 5
120 90 376 4 5
90 95 363 17 5
1 91 222 19 5
8 91 224 7 5
9 91 222 12 5
10 91 148 4 5
11 91 176 9 5
12 91 154 6 5
18 91 156 10 5
21 91 209 14 5
22 91 192 4 5
23 91 186 5 5
24 91 135 3 5
34 91 201 13 5
38 91 197 9 5
42 91 241 11 5
46 91 211 7 5
48 91 171 3 5
50 91 186 5 5
52 91 141 10 5
54 91 195 4 5
56 91 114 7 5
57 91 235 9 5
58 91 150 10 5
62 91 227 11 5
66 91 226 11 5
78 91 165 2 5
80 91 155 6 5
82 91 139 4 5
111 91 174 4 5
113 91 195 4 5
115 91 160 11 5
120 91 135 6 5
121 91 159 12 5
125 91 183 11 5
91 93 184 7 5
91 95 146 7 5
5 92 342 41 5
8 92 292 23 5
10 92 246 5 5
12 92 240 13 5
16 92 334 43 5
18 92 242 17 5
23 92 264 16 5
24 92 231 5 5
38 92 293 11 5
42 92 311 26 5
48 92 267 5 5
50 92 270 13 5
52 92 253 4 5
54 92 267 18 5
56 92 212 8 5
58 92 254 8 5
62 92 267 41 5
74 92 336 42 5
78 92 259 5 5
79 92 298 35 5
80 92 255 6 5
82 92 233 7 5
91 92 264 8 5
111 92 264 9 5
112 92 317 53 5
113 92 273 15 5
115 92 250 16 5
120 92 247 0 5
92 95 246 7 5
10 93 160 7 5
11 93 206 3 5
12 93 174 5 5
18 93 186 4 5
22 93 192 13 5
23 93 202 6 5
24 93 145 7 5
27 93 250 24 5
28 93 243 15 5
34 93 231 7 5
36 93 243 11 5
44 93 218 21 5
46 93 213 15 5
48 93 183 6 5
50 93 188 13 5
52 93 175 2 5
54 93 183 19 5
56 93 136 5 5
58 93 172 8 5
66 93 236 15 5
72 93 306 29 5
78 93 183 2 5
80 93 169 8 5
82 93 161 2 5
88 93 298 32 5
91 93 184 7 5
104 93 271 19 5
111 93 186 7 5
113 93 197 12 5
115 93 194 3 5
120 93 159 3 5
121 93 179 11 5
125 93 187 18 5
93 95 166 6 5
1 94 335 31 5
8 94 331 22 5
11 94 305 13 5
12 94 281 11 5
16 94 369 44 5
24 94 266 6 5
36 94 330 27 5
37 94 348 49 5
38 94 296 28 5
46 94 318 22 5
54 94 312 14 5
56 94 251 7 5
62 94 282 52 5
69 94 319 54 5
80 94 294 5 5
82 94 256 14 5
92 94 351 33 5
112 94 346 57 5
113 94 304 18 5
120 94 278 3 5
94 95 283 7 5
94 98 332 28 5
9 95 212 7 5
10 95 124 6 5
11 95 162 6 5
12 95 142 2 5
17 95 220 8 5
18 95 144 6 5
22 95 162 9 5
23 95 164 6 5
24 95 111 5 5
26 95 237 14 5
28 95 217 9 5
36 95 211 8 5
39 95 247 12 5
42 95 223 10 5
44 95 202 10 5
46 95 189 8 5
48 95 153 2 5
50 95 168 4 5
52 95 135 3 5
54 95 173 5 5
56 95 96 6 5
58 95 140 5 5
61 95 284 17 5
62 95 213 8 5
78 95 131 9 5
80 95 139 4 5
81 95 231 11 5
82 95 121 3 5
91 95 146 7 5
93 95 166 6 5
111 95 156 3 5
113 95 169 7 5
115 95 146 8 5
119 95 251 13 5
120 95 123 2 5
121 95 153 5 5
125 95 173 6 5
5 96 350 44 5
8 96 266 43 5
9 96 308 26 5
10 96 248 11 5
12 96 258 11 5
16 96 344 45 5
18 96 262 14 5
23 96 284 13 5
24 96 239 8 5
36 96 311 25 5
38 96 301 14 5
39 96 307 49 5
50 96 282 14 5
52 96 251 12 5
54 96 291 13 5
56 96 234 4 5
58 96 260 12 5
59 96 372 56 5
62 96 309 27 5
78 96 281 1 5
80 96 245 18 5
82 96 255 3 5
89 96 327 32 5
92 96 332 31 5
93 96 294 9 5
95 96 268 3 5
104 96 333 36 5
111 96 280 8 5
115 96 266 15 5
120 96 247 7 5
9 97 324 20 5
10 97 262 6 5
11 97 274 19 5
24 97 243 8 5
27 97 340 29 5
48 97 279 8 5
52 97 275 2 5
56 97 240 3 5
58 97 256 16 5
60 97 327 43 5
66 97 304 31 5
78 97 275 6 5
80 97 267 9 5
82 97 247 9 5
87 97 316 61 5
91 97 280 9 5
93 97 282 17 5
95 97 260 9 5
113 97 289 16 5
115 97 288 6 5
120 97 263 1 5
121 97 267 17 5
125 97 269 27 5
97 99 340 52 5
10 98 221 3 5
11 98 235 15 5
12 98 221 8 5
18 98 231 8 5
21 98 278 15 5
23 98 253 7 5
24 98 196 8 5
26 98 310 23 5
36 98 292 13 5
44 98 279 17 5
48 98 246 1 5
50 98 249 9 5
52 98 224 4 5
54 98 260 7 5
56 98 195 2 5
58 98 215 13 5
62 98 288 16 5
68 98 328 29 5
69 98 293 34 5
78 98 228 6 5
80 98 230 4 5
82 98 214 2 5
91 98 239 6 5
95 98 227 2 5
111 98 185 34 5
113 98 252 11 5
115 98 245 4 5
119 98 320 24 5
120 98 210 4 5
121 98 234 10 5
3 99 387 60 5
4 99 386 56 5
9 99 332 30 5
10 99 268 17 5
12 99 298 7 5
24 99 279 4 5
36 99 339 27 5
48 99 275 24 5
52 99 295 6 5
54 99 313 18 5
56 99 248 13 5
58 99 294 11 5
60 99 347 47 5
66 99 330 32 5
69 99 352 42 5
78 99 305 5 5
80 99 299 7 5
82 99 277 8 5
83 99 363 41 5
91 99 312 7 5
93 99 314 15 5
95 99 302 2 5
97 99 340 52 5
111 99 290 19 5
115 99 310 9 5
120 99 289 2 5
125 99 325 13 5
100 8 378 23 5
100 9 370 31 5
100 11 328 26 5
100 12 332 10 5
100 23 350 16 5
100 24 307 10 5
100 30 386 53 5
100 48 347 8 5
100 50 354 14 5
100 52 335 6 5
100 54 357 16 5
100 55 375 34 5
100 56 312 1 5
100 58 344 6 5
100 66 372 31 5
100 78 331 12 5
100 80 343 5 5
100 81 367 46 5
100 82 327 3 5
100 88 378 76 5
100 95 334 6 5
100 98 377 30 5
10 100 334 4 5
100 107 398 61 5
100 111 342 13 5
100 113 359 15 5
100 118 389 33 5
100 120 307 13 5
100 125 339 26 5
100 129 407 62 5
101 8 459 42 5
101 23 453 24 5
101 24 424 11 5
101 28 450 55 5
101 42 454 57 5
101 46 460 35 5
101 50 453 24 5
101 55 420 71 5
101 78 436 19 5
101 81 446 66 5
101 93 453 25 5
101 95 439 13 5
101 113 452 28 5
101 115 443 22 5
101 120 430 11 5
101 122 484 60 5
101 125 454 28 5
102 11 346 19 5
102 21 375 26 5
102 22 338 26 5
102 23 356 15 5
102 24 315 8 5
102 37 413 43 5
102 38 353 26 5
102 46 353 31 5
102 54 347 23 5
102 56 310 4 5
102 78 333 13 5
102 80 331 13 5
102 82 309 14 5
102 95 326 12 5
10 102 336 5 5
102 111 340 16 5
102 120 319 9 5
102 121 351 11 5
102 129 427 54 5
103 12 352 5 5
103 18 350 11 5
103 22 364 16 5
103 23 348 22 5
103 24 327 5 5
103 27 374 51 5
103 36 387 28 5
103 44 374 32 5
103 48 339 17 5
103 52 343 7 5
103 54 367 16 5
103 55 389 32 5
103 56 318 3 5
103 58 340 13 5
103 78 323 21 5
103 80 353 5 5
103 82 335 4 5
103 87 414 51 5
103 88 410 65 5
103 93 336 29 5
103 95 340 8 5
103 97 396 49 5
10 103 322 15 5
103 111 352 13 5
103 115 340 19 5
103 119 403 45 5
103 120 335 4 5
103 125 357 22 5
104 5 345 45 5
104 8 289 30 5
104 12 269 4 5
104 18 267 10 5
104 24 238 7 5
104 31 347 72 5
104 37 338 41 5
104 42 304 35 5
104 44 313 20 5
104 46 298 19 5
104 48 256 16 5
104 50 287 10 5
104 52 258 7 5
104 54 298 8 5
104 56 227 6 5
104 58 251 15 5
104 62 322 19 5
104 78 276 2 5
104 80 270 4 5
104 82 246 6 5
104 87 339 46 5
104 93 271 19 5
104 95 265 3 5
10 104 265 1 5
104 111 277 8 5
104 115 263 15 5
104 120 240 9 5
104 121 268 13 5
104 125 298 9 5
105 17 442 60 5
105 18 438 22 5
105 24 421 13 5
105 29 482 64 5
105 40 464 118 5
105 50 452 25 5
105 56 414 10 5
105 71 469 69 5
105 80 437 18 5
105 82 425 14 5
10 105 434 14 5
105 120 435 9 5
106 12 398 8 5
106 18 398 13 5
106 22 394 27 5
106 23 400 22 5
106 24 387 1 5
106 27 436 46 5
106 36 421 37 5
106 48 395 15 5
106 52 383 13 5
106 54 399 26 5
106 56 358 9 5
106 58 400 9 5
106 62 433 32 5
106 66 390 53 5
106 78 395 11 5
106 79 430 43 5
106 82 367 14 5
106 83 403 72 5
106 91 396 16 5
106 95 364 22 5
10 106 374 15 5
106 115 392 19 5
106 120 383 6 5
106 121 399 16 5
107 9 322 39 5
107 12 308 6 5
107 22 318 18 5
107 24 281 7 5
107 30 366 47 5
107 32 384 63 5
107 38 325 22 5
107 46 329 25 5
107 48 315 8 5
107 52 293 11 5
107 54 329 14 5
107 55 339 36 5
107 56 278 2 5
107 57 339 34 5
107 58 314 5 5
107 60 343 53 5
107 66 336 33 5
107 75 345 63 5
107 78 305 9 5
107 80 305 8 5
107 81 313 57 5
107 82 299 1 5
107 89 347 42 5
107 90 409 81 5
107 91 316 9 5
107 95 296 9 5
10 107 302 4 5
107 115 308 14 5
107 120 289 6 5
107 121 301 18 5
107 125 327 16 5
108 7 449 47 5
108 8 407 51 5
108 9 423 47 5
108 11 427 19 5
108 45 451 70 5
108 56 395 2 5
108 79 437 51 5
108 80 416 11 5
108 82 388 15 5
108 83 450 60 5
108 91 413 19 5
108 95 399 16 5
108 96 437 64 5
10 108 399 14 5
108 112 450 72 5
108 120 410 4 5
108 124 475 118 5
109 16 461 72 5
109 34 442 35 5
109 41 496 97 5
109 57 450 44 5
109 74 473 66 5
109 78 412 21 5
109 80 420 16 5
109 82 412 10 5
109 91 425 20 5
109 95 413 16 5
109 114 527 116 5
109 115 421 23 5
109 120 412 10 5
109 125 432 29 5
110 16 403 74 5
110 17 413 37 5
110 18 363 22 5
110 21 398 35 5
110 24 358 7 5
110 29 421 57 5
110 46 386 35 5
110 52 368 12 5
110 56 355 2 5
110 57 382 51 5
110 58 365 18 5
110 78 374 13 5
110 80 340 29 5
110 82 360 9 5
110 84 407 49 5
110 91 389 11 5
110 93 375 27 5
110 95 373 9 5
10 110 363 12 5
110 111 381 16 5
110 113 360 37 5
110 115 387 13 5
110 120 364 7 5
110 121 382 16 5
111 12 158 5 5
111 18 164 7 5
111 22 194 4 5
111 23 184 7 5
111 24 133 5 5
111 26 257 15 5
111 34 213 8 5
111 44 218 13 5
111 48 173 3 5
111 50 194 2 5
111 52 151 6 5
111 54 191 7 5
111 56 120 5 5
111 57 229 13 5
111 58 156 8 5
111 66 234 8 5
111 76 268 20 5
111 78 161 5 5
111 80 161 4 5
111 82 145 2 5
111 91 174 4 5
111 93 186 7 5
111 95 156 3 5
111 98 185 34 5
10 111 152 3 5
11 111 190 3 5
111 113 195 5 5
111 115 178 3 5
111 119 247 26 5
111 120 139 5 5
111 121 179 3 5
111 125 193 7 5
112 8 323 29 5
112 12 285 12 5
112 17 343 28 5
112 18 289 15 5
112 24 262 11 5
112 28 332 33 5
112 50 301 19 5
112 52 260 22 5
112 55 328 36 5
112 56 265 3 5
112 58 303 5 5
112 62 320 36 5
112 70 402 73 5
112 82 278 6 5
112 92 317 53 5
112 94 346 57 5
112 95 281 11 5
10 112 287 6 5
112 113 296 25 5
112 115 297 14 5
112 120 284 3 5
112 121 302 12 5
113 9 245 12 5
113 12 181 4 5
113 17 257 11 5
113 18 187 6 5
113 21 242 9 5
113 22 211 6 5
113 23 207 6 5
113 24 152 6 5
113 34 228 11 5
113 48 186 7 5
113 50 193 13 5
113 52 176 4 5
113 54 210 8 5
113 56 145 3 5
113 58 181 6 5
113 69 281 16 5
113 78 182 5 5
113 80 172 9 5
113 82 158 6 5
113 87 303 20 5
113 91 195 4 5
113 92 273 15 5
113 93 197 12 5
113 95 169 7 5
113 98 252 11 5
10 113 169 5 5
11 113 203 7 5
110 113 360 37 5
111 113 195 5 5
112 113 296 25 5
113 115 189 8 5
113 120 160 5 5
113 121 192 7 5
113 125 214 7 5
114 12 432 14 5
114 24 427 4 5
114 28 455 47 5
114 37 475 64 5
114 38 429 40 5
114 44 420 58 5
114 56 390 16 5
114 69 454 65 5
114 78 421 21 5
114 81 467 50 5
114 82 421 10 5
114 95 410 22 5
1 114 462 46 5
111 114 430 23 5
114 120 423 9 5
114 128 482 97 5
115 8 206 17 5
115 12 148 10 5
115 15 239 35 5
115 18 160 9 5
115 22 190 6 5
115 23 186 6 5
115 24 137 3 5
115 28 233 12 5
115 48 157 11 5
115 50 170 14 5
115 52 151 6 5
115 56 122 4 5
115 58 158 7 5
115 62 227 12 5
115 74 282 20 5
115 78 153 9 5
115 80 151 9 5
115 82 143 3 5
115 91 160 11 5
115 92 250 16 5
115 95 146 8 5
10 115 150 4 5
11 115 184 6 5
111 115 178 3 5
113 115 189 8 5
115 120 137 6 5
115 121 173 6 5
116 8 408 32 5
116 12 376 12 5
116 18 378 16 5
116 21 373 49 5
116 24 353 11 5
116 29 428 55 5
116 37 391 76 5
116 38 383 33 5
116 46 389 35 5
116 47 442 82 5
116 52 373 11 5
116 56 348 7 5
116 59 448 78 5
116 80 375 13 5
116 95 368 13 5
11 116 384 22 5
110 116 449 98 5
115 116 376 20 5
116 120 365 8 5
116 121 373 22 5
117 37 554 99 5
117 38 530 64 5
117 56 545 13 5
117 58 547 33 5
10 117 547 26 5
116 117 581 138 5
118 7 317 22 5
118 8 271 28 5
118 9 299 18 5
118 12 233 11 5
118 18 247 9 5
118 22 237 26 5
118 24 212 9 5
118 27 301 34 5
118 34 278 19 5
118 39 306 37 5
118 44 293 19 5
118 48 264 1 5
118 52 242 4 5
118 54 264 14 5
118 56 209 4 5
118 58 255 2 5
118 78 238 10 5
118 80 250 3 5
118 82 228 4 5
118 89 292 37 5
118 91 255 7 5
118 95 231 9 5
10 118 243 1 5
11 118 265 9 5
111 118 263 4 5
113 118 270 11 5
115 118 259 6 5
118 120 232 2 5
118 121 270 1 5
119 5 355 43 5
119 8 299 28 5
119 17 329 22 5
119 18 249 22 5
119 22 291 13 5
119 23 279 17 5
119 24 246 6 5
119 33 406 58 5
119 44 311 24 5
119 45 363 37 5
119 48 276 9 5
119 52 266 6 5
119 54 282 19 5
119 56 231 7 5
119 57 314 28 5
119 58 243 22 5
119 78 268 9 5
119 79 299 43 5
119 80 272 6 5
119 82 256 4 5
119 93 287 14 5
119 95 251 13 5
119 98 320 24 5
10 119 261 6 5
111 119 247 26 5
119 120 262 1 5
119 121 278 11 5
119 125 292 15 5
120 8 195 5 5
120 14 239 8 5
120 18 141 1 5
120 22 159 4 5
120 23 159 2 5
120 24 102 3 5
120 28 202 10 5
120 34 182 6 5
120 38 174 4 5
120 46 184 4 5
120 48 132 6 5
120 50 149 7 5
120 52 120 4 5
120 54 168 1 5
120 55 206 9 5
120 56 89 3 5
120 58 133 2 5
120 60 244 9 5
120 65 245 9 5
120 78 130 3 5
120 80 130 2 5
120 81 220 10 5
120 82 110 2 5
120 89 218 13 5
120 91 135 6 5
120 93 159 3 5
120 95 123 2 5
10 120 115 4 5
11 120 151 5 5
12 120 123 5 5
104 120 240 9 5
111 120 139 5 5
113 120 160 5 5
115 120 137 6 5
120 121 140 5 5
120 125 164 4 5
120 129 278 17 5
121 8 215 13 5
121 14 247 22 5
121 18 163 8 5
121 21 218 11 5
121 22 183 10 5
121 24 134 5 5
121 42 240 13 5
121 44 229 8 5
121 46 208 10 5
121 48 166 7 5
121 50 173 13 5
121 52 152 6 5
121 55 236 12 5
121 56 121 5 5
121 57 220 18 5
121 58 163 5 5
121 62 236 8 5
121 78 170 1 5
121 80 162 4 5
121 82 144 3 5
121 87 277 23 5
121 91 159 12 5
121 93 179 11 5
121 95 153 5 5
121 97 267 17 5
10 121 149 5 5
11 121 171 13 5
12 121 161 4 5
111 121 179 3 5
113 121 192 7 5
115 121 173 6 5
120 121 140 5 5
121 125 192 8 5
122 18 273 11 5
122 19 368 49 5
122 23 293 11 5
122 24 232 14 5
122 38 288 23 5
122 45 359 40 5
122 50 291 12 5
122 53 391 52 5
122 54 294 14 5
122 56 245 1 5
122 57 314 29 5
122 58 243 23 5
122 65 343 36 5
122 81 326 33 5
122 82 254 6 5
122 84 333 30 5
122 89 340 28 5
122 91 281 9 5
122 95 265 7 5
11 122 283 15 5
12 122 275 5 5
120 122 256 5 5
121 122 276 13 5
122 126 369 41 5
123 5 458 65 5
123 8 420 41 5
123 16 444 70 5
123 39 445 55 5
123 52 409 8 5
123 55 427 47 5
123 62 423 45 5
123 69 438 58 5
123 78 401 16 5
123 79 432 50 5
123 89 419 61 5
123 92 412 66 5
123 95 400 12 5
10 123 394 13 5
12 123 374 28 5
111 123 400 23 5
112 123 457 65 5
115 123 408 19 5
118 123 429 52 5
123 125 411 29 5
124 18 398 19 5
124 23 408 24 5
124 29 430 67 5
124 34 423 32 5
124 41 473 96 5
124 54 405 29 5
124 56 380 4 5
124 81 439 47 5
124 82 385 11 5
124 92 432 54 5
124 95 390 15 5
10 124 388 14 5
11 124 412 21 5
108 124 475 118 5
112 124 437 73 5
113 124 395 34 5
120 124 385 11 5
125 9 249 11 5
125 18 197 2 5
125 20 306 27 5
125 22 213 6 5
125 23 211 5 5
125 24 156 5 5
125 34 230 11 5
125 36 250 11 5
125 38 210 15 5
125 46 222 14 5
125 48 190 6 5
125 50 205 8 5
125 52 180 3 5
125 56 147 3 5
125 57 242 18 5
125 58 185 5 5
125 60 282 19 5
125 66 243 15 5
125 78 170 12 5
125 80 174 9 5
125 82 160 6 5
125 91 183 11 5
125 93 187 18 5
125 95 173 6 5
125 97 269 27 5
10 125 175 3 5
11 125 183 18 5
12 125 187 2 5
111 125 193 7 5
113 125 214 7 5
115 125 199 4 5
120 125 164 4 5
121 125 192 8 5
126 18 310 9 5
126 23 324 12 5
126 24 281 6 5
126 28 359 24 5
126 38 341 13 5
126 42 361 27 5
126 44 352 21 5
126 48 305 12 5
126 52 305 4 5
126 56 264 8 5
126 57 363 21 5
126 58 304 9 5
126 78 303 9 5
126 80 311 4 5
126 82 285 7 5
126 87 386 43 5
126 91 318 7 5
126 95 292 10 5
126 98 343 30 5
10 126 308 0 5
11 126 318 14 5
12 126 302 8 5
111 126 294 20 5
113 126 331 12 5
115 126 310 12 5
120 126 299 0 5
121 126 297 19 5
122 126 369 41 5
127 8 396 29 5
127 14 380 62 5
127 18 376 8 5
127 20 417 67 5
127 21 379 37 5
127 23 374 19 5
127 24 341 8 5
127 27 396 50 5
127 48 369 12 5
127 52 341 18 5
127 55 389 42 5
127 56 344 0 5
127 58 372 7 5
127 78 365 10 5
127 80 369 7 5
127 81 415 37 5
127 82 361 1 5
127 88 424 68 5
127 91 372 12 5
127 95 366 5 5
10 127 360 6 5
12 127 360 11 5
111 127 376 11 5
112 127 395 72 5
115 127 380 9 5
120 127 345 9 5
121 127 351 24 5
128 18 352 13 5
128 24 333 5 5
128 34 375 27 5
128 38 375 21 5
128 48 347 16 5
128 52 339 12 5
128 56 314 8 5
128 58 356 8 5
128 69 402 45 5
128 78 339 16 5
128 79 388 41 5
128 80 347 11 5
128 82 341 4 5
128 91 354 14 5
128 95 338 12 5
128 99 428 50 5
1 128 390 36 5
10 128 344 7 5
12 128 352 8 5
114 128 482 97 5
119 128 415 42 5
126 128 422 56 5
129 8 351 26 5
129 23 305 28 5
129 24 296 5 5
129 28 284 68 5
129 30 369 51 5
129 52 304 11 5
129 55 328 47 5
129 56 285 4 5
129 78 316 9 5
129 82 308 2 5
129 95 305 10 5
129 96 363 48 5
10 129 299 11 5
12 129 315 8 5
115 129 319 14 5
118 129 348 43 5
120 129 278 17 5
130 3 355 81 5
130 9 308 47 5
130 17 338 37 5
130 19 373 65 5
130 24 279 9 5
130 26 359 41 5
130 36 347 28 5
130 38 321 25 5
130 42 345 37 5
130 50 326 13 5
130 52 305 6 5
130 56 274 5 5
130 58 316 5 5
130 60 313 69 5
130 66 338 33 5
130 80 295 14 5
130 82 297 3 5
130 83 361 47 5
130 91 320 8 5
130 93 318 18 5
130 95 306 5 5
10 130 292 10 5
11 130 312 19 5
12 130 298 12 5
115 130 312 13 5
120 130 291 6 5
121 130 303 18 5
