Res1 Res2 NSingle NDouble Method
4 7 344 50 5
3 9 327 50 5
7 9 280 29 5
10 7 230 9 5
10 9 204 9 5
11 8 234 9 5
1 11 248 13 5
10 11 156 7 5
12 8 196 14 5
12 9 210 11 5
1 12 226 10 5
10 12 130 6 5
11 12 162 9 5
13 4 444 80 5
14 8 296 25 5
16 5 360 52 5
15 16 325 61 5
17 9 262 30 5
10 17 214 9 5
18 8 216 9 5
10 18 140 6 5
11 18 168 11 5
12 18 148 7 5
16 18 248 34 5
21 8 255 20 5
21 9 271 16 5
1 21 281 18 5
11 21 219 16 5
14 21 277 34 5
10 22 168 4 5
11 22 204 5 5
18 22 190 3 5
21 22 231 13 5
23 7 252 18 5
23 8 228 13 5
10 23 162 5 5
11 23 194 8 5
12 23 172 5 5
18 23 176 8 5
22 23 208 4 5
24 8 175 12 5
10 24 109 4 5
11 24 145 5 5
12 24 117 5 5
18 24 129 4 5
22 24 153 4 5
23 24 149 4 5
25 3 380 60 5
15 25 346 50 5
26 9 281 35 5
10 26 229 16 5
21 26 292 25 5
23 26 257 22 5
10 27 230 13 5
18 27 238 19 5
22 27 270 15 5
10 28 209 11 5
11 28 247 11 5
23 28 245 13 5
24 28 198 9 5
29 7 324 36 5
2 29 372 69 5
10 29 234 23 5
28 29 309 35 5
3 32 375 81 5
33 4 425 76 5
15 33 402 65 5
1 34 243 32 5
18 34 191 16 5
22 34 225 11 5
27 34 291 18 5
29 34 303 24 5
36 9 273 20 5
12 36 211 11 5
17 36 285 19 5
19 36 328 43 5
22 36 245 11 5
24 36 196 6 5
27 36 297 25 5
28 36 280 21 5
37 8 273 47 5
1 37 313 38 5
21 37 296 35 5
38 9 241 20 5
1 38 253 21 5
10 38 185 3 5
11 38 207 11 5
12 38 175 13 5
18 38 193 9 5
24 38 170 3 5
25 38 284 35 5
34 38 238 12 5
37 38 288 28 5
39 8 295 27 5
18 39 247 20 5
20 39 350 48 5
23 39 261 23 5
27 39 307 42 5
34 39 278 30 5
40 7 378 54 5
29 40 388 65 5
29 41 401 64 5
14 42 295 38 5
19 42 340 45 5
21 42 278 21 5
30 42 315 37 5
17 43 363 71 5
44 5 300 43 5
11 44 234 11 5
18 44 170 34 5
24 44 193 5 5
27 44 290 26 5
34 44 261 14 5
38 45 293 31 5
12 46 197 7 5
21 46 250 16 5
24 46 176 5 5
26 46 278 26 5
27 46 255 35 5
36 46 212 40 5
14 47 362 59 5
45 47 376 68 5
48 8 221 7 5
4 48 299 25 5
10 48 147 3 5
11 48 177 7 5
12 48 147 8 5
15 48 256 24 5
18 48 163 5 5
23 48 183 5 5
24 48 132 3 5
34 48 210 7 5
50 8 224 15 5
10 50 158 7 5
11 50 194 8 5
12 50 168 7 5
18 50 180 6 5
21 50 237 8 5
22 50 192 12 5
23 50 200 6 5
24 50 149 4 5
28 50 241 15 5
29 50 284 18 5
36 50 235 14 5
37 50 285 20 5
46 50 215 13 5
48 50 187 3 5
10 52 127 5 5
11 52 167 4 5
12 52 135 6 5
18 52 153 2 5
21 52 198 10 5
22 52 163 9 5
23 52 175 1 5
24 52 118 2 5
36 52 214 7 5
46 52 192 7 5
48 52 144 7 5
50 52 171 3 5
38 53 315 48 5
54 7 255 20 5
54 8 239 11 5
5 54 291 28 5
10 54 169 5 5
18 54 193 3 5
22 54 197 13 5
23 54 199 10 5
24 54 148 8 5
30 54 285 22 5
36 54 226 22 5
46 54 232 8 5
48 54 190 5 5
52 54 176 4 5
55 8 277 19 5
24 55 204 7 5
28 55 286 23 5
30 55 301 41 5
39 55 304 32 5
42 55 296 22 5
52 55 214 12 5
56 8 170 8 5
10 56 98 3 5
11 56 132 5 5
12 56 106 4 5
18 56 116 4 5
21 56 173 6 5
22 56 140 4 5
23 56 134 5 5
24 56 81 4 5
27 56 204 12 5
34 56 169 3 5
36 56 181 7 5
38 56 155 4 5
42 56 201 5 5
44 56 174 8 5
46 56 161 6 5
48 56 115 5 5
50 56 138 3 5
52 56 101 4 5
54 56 133 9 5
57 7 305 20 5
11 57 245 11 5
17 57 283 23 5
18 57 225 12 5
22 57 247 13 5
48 57 226 12 5
52 57 214 10 5
58 8 210 9 5
58 9 220 8 5
10 58 136 5 5
11 58 170 7 5
12 58 144 6 5
18 58 146 10 5
21 58 205 11 5
22 58 186 2 5
23 58 176 5 5
24 58 121 5 5
36 58 217 10 5
44 58 214 9 5
46 58 205 5 5
48 58 153 7 5
50 58 178 4 5
52 58 137 7 5
54 58 177 8 5
56 58 110 4 5
57 58 209 17 5
53 60 341 75 5
34 61 315 35 5
5 62 311 41 5
11 62 239 12 5
12 62 203 16 5
16 62 291 49 5
18 62 195 25 5
21 62 268 19 5
23 62 235 15 5
26 62 298 28 5
36 62 278 19 5
46 62 252 21 5
48 62 228 9 5
52 62 212 9 5
54 62 248 12 5
56 62 187 5 5
10 65 246 13 5
3 66 313 58 5
10 66 210 7 5
15 66 291 42 5
22 66 244 12 5
24 66 193 8 5
25 66 297 45 5
55 66 285 20 5
60 66 295 34 5
26 68 330 45 5
34 68 312 25 5
42 68 324 37 5
57 68 322 33 5
14 69 332 33 5
38 69 273 26 5
44 69 298 27 5
55 70 350 66 5
6 71 358 68 5
17 71 267 55 5
38 71 288 24 5
69 71 321 45 5
42 72 343 43 5
69 72 356 50 5
6 73 441 125 5
23 74 296 20 5
32 74 362 67 5
62 74 305 42 5
7 75 347 31 5
34 75 316 24 5
63 75 377 68 5
57 76 289 45 5
46 77 313 56 5
75 77 391 63 5
78 8 209 9 5
78 9 221 7 5
1 78 231 9 5
10 78 143 1 5
11 78 175 4 5
12 78 143 6 5
18 78 151 7 5
22 78 181 4 5
23 78 175 5 5
24 78 124 3 5
34 78 202 7 5
38 78 194 5 5
39 78 254 13 5
44 78 207 12 5
48 78 152 7 5
50 78 181 2 5
52 78 146 2 5
54 78 188 2 5
56 78 111 3 5
57 78 220 11 5
58 78 151 4 5
63 78 311 27 5
76 78 265 15 5
79 8 280 23 5
1 79 298 25 5
5 79 326 43 5
17 79 290 27 5
34 79 279 18 5
39 79 311 34 5
44 79 286 22 5
45 79 318 45 5
54 79 253 19 5
62 79 287 25 5
78 79 227 15 5
1 80 229 9 5
3 80 298 25 5
8 80 209 8 5
10 80 139 2 5
11 80 175 3 5
12 80 149 2 5
17 80 221 11 5
18 80 147 8 5
22 80 179 4 5
24 80 124 2 5
27 80 243 12 5
28 80 222 10 5
29 80 255 18 5
34 80 190 12 5
37 80 264 16 5
38 80 190 6 5
44 80 205 12 5
46 80 198 7 5
48 80 156 4 5
50 80 173 5 5
52 80 146 1 5
56 80 109 3 5
57 80 218 11 5
58 80 143 7 5
78 80 150 3 5
79 80 227 14 5
81 9 281 29 5
12 81 235 12 5
20 81 328 50 5
22 81 265 14 5
28 81 294 27 5
38 81 268 20 5
39 81 314 35 5
46 81 280 19 5
55 81 298 26 5
65 81 325 32 5
78 81 240 11 5
1 82 209 9 5
8 82 193 6 5
10 82 113 5 5
11 82 139 11 5
12 82 129 2 5
18 82 135 4 5
21 82 190 7 5
22 82 159 4 5
23 82 159 2 5
24 82 100 4 5
27 82 231 8 5
34 82 186 4 5
36 82 200 7 5
44 82 197 6 5
46 82 180 6 5
48 82 130 7 5
50 82 157 3 5
52 82 114 7 5
54 82 144 13 5
56 82 81 7 5
58 82 131 3 5
62 82 204 6 5
78 82 132 2 5
80 82 130 2 5
83 9 299 33 5
1 83 303 38 5
3 83 356 62 5
10 83 247 14 5
26 83 330 37 5
36 83 302 32 5
45 83 343 48 5
54 83 286 18 5
79 83 321 33 5
7 84 302 32 5
19 84 337 52 5
24 84 219 8 5
26 84 317 31 5
38 84 269 20 5
46 84 279 20 5
61 84 352 40 5
14 85 358 50 5
37 85 361 59 5
45 85 344 73 5
47 85 410 66 5
69 85 354 53 5
42 86 339 42 5
68 86 383 46 5
5 87 372 46 5
72 87 356 65 5
36 88 335 38 5
54 88 307 30 5
72 88 390 60 5
89 9 283 30 5
27 89 319 29 5
38 89 268 22 5
44 89 291 24 5
81 89 258 56 5
26 90 398 62 5
30 90 405 69 5
1 91 222 19 5
8 91 224 7 5
9 91 222 12 5
10 91 148 4 5
11 91 176 9 5
12 91 154 6 5
18 91 156 10 5
21 91 209 14 5
22 91 192 4 5
23 91 186 5 5
24 91 135 3 5
34 91 201 13 5
38 91 197 9 5
42 91 241 11 5
46 91 211 7 5
48 91 171 3 5
50 91 186 5 5
52 91 141 10 5
54 91 195 4 5
56 91 114 7 5
57 91 235 9 5
58 91 150 10 5
62 91 227 11 5
66 91 226 11 5
78 91 165 2 5
80 91 155 6 5
82 91 139 4 5
5 92 342 41 5
12 92 240 13 5
16 92 334 43 5
23 92 264 16 5
54 92 267 18 5
62 92 267 41 5
74 92 336 42 5
79 92 298 35 5
10 93 160 7 5
11 93 206 3 5
12 93 174 5 5
18 93 186 4 5
22 93 192 13 5
23 93 202 6 5
24 93 145 7 5
27 93 250 24 5
28 93 243 15 5
34 93 231 7 5
36 93 243 11 5
44 93 218 21 5
46 93 213 15 5
48 93 183 6 5
50 93 188 13 5
52 93 175 2 5
54 93 183 19 5
56 93 136 5 5
58 93 172 8 5
66 93 236 15 5
72 93 306 29 5
78 93 183 2 5
80 93 169 8 5
82 93 161 2 5
88 93 298 32 5
91 93 184 7 5
37 94 348 49 5
62 94 282 52 5
69 94 319 54 5
9 95 212 7 5
10 95 124 6 5
11 95 162 6 5
12 95 142 2 5
17 95 220 8 5
18 95 144 6 5
22 95 162 9 5
23 95 164 6 5
24 95 111 5 5
26 95 237 14 5
28 95 217 9 5
36 95 211 8 5
39 95 247 12 5
42 95 223 10 5
44 95 202 10 5
46 95 189 8 5
48 95 153 2 5
50 95 168 4 5
52 95 135 3 5
54 95 173 5 5
56 95 96 6 5
58 95 140 5 5
61 95 284 17 5
62 95 213 8 5
78 95 131 9 5
80 95 139 4 5
81 95 231 11 5
82 95 121 3 5
91 95 146 7 5
93 95 166 6 5
5 96 350 44 5
8 96 266 43 5
16 96 344 45 5
39 96 307 49 5
52 96 251 12 5
59 96 372 56 5
80 96 245 18 5
89 96 327 32 5
11 97 274 19 5
60 97 327 43 5
66 97 304 31 5
87 97 316 61 5
11 98 235 15 5
12 98 221 8 5
24 98 196 8 5
26 98 310 23 5
50 98 249 9 5
58 98 215 13 5
68 98 328 29 5
69 98 293 34 5
4 99 386 56 5
10 99 268 17 5
48 99 275 24 5
60 99 347 47 5
66 99 330 32 5
69 99 352 42 5
97 99 340 52 5
100 30 386 53 5
100 88 378 76 5
103 88 410 65 5
104 5 345 45 5
104 8 289 30 5
104 31 347 72 5
104 37 338 41 5
104 42 304 35 5
104 48 256 16 5
104 87 339 46 5
104 93 271 19 5
105 40 464 118 5
107 9 322 39 5
107 32 384 63 5
107 60 343 53 5
107 75 345 63 5
107 81 313 57 5
107 90 409 81 5
110 57 382 51 5
110 80 340 29 5
111 12 158 5 5
111 18 164 7 5
111 22 194 4 5
111 23 184 7 5
111 24 133 5 5
111 26 257 15 5
111 34 213 8 5
111 44 218 13 5
111 48 173 3 5
111 50 194 2 5
111 52 151 6 5
111 54 191 7 5
111 56 120 5 5
111 57 229 13 5
111 58 156 8 5
111 66 234 8 5
111 76 268 20 5
111 78 161 5 5
111 80 161 4 5
111 82 145 2 5
111 91 174 4 5
111 93 186 7 5
111 95 156 3 5
111 98 185 34 5
10 111 152 3 5
11 111 190 3 5
112 52 260 22 5
112 70 402 73 5
112 92 317 53 5
112 94 346 57 5
113 9 245 12 5
113 12 181 4 5
113 17 257 11 5
113 18 187 6 5
113 21 242 9 5
113 22 211 6 5
113 23 207 6 5
113 24 152 6 5
113 34 228 11 5
113 48 186 7 5
113 50 193 13 5
113 52 176 4 5
113 54 210 8 5
113 56 145 3 5
113 58 181 6 5
113 69 281 16 5
113 78 182 5 5
113 80 172 9 5
113 82 158 6 5
113 87 303 20 5
113 91 195 4 5
113 92 273 15 5
113 93 197 12 5
113 95 169 7 5
113 98 252 11 5
10 113 169 5 5
11 113 203 7 5
110 113 360 37 5
111 113 195 5 5
112 113 296 25 5
115 8 206 17 5
115 12 148 10 5
115 15 239 35 5
115 18 160 9 5
115 22 190 6 5
115 23 186 6 5
115 24 137 3 5
115 28 233 12 5
115 48 157 11 5
115 50 170 14 5
115 52 151 6 5
115 56 122 4 5
115 58 158 7 5
115 62 227 12 5
115 74 282 20 5
115 78 153 9 5
115 80 151 9 5
115 82 143 3 5
115 91 160 11 5
115 92 250 16 5
115 95 146 8 5
10 115 150 4 5
11 115 184 6 5
111 115 178 3 5
113 115 189 8 5
116 37 391 76 5
118 7 317 22 5
118 8 271 28 5
118 12 233 11 5
118 22 237 26 5
118 24 212 9 5
118 27 301 34 5
118 34 278 19 5
118 39 306 37 5
118 89 292 37 5
119 5 355 43 5
119 33 406 58 5
119 54 282 19 5
119 57 314 28 5
119 58 243 22 5
119 79 299 43 5
119 95 251 13 5
119 98 320 24 5
111 119 247 26 5
120 8 195 5 5
120 14 239 8 5
120 18 141 1 5
120 22 159 4 5
120 23 159 2 5
120 24 102 3 5
120 28 202 10 5
120 34 182 6 5
120 38 174 4 5
120 46 184 4 5
120 48 132 6 5
120 50 149 7 5
120 52 120 4 5
120 54 168 1 5
120 55 206 9 5
120 56 89 3 5
120 58 133 2 5
120 60 244 9 5
120 65 245 9 5
120 78 130 3 5
120 80 130 2 5
120 81 220 10 5
120 82 110 2 5
120 89 218 13 5
120 91 135 6 5
120 93 159 3 5
120 95 123 2 5
10 120 115 4 5
11 120 151 5 5
12 120 123 5 5
104 120 240 9 5
111 120 139 5 5
113 120 160 5 5
115 120 137 6 5
121 8 215 13 5
121 14 247 22 5
121 18 163 8 5
121 21 218 11 5
121 22 183 10 5
121 24 134 5 5
121 42 240 13 5
121 44 229 8 5
121 46 208 10 5
121 48 166 7 5
121 50 173 13 5
121 52 152 6 5
121 55 236 12 5
121 56 121 5 5
121 57 220 18 5
121 58 163 5 5
121 62 236 8 5
121 78 170 1 5
121 80 162 4 5
121 82 144 3 5
121 87 277 23 5
121 91 159 12 5
121 93 179 11 5
121 95 153 5 5
121 97 267 17 5
10 121 149 5 5
11 121 171 13 5
12 121 161 4 5
111 121 179 3 5
113 121 192 7 5
115 121 173 6 5
120 121 140 5 5
122 19 368 49 5
122 24 232 14 5
122 53 391 52 5
122 57 314 29 5
122 58 243 23 5
122 65 343 36 5
122 81 326 33 5
122 84 333 30 5
108 124 475 118 5
125 9 249 11 5
125 18 197 2 5
125 20 306 27 5
125 22 213 6 5
125 24 156 5 5
125 34 230 11 5
125 36 250 11 5
125 38 210 15 5
125 46 222 14 5
125 48 190 6 5
125 50 205 8 5
125 52 180 3 5
125 56 147 3 5
125 57 242 18 5
125 58 185 5 5
125 60 282 19 5
125 66 243 15 5
125 78 170 12 5
125 80 174 9 5
125 82 160 6 5
125 91 183 11 5
125 93 187 18 5
125 95 173 6 5
125 97 269 27 5
10 125 175 3 5
11 125 183 18 5
111 125 193 7 5
113 125 214 7 5
120 125 164 4 5
121 125 192 8 5
122 126 369 41 5
127 14 380 62 5
127 20 417 67 5
114 128 482 97 5
129 23 305 28 5
129 28 284 68 5
129 30 369 51 5
129 55 328 47 5
120 129 278 17 5
130 3 355 81 5
130 9 308 47 5
130 17 338 37 5
130 19 373 65 5
130 26 359 41 5
130 60 313 69 5
130 83 361 47 5
