Res1 Res2 NSingle NDouble Method
7 8 38 3 7
15 8 14 0 7
30 8 19 1 7
53 8 21 1 7
118 8 8 1 7
127 8 22 1 7
8 82 23 3 7
8 94 11 1 7
10 123 53 7 7
118 12 39 1 7
12 88 34 14 7
15 8 14 0 7
118 15 8 0 7
121 15 20 0 7
123 15 20 0 7
15 30 19 0 7
15 53 21 0 7
15 94 9 1 7
118 22 30 0 7
22 53 37 3 7
15 23 23 0 7
118 23 19 0 7
23 94 22 0 7
127 24 42 10 7
24 88 47 11 7
25 53 39 5 7
15 27 34 1 7
118 27 32 0 7
27 94 31 2 7
30 8 19 1 7
15 30 19 0 7
118 30 13 1 7
127 30 19 5 7
30 53 26 1 7
30 94 16 1 7
23 31 52 9 7
117 31 51 13 7
121 33 37 6 7
39 8 44 3 7
118 40 28 1 7
118 41 32 0 7
15 44 23 1 7
118 44 21 0 7
44 94 22 1 7
118 47 19 0 7
118 48 22 0 7
48 94 25 0 7
48 99 33 6 7
118 50 27 0 7
50 53 34 3 7
53 8 21 1 7
15 53 21 0 7
118 53 15 1 7
53 76 28 2 7
53 94 18 1 7
105 55 36 9 7
55 57 49 20 7
103 57 49 20 7
61 8 22 7 7
53 61 35 4 7
118 61 30 0 7
63 8 35 5 7
15 64 31 1 7
47 64 34 5 7
116 64 36 4 7
64 94 30 1 7
64 98 37 7 7
47 65 31 8 7
118 65 32 0 7
123 66 43 5 7
127 66 43 6 7
23 67 41 5 7
121 71 39 7 7
15 72 33 4 7
118 72 37 0 7
15 74 28 0 7
118 74 24 0 7
74 93 27 8 7
74 94 27 0 7
76 8 25 0 7
15 76 21 1 7
53 76 28 2 7
118 76 19 0 7
123 76 27 2 7
76 94 22 0 7
118 77 26 0 7
118 81 41 1 7
81 94 44 1 7
8 82 23 3 7
23 82 32 3 7
105 82 34 3 7
15 84 22 4 7
30 84 29 4 7
53 84 33 3 7
118 84 26 0 7
84 94 27 1 7
15 87 42 3 7
118 88 23 1 7
88 94 26 1 7
74 93 27 8 7
116 93 30 4 7
118 93 23 0 7
93 94 26 0 7
8 94 11 1 7
15 94 9 1 7
30 94 16 1 7
44 94 22 1 7
53 94 18 1 7
118 94 5 1 7
123 94 13 3 7
127 94 19 1 7
116 95 41 10 7
47 97 39 8 7
116 97 39 8 7
15 98 28 1 7
94 98 21 4 7
105 98 31 6 7
118 98 26 0 7
48 99 33 6 7
94 99 30 0 7
118 99 27 0 7
127 99 33 4 7
103 118 37 0 7
105 15 25 0 7
105 94 24 0 7
105 118 21 0 7
106 15 40 1 7
106 76 41 6 7
106 118 38 0 7
106 123 42 4 7
107 23 35 9 7
107 117 38 11 7
108 123 46 10 7
111 94 41 1 7
111 118 40 0 7
116 8 25 0 7
116 15 23 0 7
116 94 22 0 7
116 118 19 0 7
117 23 33 4 7
117 94 29 0 7
117 118 26 0 7
118 8 8 1 7
118 15 8 0 7
118 30 13 1 7
118 53 15 1 7
118 94 5 1 7
118 121 14 1 7
118 123 16 0 7
118 127 16 1 7
119 47 37 6 7
121 8 22 0 7
121 15 20 0 7
121 94 19 0 7
118 121 14 1 7
121 127 26 2 7
122 15 42 1 7
122 30 41 5 7
122 94 39 2 7
118 122 38 1 7
123 8 22 0 7
123 15 20 0 7
123 94 13 3 7
118 123 16 0 7
125 8 40 5 7
127 8 22 1 7
127 15 22 0 7
127 30 19 5 7
127 94 19 1 7
118 127 16 1 7
121 127 26 2 7
123 128 46 4 7
130 74 41 12 7
