Res1 Res2 NSingle NDouble Method
15 8 10 0 7
30 8 11 1 7
53 8 13 1 7
118 8 5 1 7
8 94 7 1 7
15 8 10 0 7
118 15 7 0 7
15 94 7 1 7
30 8 11 1 7
118 30 8 1 7
30 94 10 1 7
118 53 10 1 7
61 8 15 4 7
47 65 16 9 7
15 72 21 3 7
123 76 18 2 7
8 82 16 2 7
15 84 15 3 7
30 84 16 4 7
118 84 16 1 7
84 94 16 2 7
8 94 7 1 7
15 94 7 1 7
30 94 10 1 7
53 94 12 1 7
118 94 4 1 7
123 94 8 2 7
116 95 22 12 7
94 98 14 3 7
105 98 18 5 7
105 118 14 0 7
107 23 19 11 7
108 123 30 7 7
116 118 16 0 7
118 8 5 1 7
118 15 7 0 7
118 30 8 1 7
118 53 10 1 7
118 94 4 1 7
118 127 11 1 7
118 121 13 1 7
123 94 8 2 7
118 123 10 0 7
125 8 24 4 7
127 8 14 1 7
127 30 11 4 7
127 94 13 1 7
118 127 11 1 7
