Res1 Res2 NSingle NDouble Method
37 9 48 27 3
68 9 53 29 3
11 32 3 26 3
114 14 29 14 3
19 76 17 19 3
25 36 25 26 3
17 28 26 21 3
11 32 3 26 3
102 33 27 21 3
40 43 13 28 3
114 41 36 15 3
27 43 28 20 3
40 43 13 28 3
115 43 25 15 3
44 70 51 14 3
44 77 50 20 3
5 50 8 20 3
57 62 19 19 3
57 75 18 19 3
67 89 11 18 3
68 79 29 22 3
53 69 18 18 3
72 83 13 11 3
74 79 29 19 3
78 96 19 18 3
3 90 35 20 3
4 90 30 21 3
5 91 7 20 3
114 97 30 17 3
105 112 0 11 3
111 120 10 15 3
105 112 0 11 3
113 122 8 18 3
114 115 7 16 3
114 115 7 16 3
113 122 8 18 3
