Res1 Res2 NSingle NDouble Method
3 58 19 5 7
29 5 5 4 7
114 5 3 4 7
5 53 11 0 7
15 61 16 2 7
20 5 9 5 7
114 20 8 6 7
20 21 8 8 7
20 29 8 7 7
20 38 7 8 7
21 5 11 2 7
109 21 12 3 7
114 21 8 4 7
21 29 12 3 7
21 38 3 8 7
21 92 4 6 7
25 58 22 6 7
36 85 21 11 7
102 37 19 12 7
37 53 17 5 7
37 94 20 5 7
38 5 8 3 7
21 38 3 8 7
29 38 9 4 7
109 38 9 4 7
114 38 5 5 7
38 92 7 4 7
43 53 16 5 7
41 49 18 4 7
43 53 16 5 7
53 94 9 3 7
3 58 19 5 7
79 90 26 5 7
118 82 19 6 7
123 82 16 5 7
36 85 21 11 7
43 88 20 4 7
88 94 13 2 7
41 90 15 2 7
109 90 15 2 7
5 92 9 1 7
53 92 12 0 7
114 92 10 1 7
53 94 9 3 7
88 94 13 2 7
102 94 19 6 7
104 94 16 3 7
102 37 19 12 7
109 114 6 4 7
114 5 3 4 7
114 29 6 4 7
114 38 5 5 7
114 92 10 1 7
109 114 6 4 7
118 82 19 6 7
11 118 28 7 7
121 53 21 5 7
123 5 12 2 7
123 29 15 2 7
123 82 16 5 7
129 5 10 5 7
