Res1 Res2 NSingle NDouble Method
107 2 75 42 7
3 58 29 4 7
29 5 10 6 7
41 5 19 0 7
109 5 11 4 7
114 5 8 4 7
5 53 15 0 7
5 61 20 0 7
5 88 20 0 7
5 92 16 1 7
5 94 20 0 7
11 88 30 7 7
12 53 30 0 7
14 5 24 0 7
114 14 24 0 7
14 53 23 0 7
15 41 24 1 7
15 53 22 0 7
15 61 25 1 7
16 5 18 5 7
109 16 17 7 7
114 16 20 4 7
16 29 14 10 7
16 53 27 0 7
20 29 12 13 7
21 5 20 3 7
109 21 21 4 7
114 21 14 6 7
21 29 22 5 7
21 38 8 12 7
21 53 25 0 7
21 92 8 10 7
27 92 30 4 7
29 5 10 6 7
29 53 21 0 7
29 92 24 0 7
30 41 27 1 7
30 55 35 6 7
30 61 26 2 7
102 37 34 13 7
37 53 21 6 7
37 94 22 8 7
38 5 14 4 7
114 38 8 7 7
38 53 21 0 7
38 92 16 4 7
39 92 33 5 7
41 5 19 0 7
15 41 24 1 7
109 41 22 0 7
114 41 19 0 7
123 41 23 1 7
41 53 18 0 7
41 61 21 1 7
41 90 23 1 7
41 92 21 0 7
43 53 27 4 7
43 85 41 9 7
43 88 26 7 7
43 94 34 3 7
3 44 59 16 7
41 49 24 7 7
5 53 15 0 7
37 53 21 6 7
43 53 27 4 7
114 53 15 0 7
53 92 17 0 7
53 94 11 4 7
3 58 29 4 7
5 61 20 0 7
15 61 25 1 7
41 61 21 1 7
53 61 19 0 7
114 61 20 0 7
61 88 22 1 7
61 92 22 0 7
61 94 22 1 7
51 65 38 17 7
5 73 22 0 7
53 73 21 0 7
114 73 22 0 7
73 88 24 1 7
73 90 26 1 7
15 74 43 7 7
74 82 48 8 7
5 75 24 1 7
42 75 19 9 7
114 75 24 1 7
75 92 20 4 7
53 77 29 0 7
118 79 44 6 7
79 90 40 4 7
118 82 32 6 7
123 82 28 4 7
74 84 60 17 7
106 85 40 8 7
85 88 33 5 7
53 86 27 1 7
73 86 30 3 7
61 88 22 1 7
88 94 22 1 7
41 90 23 1 7
109 90 23 1 7
5 92 16 1 7
38 92 16 4 7
41 92 21 0 7
53 92 17 0 7
61 92 22 0 7
88 92 22 0 7
109 92 19 1 7
114 92 16 1 7
92 94 22 0 7
53 94 11 4 7
61 94 22 1 7
88 94 22 1 7
104 94 25 4 7
41 96 36 7 7
53 98 26 0 7
102 37 34 13 7
102 53 35 3 7
102 94 30 8 7
102 104 37 9 7
104 20 25 10 7
104 21 25 7 7
104 29 29 3 7
104 53 26 1 7
104 92 17 7 7
104 94 25 4 7
104 129 27 7 7
108 53 29 1 7
108 114 30 1 7
109 5 11 4 7
109 29 11 7 7
109 38 13 6 7
109 41 22 0 7
109 53 18 0 7
109 92 19 1 7
109 114 11 4 7
114 5 8 4 7
114 29 12 5 7
114 41 19 0 7
114 53 15 0 7
109 114 11 4 7
118 80 37 9 7
118 82 32 6 7
11 118 40 7 7
119 53 31 0 7
121 53 30 6 7
121 94 37 5 7
123 5 16 3 7
123 16 28 3 7
123 29 22 3 7
123 41 23 1 7
123 82 28 4 7
123 88 24 1 7
109 123 23 1 7
114 123 20 1 7
129 5 18 5 7
129 29 22 6 7
129 38 16 9 7
129 53 27 0 7
129 92 20 5 7
109 129 23 4 7
114 129 18 5 7
