Res1 Res2 NSingle NDouble Method
2 48 7 21 2
54 8 5 9 2
35 9 10 22 2
14 24 6 14 2
21 87 6 15 2
22 89 6 6 2
14 24 6 14 2
18 30 2 4 2
32 60 10 15 2
34 75 5 10 2
100 38 2 10 2
44 70 10 15 2
2 48 7 21 2
60 64 4 12 2
45 62 8 21 2
60 64 4 12 2
129 69 1 4 2
71 83 2 11 2
71 84 2 11 2
34 75 5 10 2
80 85 1 7 2
71 83 2 11 2
83 84 2 12 2
71 84 2 11 2
83 84 2 12 2
80 85 1 7 2
22 89 6 6 2
89 91 5 7 2
89 91 5 7 2
101 98 2 9 2
108 98 2 9 2
106 99 3 2 2
116 99 3 2 2
122 99 3 2 2
125 99 0 3 2
129 99 3 2 2
101 108 0 10 2
103 120 2 9 2
104 117 1 9 2
105 121 0 10 2
101 108 0 10 2
110 115 2 5 2
111 115 1 5 2
110 115 2 5 2
111 115 1 5 2
115 126 1 5 2
116 122 0 4 2
116 126 1 4 2
104 117 1 9 2
100 120 2 9 2
101 120 2 9 2
103 120 2 9 2
108 120 2 9 2
105 121 0 10 2
116 122 0 4 2
122 126 1 4 2
125 99 0 3 2
106 125 3 2 2
116 125 3 2 2
122 125 3 2 2
125 129 3 2 2
111 126 2 4 2
115 126 1 5 2
116 126 1 4 2
122 126 1 4 2
