Res1 Res2 NSingle NDouble Method
10 82 16 12 2
10 87 16 13 2
13 39 7 8 2
14 24 7 16 2
21 87 13 15 2
22 89 6 8 2
14 24 7 16 2
33 39 8 10 2
45 62 14 22 2
2 48 20 23 2
50 97 9 10 2
100 58 4 10 2
45 62 14 22 2
129 69 1 5 2
100 72 5 10 2
71 75 7 10 2
80 85 1 8 2
71 83 5 12 2
83 84 4 15 2
71 84 5 12 2
83 84 4 15 2
80 85 1 8 2
22 89 6 8 2
89 91 7 7 2
37 92 12 7 2
50 97 9 10 2
93 97 11 11 2
101 98 5 10 2
108 98 5 10 2
125 99 0 4 2
101 108 0 12 2
103 120 3 12 2
104 117 1 9 2
105 121 0 14 2
101 108 0 12 2
109 111 2 4 2
109 111 2 4 2
111 115 1 5 2
111 126 2 4 2
111 115 1 5 2
115 116 2 4 2
115 122 2 4 2
115 126 1 5 2
115 116 2 4 2
116 122 0 4 2
116 126 1 4 2
117 58 5 9 2
100 117 5 8 2
104 117 1 9 2
103 120 3 12 2
105 121 0 14 2
115 122 2 4 2
116 122 0 4 2
122 126 1 4 2
125 99 0 4 2
111 126 2 4 2
115 126 1 5 2
116 126 1 4 2
122 126 1 4 2
127 129 2 5 2
