Res1 Res2 NSingle NDouble Method
2 8 13 1 5
15 2 10 2 5
19 2 4 6 5
19 8 13 1 5
15 19 10 2 5
23 8 12 1 5
2 23 7 4 5
15 23 7 3 5
19 23 5 5 5
15 30 7 0 5
19 48 16 4 5
30 49 16 1 5
15 53 7 0 5
30 53 2 0 5
31 54 20 18 5
2 57 15 3 5
48 57 19 5 5
2 59 15 4 5
19 59 15 4 5
23 59 14 4 5
36 68 19 5 5
56 68 17 7 5
48 71 17 9 5
57 71 16 8 5
56 73 22 11 5
62 73 19 9 5
66 73 19 11 5
15 75 12 2 5
19 75 14 2 5
15 77 7 3 5
23 77 10 2 5
68 77 8 3 5
15 78 10 3 5
23 78 13 2 5
68 78 7 5 5
75 78 14 3 5
77 78 7 5 5
2 82 14 1 5
8 82 13 1 5
19 82 14 1 5
21 82 23 5 5
57 82 17 2 5
59 82 15 4 5
2 83 14 3 5
15 83 6 6 5
23 83 13 3 5
77 83 9 5 5
78 83 12 5 5
68 86 10 5 5
77 86 12 4 5
78 86 9 7 5
62 87 12 8 5
69 87 18 8 5
73 87 15 8 5
30 88 5 0 5
53 88 5 0 5
68 88 3 4 5
75 88 12 1 5
77 88 9 1 5
78 88 10 2 5
86 88 11 3 5
8 94 9 0 5
13 94 13 2 5
15 94 8 0 5
23 94 9 0 5
30 94 3 0 5
53 94 3 0 5
68 94 9 0 5
77 94 9 0 5
80 94 16 2 5
88 94 6 0 5
15 96 6 4 5
19 96 14 1 5
23 96 11 2 5
75 96 14 2 5
77 96 11 2 5
78 96 12 3 5
83 96 12 4 5
86 96 15 3 5
66 97 8 16 5
87 97 16 7 5
32 99 23 14 5
101 15 6 4 5
101 19 14 1 5
101 23 11 2 5
101 74 11 7 5
101 75 14 2 5
101 77 11 2 5
101 78 12 3 5
101 83 10 5 5
101 96 8 4 5
102 53 9 1 5
102 99 21 5 5
106 8 17 4 5
107 9 27 5 5
107 82 17 3 5
108 63 19 19 5
110 75 14 3 5
102 110 16 2 5
111 15 12 4 5
111 59 19 5 5
111 83 14 6 5
111 96 16 3 5
112 2 11 4 5
112 15 5 6 5
112 19 13 3 5
112 23 12 3 5
112 75 13 4 5
112 77 12 3 5
112 83 7 8 5
112 96 11 4 5
101 112 9 5 5
114 74 15 8 5
116 15 7 5 5
116 23 12 3 5
116 74 10 9 5
116 77 12 3 5
116 83 13 5 5
116 96 11 4 5
101 116 5 7 5
112 116 10 6 5
117 82 15 6 5
117 94 17 2 5
118 2 8 3 5
118 8 11 1 5
118 19 8 3 5
118 23 9 2 5
118 30 7 0 5
118 53 7 0 5
118 57 11 4 5
118 75 12 2 5
118 82 12 1 5
118 94 8 0 5
110 118 14 1 5
111 119 11 10 5
112 119 14 7 5
120 2 10 2 5
120 15 8 2 5
120 23 11 1 5
120 30 7 0 5
120 53 7 0 5
120 74 13 5 5
120 77 11 1 5
120 83 12 3 5
120 94 8 0 5
120 96 12 1 5
101 120 8 3 5
102 120 12 2 5
110 120 12 2 5
111 120 14 3 5
112 120 9 4 5
114 120 14 3 5
116 120 7 5 5
121 62 15 8 5
121 66 13 11 5
121 69 17 10 5
121 73 14 10 5
121 87 11 7 5
121 97 11 11 5
123 30 7 0 5
123 41 14 2 5
123 48 18 2 5
123 53 7 0 5
123 68 9 2 5
123 74 19 2 5
123 75 14 1 5
123 78 14 1 5
123 86 15 2 5
123 88 8 1 5
123 94 8 0 5
110 123 14 1 5
124 41 15 8 5
110 124 19 5 5
123 124 19 3 5
126 74 11 11 5
126 96 16 4 5
112 126 11 8 5
114 126 8 11 5
116 126 9 9 5
120 126 12 5 5
128 15 10 4 5
128 23 15 2 5
128 49 17 6 5
128 53 11 1 5
128 77 13 3 5
102 128 16 3 5
116 128 13 5 5
126 128 18 5 5
13 130 28 8 5
