10	30
10	97
100	70
102	118
102	127
102	128
102	15
102	20
102	34
102	85
102	94
104	105
104	107
104	112
104	114
104	122
104	127
104	18
104	34
104	60
104	67
104	68
104	8
104	82
105	107
105	112
105	114
105	122
105	127
105	15
105	60
105	68
105	8
105	82
105	94
107	112
107	113
107	114
107	122
107	123
107	127
107	15
107	30
107	52
107	53
107	68
107	76
107	8
107	82
107	87
107	94
109	113
109	124
109	35
109	63
111	122
111	25
112	114
112	122
112	30
112	60
112	68
112	94
113	127
113	34
113	53
113	8
113	88
114	122
114	123
114	18
114	60
114	67
114	68
114	76
114	94
118	70
119	88
119	96
120	20
120	97
122	127
122	18
122	22
122	52
122	53
122	60
122	67
122	68
122	8
122	85
123	35
123	41
123	42
123	53
125	50
125	59
125	99
127	15
127	25
127	30
127	34
127	41
127	50
127	52
127	53
127	56
127	59
127	60
127	67
127	68
127	8
127	82
127	87
127	88
127	94
15	34
15	8
15	87
15	94
17	72
18	20
18	60
18	68
20	40
21	77
22	52
22	53
22	60
22	75
24	28
24	46
24	49
24	59
24	87
25	88
28	37
28	49
28	52
28	72
28	87
29	41
29	42
30	52
30	70
30	8
30	88
30	97
34	50
34	65
34	8
34	94
35	41
35	42
35	53
35	63
36	87
37	94
40	70
41	42
41	48
41	53
41	67
41	70
41	94
42	53
42	63
46	59
46	88
47	52
48	5
49	88
5	60
5	88
50	52
50	59
50	60
50	8
52	53
52	59
52	72
52	8
52	87
52	88
53	60
53	67
53	8
53	87
53	88
56	60
56	80
58	63
59	60
59	72
59	8
59	87
60	67
60	68
60	8
60	87
67	68
67	8
67	82
67	85
67	87
68	8
68	87
68	94
69	7
70	94
76	94
8	82
8	87
8	88
8	94
8	97
82	85
87	88
87	94
87	97
88	96
