Res1 Res2 NSingle NDouble Method
1 103 49 20 4
1 104 46 7 4
1 107 45 5 4
1 114 44 9 4
105 2 65 7 4
102 3 48 9 4
105 3 48 5 4
107 3 49 3 4
112 3 48 8 4
3 85 54 7 4
3 86 33 25 4
3 94 49 3 4
17 4 45 19 4
125 4 33 20 4
4 59 35 13 4
4 87 44 4 4
48 5 38 14 4
104 5 33 5 4
122 5 33 5 4
5 60 32 7 4
5 68 31 9 4
5 87 32 3 4
5 88 31 6 4
69 7 30 35 4
105 7 44 7 4
107 7 45 5 4
112 7 46 9 4
114 7 46 8 4
7 73 39 21 4
15 8 8 0 4
30 8 14 0 4
34 8 17 1 4
50 8 21 1 4
52 8 12 1 4
53 8 13 1 4
59 8 16 1 4
60 8 15 1 4
61 8 3 0 4
67 8 18 1 4
68 8 18 1 4
104 8 14 0 4
105 8 12 0 4
107 8 9 0 4
113 8 15 0 4
122 8 14 0 4
127 8 5 1 4
8 82 14 0 4
8 87 7 1 4
8 88 12 1 4
8 94 9 0 4
8 97 23 1 4
46 9 60 20 4
49 9 61 23 4
59 9 64 12 4
10 30 34 5 4
10 76 44 7 4
10 94 35 2 4
10 97 41 7 4
10 107 33 3 4
10 112 38 5 4
11 73 46 21 4
107 12 49 5 4
12 50 49 12 4
12 127 51 3 4
13 8 45 3 4
127 13 46 3 4
13 30 45 7 4
13 52 47 6 4
114 14 51 8 4
122 14 51 7 4
14 18 49 13 4
15 8 8 0 4
102 15 20 1 4
105 15 14 0 4
107 15 11 0 4
127 15 9 0 4
15 33 34 3 4
15 34 19 1 4
15 46 28 2 4
15 61 5 0 4
15 87 11 0 4
15 94 11 0 4
15 96 31 2 4
104 16 42 9 4
105 16 42 8 4
107 16 47 4 4
112 16 46 9 4
114 16 40 11 4
16 68 36 15 4
17 8 38 1 4
15 17 38 2 4
122 17 42 3 4
125 17 38 13 4
127 17 39 1 4
17 24 36 15 4
17 46 42 11 4
17 52 40 4 4
17 59 28 12 4
17 60 37 7 4
17 72 35 15 4
17 99 39 19 4
104 18 20 6 4
105 18 28 1 4
112 18 30 3 4
114 18 22 6 4
122 18 20 6 4
18 20 34 5 4
18 52 28 2 4
18 60 27 4 4
18 61 21 0 4
18 67 32 3 4
18 68 26 6 4
18 87 25 1 4
19 50 47 9 4
19 65 49 16 4
20 8 26 0 4
18 20 34 5 4
102 20 32 4 4
113 20 31 2 4
120 20 40 11 4
127 20 27 0 4
20 30 32 1 4
20 40 33 10 4
20 53 33 1 4
20 61 23 0 4
20 87 27 1 4
20 88 32 1 4
118 21 50 12 4
21 30 53 5 4
21 40 54 14 4
21 41 55 7 4
21 77 51 27 4
22 8 27 2 4
104 22 35 2 4
105 22 33 2 4
122 22 29 5 4
127 22 30 1 4
22 52 29 5 4
22 53 32 4 4
22 60 28 7 4
22 61 28 0 4
22 72 40 8 4
22 75 51 19 4
22 88 35 2 4
23 28 40 16 4
23 46 42 16 4
23 49 41 20 4
23 87 43 5 4
24 8 30 1 4
107 24 33 1 4
127 24 31 1 4
24 25 37 8 4
24 28 28 13 4
24 46 28 14 4
24 49 35 14 4
24 52 32 4 4
24 59 28 8 4
24 61 29 0 4
24 68 32 7 4
24 87 25 5 4
24 94 31 2 4
25 8 25 1 4
24 25 37 8 4
105 25 29 2 4
111 25 35 6 4
127 25 22 3 4
25 50 30 7 4
25 56 36 10 4
25 60 30 4 4
25 68 31 5 4
25 87 26 2 4
25 88 29 3 4
121 26 49 36 4
26 30 61 7 4
26 88 61 7 4
15 27 36 2 4
105 27 38 3 4
107 27 35 3 4
27 42 44 8 4
27 73 45 11 4
28 8 26 1 4
24 28 28 13 4
122 28 32 2 4
125 28 34 9 4
28 37 35 11 4
28 49 33 13 4
28 52 26 5 4
28 59 30 5 4
28 61 25 0 4
28 67 34 4 4
28 68 34 4 4
28 72 31 11 4
28 87 23 4 4
29 8 33 1 4
15 29 35 1 4
109 29 41 11 4
113 29 38 3 4
123 29 36 7 4
125 29 45 7 4
127 29 34 1 4
29 35 43 8 4
29 41 37 6 4
29 42 35 11 4
29 53 32 6 4
29 59 31 8 4
29 61 32 0 4
29 82 35 4 4
30 8 14 0 4
10 30 34 5 4
15 30 16 0 4
107 30 17 0 4
112 30 24 1 4
127 30 15 0 4
30 52 20 1 4
30 61 11 0 4
30 70 27 2 4
30 87 17 0 4
30 88 18 2 4
30 94 17 0 4
30 97 25 4 4
125 31 49 24 4
31 59 59 13 4
32 50 56 19 4
32 56 60 23 4
15 33 34 3 4
112 33 38 6 4
114 33 36 6 4
33 46 40 11 4
33 56 43 12 4
33 59 36 7 4
34 8 17 1 4
15 34 19 1 4
102 34 25 4 4
104 34 25 1 4
113 34 24 2 4
127 34 18 1 4
34 50 28 4 4
34 61 16 0 4
34 65 38 7 4
34 86 40 5 4
34 94 20 1 4
35 8 30 0 4
15 35 32 0 4
30 35 34 2 4
100 35 35 13 4
109 35 32 13 4
123 35 27 9 4
127 35 31 0 4
35 41 36 4 4
35 42 30 11 4
35 53 29 5 4
35 61 27 0 4
35 63 21 18 4
36 8 30 1 4
28 36 38 8 4
127 36 29 2 4
36 46 38 9 4
36 59 34 5 4
36 61 29 0 4
36 68 36 5 4
36 87 25 5 4
28 37 35 11 4
104 37 37 3 4
105 37 35 3 4
107 37 30 4 4
112 37 37 5 4
114 37 37 4 4
127 37 32 2 4
37 50 36 8 4
37 52 37 3 4
37 68 35 7 4
37 87 30 4 4
37 94 32 3 4
23 38 62 27 4
104 39 47 6 4
122 39 47 6 4
39 68 51 7 4
40 8 33 0 4
18 40 39 6 4
20 40 33 10 4
100 40 42 11 4
102 40 37 5 4
127 40 34 0 4
40 41 39 4 4
40 61 30 0 4
40 70 34 8 4
40 85 39 5 4
40 87 34 1 4
40 88 37 2 4
40 94 32 2 4
41 8 20 0 4
29 41 37 6 4
35 41 36 4 4
100 41 41 5 4
123 41 27 4 4
127 41 17 2 4
41 42 32 5 4
41 48 39 6 4
41 50 31 3 4
41 53 23 3 4
41 61 17 0 4
41 67 30 2 4
41 70 31 3 4
41 94 19 2 4
42 8 26 1 4
15 42 28 1 4
29 42 35 11 4
35 42 30 11 4
41 42 32 5 4
109 42 36 10 4
123 42 23 10 4
127 42 27 1 4
42 53 21 8 4
42 61 25 0 4
42 63 35 10 4
42 87 29 1 4
42 88 30 3 4
113 44 53 7 4
44 88 52 7 4
45 8 35 1 4
37 45 36 15 4
105 45 35 4 4
113 45 40 3 4
127 45 32 3 4
45 50 38 8 4
45 87 32 4 4
45 88 39 3 4
46 8 28 1 4
15 46 28 2 4
24 46 28 14 4
28 46 36 8 4
125 46 32 11 4
127 46 29 1 4
46 59 26 8 4
46 61 27 0 4
46 87 25 4 4
46 88 30 4 4
47 8 43 3 4
104 47 41 8 4
105 47 43 6 4
107 47 48 2 4
112 47 37 12 4
114 47 43 8 4
122 47 43 7 4
47 52 37 10 4
47 60 40 10 4
47 68 41 11 4
47 94 46 3 4
48 5 38 14 4
48 8 35 1 4
18 48 39 8 4
41 48 39 6 4
104 48 33 6 4
105 48 39 2 4
114 48 37 5 4
122 48 33 6 4
127 48 36 1 4
129 48 44 7 4
48 53 38 4 4
48 60 36 6 4
48 68 35 8 4
48 88 37 4 4
49 8 35 1 4
23 49 41 20 4
24 49 35 14 4
28 49 33 13 4
46 49 35 13 4
127 49 36 1 4
49 59 39 5 4
49 87 28 6 4
49 88 35 5 4
50 8 21 1 4
25 50 30 7 4
34 50 28 4 4
104 50 27 2 4
125 50 29 9 4
127 50 18 3 4
50 52 25 3 4
50 59 25 5 4
50 60 26 4 4
50 61 20 0 4
50 87 24 1 4
18 51 49 7 4
103 51 54 14 4
104 51 43 5 4
112 51 43 7 4
114 51 45 5 4
51 67 41 9 4
51 76 47 10 4
51 82 37 8 4
51 85 47 7 4
52 8 12 1 4
15 52 16 0 4
22 52 29 5 4
28 52 26 5 4
30 52 20 1 4
47 52 37 10 4
50 52 25 3 4
107 52 17 0 4
122 52 18 2 4
127 52 13 1 4
52 53 21 1 4
52 59 22 2 4
52 61 11 0 4
52 72 27 6 4
52 87 15 1 4
52 88 20 1 4
52 94 17 0 4
53 8 13 1 4
15 53 17 0 4
22 53 32 4 4
29 53 32 6 4
35 53 29 5 4
41 53 23 3 4
42 53 21 8 4
52 53 21 1 4
105 53 21 0 4
107 53 18 0 4
113 53 22 1 4
122 53 21 1 4
123 53 20 5 4
127 53 14 1 4
53 60 22 2 4
53 61 12 0 4
53 63 32 5 4
53 67 23 3 4
53 87 16 1 4
53 88 19 2 4
53 94 18 0 4
125 54 71 23 4
14 55 55 35 4
56 8 33 1 4
18 56 35 9 4
50 56 38 7 4
52 56 37 3 4
104 56 31 6 4
105 56 29 6 4
107 56 34 2 4
112 56 27 10 4
114 56 27 9 4
122 56 33 5 4
127 56 30 3 4
56 60 32 7 4
56 61 32 0 4
56 68 29 10 4
56 76 35 11 4
56 80 33 17 4
56 87 36 1 4
56 94 36 1 4
20 58 48 11 4
53 58 49 5 4
100 58 39 21 4
123 58 47 9 4
127 58 49 1 4
58 63 31 23 4
59 8 16 1 4
15 59 20 0 4
24 59 28 8 4
29 59 31 8 4
46 59 26 8 4
50 59 25 5 4
52 59 22 2 4
53 59 25 1 4
107 59 21 0 4
122 59 24 1 4
125 59 18 12 4
127 59 17 1 4
59 60 21 4 4
59 61 15 0 4
59 72 21 11 4
59 87 19 1 4
59 88 24 1 4
59 94 21 0 4
60 8 15 1 4
5 60 32 7 4
18 60 27 4 4
22 60 28 7 4
50 60 26 4 4
52 60 23 1 4
53 60 22 2 4
56 60 32 7 4
59 60 21 4 4
104 60 17 4 4
105 60 17 3 4
112 60 21 4 4
114 60 19 4 4
122 60 15 5 4
127 60 16 1 4
60 61 14 0 4
60 67 27 2 4
60 68 19 6 4
60 87 18 1 4
60 88 23 1 4
25 62 44 9 4
46 62 45 10 4
56 62 48 11 4
63 8 33 0 4
35 63 21 18 4
42 63 35 10 4
53 63 32 5 4
58 63 31 23 4
61 63 30 0 4
109 63 33 14 4
123 63 32 8 4
127 63 34 0 4
63 88 39 1 4
63 94 34 1 4
64 81 44 40 4
65 8 37 1 4
34 65 38 7 4
45 65 40 15 4
50 65 36 10 4
107 65 36 3 4
127 65 34 3 4
67 8 18 1 4
41 67 30 2 4
53 67 23 3 4
60 67 27 2 4
61 67 17 0 4
104 67 22 3 4
114 67 24 3 4
122 67 24 2 4
127 67 19 1 4
67 68 22 6 4
67 82 14 7 4
67 85 24 6 4
67 87 19 2 4
68 8 18 1 4
15 68 22 0 4
18 68 26 6 4
52 68 26 1 4
53 68 27 1 4
60 68 19 6 4
61 68 17 0 4
67 68 22 6 4
104 68 16 6 4
105 68 18 4 4
107 68 21 1 4
112 68 20 6 4
114 68 18 6 4
122 68 18 5 4
127 68 19 1 4
68 87 17 3 4
68 88 26 1 4
68 94 19 2 4
69 7 30 35 4
52 69 48 7 4
107 69 47 5 4
112 69 50 8 4
114 69 50 7 4
69 73 37 23 4
70 8 23 0 4
15 70 25 0 4
30 70 27 2 4
40 70 34 8 4
41 70 31 3 4
61 70 20 0 4
100 70 36 9 4
104 70 29 1 4
105 70 27 1 4
107 70 22 2 4
114 70 29 2 4
118 70 34 4 4
127 70 24 0 4
70 77 45 14 4
70 94 20 3 4
68 71 51 7 4
105 71 41 8 4
107 71 46 4 4
112 71 41 11 4
72 8 27 2 4
17 72 35 15 4
28 72 31 11 4
52 72 27 6 4
59 72 21 11 4
60 72 34 4 4
61 72 28 0 4
122 72 35 2 4
125 72 31 12 4
127 72 30 1 4
72 87 32 1 4
73 8 33 1 4
15 73 33 2 4
61 73 32 0 4
68 73 35 7 4
104 73 37 3 4
105 73 25 8 4
107 73 26 6 4
112 73 29 9 4
114 73 29 8 4
123 73 40 5 4
127 73 34 1 4
73 87 36 1 4
73 94 32 3 4
15 74 43 3 4
17 74 39 21 4
52 74 43 6 4
59 74 35 12 4
72 74 34 19 4
125 74 45 13 4
74 84 36 26 4
22 75 51 19 4
127 75 59 3 4
76 8 28 0 4
15 76 30 0 4
18 76 34 6 4
52 76 30 3 4
53 76 33 2 4
61 76 25 0 4
67 76 34 4 4
68 76 32 5 4
104 76 30 3 4
105 76 26 4 4
107 76 25 3 4
112 76 26 7 4
114 76 24 7 4
122 76 30 3 4
127 76 29 0 4
76 82 32 2 4
76 94 27 2 4
21 77 51 27 4
30 77 50 7 4
70 77 45 14 4
127 77 51 3 4
20 78 44 10 4
61 78 41 0 4
78 82 40 6 4
78 87 45 1 4
50 79 41 14 4
59 79 50 7 4
127 79 47 3 4
79 87 45 5 4
15 80 38 1 4
18 80 40 8 4
56 80 33 17 4
60 80 39 5 4
68 80 32 10 4
76 80 34 13 4
104 80 36 5 4
105 80 32 6 4
107 80 35 3 4
112 80 32 9 4
114 80 30 9 4
122 80 34 6 4
127 80 37 1 4
80 94 37 2 4
8 81 52 1 4
50 81 43 14 4
68 81 38 15 4
104 81 46 8 4
105 81 46 7 4
107 81 49 4 4
112 81 42 12 4
114 81 40 12 4
127 81 49 3 4
81 87 47 5 4
8 82 14 0 4
15 82 16 0 4
30 82 22 0 4
52 82 22 0 4
53 82 23 0 4
61 82 11 0 4
67 82 14 7 4
104 82 20 1 4
105 82 20 0 4
107 82 17 0 4
113 82 23 0 4
114 82 24 0 4
122 82 22 0 4
127 82 15 0 4
82 85 20 5 4
82 87 17 0 4
82 88 22 0 4
82 94 17 0 4
30 83 64 8 4
17 84 47 17 4
52 84 41 7 4
59 84 39 10 4
60 84 42 8 4
72 84 36 18 4
74 84 36 26 4
122 84 45 5 4
8 85 22 0 4
15 85 24 0 4
18 85 34 3 4
52 85 28 1 4
61 85 19 0 4
67 85 24 6 4
68 85 32 2 4
82 85 20 5 4
102 85 28 4 4
104 85 26 2 4
107 85 25 0 4
114 85 28 2 4
122 85 24 3 4
127 85 23 0 4
85 87 25 0 4
85 94 25 0 4
8 86 35 1 4
15 86 39 0 4
34 86 40 5 4
61 86 34 0 4
102 86 39 6 4
104 86 37 4 4
105 86 33 5 4
107 86 30 5 4
112 86 31 9 4
114 86 33 7 4
127 86 38 0 4
86 94 32 4 4
8 87 7 1 4
15 87 11 0 4
24 87 25 5 4
25 87 26 2 4
28 87 23 4 4
36 87 25 5 4
46 87 25 4 4
49 87 28 6 4
52 87 15 1 4
53 87 16 1 4
59 87 19 1 4
60 87 18 1 4
61 87 6 0 4
67 87 19 2 4
68 87 17 3 4
107 87 12 0 4
127 87 8 1 4
87 88 15 1 4
87 94 12 0 4
87 97 24 2 4
5 88 31 6 4
8 88 12 1 4
25 88 29 3 4
30 88 18 2 4
46 88 30 4 4
49 88 35 5 4
52 88 20 1 4
53 88 19 2 4
61 88 11 0 4
87 88 15 1 4
113 88 17 3 4
119 88 36 7 4
127 88 13 1 4
88 96 31 5 4
15 89 45 2 4
28 89 45 12 4
46 89 37 17 4
52 89 43 6 4
59 89 35 12 4
72 89 34 19 4
125 89 43 14 4
8 90 46 1 4
35 90 42 15 4
42 90 46 12 4
53 90 45 6 4
63 90 47 14 4
102 90 48 7 4
123 90 49 7 4
35 92 51 15 4
41 92 57 7 4
42 92 49 15 4
100 92 50 19 4
123 92 56 8 4
92 94 54 3 4
8 94 9 0 4
15 94 11 0 4
34 94 20 1 4
37 94 32 3 4
41 94 19 2 4
61 94 6 0 4
68 94 19 2 4
70 94 20 3 4
73 94 32 3 4
76 94 27 2 4
87 94 12 0 4
102 94 21 1 4
105 94 13 1 4
107 94 8 2 4
112 94 15 3 4
114 94 17 1 4
123 94 22 1 4
127 94 10 0 4
15 95 53 3 4
35 95 43 19 4
42 95 45 17 4
53 95 54 6 4
119 95 49 22 4
123 95 52 10 4
124 95 41 28 4
8 96 31 1 4
15 96 31 2 4
30 96 35 3 4
87 96 34 1 4
88 96 31 5 4
94 96 34 1 4
100 96 42 11 4
119 96 39 15 4
127 96 32 1 4
8 97 23 1 4
10 97 41 7 4
30 97 25 4 4
63 97 34 9 4
87 97 24 2 4
88 97 29 2 4
120 97 41 10 4
127 97 24 1 4
17 99 39 19 4
24 99 39 15 4
28 99 43 11 4
50 99 42 9 4
61 99 40 0 4
87 99 40 3 4
125 99 33 17 4
100 8 37 0 4
100 35 35 13 4
100 41 41 5 4
100 53 34 6 4
100 61 34 0 4
100 63 38 13 4
100 70 36 9 4
100 94 36 2 4
100 123 36 8 4
102 8 20 0 4
102 15 20 1 4
102 20 32 4 4
102 34 25 4 4
102 61 17 0 4
102 85 28 4 4
102 87 23 0 4
102 94 21 1 4
102 105 26 0 4
102 107 23 0 4
102 118 33 3 4
102 127 19 1 4
102 128 27 14 4
103 18 37 12 4
103 52 45 3 4
103 60 38 8 4
103 61 40 0 4
103 68 37 10 4
103 94 42 2 4
103 104 35 8 4
103 105 37 6 4
103 107 36 5 4
103 112 31 12 4
103 114 33 10 4
103 122 37 7 4
104 8 14 0 4
104 15 16 0 4
104 18 20 6 4
104 34 25 1 4
104 60 17 4 4
104 61 11 0 4
104 67 22 3 4
104 68 16 6 4
104 82 20 1 4
104 87 17 0 4
104 94 17 0 4
104 105 18 1 4
104 107 15 1 4
104 112 18 4 4
104 114 12 6 4
104 122 12 5 4
104 127 15 0 4
105 8 12 0 4
105 15 14 0 4
105 30 20 0 4
105 52 20 0 4
105 60 17 3 4
105 61 9 0 4
105 68 18 4 4
105 82 20 0 4
105 87 15 0 4
105 88 20 0 4
105 94 13 1 4
104 105 18 1 4
105 107 11 2 4
105 112 12 6 4
105 114 12 5 4
105 122 18 1 4
105 123 25 1 4
105 127 13 0 4
107 8 9 0 4
107 15 11 0 4
107 30 17 0 4
107 52 17 0 4
107 53 18 0 4
107 61 6 0 4
107 68 21 1 4
107 76 25 3 4
107 82 17 0 4
107 87 12 0 4
107 88 17 0 4
107 94 8 2 4
104 107 15 1 4
105 107 11 2 4
107 112 15 3 4
107 113 18 0 4
107 114 13 3 4
107 122 17 0 4
107 123 18 3 4
107 127 10 0 4
108 18 63 14 4
109 8 34 0 4
109 35 32 13 4
109 53 35 4 4
109 61 31 0 4
109 63 33 14 4
109 88 38 2 4
109 113 31 6 4
109 123 33 8 4
109 124 24 25 4
109 127 35 0 4
110 53 57 7 4
110 113 55 8 4
110 123 63 7 4
110 124 46 28 4
111 8 24 1 4
111 25 35 6 4
111 34 33 3 4
111 60 31 3 4
111 61 23 0 4
111 65 45 7 4
111 68 34 3 4
104 111 30 2 4
105 111 28 2 4
111 112 32 3 4
111 122 28 3 4
111 127 27 0 4
112 8 18 0 4
112 15 20 0 4
112 30 24 1 4
112 52 24 1 4
112 60 21 4 4
112 61 15 0 4
112 68 20 6 4
112 76 26 7 4
112 87 21 0 4
112 94 15 3 4
104 112 18 4 4
105 112 12 6 4
107 112 15 3 4
112 114 14 7 4
112 122 22 2 4
112 127 19 0 4
113 8 15 0 4
113 15 17 0 4
113 34 24 2 4
113 53 22 1 4
113 61 12 0 4
113 87 18 0 4
113 88 17 3 4
113 94 18 0 4
105 113 21 0 4
107 113 18 0 4
109 113 31 6 4
113 127 16 0 4
113 129 30 3 4
114 8 16 0 4
114 15 18 0 4
114 18 22 6 4
114 60 19 4 4
114 61 13 0 4
114 67 24 3 4
114 68 18 6 4
114 76 24 7 4
114 87 19 0 4
114 94 17 1 4
104 114 12 6 4
105 114 12 5 4
107 114 13 3 4
112 114 14 7 4
114 122 16 4 4
114 123 25 3 4
114 127 17 0 4
113 115 72 11 4
115 129 68 19 4
116 63 54 21 4
100 116 52 24 4
117 49 54 15 4
118 8 25 0 4
118 15 25 1 4
118 30 29 2 4
118 61 22 0 4
118 70 34 4 4
118 82 31 1 4
118 87 28 0 4
118 94 28 0 4
102 118 33 3 4
107 118 28 0 4
118 126 38 10 4
118 127 26 0 4
119 8 40 1 4
119 15 42 1 4
119 30 40 5 4
119 35 42 12 4
119 42 40 12 4
119 53 41 5 4
119 63 41 14 4
119 88 36 7 4
119 96 39 15 4
119 127 41 1 4
120 20 40 11 4
120 53 41 5 4
120 63 45 12 4
120 70 41 9 4
120 87 43 1 4
120 97 41 10 4
121 30 58 5 4
121 63 43 22 4
121 123 53 11 4
122 8 14 0 4
122 15 16 0 4
122 18 20 6 4
122 22 29 5 4
122 52 18 2 4
122 53 21 1 4
122 60 15 5 4
122 61 11 0 4
122 67 24 2 4
122 68 18 5 4
122 85 24 3 4
122 87 17 0 4
122 94 17 0 4
104 122 12 5 4
105 122 18 1 4
107 122 17 0 4
111 122 28 3 4
112 122 22 2 4
114 122 16 4 4
122 127 15 0 4
123 8 21 0 4
123 15 23 0 4
123 35 27 9 4
123 41 27 4 4
123 42 23 10 4
123 53 20 5 4
123 61 18 0 4
123 87 24 0 4
123 88 27 1 4
123 94 22 1 4
104 123 27 1 4
105 123 25 1 4
107 123 18 3 4
112 123 29 2 4
113 123 28 1 4
114 123 25 3 4
123 127 22 0 4
123 129 32 5 4
124 30 50 2 4
124 53 43 6 4
124 61 43 0 4
124 82 50 2 4
124 88 50 2 4
109 124 24 25 4
113 124 43 6 4
123 124 41 10 4
125 8 28 1 4
125 15 32 0 4
125 46 32 11 4
125 50 29 9 4
125 52 34 2 4
125 59 18 12 4
125 60 37 2 4
125 61 27 0 4
125 72 31 12 4
125 87 33 0 4
125 94 33 0 4
125 99 33 17 4
107 125 33 0 4
125 127 31 0 4
126 8 39 0 4
126 15 39 1 4
126 53 46 1 4
126 61 36 0 4
126 82 41 3 4
126 87 42 0 4
126 88 45 1 4
126 94 42 0 4
102 126 39 7 4
107 126 42 0 4
113 126 44 2 4
118 126 38 10 4
126 127 40 0 4
127 8 5 1 4
127 15 9 0 4
127 25 22 3 4
127 30 15 0 4
127 34 18 1 4
127 41 17 2 4
127 45 32 3 4
127 50 18 3 4
127 52 13 1 4
127 53 14 1 4
127 56 30 3 4
127 59 17 1 4
127 60 16 1 4
127 61 4 0 4
127 67 19 1 4
127 68 19 1 4
127 82 15 0 4
127 87 8 1 4
127 88 13 1 4
127 94 10 0 4
102 127 19 1 4
104 127 15 0 4
105 127 13 0 4
107 127 10 0 4
113 127 16 0 4
122 127 15 0 4
128 8 41 0 4
128 15 39 2 4
128 41 45 5 4
128 61 38 0 4
128 85 43 7 4
128 87 44 0 4
128 94 42 1 4
102 128 27 14 4
107 128 44 0 4
127 128 40 1 4
129 8 27 0 4
129 41 35 3 4
129 61 24 0 4
129 94 28 1 4
105 129 31 1 4
107 129 26 2 4
113 129 30 3 4
114 129 33 2 4
123 129 32 5 4
127 129 28 0 4
