Res1 Res2 NSingle NDouble Method
15 8 8 0 4
18 20 34 5 4
24 25 37 8 4
24 28 28 13 4
30 8 14 0 4
10 30 34 5 4
15 33 34 3 4
34 8 17 1 4
15 34 19 1 4
28 37 35 11 4
20 40 33 10 4
29 41 37 6 4
35 41 36 4 4
29 42 35 11 4
35 42 30 11 4
41 42 32 5 4
15 46 28 2 4
24 46 28 14 4
48 5 38 14 4
41 48 39 6 4
23 49 41 20 4
24 49 35 14 4
28 49 33 13 4
50 8 21 1 4
25 50 30 7 4
34 50 28 4 4
52 8 12 1 4
22 52 29 5 4
28 52 26 5 4
30 52 20 1 4
47 52 37 10 4
50 52 25 3 4
53 8 13 1 4
22 53 32 4 4
29 53 32 6 4
35 53 29 5 4
41 53 23 3 4
42 53 21 8 4
52 53 21 1 4
59 8 16 1 4
24 59 28 8 4
29 59 31 8 4
46 59 26 8 4
50 59 25 5 4
52 59 22 2 4
60 8 15 1 4
5 60 32 7 4
18 60 27 4 4
22 60 28 7 4
50 60 26 4 4
53 60 22 2 4
56 60 32 7 4
59 60 21 4 4
35 63 21 18 4
42 63 35 10 4
53 63 32 5 4
58 63 31 23 4
34 65 38 7 4
67 8 18 1 4
41 67 30 2 4
53 67 23 3 4
60 67 27 2 4
68 8 18 1 4
18 68 26 6 4
60 68 19 6 4
67 68 22 6 4
69 7 30 35 4
30 70 27 2 4
40 70 34 8 4
41 70 31 3 4
17 72 35 15 4
28 72 31 11 4
52 72 27 6 4
59 72 21 11 4
22 75 51 19 4
21 77 51 27 4
70 77 45 14 4
56 80 33 17 4
8 82 14 0 4
67 82 14 7 4
74 84 36 26 4
67 85 24 6 4
82 85 20 5 4
34 86 40 5 4
8 87 7 1 4
15 87 11 0 4
24 87 25 5 4
25 87 26 2 4
28 87 23 4 4
36 87 25 5 4
46 87 25 4 4
49 87 28 6 4
52 87 15 1 4
53 87 16 1 4
59 87 19 1 4
60 87 18 1 4
67 87 19 2 4
68 87 17 3 4
5 88 31 6 4
8 88 12 1 4
25 88 29 3 4
30 88 18 2 4
46 88 30 4 4
49 88 35 5 4
52 88 20 1 4
53 88 19 2 4
87 88 15 1 4
8 94 9 0 4
15 94 11 0 4
34 94 20 1 4
37 94 32 3 4
41 94 19 2 4
68 94 19 2 4
70 94 20 3 4
73 94 32 3 4
76 94 27 2 4
87 94 12 0 4
15 96 31 2 4
88 96 31 5 4
8 97 23 1 4
10 97 41 7 4
30 97 25 4 4
87 97 24 2 4
17 99 39 19 4
100 35 35 13 4
100 41 41 5 4
100 70 36 9 4
102 15 20 1 4
102 20 32 4 4
102 34 25 4 4
102 85 28 4 4
102 94 21 1 4
104 8 14 0 4
104 18 20 6 4
104 34 25 1 4
104 60 17 4 4
104 67 22 3 4
104 68 16 6 4
104 82 20 1 4
105 8 12 0 4
105 15 14 0 4
105 60 17 3 4
105 68 18 4 4
105 82 20 0 4
105 94 13 1 4
104 105 18 1 4
107 8 9 0 4
107 15 11 0 4
107 30 17 0 4
107 52 17 0 4
107 53 18 0 4
107 68 21 1 4
107 76 25 3 4
107 82 17 0 4
107 87 12 0 4
107 94 8 2 4
104 107 15 1 4
105 107 11 2 4
109 35 32 13 4
109 63 33 14 4
111 25 35 6 4
112 30 24 1 4
112 60 21 4 4
112 68 20 6 4
112 76 26 7 4
112 94 15 3 4
104 112 18 4 4
105 112 12 6 4
107 112 15 3 4
113 8 15 0 4
113 34 24 2 4
113 53 22 1 4
113 88 17 3 4
107 113 18 0 4
109 113 31 6 4
114 18 22 6 4
114 60 19 4 4
114 67 24 3 4
114 68 18 6 4
114 76 24 7 4
114 94 17 1 4
104 114 12 6 4
105 114 12 5 4
107 114 13 3 4
112 114 14 7 4
118 70 34 4 4
102 118 33 3 4
119 88 36 7 4
119 96 39 15 4
120 20 40 11 4
120 97 41 10 4
122 8 14 0 4
122 18 20 6 4
122 22 29 5 4
122 52 18 2 4
122 53 21 1 4
122 60 15 5 4
122 67 24 2 4
122 68 18 5 4
122 85 24 3 4
104 122 12 5 4
105 122 18 1 4
107 122 17 0 4
111 122 28 3 4
112 122 22 2 4
114 122 16 4 4
123 35 27 9 4
123 41 27 4 4
123 42 23 10 4
123 53 20 5 4
123 94 22 1 4
105 123 25 1 4
107 123 18 3 4
114 123 25 3 4
109 124 24 25 4
125 46 32 11 4
125 50 29 9 4
125 59 18 12 4
125 72 31 12 4
125 99 33 17 4
118 126 38 10 4
127 8 5 1 4
127 15 9 0 4
127 25 22 3 4
127 30 15 0 4
127 34 18 1 4
127 41 17 2 4
127 45 32 3 4
127 50 18 3 4
127 52 13 1 4
127 53 14 1 4
127 56 30 3 4
127 59 17 1 4
127 60 16 1 4
127 67 19 1 4
127 68 19 1 4
127 82 15 0 4
127 87 8 1 4
127 88 13 1 4
127 94 10 0 4
102 127 19 1 4
104 127 15 0 4
105 127 13 0 4
107 127 10 0 4
113 127 16 0 4
122 127 15 0 4
102 128 27 14 4
113 129 30 3 4
123 129 32 5 4
