Res1 Res2 NSingle NDouble Method
4 71 2 7 7
137 7 0 8 7
10 140 0 9 7
146 16 0 9 7
16 58 1 9 7
16 188 1 9 7
104 21 2 9 7
151 21 0 10 7
175 21 2 9 7
21 45 2 9 7
21 70 2 9 7
170 40 0 9 7
188 40 1 9 7
40 58 1 9 7
16 58 1 9 7
40 58 1 9 7
146 58 1 9 7
170 58 1 9 7
188 58 0 10 7
59 93 4 7 7
70 71 2 8 7
71 76 2 8 7
71 93 2 8 7
66 78 1 8 7
10 79 3 7 7
140 79 3 7 7
118 82 7 2 7
27 86 11 10 7
157 86 11 10 7
7 90 1 7 7
137 90 1 7 7
31 92 1 8 7
161 92 1 8 7
134 71 2 7 7
137 7 0 8 7
10 140 0 9 7
146 16 0 9 7
146 58 1 9 7
146 188 1 9 7
151 21 0 10 7
151 45 2 9 7
151 70 2 9 7
104 151 2 9 7
151 175 2 9 7
170 40 0 9 7
170 58 1 9 7
170 188 1 9 7
188 40 1 9 7
188 58 0 10 7
16 188 1 9 7
146 188 1 9 7
170 188 1 9 7
189 93 4 7 7
