Res1 Res2 NSingle NDouble Method
1 48 36 45 2
12 48 25 43 2
22 48 29 42 2
26 83 14 27 2
29 40 16 29 2
33 55 7 26 2
36 83 25 32 2
29 40 16 29 2
40 94 19 23 2
121 42 13 10 2
45 56 5 17 2
33 55 7 26 2
45 56 5 17 2
27 60 10 17 2
67 68 7 15 2
67 95 0 17 2
71 82 10 20 2
76 81 11 22 2
26 83 14 27 2
90 91 0 8 2
90 91 0 8 2
88 94 12 21 2
67 95 0 17 2
68 95 7 15 2
116 98 6 9 2
100 123 1 11 2
101 108 2 8 2
102 127 0 9 2
106 59 4 10 2
106 109 2 12 2
106 125 3 11 2
107 110 0 11 2
101 108 2 8 2
109 59 6 10 2
106 109 2 12 2
109 125 5 11 2
107 110 0 11 2
112 118 1 14 2
113 115 0 13 2
113 115 0 13 2
117 2 4 4 2
101 117 5 5 2
117 126 0 6 2
112 118 1 14 2
122 8 3 9 2
100 123 1 11 2
125 59 7 9 2
106 125 3 11 2
109 125 5 11 2
116 125 7 9 2
126 2 4 4 2
101 126 5 5 2
117 126 0 6 2
102 127 0 9 2
128 4 4 12 2
