Res1 Res2 NSingle NDouble Method
1 131 0 34 1
139 9 0 54 1
10 140 0 45 1
14 144 0 38 1
148 18 0 39 1
149 19 0 45 1
150 20 0 16 1
158 28 0 43 1
162 32 0 44 1
163 33 0 31 1
165 35 0 15 1
166 36 0 34 1
167 37 0 57 1
169 39 0 24 1
181 51 0 47 1
182 52 0 59 1
184 54 0 42 1
186 56 0 21 1
190 60 0 17 1
193 63 0 34 1
1 131 0 34 1
139 9 0 54 1
10 140 0 45 1
14 144 0 38 1
148 18 0 39 1
149 19 0 45 1
150 20 0 16 1
158 28 0 43 1
162 32 0 44 1
163 33 0 31 1
165 35 0 15 1
166 36 0 34 1
167 37 0 57 1
169 39 0 24 1
181 51 0 47 1
182 52 0 59 1
184 54 0 42 1
186 56 0 21 1
190 60 0 17 1
193 63 0 34 1
