Res1 Res2 NSingle NDouble Method
38 48 0 6 7
38 65 4 4 7
48 65 4 4 7
38 86 4 5 7
48 86 4 5 7
65 86 6 4 7
65 87 7 4 7
86 87 7 5 7
66 99 7 5 7
10 101 4 5 7
103 58 7 6 7
107 38 3 5 7
107 48 3 5 7
107 65 5 4 7
107 86 5 5 7
107 87 6 5 7
109 18 6 6 7
110 99 3 6 7
116 38 6 4 7
116 48 6 4 7
116 65 4 5 7
107 116 7 4 7
101 117 7 3 7
119 38 6 4 7
119 48 6 4 7
119 65 4 5 7
107 119 7 4 7
116 119 0 8 7
121 66 6 5 7
121 99 1 7 7
110 121 2 6 7
116 121 7 4 7
119 121 7 4 7
123 66 7 5 7
123 99 4 6 7
110 123 7 4 7
121 123 5 5 7
100 124 10 10 7
101 125 4 4 7
117 125 3 4 7
123 127 3 6 7
129 99 3 6 7
110 129 0 7 7
121 129 2 6 7
123 129 7 4 7
