Res1 Res2 NSingle NDouble Method
10 101 4 5 7
109 18 6 6 7
117 18 3 6 7
125 18 6 4 7
107 38 3 5 7
116 38 6 4 7
119 38 6 4 7
38 48 0 6 7
38 65 4 4 7
38 86 4 5 7
20 47 13 10 7
38 48 0 6 7
107 48 3 5 7
116 48 6 4 7
119 48 6 4 7
48 65 4 4 7
48 86 4 5 7
103 58 7 6 7
38 65 4 4 7
48 65 4 4 7
107 65 5 4 7
116 65 4 5 7
119 65 4 5 7
65 86 6 4 7
65 87 7 4 7
110 66 8 4 7
121 66 6 5 7
123 66 7 5 7
129 66 8 4 7
66 99 7 5 7
18 81 8 7 7
109 81 10 6 7
38 86 4 5 7
48 86 4 5 7
65 86 6 4 7
107 86 5 5 7
86 87 7 5 7
38 87 5 5 7
48 87 5 5 7
65 87 7 4 7
86 87 7 5 7
107 87 6 5 7
118 93 5 12 7
66 99 7 5 7
110 99 3 6 7
121 99 1 7 7
123 99 4 6 7
127 99 7 4 7
129 99 3 6 7
100 124 10 10 7
10 101 4 5 7
101 110 8 3 7
101 117 7 3 7
101 125 4 4 7
101 129 8 3 7
103 58 7 6 7
103 110 8 4 7
103 129 8 4 7
107 38 3 5 7
107 48 3 5 7
107 65 5 4 7
107 86 5 5 7
107 87 6 5 7
107 116 7 4 7
107 119 7 4 7
108 128 10 7 7
109 18 6 6 7
109 125 6 4 7
110 99 3 6 7
110 121 2 6 7
110 123 7 4 7
110 129 0 7 7
116 38 6 4 7
116 48 6 4 7
116 65 4 5 7
116 86 8 4 7
116 99 8 4 7
107 116 7 4 7
116 119 0 8 7
116 121 7 4 7
101 117 7 3 7
117 125 3 4 7
119 38 6 4 7
119 48 6 4 7
119 65 4 5 7
119 86 8 4 7
119 99 8 4 7
107 119 7 4 7
116 119 0 8 7
119 121 7 4 7
121 66 6 5 7
121 99 1 7 7
110 121 2 6 7
116 121 7 4 7
119 121 7 4 7
121 123 5 5 7
121 129 2 6 7
123 66 7 5 7
123 99 4 6 7
110 123 7 4 7
121 123 5 5 7
123 127 3 6 7
123 129 7 4 7
100 124 10 10 7
118 124 11 9 7
101 125 4 4 7
117 125 3 4 7
110 126 8 4 7
126 129 8 4 7
123 127 3 6 7
129 99 3 6 7
110 129 0 7 7
121 129 2 6 7
123 129 7 4 7
