Res1 Res2 NSingle NDouble Method
3 74 7 9 2
3 77 11 9 2
12 97 18 8 2
130 20 21 8 2
20 41 19 4 2
122 26 16 6 2
26 30 10 4 2
26 48 14 5 2
12 27 19 7 2
27 86 11 10 2
27 97 21 7 2
26 30 10 4 2
30 88 12 3 2
36 8 8 0 2
15 36 8 0 2
123 36 8 0 2
127 36 8 0 2
36 53 8 0 2
36 82 9 1 2
125 42 20 18 2
42 97 22 13 2
48 8 13 0 2
15 48 13 0 2
26 48 14 5 2
38 48 16 3 2
122 48 16 7 2
123 48 13 0 2
127 48 13 0 2
48 53 13 0 2
48 88 12 6 2
33 52 17 4 2
41 52 15 5 2
44 52 22 7 2
18 54 46 44 2
116 65 30 15 2
65 97 31 11 2
12 68 31 10 2
42 68 31 17 2
48 68 30 9 2
113 68 32 8 2
125 68 31 15 2
3 69 29 9 2
57 69 25 12 2
69 77 28 10 2
122 75 36 12 2
130 75 36 13 2
3 77 11 9 2
74 77 10 8 2
116 81 22 16 2
81 97 23 12 2
118 82 7 2 2
83 97 25 14 2
27 86 11 10 2
86 97 14 9 2
68 91 33 26 2
12 97 18 8 2
86 97 14 9 2
125 97 20 12 2
116 12 23 9 2
116 81 22 16 2
116 86 23 8 2
116 97 23 10 2
116 125 19 16 2
118 8 8 0 2
118 15 8 0 2
118 53 8 0 2
118 61 7 1 2
118 82 7 2 2
118 123 8 0 2
118 127 8 0 2
125 26 23 7 2
125 42 20 18 2
125 48 23 8 2
125 97 20 12 2
116 125 19 16 2
122 125 21 11 2
