Res1 Res2 NSingle NDouble Method
1 131 0 41 2
132 2 0 16 2
133 3 0 14 2
3 74 7 9 2
134 4 0 8 2
135 5 0 32 2
136 6 0 12 2
139 9 0 8 2
11 141 0 7 2
12 97 18 8 2
12 142 0 16 2
13 143 0 6 2
14 144 0 9 2
147 17 0 9 2
148 18 0 55 2
149 19 0 4 2
130 20 21 8 2
150 20 0 18 2
152 22 0 16 2
153 23 0 38 2
154 24 0 10 2
155 25 0 58 2
122 26 16 6 2
156 26 0 11 2
160 26 10 4 2
178 26 14 5 2
26 30 10 4 2
26 48 14 5 2
27 8 17 0 2
12 27 19 7 2
15 27 17 0 2
118 27 19 3 2
123 27 17 0 2
127 27 17 0 2
138 27 17 0 2
142 27 19 7 2
145 27 17 0 2
157 27 0 17 2
183 27 17 0 2
27 53 17 0 2
27 82 18 1 2
27 86 11 10 2
27 97 21 7 2
158 28 0 6 2
26 30 10 4 2
156 30 10 4 2
160 30 0 7 2
30 88 12 3 2
163 33 0 9 2
164 34 0 49 2
165 35 0 49 2
166 36 0 8 2
36 82 9 1 2
167 37 0 8 2
168 38 0 9 2
169 39 0 33 2
171 41 0 9 2
125 42 20 18 2
172 42 0 30 2
42 97 22 13 2
174 44 0 20 2
175 45 0 10 2
176 46 0 7 2
177 47 0 9 2
26 48 14 5 2
122 48 16 7 2
156 48 14 5 2
178 48 0 13 2
48 88 12 6 2
179 49 0 7 2
180 50 0 42 2
181 51 0 47 2
41 52 15 5 2
171 52 15 5 2
182 52 0 16 2
184 54 0 79 2
185 55 0 9 2
186 56 0 8 2
187 57 0 16 2
189 59 0 8 2
190 60 0 26 2
191 61 0 1 2
192 62 0 22 2
193 63 0 8 2
194 64 0 8 2
116 65 30 15 2
122 65 32 10 2
195 65 0 35 2
65 97 31 11 2
3 69 29 9 2
57 69 25 12 2
133 69 29 9 2
187 69 25 12 2
69 77 28 10 2
122 75 36 12 2
130 75 36 13 2
3 77 11 9 2
74 77 10 8 2
133 77 11 9 2
116 81 22 16 2
81 97 23 12 2
118 82 7 2 2
6 83 31 8 2
42 83 31 17 2
136 83 31 8 2
172 83 31 17 2
83 86 31 9 2
83 97 25 14 2
27 86 11 10 2
108 86 15 4 2
157 86 11 10 2
86 97 14 9 2
68 91 33 26 2
83 91 35 25 2
12 97 18 8 2
86 97 14 9 2
125 97 20 12 2
142 97 18 8 2
113 67 21 7 2
116 12 23 9 2
116 26 24 6 2
116 81 22 16 2
116 86 23 8 2
116 97 23 10 2
108 116 24 5 2
116 125 19 16 2
116 142 23 9 2
116 156 24 6 2
118 8 8 0 2
118 15 8 0 2
118 53 8 0 2
118 61 7 1 2
118 82 7 2 2
118 123 8 0 2
118 127 8 0 2
118 138 8 0 2
118 145 8 0 2
118 183 8 0 2
118 191 7 1 2
122 26 16 6 2
122 48 16 7 2
122 88 16 6 2
122 156 16 6 2
122 178 16 7 2
125 42 20 18 2
125 97 20 12 2
116 125 19 16 2
122 125 21 11 2
125 172 20 18 2
1 131 0 41 2
132 2 0 16 2
133 3 0 14 2
133 74 7 9 2
134 4 0 8 2
135 5 0 32 2
136 6 0 12 2
139 9 0 8 2
11 141 0 7 2
142 97 18 8 2
12 142 0 16 2
13 143 0 6 2
14 144 0 9 2
147 17 0 9 2
148 18 0 55 2
149 19 0 4 2
150 20 0 18 2
130 150 21 8 2
152 22 0 16 2
153 23 0 38 2
154 24 0 10 2
155 25 0 58 2
156 26 0 11 2
156 30 10 4 2
156 48 14 5 2
122 156 16 6 2
156 160 10 4 2
156 178 14 5 2
157 8 17 0 2
157 27 0 17 2
157 53 17 0 2
157 82 18 1 2
157 86 11 10 2
157 97 21 7 2
12 157 19 7 2
15 157 17 0 2
118 157 19 3 2
123 157 17 0 2
127 157 17 0 2
138 157 17 0 2
142 157 19 7 2
145 157 17 0 2
157 183 17 0 2
158 28 0 6 2
160 26 10 4 2
160 30 0 7 2
160 88 12 3 2
156 160 10 4 2
163 33 0 9 2
164 34 0 49 2
165 35 0 49 2
166 36 0 8 2
166 82 9 1 2
167 37 0 8 2
168 38 0 9 2
169 39 0 33 2
171 41 0 9 2
172 42 0 30 2
172 97 22 13 2
125 172 20 18 2
174 44 0 20 2
175 45 0 10 2
176 46 0 7 2
177 47 0 9 2
178 26 14 5 2
178 48 0 13 2
178 88 12 6 2
122 178 16 7 2
156 178 14 5 2
179 49 0 7 2
180 50 0 42 2
181 51 0 47 2
182 41 15 5 2
182 52 0 16 2
171 182 15 5 2
184 54 0 79 2
185 55 0 9 2
186 56 0 8 2
187 57 0 16 2
189 59 0 8 2
190 60 0 26 2
191 61 0 1 2
192 62 0 22 2
193 63 0 8 2
194 64 0 8 2
195 65 0 35 2
195 97 31 11 2
116 195 30 15 2
122 195 32 10 2
