Res1 Res2 NSingle NDouble Method
26 30 10 4 2
26 48 14 5 2
27 86 11 10 2
12 97 18 8 2
86 97 14 9 2
116 81 22 16 2
118 82 7 2 2
122 26 16 6 2
122 48 16 7 2
125 42 20 18 2
125 97 20 12 2
116 125 19 16 2
1 131 0 41 2
132 2 0 16 2
133 3 0 14 2
134 4 0 8 2
135 5 0 32 2
136 6 0 12 2
139 9 0 8 2
11 141 0 7 2
142 97 18 8 2
12 142 0 16 2
13 143 0 6 2
14 144 0 9 2
147 17 0 9 2
148 18 0 55 2
149 19 0 4 2
150 20 0 18 2
152 22 0 16 2
153 23 0 38 2
154 24 0 10 2
155 25 0 58 2
156 26 0 11 2
156 30 10 4 2
156 48 14 5 2
122 156 16 6 2
157 27 0 17 2
157 86 11 10 2
158 28 0 6 2
160 26 10 4 2
160 30 0 7 2
156 160 10 4 2
163 33 0 9 2
164 34 0 49 2
165 35 0 49 2
166 36 0 8 2
167 37 0 8 2
168 38 0 9 2
169 39 0 33 2
171 41 0 9 2
172 42 0 30 2
125 172 20 18 2
174 44 0 20 2
175 45 0 10 2
176 46 0 7 2
177 47 0 9 2
178 26 14 5 2
178 48 0 13 2
122 178 16 7 2
156 178 14 5 2
179 49 0 7 2
180 50 0 42 2
181 51 0 47 2
182 52 0 16 2
184 54 0 79 2
185 55 0 9 2
186 56 0 8 2
187 57 0 16 2
189 59 0 8 2
190 60 0 26 2
191 61 0 1 2
192 62 0 22 2
193 63 0 8 2
194 64 0 8 2
195 65 0 35 2
