Res1 Res2 NSingle NDouble Method
1 104 98 9 7
1 115 79 4 7
1 124 90 6 7
2 41 66 8 7
2 50 68 2 7
2 55 80 17 7
2 58 68 5 7
106 3 118 18 7
121 3 100 17 7
12 5 44 0 7
15 5 23 8 7
20 5 42 0 7
29 5 27 0 7
41 5 36 0 7
43 5 44 9 7
46 5 24 0 7
47 5 45 0 7
115 5 28 0 7
118 5 45 0 7
121 5 44 0 7
124 5 39 2 7
126 5 42 0 7
127 5 31 0 7
5 50 26 0 7
5 57 29 0 7
5 58 32 0 7
5 88 28 0 7
5 90 12 20 7
5 92 35 5 7
5 93 45 0 7
5 94 43 0 7
29 6 65 0 7
46 6 62 0 7
50 6 64 0 7
57 6 67 0 7
115 6 66 0 7
6 71 74 6 7
6 88 66 0 7
10 7 139 31 7
7 73 140 15 7
46 8 45 0 7
106 8 61 12 7
10 16 69 8 7
10 29 60 0 7
10 38 59 10 7
10 46 57 0 7
10 50 59 0 7
10 57 62 0 7
10 58 65 0 7
10 61 70 13 7
10 73 67 8 7
10 88 61 0 7
10 115 61 0 7
10 126 65 5 7
10 127 64 0 7
115 12 24 0 7
12 15 35 0 7
12 20 24 7 7
12 29 23 0 7
12 41 32 0 7
12 46 20 0 7
12 50 22 0 7
12 57 25 0 7
12 58 28 0 7
12 88 24 0 7
12 94 39 0 7
12 124 39 0 7
12 126 38 0 7
12 127 27 0 7
14 16 89 12 7
14 34 80 19 7
14 58 83 5 7
14 59 69 27 7
15 5 23 8 7
12 15 35 0 7
104 15 42 3 7
115 15 19 0 7
121 15 35 0 7
124 15 32 1 7
126 15 33 0 7
127 15 22 0 7
15 20 33 0 7
15 29 18 0 7
15 41 27 0 7
15 46 15 0 7
15 50 17 0 7
15 57 20 0 7
15 58 23 0 7
15 88 19 0 7
15 90 33 5 7
15 92 30 3 7
15 93 28 4 7
15 94 34 0 7
115 16 32 0 7
127 16 35 0 7
16 20 42 2 7
16 29 31 0 7
16 34 37 12 7
16 38 44 3 7
16 41 40 0 7
16 46 28 0 7
16 50 26 2 7
16 55 56 8 7
16 57 33 0 7
16 58 24 6 7
16 59 44 11 7
16 73 48 3 7
16 88 32 0 7
121 17 102 8 7
115 18 65 0 7
18 29 64 0 7
18 46 61 0 7
18 47 68 7 7
18 50 63 0 7
18 71 69 8 7
18 82 65 9 7
18 88 65 0 7
18 93 72 5 7
12 20 24 7 7
15 20 33 0 7
16 20 42 2 7
115 20 22 0 7
124 20 37 0 7
126 20 36 0 7
127 20 25 0 7
20 29 21 0 7
20 30 45 4 7
20 41 30 0 7
20 46 18 0 7
20 50 20 0 7
20 55 46 8 7
20 57 23 0 7
20 58 26 0 7
20 59 46 5 7
20 88 22 0 7
20 94 37 0 7
12 21 124 14 7
21 42 117 23 7
115 24 43 0 7
127 24 46 0 7
24 29 42 0 7
24 41 51 0 7
24 46 39 0 7
24 50 41 0 7
24 57 44 0 7
24 58 47 0 7
24 71 55 4 7
24 73 55 5 7
24 88 43 0 7
24 92 48 6 7
124 25 92 7 7
25 47 82 13 7
16 26 70 12 7
20 26 68 8 7
126 26 68 8 7
26 34 57 21 7
26 58 68 3 7
26 59 58 23 7
20 27 107 11 7
103 27 113 21 7
27 55 113 21 7
12 28 106 12 7
28 55 96 29 7
29 5 27 0 7
12 29 23 0 7
15 29 18 0 7
16 29 31 0 7
20 29 21 0 7
115 29 7 0 7
118 29 24 0 7
121 29 23 0 7
124 29 22 0 7
126 29 21 0 7
127 29 10 0 7
29 38 25 0 7
29 41 15 0 7
29 46 3 0 7
29 47 24 0 7
29 50 5 0 7
29 57 8 0 7
29 58 11 0 7
29 71 27 0 7
29 73 29 0 7
29 82 25 0 7
29 88 7 0 7
29 90 31 0 7
29 92 24 0 7
29 93 24 0 7
29 94 22 0 7
29 96 31 0 7
12 30 51 2 7
20 30 45 4 7
29 30 38 0 7
121 30 49 3 7
124 30 42 6 7
127 30 34 4 7
30 42 60 3 7
30 46 35 0 7
30 50 37 0 7
30 89 56 4 7
104 31 115 15 7
118 31 105 14 7
31 38 114 10 7
29 33 56 0 7
103 33 65 16 7
106 33 71 11 7
115 33 57 0 7
33 41 61 2 7
33 46 53 0 7
33 50 55 0 7
33 57 58 0 7
33 88 57 0 7
15 34 46 1 7
16 34 37 12 7
20 34 47 2 7
29 34 36 0 7
115 34 37 0 7
127 34 40 0 7
34 46 33 0 7
34 50 35 0 7
34 57 38 0 7
34 58 33 4 7
34 59 41 15 7
34 88 37 0 7
36 5 71 12 7
24 36 84 13 7
124 36 78 6 7
36 46 71 0 7
36 90 69 15 7
36 92 64 14 7
12 37 64 6 7
29 37 55 2 7
34 37 73 8 7
124 37 67 4 7
10 38 59 10 7
15 38 37 0 7
16 38 44 3 7
29 38 25 0 7
115 38 26 0 7
121 38 36 3 7
127 38 29 0 7
38 41 34 0 7
38 46 22 0 7
38 50 24 0 7
38 57 27 0 7
38 58 30 0 7
38 88 26 0 7
12 39 59 9 7
20 39 57 9 7
29 39 60 0 7
115 39 61 0 7
39 42 60 14 7
39 46 57 0 7
39 50 59 0 7
39 78 73 18 7
39 88 61 0 7
12 41 32 0 7
15 41 27 0 7
20 41 30 0 7
29 41 15 0 7
115 41 16 0 7
118 41 33 0 7
121 41 32 0 7
124 41 31 0 7
126 41 30 0 7
127 41 17 1 7
41 46 12 0 7
41 47 33 0 7
41 50 14 0 7
41 57 17 0 7
41 58 20 0 7
41 82 32 1 7
41 88 16 0 7
41 92 33 0 7
41 93 33 0 7
41 94 29 1 7
12 42 41 5 7
29 42 34 0 7
115 42 35 0 7
127 42 38 0 7
42 46 31 0 7
42 50 33 0 7
42 57 36 0 7
42 58 39 0 7
42 88 35 0 7
43 5 44 9 7
15 43 49 2 7
29 43 41 0 7
41 43 48 1 7
115 43 42 0 7
127 43 45 0 7
43 46 38 0 7
43 50 40 0 7
43 57 43 0 7
43 58 46 0 7
43 88 42 0 7
43 90 48 9 7
44 64 125 21 7
29 45 56 0 7
127 45 58 1 7
45 46 53 0 7
45 50 55 0 7
15 47 36 0 7
20 47 39 0 7
29 47 24 0 7
41 47 33 0 7
46 47 21 0 7
115 47 25 0 7
124 47 40 0 7
126 47 39 0 7
127 47 28 0 7
47 50 23 0 7
47 57 26 0 7
47 58 29 0 7
47 71 37 4 7
47 82 41 1 7
47 88 25 0 7
47 89 36 7 7
47 93 30 6 7
47 94 40 0 7
10 48 109 27 7
45 48 103 28 7
48 82 106 11 7
24 49 142 26 7
5 50 26 0 7
12 50 22 0 7
15 50 17 0 7
16 50 26 2 7
20 50 20 0 7
29 50 5 0 7
38 50 24 0 7
41 50 14 0 7
46 50 2 0 7
47 50 23 0 7
115 50 6 0 7
118 50 23 0 7
121 50 22 0 7
124 50 21 0 7
126 50 20 0 7
127 50 9 0 7
50 57 7 0 7
50 58 8 1 7
50 71 26 0 7
50 73 28 0 7
50 82 24 0 7
50 88 6 0 7
50 92 23 0 7
50 93 23 0 7
50 94 21 0 7
29 51 61 3 7
30 51 81 9 7
118 51 69 8 7
124 51 69 7 7
16 52 64 6 7
29 52 51 0 7
34 52 67 7 7
46 52 48 0 7
50 52 50 0 7
103 52 70 11 7
115 52 52 0 7
126 52 60 3 7
52 57 47 3 7
52 58 50 3 7
52 88 52 0 7
29 53 34 0 7
46 53 31 0 7
50 53 33 0 7
115 53 35 0 7
121 53 43 4 7
123 53 51 9 7
127 53 38 0 7
53 57 36 0 7
53 58 39 0 7
53 64 64 11 7
53 88 33 1 7
53 89 52 4 7
53 94 44 3 7
5 54 80 12 7
15 54 81 7 7
20 54 86 6 7
47 54 81 10 7
54 89 89 10 7
12 55 52 6 7
16 55 56 8 7
20 55 46 8 7
29 55 47 0 7
34 55 61 8 7
46 55 44 0 7
50 55 42 2 7
115 55 48 0 7
127 55 51 0 7
55 57 49 0 7
55 58 42 5 7
55 59 48 17 7
55 88 48 0 7
12 56 60 16 7
56 78 86 19 7
56 94 73 9 7
5 57 29 0 7
12 57 25 0 7
15 57 20 0 7
20 57 23 0 7
29 57 8 0 7
38 57 27 0 7
41 57 17 0 7
46 57 5 0 7
47 57 26 0 7
50 57 7 0 7
115 57 9 0 7
118 57 26 0 7
121 57 25 0 7
124 57 24 0 7
126 57 23 0 7
127 57 12 0 7
57 58 13 0 7
57 71 29 0 7
57 73 31 0 7
57 82 27 0 7
57 88 9 0 7
57 92 26 0 7
57 93 26 0 7
57 94 24 0 7
5 58 32 0 7
12 58 28 0 7
15 58 23 0 7
16 58 24 6 7
20 58 26 0 7
29 58 11 0 7
34 58 33 4 7
38 58 30 0 7
41 58 20 0 7
46 58 8 0 7
47 58 29 0 7
50 58 8 1 7
57 58 13 0 7
115 58 12 0 7
118 58 29 0 7
121 58 28 0 7
124 58 27 0 7
126 58 26 0 7
127 58 15 0 7
58 59 38 4 7
58 71 32 0 7
58 82 30 0 7
58 88 12 0 7
58 92 29 0 7
58 93 29 0 7
58 94 27 0 7
16 59 44 11 7
20 59 46 5 7
29 59 41 0 7
34 59 41 15 7
46 59 38 0 7
50 59 36 2 7
55 59 48 17 7
57 59 43 0 7
58 59 38 4 7
115 59 42 0 7
127 59 45 0 7
59 88 42 0 7
47 60 78 11 7
60 89 82 13 7
10 61 70 13 7
29 61 42 0 7
38 61 55 3 7
46 61 39 0 7
50 61 41 0 7
115 61 43 0 7
127 61 44 1 7
61 88 41 1 7
61 89 60 4 7
61 96 57 5 7
118 62 93 9 7
124 62 93 8 7
62 90 94 12 7
62 92 83 14 7
105 63 141 28 7
63 90 140 20 7
38 64 61 8 7
46 64 55 0 7
53 64 64 11 7
121 64 51 12 7
64 94 62 6 7
5 66 91 17 7
24 66 100 20 7
114 66 92 33 7
66 90 93 18 7
66 92 92 15 7
41 67 88 8 7
124 67 95 8 7
121 68 114 12 7
15 69 70 7 7
64 69 80 22 7
121 69 65 12 7
69 93 72 9 7
12 70 86 9 7
29 70 81 3 7
42 70 93 11 7
12 71 44 0 7
15 71 39 0 7
20 71 42 0 7
29 71 27 0 7
38 71 46 0 7
41 71 36 0 7
46 71 24 0 7
47 71 37 4 7
50 71 26 0 7
57 71 29 0 7
58 71 32 0 7
115 71 28 0 7
118 71 45 0 7
121 71 44 0 7
124 71 43 0 7
126 71 42 0 7
127 71 31 0 7
71 82 46 0 7
71 88 26 1 7
71 92 41 2 7
71 93 33 6 7
71 94 39 2 7
71 96 42 5 7
29 72 49 1 7
46 72 48 0 7
50 72 50 0 7
115 72 52 0 7
72 88 52 0 7
16 73 48 3 7
24 73 55 5 7
29 73 29 0 7
41 73 38 0 7
46 73 26 0 7
50 73 28 0 7
57 73 31 0 7
58 73 34 0 7
115 73 30 0 7
118 73 39 4 7
126 73 40 2 7
127 73 33 0 7
73 88 30 0 7
73 92 39 4 7
105 74 135 22 7
12 76 70 14 7
20 76 70 13 7
29 76 77 2 7
39 76 79 28 7
42 76 75 17 7
55 76 88 17 7
76 78 74 28 7
76 89 85 11 7
12 78 40 16 7
15 78 61 3 7
20 78 52 9 7
29 78 55 0 7
42 78 55 14 7
46 78 52 0 7
50 78 54 0 7
115 78 56 0 7
124 78 59 6 7
78 88 56 0 7
78 90 56 12 7
78 92 55 9 7
5 81 57 3 7
29 81 42 0 7
41 81 49 1 7
46 81 39 0 7
50 81 41 0 7
57 81 38 3 7
58 81 47 0 7
115 81 39 2 7
127 81 44 1 7
81 88 43 0 7
29 82 25 0 7
41 82 32 1 7
46 82 22 0 7
47 82 41 1 7
50 82 24 0 7
57 82 27 0 7
58 82 30 0 7
115 82 26 0 7
118 82 33 5 7
126 82 38 1 7
127 82 25 2 7
82 88 26 0 7
82 94 39 1 7
24 85 77 19 7
47 85 73 12 7
58 85 72 6 7
20 86 92 10 7
34 86 93 17 7
55 86 82 28 7
58 86 92 5 7
59 86 82 25 7
5 87 94 11 7
24 87 85 23 7
114 87 89 30 7
87 90 88 16 7
87 92 95 9 7
29 89 32 0 7
42 89 54 3 7
46 89 29 0 7
47 89 36 7 7
50 89 31 0 7
53 89 52 4 7
57 89 34 0 7
88 89 33 0 7
115 89 33 0 7
127 89 30 3 7
5 90 12 20 7
15 90 33 5 7
20 90 46 0 7
29 90 31 0 7
41 90 40 0 7
43 90 48 9 7
46 90 28 0 7
50 90 30 0 7
57 90 33 0 7
58 90 36 0 7
88 90 32 0 7
115 90 32 0 7
124 90 35 6 7
126 90 46 0 7
127 90 35 0 7
90 92 31 9 7
90 94 47 0 7
16 91 86 17 7
30 91 99 14 7
38 91 96 9 7
58 91 88 6 7
124 91 93 9 7
5 92 35 5 7
12 92 41 0 7
15 92 30 3 7
20 92 39 0 7
24 92 48 6 7
29 92 24 0 7
41 92 33 0 7
46 92 21 0 7
50 92 23 0 7
57 92 26 0 7
58 92 29 0 7
71 92 41 2 7
73 92 39 4 7
88 92 25 0 7
90 92 31 9 7
115 92 25 0 7
121 92 41 0 7
124 92 32 4 7
126 92 39 0 7
127 92 28 0 7
92 94 40 0 7
15 93 28 4 7
20 93 39 0 7
29 93 24 0 7
41 93 33 0 7
46 93 21 0 7
47 93 30 6 7
50 93 23 0 7
57 93 26 0 7
58 93 29 0 7
71 93 33 6 7
88 93 25 0 7
115 93 25 0 7
126 93 39 0 7
127 93 28 0 7
12 94 39 0 7
15 94 34 0 7
20 94 37 0 7
29 94 22 0 7
41 94 29 1 7
46 94 19 0 7
50 94 21 0 7
53 94 44 3 7
57 94 24 0 7
58 94 27 0 7
71 94 39 2 7
82 94 39 1 7
88 94 23 0 7
115 94 23 0 7
121 94 39 0 7
124 94 38 0 7
126 94 37 0 7
127 94 24 1 7
118 95 96 11 7
15 96 43 0 7
29 96 31 0 7
38 96 48 1 7
41 96 40 0 7
46 96 28 0 7
47 96 47 1 7
50 96 30 0 7
57 96 33 0 7
58 96 36 0 7
71 96 42 5 7
88 96 30 1 7
94 96 45 1 7
115 96 32 0 7
121 96 32 8 7
127 96 35 0 7
39 97 133 31 7
71 99 116 15 7
93 99 115 14 7
100 104 109 24 7
100 121 120 12 7
101 15 65 7 7
101 46 64 0 7
101 93 71 7 7
101 104 69 14 7
101 115 66 1 7
102 94 69 9 7
102 104 79 11 7
102 126 72 7 7
103 16 64 4 7
103 46 44 0 7
103 50 46 0 7
103 57 47 1 7
103 106 68 8 7
103 123 66 8 7
104 15 42 3 7
104 29 36 0 7
104 38 51 2 7
104 41 45 0 7
104 46 33 0 7
104 50 35 0 7
104 57 38 0 7
104 58 41 0 7
104 88 37 0 7
104 93 42 6 7
104 115 29 4 7
104 126 37 7 7
104 127 40 0 7
105 5 57 6 7
105 29 48 0 7
105 41 57 0 7
105 46 45 0 7
105 50 47 0 7
105 57 50 0 7
105 58 53 0 7
105 88 49 0 7
105 90 61 6 7
105 94 60 2 7
105 96 63 5 7
105 115 49 0 7
105 123 61 11 7
105 127 52 0 7
106 29 43 0 7
106 46 40 0 7
106 50 42 0 7
106 57 45 0 7
106 88 44 0 7
106 115 44 0 7
106 118 57 2 7
107 33 93 23 7
107 52 96 19 7
107 57 81 5 7
103 107 90 20 7
108 24 119 27 7
109 5 117 18 7
110 5 68 7 7
110 15 61 6 7
110 29 61 0 7
110 46 58 0 7
110 50 60 0 7
110 71 68 7 7
110 73 68 8 7
110 82 68 6 7
110 90 68 9 7
110 92 59 10 7
110 93 67 6 7
110 118 67 6 7
110 124 63 7 7
114 5 55 13 7
114 24 50 23 7
114 29 60 0 7
114 46 57 0 7
114 50 59 0 7
114 57 58 2 7
114 58 65 0 7
114 73 69 7 7
114 88 61 0 7
114 90 55 15 7
114 92 60 9 7
114 115 61 0 7
114 127 64 0 7
115 5 28 0 7
115 12 24 0 7
115 15 19 0 7
115 16 32 0 7
115 20 22 0 7
115 29 7 0 7
115 38 26 0 7
115 41 16 0 7
115 46 4 0 7
115 47 25 0 7
115 50 6 0 7
115 57 9 0 7
115 58 12 0 7
115 71 28 0 7
115 73 30 0 7
115 82 26 0 7
115 88 8 0 7
115 89 33 0 7
115 90 32 0 7
115 92 25 0 7
115 93 25 0 7
115 94 23 0 7
115 96 32 0 7
115 118 25 0 7
115 121 24 0 7
115 124 23 0 7
115 126 22 0 7
115 127 11 0 7
117 12 88 12 7
117 20 84 13 7
117 55 100 18 7
117 59 98 16 7
117 78 86 29 7
117 92 91 11 7
117 124 87 12 7
118 15 36 0 7
118 20 39 0 7
118 29 24 0 7
118 41 33 0 7
118 46 21 0 7
118 50 23 0 7
118 57 26 0 7
118 58 29 0 7
118 73 39 4 7
118 82 33 5 7
118 88 25 0 7
118 94 40 0 7
115 118 25 0 7
118 124 40 0 7
118 126 39 0 7
118 127 28 0 7
119 57 78 5 7
121 15 35 0 7
121 20 38 0 7
121 29 23 0 7
121 38 36 3 7
121 41 32 0 7
121 46 20 0 7
121 47 41 0 7
121 50 22 0 7
121 53 43 4 7
121 57 25 0 7
121 58 28 0 7
121 88 24 0 7
121 92 41 0 7
121 93 41 0 7
121 94 39 0 7
121 96 32 8 7
12 121 40 0 7
115 121 24 0 7
118 121 41 0 7
121 124 39 0 7
121 126 38 0 7
121 127 27 0 7
123 29 41 0 7
123 46 38 0 7
123 47 55 2 7
123 50 40 0 7
123 53 51 9 7
123 57 43 0 7
123 58 46 0 7
123 71 56 3 7
123 88 42 0 7
123 96 60 3 7
103 123 66 8 7
105 123 61 11 7
115 123 42 0 7
121 123 52 3 7
123 127 45 0 7
124 5 39 2 7
124 15 32 1 7
124 29 22 0 7
124 30 42 6 7
124 41 31 0 7
124 46 19 0 7
124 50 21 0 7
124 57 24 0 7
124 58 27 0 7
124 88 23 0 7
124 90 35 6 7
124 92 32 4 7
115 124 23 0 7
124 127 26 0 7
118 125 109 12 7
126 15 33 0 7
126 20 36 0 7
126 29 21 0 7
126 41 30 0 7
126 46 18 0 7
126 50 20 0 7
126 57 23 0 7
126 58 26 0 7
126 73 40 2 7
126 82 38 1 7
126 88 22 0 7
126 94 37 0 7
104 126 37 7 7
115 126 22 0 7
124 126 37 0 7
126 127 25 0 7
127 5 31 0 7
127 15 22 0 7
127 20 25 0 7
127 29 10 0 7
127 38 29 0 7
127 41 17 1 7
127 46 7 0 7
127 47 28 0 7
127 50 9 0 7
127 57 12 0 7
127 58 15 0 7
127 71 31 0 7
127 82 25 2 7
127 88 11 0 7
127 89 30 3 7
127 92 28 0 7
127 93 28 0 7
127 94 24 1 7
12 127 27 0 7
115 127 11 0 7
118 127 28 0 7
121 127 27 0 7
124 127 26 0 7
126 127 25 0 7
130 38 83 6 7
130 53 88 8 7
104 130 80 13 7
115 130 69 4 7
