Res1 Res2 NSingle NDouble Method
15 5 23 8 7
12 15 35 0 7
12 20 24 7 7
15 20 33 0 7
16 20 42 2 7
29 5 27 0 7
12 29 23 0 7
15 29 18 0 7
16 29 31 0 7
20 29 21 0 7
20 30 45 4 7
16 34 37 12 7
10 38 59 10 7
16 38 44 3 7
29 38 25 0 7
12 41 32 0 7
15 41 27 0 7
20 41 30 0 7
29 41 15 0 7
43 5 44 9 7
29 47 24 0 7
41 47 33 0 7
5 50 26 0 7
12 50 22 0 7
15 50 17 0 7
16 50 26 2 7
20 50 20 0 7
29 50 5 0 7
38 50 24 0 7
41 50 14 0 7
47 50 23 0 7
16 55 56 8 7
20 55 46 8 7
5 57 29 0 7
12 57 25 0 7
15 57 20 0 7
20 57 23 0 7
29 57 8 0 7
38 57 27 0 7
41 57 17 0 7
47 57 26 0 7
50 57 7 0 7
5 58 32 0 7
12 58 28 0 7
15 58 23 0 7
16 58 24 6 7
20 58 26 0 7
29 58 11 0 7
34 58 33 4 7
38 58 30 0 7
41 58 20 0 7
47 58 29 0 7
50 58 8 1 7
57 58 13 0 7
16 59 44 11 7
20 59 46 5 7
34 59 41 15 7
55 59 48 17 7
58 59 38 4 7
10 61 70 13 7
53 64 64 11 7
29 71 27 0 7
47 71 37 4 7
50 71 26 0 7
57 71 29 0 7
58 71 32 0 7
16 73 48 3 7
24 73 55 5 7
29 73 29 0 7
50 73 28 0 7
57 73 31 0 7
29 82 25 0 7
41 82 32 1 7
47 82 41 1 7
50 82 24 0 7
57 82 27 0 7
58 82 30 0 7
47 89 36 7 7
53 89 52 4 7
5 90 12 20 7
15 90 33 5 7
29 90 31 0 7
43 90 48 9 7
5 92 35 5 7
15 92 30 3 7
24 92 48 6 7
29 92 24 0 7
41 92 33 0 7
50 92 23 0 7
57 92 26 0 7
58 92 29 0 7
71 92 41 2 7
73 92 39 4 7
90 92 31 9 7
15 93 28 4 7
29 93 24 0 7
41 93 33 0 7
47 93 30 6 7
50 93 23 0 7
57 93 26 0 7
58 93 29 0 7
71 93 33 6 7
12 94 39 0 7
15 94 34 0 7
20 94 37 0 7
29 94 22 0 7
41 94 29 1 7
50 94 21 0 7
53 94 44 3 7
57 94 24 0 7
58 94 27 0 7
71 94 39 2 7
82 94 39 1 7
29 96 31 0 7
71 96 42 5 7
104 15 42 3 7
115 5 28 0 7
115 12 24 0 7
115 15 19 0 7
115 16 32 0 7
115 20 22 0 7
115 29 7 0 7
115 38 26 0 7
115 41 16 0 7
115 47 25 0 7
115 50 6 0 7
115 57 9 0 7
115 58 12 0 7
115 71 28 0 7
115 73 30 0 7
115 82 26 0 7
115 89 33 0 7
115 90 32 0 7
115 92 25 0 7
115 93 25 0 7
115 94 23 0 7
115 96 32 0 7
118 29 24 0 7
118 41 33 0 7
118 50 23 0 7
118 57 26 0 7
118 58 29 0 7
118 73 39 4 7
118 82 33 5 7
115 118 25 0 7
121 15 35 0 7
121 29 23 0 7
121 38 36 3 7
121 41 32 0 7
121 50 22 0 7
121 53 43 4 7
121 57 25 0 7
121 58 28 0 7
121 92 41 0 7
121 94 39 0 7
121 96 32 8 7
115 121 24 0 7
123 53 51 9 7
103 123 66 8 7
105 123 61 11 7
124 5 39 2 7
124 15 32 1 7
124 29 22 0 7
124 30 42 6 7
124 41 31 0 7
124 50 21 0 7
124 57 24 0 7
124 58 27 0 7
124 90 35 6 7
124 92 32 4 7
115 124 23 0 7
126 15 33 0 7
126 20 36 0 7
126 29 21 0 7
126 41 30 0 7
126 50 20 0 7
126 57 23 0 7
126 58 26 0 7
126 73 40 2 7
126 82 38 1 7
126 94 37 0 7
104 126 37 7 7
115 126 22 0 7
127 5 31 0 7
127 15 22 0 7
127 20 25 0 7
127 29 10 0 7
127 38 29 0 7
127 41 17 1 7
127 47 28 0 7
127 50 9 0 7
127 57 12 0 7
127 58 15 0 7
127 71 31 0 7
127 82 25 2 7
127 89 30 3 7
127 92 28 0 7
127 93 28 0 7
127 94 24 1 7
12 127 27 0 7
115 127 11 0 7
118 127 28 0 7
121 127 27 0 7
124 127 26 0 7
126 127 25 0 7
