10	38
104	126
105	123
115	118
115	12
115	121
115	124
115	126
115	127
115	15
115	20
115	29
115	38
115	41
115	47
115	5
115	50
115	57
115	58
115	82
115	90
115	93
115	94
118	29
118	50
118	57
118	58
118	73
118	82
12	20
12	29
12	50
12	57
12	58
121	29
121	38
121	50
121	57
121	96
124	15
124	29
124	5
124	50
124	57
124	90
124	92
126	29
126	50
126	57
126	73
127	15
127	20
127	29
127	41
127	50
127	57
127	58
127	82
127	94
15	29
15	5
15	50
15	57
15	58
15	90
15	92
15	93
16	34
16	38
16	50
16	55
16	58
16	59
20	29
20	50
20	57
20	58
24	92
29	38
29	41
29	47
29	5
29	50
29	57
29	58
29	82
29	90
29	93
29	94
34	58
34	59
41	50
41	57
41	58
41	82
41	94
47	82
47	89
47	93
5	50
5	57
5	90
5	92
50	57
50	58
50	93
53	94
55	59
57	58
57	93
57	94
58	59
71	94
73	92
82	94
90	92
