Res1 Res2 NSingle NDouble Method
15 5 12 7 7
12 20 13 6 7
29 5 17 0 7
12 29 16 0 7
15 29 15 0 7
20 29 15 0 7
16 34 28 12 7
10 38 36 9 7
16 38 33 5 7
29 38 20 0 7
29 41 13 0 7
29 47 20 0 7
5 50 16 0 7
12 50 15 0 7
15 50 14 0 7
16 50 24 2 7
20 50 14 0 7
29 50 5 0 7
41 50 12 0 7
16 55 35 10 7
34 55 37 9 7
5 57 18 0 7
12 57 17 0 7
15 57 16 0 7
20 57 16 0 7
29 57 7 0 7
41 57 14 0 7
50 57 6 0 7
12 58 21 0 7
15 58 20 0 7
16 58 20 7 7
20 58 20 0 7
29 58 11 0 7
34 58 24 5 7
41 58 18 0 7
50 58 8 1 7
55 58 23 7 7
57 58 12 0 7
16 59 23 16 7
34 59 23 16 7
55 59 28 15 7
58 59 25 6 7
12 78 26 11 7
42 78 33 12 7
29 82 20 0 7
41 82 25 1 7
47 82 30 2 7
5 88 18 0 7
12 88 17 0 7
15 88 16 0 7
20 88 16 0 7
29 88 7 0 7
41 88 14 0 7
50 88 6 0 7
57 88 8 0 7
58 88 12 0 7
71 88 18 2 7
47 89 25 9 7
5 90 5 13 7
15 90 17 6 7
29 90 20 0 7
5 92 22 5 7
15 92 22 4 7
24 92 29 8 7
73 92 26 6 7
90 92 19 8 7
15 93 20 3 7
29 93 17 0 7
47 93 21 5 7
50 93 16 0 7
57 93 18 0 7
88 93 18 0 7
29 94 19 0 7
41 94 24 1 7
53 94 34 4 7
57 94 20 0 7
71 94 30 2 7
82 94 29 2 7
88 96 23 1 7
115 5 18 0 7
115 12 17 0 7
115 15 16 0 7
115 20 16 0 7
115 29 7 0 7
115 38 21 0 7
115 41 14 0 7
115 47 21 0 7
115 50 6 0 7
115 57 8 0 7
115 58 12 0 7
115 82 21 0 7
115 88 8 0 7
115 90 21 0 7
115 93 18 0 7
115 94 20 0 7
118 29 16 0 7
118 50 15 0 7
118 57 17 0 7
118 58 21 0 7
118 73 25 4 7
118 82 20 5 7
118 88 17 0 7
115 118 17 0 7
121 29 18 0 7
121 38 26 3 7
121 50 17 0 7
121 57 19 0 7
121 88 19 0 7
121 96 26 5 7
115 121 19 0 7
105 123 36 11 7
124 5 22 3 7
124 15 22 2 7
124 29 15 1 7
124 50 16 0 7
124 57 18 0 7
124 88 18 0 7
124 90 23 4 7
124 92 24 4 7
115 124 18 0 7
126 29 17 0 7
126 50 16 0 7
126 57 18 0 7
126 73 30 2 7
126 88 18 0 7
126 93 26 1 7
104 126 32 5 7
115 126 18 0 7
127 15 19 0 7
127 20 19 0 7
127 29 10 0 7
127 41 15 1 7
127 50 9 0 7
127 57 11 0 7
127 58 15 0 7
127 82 20 2 7
127 88 11 0 7
127 94 21 1 7
115 127 11 0 7
