Res1 Res2 NSingle NDouble Method
2 41 43 8 7
2 55 52 13 7
2 58 47 5 7
121 3 62 13 7
15 5 12 7 7
29 5 17 0 7
41 5 24 0 7
46 5 14 0 7
115 5 18 0 7
124 5 22 3 7
127 5 21 0 7
5 50 16 0 7
5 57 18 0 7
5 58 22 0 7
5 88 18 0 7
5 90 5 13 7
5 92 22 5 7
46 6 42 0 7
24 8 43 10 7
10 29 40 0 7
10 38 36 9 7
10 46 37 0 7
10 50 39 0 7
10 57 41 0 7
10 88 41 0 7
10 115 41 0 7
10 126 39 6 7
115 12 17 0 7
12 20 13 6 7
12 29 16 0 7
12 41 23 0 7
12 46 13 0 7
12 50 15 0 7
12 57 17 0 7
12 58 21 0 7
12 78 26 11 7
12 88 17 0 7
12 127 20 0 7
14 34 54 16 7
14 59 39 25 7
15 5 12 7 7
115 15 16 0 7
124 15 22 2 7
127 15 19 0 7
15 29 15 0 7
15 41 22 0 7
15 46 12 0 7
15 50 14 0 7
15 57 16 0 7
15 58 20 0 7
15 88 16 0 7
15 90 17 6 7
15 92 22 4 7
15 93 20 3 7
115 16 30 0 7
16 29 29 0 7
16 34 28 12 7
16 38 33 5 7
16 46 26 0 7
16 50 24 2 7
16 55 35 10 7
16 57 30 0 7
16 58 20 7 7
16 59 23 16 7
16 88 30 0 7
18 47 43 8 7
18 71 40 10 7
18 93 46 5 7
12 20 13 6 7
115 20 16 0 7
127 20 19 0 7
20 29 15 0 7
20 41 22 0 7
20 46 12 0 7
20 50 14 0 7
20 57 16 0 7
20 58 20 0 7
20 88 16 0 7
115 24 31 0 7
24 29 30 0 7
24 46 27 0 7
24 50 29 0 7
24 57 31 0 7
24 88 31 0 7
24 92 29 8 7
25 47 57 11 7
16 26 49 13 7
20 26 47 7 7
26 34 43 16 7
26 59 32 23 7
28 55 53 27 7
29 5 17 0 7
12 29 16 0 7
15 29 15 0 7
20 29 15 0 7
115 29 7 0 7
118 29 16 0 7
121 29 18 0 7
124 29 15 1 7
126 29 17 0 7
127 29 10 0 7
29 38 20 0 7
29 41 13 0 7
29 46 3 0 7
29 47 20 0 7
29 50 5 0 7
29 57 7 0 7
29 58 11 0 7
29 82 20 0 7
29 88 7 0 7
29 90 20 0 7
29 93 17 0 7
29 94 19 0 7
20 30 33 3 7
121 30 36 3 7
124 30 31 5 7
127 30 24 5 7
104 31 73 16 7
16 34 28 12 7
20 34 32 3 7
29 34 29 0 7
34 46 26 0 7
34 50 28 0 7
34 55 37 9 7
34 58 24 5 7
34 59 23 16 7
36 5 49 10 7
36 90 48 12 7
36 92 41 16 7
10 38 36 9 7
15 38 27 1 7
16 38 33 5 7
29 38 20 0 7
115 38 21 0 7
121 38 26 3 7
127 38 24 0 7
38 46 17 0 7
38 50 19 0 7
38 57 21 0 7
38 58 25 0 7
38 88 21 0 7
12 39 33 10 7
20 39 34 9 7
29 41 13 0 7
115 41 14 0 7
127 41 15 1 7
41 46 10 0 7
41 50 12 0 7
41 57 14 0 7
41 58 18 0 7
41 82 25 1 7
41 88 14 0 7
41 94 24 1 7
12 42 25 5 7
29 42 25 0 7
42 46 22 0 7
42 50 24 0 7
42 78 33 12 7
43 5 29 7 7
41 43 35 2 7
43 46 29 0 7
43 90 32 7 7
45 46 41 0 7
29 47 20 0 7
46 47 17 0 7
115 47 21 0 7
127 47 24 0 7
47 50 19 0 7
47 57 21 0 7
47 58 25 0 7
47 71 25 5 7
47 82 30 2 7
47 88 21 0 7
47 89 25 9 7
47 93 21 5 7
45 48 65 26 7
5 50 16 0 7
12 50 15 0 7
15 50 14 0 7
16 50 24 2 7
20 50 14 0 7
29 50 5 0 7
41 50 12 0 7
46 50 2 0 7
115 50 6 0 7
118 50 15 0 7
121 50 17 0 7
124 50 16 0 7
126 50 16 0 7
127 50 9 0 7
50 57 6 0 7
50 58 8 1 7
50 88 6 0 7
50 93 16 0 7
29 51 45 3 7
118 51 49 6 7
124 51 48 7 7
52 57 34 3 7
52 58 36 4 7
121 53 33 4 7
123 53 41 6 7
53 88 28 1 7
53 94 34 4 7
12 55 30 6 7
16 55 35 10 7
20 55 27 7 7
34 55 37 9 7
46 55 29 0 7
50 55 27 2 7
55 58 23 7 7
55 59 28 15 7
12 56 41 11 7
5 57 18 0 7
12 57 17 0 7
15 57 16 0 7
20 57 16 0 7
29 57 7 0 7
41 57 14 0 7
46 57 4 0 7
50 57 6 0 7
115 57 8 0 7
118 57 17 0 7
121 57 19 0 7
124 57 18 0 7
126 57 18 0 7
127 57 11 0 7
57 58 12 0 7
57 88 8 0 7
57 93 18 0 7
57 94 20 0 7
12 58 21 0 7
15 58 20 0 7
16 58 20 7 7
20 58 20 0 7
29 58 11 0 7
34 58 24 5 7
41 58 18 0 7
46 58 8 0 7
50 58 8 1 7
55 58 23 7 7
57 58 12 0 7
115 58 12 0 7
118 58 21 0 7
127 58 15 0 7
58 59 25 6 7
58 88 12 0 7
16 59 23 16 7
20 59 33 4 7
29 59 32 0 7
34 59 23 16 7
46 59 29 0 7
50 59 27 2 7
55 59 28 15 7
58 59 25 6 7
38 61 39 5 7
62 90 57 9 7
62 92 50 13 7
105 63 86 27 7
38 64 43 7 7
121 64 31 12 7
64 94 42 7 7
5 66 62 13 7
24 66 57 22 7
114 66 44 37 7
66 90 59 16 7
66 92 60 16 7
64 69 46 22 7
121 69 41 12 7
12 70 57 8 7
29 71 21 0 7
46 71 18 0 7
50 71 20 0 7
57 71 22 0 7
58 71 26 0 7
115 71 22 0 7
127 71 25 0 7
71 88 18 2 7
71 94 30 2 7
29 72 37 2 7
24 73 37 5 7
29 73 23 0 7
46 73 20 0 7
50 73 22 0 7
57 73 24 0 7
115 73 24 0 7
118 73 25 4 7
126 73 30 2 7
73 88 24 0 7
73 92 26 6 7
12 76 42 11 7
20 76 41 11 7
76 78 40 23 7
12 78 26 11 7
20 78 29 9 7
42 78 33 12 7
78 90 36 8 7
78 92 39 7 7
46 81 31 0 7
57 81 29 3 7
115 81 29 3 7
81 88 33 1 7
29 82 20 0 7
41 82 25 1 7
46 82 17 0 7
47 82 30 2 7
50 82 19 0 7
57 82 21 0 7
115 82 21 0 7
118 82 20 5 7
127 82 20 2 7
82 88 21 0 7
82 94 29 2 7
24 85 52 14 7
47 85 46 12 7
58 85 47 7 7
55 86 51 21 7
59 86 45 24 7
5 88 18 0 7
12 88 17 0 7
15 88 16 0 7
20 88 16 0 7
29 88 7 0 7
41 88 14 0 7
46 88 4 0 7
50 88 6 0 7
57 88 8 0 7
58 88 12 0 7
71 88 18 2 7
115 88 8 0 7
118 88 17 0 7
121 88 19 0 7
124 88 18 0 7
126 88 18 0 7
127 88 11 0 7
88 93 18 0 7
88 96 23 1 7
47 89 25 9 7
127 89 27 3 7
5 90 5 13 7
15 90 17 6 7
29 90 20 0 7
41 90 27 0 7
46 90 17 0 7
50 90 19 0 7
57 90 21 0 7
58 90 25 0 7
88 90 21 0 7
115 90 21 0 7
124 90 23 4 7
127 90 24 0 7
90 92 19 8 7
16 91 54 16 7
58 91 54 7 7
5 92 22 5 7
15 92 22 4 7
24 92 29 8 7
29 92 21 0 7
46 92 18 0 7
50 92 20 0 7
57 92 22 0 7
58 92 26 0 7
73 92 26 6 7
88 92 22 0 7
90 92 19 8 7
115 92 22 0 7
124 92 24 4 7
127 92 25 0 7
15 93 20 3 7
29 93 17 0 7
46 93 14 0 7
47 93 21 5 7
50 93 16 0 7
57 93 18 0 7
58 93 22 0 7
71 93 22 5 7
88 93 18 0 7
115 93 18 0 7
126 93 26 1 7
127 93 21 0 7
29 94 19 0 7
41 94 24 1 7
46 94 16 0 7
50 94 18 0 7
53 94 34 4 7
57 94 20 0 7
58 94 24 0 7
71 94 30 2 7
82 94 29 2 7
88 94 20 0 7
115 94 20 0 7
127 94 21 1 7
29 96 24 0 7
46 96 21 0 7
47 96 34 2 7
50 96 23 0 7
57 96 25 0 7
71 96 25 7 7
88 96 23 1 7
115 96 25 0 7
121 96 26 5 7
100 104 68 25 7
101 104 43 16 7
101 115 43 4 7
102 94 48 8 7
102 126 46 8 7
104 15 32 4 7
104 29 31 0 7
104 46 28 0 7
104 50 30 0 7
104 93 28 7 7
104 115 24 4 7
104 126 32 5 7
105 5 35 5 7
105 29 34 0 7
105 46 31 0 7
105 50 33 0 7
105 57 35 0 7
105 88 35 0 7
105 90 38 5 7
105 115 35 0 7
105 123 36 11 7
106 46 27 0 7
106 118 34 3 7
107 57 54 4 7
110 5 45 7 7
110 15 47 5 7
110 71 43 10 7
110 73 47 9 7
110 82 48 7 7
110 90 44 9 7
110 92 33 15 7
110 118 46 6 7
110 124 47 6 7
114 5 36 11 7
114 24 29 21 7
114 57 44 2 7
114 90 33 14 7
114 92 38 12 7
115 5 18 0 7
115 12 17 0 7
115 15 16 0 7
115 20 16 0 7
115 29 7 0 7
115 38 21 0 7
115 41 14 0 7
115 46 4 0 7
115 47 21 0 7
115 50 6 0 7
115 57 8 0 7
115 58 12 0 7
115 82 21 0 7
115 88 8 0 7
115 90 21 0 7
115 93 18 0 7
115 94 20 0 7
115 118 17 0 7
115 121 19 0 7
115 124 18 0 7
115 126 18 0 7
115 127 11 0 7
117 55 56 21 7
117 59 56 21 7
118 29 16 0 7
118 41 23 0 7
118 46 13 0 7
118 50 15 0 7
118 57 17 0 7
118 58 21 0 7
118 73 25 4 7
118 82 20 5 7
118 88 17 0 7
115 118 17 0 7
118 127 20 0 7
106 119 57 14 7
121 29 18 0 7
121 38 26 3 7
121 41 25 0 7
121 46 15 0 7
121 50 17 0 7
121 57 19 0 7
121 58 23 0 7
121 88 19 0 7
121 96 26 5 7
115 121 19 0 7
121 127 22 0 7
105 123 36 11 7
121 123 34 4 7
124 5 22 3 7
124 15 22 2 7
124 29 15 1 7
124 46 14 0 7
124 50 16 0 7
124 57 18 0 7
124 88 18 0 7
124 90 23 4 7
124 92 24 4 7
115 124 18 0 7
124 127 21 0 7
118 125 72 11 7
126 29 17 0 7
126 46 14 0 7
126 50 16 0 7
126 57 18 0 7
126 58 22 0 7
126 73 30 2 7
126 88 18 0 7
126 93 26 1 7
104 126 32 5 7
115 126 18 0 7
126 127 21 0 7
127 15 19 0 7
127 20 19 0 7
127 29 10 0 7
127 41 15 1 7
127 46 7 0 7
127 50 9 0 7
127 57 11 0 7
127 58 15 0 7
127 82 20 2 7
127 88 11 0 7
127 94 21 1 7
115 127 11 0 7
130 53 64 10 7
104 130 60 13 7
115 130 54 4 7
