Res1 Res2 NSingle NDouble Method
118 5 17 10 6
10 101 4 5 6
10 109 10 3 6
11 70 20 12 6
101 18 10 3 6
109 18 6 6 6
117 18 3 6 6
125 18 6 4 6
127 18 10 3 6
18 20 10 6 6
18 81 8 7 6
18 99 11 3 6
18 20 10 6 6
20 47 13 10 6
32 70 17 15 6
107 38 3 5 6
116 38 6 4 6
119 38 6 4 6
127 38 9 2 6
38 58 10 3 6
38 65 4 4 6
38 86 4 5 6
38 87 5 5 6
20 47 13 10 6
47 83 17 10 6
107 48 3 5 6
116 48 6 4 6
119 48 6 4 6
127 48 9 2 6
48 58 10 3 6
48 65 4 4 6
48 86 4 5 6
48 87 5 5 6
118 50 21 9 6
20 58 13 5 6
103 58 7 6 6
126 58 11 4 6
58 61 17 8 6
38 65 4 4 6
48 65 4 4 6
103 65 9 3 6
107 65 5 4 6
116 65 4 5 6
119 65 4 5 6
65 86 6 4 6
65 87 7 4 6
110 66 8 4 6
121 66 6 5 6
127 66 10 3 6
129 66 8 4 6
66 87 10 4 6
118 70 14 9 6
10 71 12 3 6
101 71 12 3 6
71 84 13 4 6
71 98 13 4 6
18 81 8 7 6
109 81 10 6 6
117 81 11 4 6
123 81 11 5 6
125 81 10 4 6
81 93 14 7 6
81 99 11 5 6
103 82 12 7 6
82 93 12 10 6
108 83 13 9 6
71 84 13 4 6
82 84 17 5 6
117 84 12 2 6
125 84 11 2 6
70 85 13 12 6
72 85 15 11 6
38 86 4 5 6
48 86 4 5 6
65 86 6 4 6
107 86 5 5 6
116 86 8 4 6
119 86 8 4 6
86 87 7 5 6
38 87 5 5 6
48 87 5 5 6
65 87 7 4 6
66 87 10 4 6
86 87 7 5 6
107 87 6 5 6
116 87 9 4 6
119 87 9 4 6
82 89 15 13 6
118 91 18 10 6
58 93 11 7 6
103 93 12 6 6
118 93 5 12 6
105 98 11 5 6
112 98 11 5 6
66 99 7 5 6
109 99 9 4 6
110 99 3 6 6
116 99 8 4 6
119 99 8 4 6
121 99 1 7 6
123 99 4 6 6
127 99 7 4 6
129 99 3 6 6
100 109 12 6 6
100 124 10 10 6
10 101 4 5 6
101 110 8 3 6
101 117 7 3 6
101 125 4 4 6
101 129 8 3 6
103 58 7 6 6
103 65 9 3 6
103 110 8 4 6
103 116 9 4 6
103 119 9 4 6
103 126 10 4 6
103 129 8 4 6
104 84 13 3 6
104 125 10 2 6
105 71 8 7 6
105 128 13 4 6
107 38 3 5 6
107 48 3 5 6
107 58 11 3 6
107 65 5 4 6
107 86 5 5 6
107 87 6 5 6
107 116 7 4 6
107 119 7 4 6
107 123 9 3 6
107 127 8 3 6
108 128 10 7 6
109 18 6 6 6
109 99 9 4 6
109 117 9 3 6
109 125 6 4 6
110 66 8 4 6
110 99 3 6 6
101 110 8 3 6
103 110 8 4 6
110 116 9 3 6
110 119 9 3 6
110 121 2 6 6
110 123 7 4 6
110 126 8 4 6
110 127 8 3 6
111 82 15 10 6
112 71 8 7 6
112 128 13 4 6
114 115 7 16 6
116 38 6 4 6
116 48 6 4 6
116 65 4 5 6
116 86 8 4 6
116 99 8 4 6
107 116 7 4 6
110 116 9 3 6
116 119 0 8 6
116 121 7 4 6
116 129 9 3 6
117 20 13 3 6
10 117 9 2 6
101 117 7 3 6
109 117 9 3 6
117 123 10 2 6
117 125 3 4 6
117 126 9 3 6
117 127 9 2 6
118 58 10 7 6
118 93 5 12 6
103 118 11 6 6
118 123 10 6 6
118 126 9 7 6
119 38 6 4 6
119 48 6 4 6
119 65 4 5 6
119 86 8 4 6
119 99 8 4 6
107 119 7 4 6
110 119 9 3 6
116 119 0 8 6
119 121 7 4 6
119 129 9 3 6
121 66 6 5 6
110 121 2 6 6
116 121 7 4 6
119 121 7 4 6
121 123 5 5 6
121 125 8 2 6
121 127 8 3 6
121 129 2 6 6
123 66 7 5 6
123 99 4 6 6
107 123 9 3 6
110 123 7 4 6
118 123 10 6 6
121 123 5 5 6
123 127 3 6 6
123 129 7 4 6
124 18 12 6 6
100 124 10 10 6
118 124 11 9 6
125 18 6 4 6
125 20 12 3 6
10 125 8 2 6
101 125 4 4 6
109 125 6 4 6
117 125 3 4 6
121 125 8 2 6
110 126 8 4 6
117 126 9 3 6
118 126 9 7 6
123 126 9 4 6
126 129 8 4 6
127 70 15 5 6
127 99 7 4 6
123 127 3 6 6
125 127 10 1 6
10 128 13 2 6
101 128 13 2 6
110 128 13 2 6
127 128 13 2 6
128 129 13 2 6
129 66 8 4 6
129 99 3 6 6
101 129 8 3 6
103 129 8 4 6
116 129 9 3 6
119 129 9 3 6
121 129 2 6 6
123 129 7 4 6
126 129 8 4 6
127 129 8 3 6
