Res1 Res2 NSingle NDouble Method
1 12 31 11 5
1 68 28 11 5
1 94 29 5 5
118 2 20 2 5
2 20 27 5 5
2 43 24 5 5
2 60 26 5 5
2 77 21 4 5
2 88 22 1 5
16 3 23 9 5
118 3 29 2 5
3 43 27 8 5
3 77 28 5 5
15 4 18 0 5
17 4 18 3 5
30 4 18 0 5
121 4 16 9 5
126 4 20 6 5
127 4 18 0 5
4 8 19 0 5
4 53 19 0 5
4 61 18 0 5
4 69 18 9 5
17 6 17 6 5
41 6 23 1 5
102 6 19 7 5
106 6 17 9 5
116 6 18 10 5
6 85 22 2 5
6 88 20 3 5
17 7 21 2 5
41 7 19 1 5
102 7 19 5 5
115 7 19 8 5
116 7 24 5 5
123 7 21 2 5
7 89 24 7 5
15 8 1 0 5
17 8 7 0 5
30 8 1 0 5
41 8 3 0 5
53 8 2 0 5
61 8 1 0 5
77 8 9 0 5
118 8 4 0 5
123 8 7 0 5
127 8 1 0 5
8 85 4 0 5
8 87 3 0 5
8 88 4 0 5
8 91 7 0 5
8 94 9 0 5
65 9 39 12 5
10 76 39 12 5
106 11 14 7 5
11 85 15 2 5
11 88 13 3 5
11 116 17 7 5
12 53 21 1 5
12 63 28 14 5
12 68 27 7 5
12 123 24 2 5
13 17 26 6 5
16 8 12 0 5
15 16 11 0 5
118 16 12 1 5
123 16 11 3 5
127 16 11 0 5
16 17 13 2 5
16 26 17 5 5
16 30 11 0 5
16 41 13 0 5
16 47 18 5 5
16 53 10 1 5
16 61 11 0 5
16 65 12 6 5
16 77 15 2 5
16 82 16 3 5
16 87 13 0 5
17 8 7 0 5
15 17 6 0 5
16 17 13 2 5
118 17 9 0 5
127 17 6 0 5
128 17 13 1 5
17 30 6 0 5
17 41 8 0 5
17 53 7 0 5
17 61 6 0 5
17 82 11 3 5
17 85 9 0 5
17 87 8 0 5
17 88 9 0 5
17 91 10 1 5
16 19 36 7 5
19 25 33 19 5
19 47 34 11 5
17 20 14 4 5
118 20 17 1 5
128 20 21 2 5
20 91 14 4 5
102 23 21 8 5
115 23 19 12 5
23 41 25 2 5
23 85 26 2 5
23 87 25 2 5
23 88 24 3 5
102 24 15 4 5
111 24 18 2 5
115 24 17 6 5
125 24 24 8 5
24 39 22 7 5
24 41 11 2 5
24 56 23 5 5
24 85 14 1 5
25 3 28 17 5
25 77 28 6 5
16 26 17 5 5
118 26 15 2 5
123 26 16 3 5
26 45 18 5 5
26 53 15 1 5
26 65 15 7 5
26 77 18 3 5
102 27 16 7 5
106 27 18 7 5
115 27 20 8 5
116 27 19 8 5
27 41 18 2 5
27 70 21 5 5
27 88 19 2 5
27 93 18 7 5
28 67 36 12 5
29 67 24 10 5
29 73 30 14 5
29 85 27 2 5
17 31 33 5 5
32 94 36 7 5
11 33 33 7 5
12 33 31 11 5
17 33 27 5 5
113 33 31 7 5
35 8 15 0 5
15 35 14 0 5
30 35 14 0 5
118 35 17 0 5
127 35 14 0 5
35 41 16 0 5
35 53 15 0 5
35 61 14 0 5
35 64 18 4 5
35 82 21 2 5
35 85 17 0 5
35 87 16 0 5
35 88 17 0 5
35 94 14 4 5
29 36 32 14 5
129 36 33 7 5
115 38 31 12 5
38 68 30 14 5
39 7 24 9 5
102 39 23 5 5
123 39 21 4 5
39 41 21 2 5
4 40 22 11 5
17 40 22 5 5
40 69 16 14 5
40 82 23 7 5
41 8 3 0 5
15 41 2 0 5
17 41 8 0 5
24 41 11 2 5
30 41 2 0 5
102 41 8 2 5
106 41 10 2 5
111 41 7 2 5
115 41 14 2 5
118 41 5 0 5
123 41 8 0 5
127 41 2 0 5
41 45 12 1 5
41 53 3 0 5
41 61 2 0 5
41 64 10 2 5
41 77 10 0 5
41 85 5 0 5
41 87 4 0 5
41 88 5 0 5
41 91 8 0 5
41 94 10 0 5
106 42 23 7 5
115 42 27 7 5
116 42 24 8 5
118 42 24 2 5
42 77 21 6 5
42 88 24 2 5
118 43 12 2 5
43 77 15 3 5
43 85 14 1 5
45 8 13 0 5
15 45 12 0 5
16 45 19 2 5
26 45 18 5 5
30 45 12 0 5
41 45 12 1 5
102 45 14 4 5
106 45 16 4 5
111 45 17 2 5
115 45 16 6 5
118 45 11 2 5
123 45 16 1 5
127 45 12 0 5
45 53 13 0 5
45 61 12 0 5
45 77 16 2 5
45 88 11 2 5
123 46 21 4 5
126 46 21 8 5
46 62 20 12 5
46 65 18 9 5
46 77 21 5 5
16 47 18 5 5
118 47 16 2 5
47 48 16 15 5
47 53 16 1 5
47 62 18 10 5
47 65 20 5 5
47 77 19 3 5
47 85 18 1 5
47 48 16 15 5
105 48 17 20 5
48 77 27 5 5
48 87 27 2 5
45 50 19 6 5
118 50 16 3 5
50 87 17 2 5
50 88 16 3 5
51 55 28 19 5
53 8 2 0 5
15 53 1 0 5
16 53 10 1 5
17 53 7 0 5
26 53 15 1 5
30 53 1 0 5
41 53 3 0 5
47 53 16 1 5
118 53 4 0 5
123 53 7 0 5
127 53 1 0 5
53 61 1 0 5
53 65 12 1 5
53 85 4 0 5
53 87 3 0 5
53 88 4 0 5
53 91 7 0 5
101 54 38 14 5
126 55 19 8 5
55 87 19 2 5
55 93 17 8 5
24 56 23 5 5
43 56 23 5 5
118 56 17 3 5
56 65 19 7 5
56 87 18 2 5
11 57 24 9 5
43 57 21 9 5
106 57 22 8 5
116 57 23 9 5
118 57 25 2 5
57 85 25 2 5
57 88 25 2 5
46 59 24 15 5
59 69 19 15 5
59 87 29 2 5
2 60 26 5 5
15 60 15 0 5
30 60 15 0 5
112 60 25 4 5
121 60 23 4 5
127 60 15 0 5
60 61 15 0 5
15 62 21 0 5
16 62 22 5 5
30 62 21 0 5
47 62 18 10 5
53 62 20 1 5
61 62 21 0 5
118 62 18 3 5
123 62 23 2 5
126 62 21 7 5
127 62 21 0 5
12 63 28 14 5
64 8 13 0 5
15 64 12 0 5
30 64 12 0 5
35 64 18 4 5
41 64 10 2 5
53 64 13 0 5
61 64 12 0 5
102 64 16 3 5
111 64 17 2 5
123 64 16 1 5
127 64 12 0 5
15 65 13 0 5
16 65 12 6 5
26 65 15 7 5
30 65 13 0 5
47 65 20 5 5
53 65 12 1 5
56 65 19 7 5
61 65 13 0 5
118 65 14 1 5
123 65 11 4 5
127 65 13 0 5
65 77 15 3 5
65 87 11 2 5
102 66 22 9 5
4 67 24 5 5
67 69 24 5 5
67 85 15 2 5
1 68 28 11 5
15 68 19 0 5
30 68 19 0 5
38 68 30 14 5
61 68 19 0 5
111 68 20 4 5
127 68 19 0 5
68 94 23 2 5
69 8 19 0 5
15 69 18 0 5
30 69 18 0 5
41 69 20 0 5
53 69 19 0 5
61 69 18 0 5
127 69 18 0 5
69 70 17 6 5
69 85 19 1 5
69 87 18 1 5
69 91 20 2 5
70 8 12 0 5
15 70 11 0 5
30 70 11 0 5
41 70 13 0 5
53 70 12 0 5
61 70 11 0 5
69 70 17 6 5
127 70 11 0 5
70 87 9 2 5
70 93 17 3 5
112 71 26 11 5
102 72 24 7 5
106 72 20 10 5
118 72 27 2 5
72 77 26 5 5
72 85 27 2 5
72 88 25 3 5
69 73 16 16 5
75 8 22 0 5
15 75 21 0 5
30 75 21 0 5
53 75 22 0 5
61 75 21 0 5
126 75 15 10 5
127 75 21 0 5
75 80 16 12 5
75 85 20 2 5
75 88 18 3 5
17 76 23 2 5
35 76 23 6 5
76 91 21 3 5
76 94 17 6 5
77 8 9 0 5
15 77 8 0 5
16 77 15 2 5
30 77 8 0 5
41 77 10 0 5
45 77 16 2 5
53 77 9 0 5
61 77 8 0 5
118 77 5 3 5
123 77 10 2 5
127 77 8 0 5
77 85 11 0 5
77 87 10 0 5
77 88 11 0 5
113 79 20 8 5
128 79 19 6 5
79 82 23 5 5
79 85 21 2 5
79 88 19 3 5
70 80 20 5 5
75 80 16 12 5
106 80 19 6 5
116 80 16 9 5
126 80 19 7 5
80 85 18 2 5
80 87 17 2 5
80 88 18 2 5
17 81 21 4 5
102 81 21 6 5
106 81 19 8 5
111 81 24 4 5
116 81 24 7 5
128 81 24 4 5
81 82 22 6 5
81 88 20 3 5
8 82 12 0 5
15 82 11 0 5
16 82 16 3 5
17 82 11 3 5
30 82 11 0 5
41 82 13 0 5
53 82 12 0 5
61 82 11 0 5
118 82 14 0 5
127 82 11 0 5
128 82 10 5 5
82 85 14 0 5
82 87 13 0 5
82 88 14 0 5
82 94 15 2 5
35 83 26 9 5
8 85 4 0 5
11 85 15 2 5
15 85 3 0 5
30 85 3 0 5
41 85 5 0 5
53 85 4 0 5
61 85 3 0 5
67 85 15 2 5
106 85 11 2 5
115 85 15 2 5
116 85 14 2 5
118 85 6 0 5
127 85 3 0 5
129 85 14 2 5
85 87 5 0 5
85 88 6 0 5
17 86 30 5 5
20 86 26 12 5
8 87 3 0 5
15 87 2 0 5
30 87 2 0 5
41 87 4 0 5
50 87 17 2 5
53 87 3 0 5
61 87 2 0 5
65 87 11 2 5
70 87 9 2 5
80 87 17 2 5
85 87 5 0 5
118 87 5 0 5
126 87 14 1 5
127 87 2 0 5
87 88 5 0 5
8 88 4 0 5
15 88 3 0 5
17 88 9 0 5
30 88 3 0 5
41 88 5 0 5
45 88 11 2 5
53 88 4 0 5
61 88 3 0 5
85 88 6 0 5
87 88 5 0 5
102 88 9 2 5
106 88 9 3 5
111 88 10 1 5
118 88 6 0 5
123 88 9 0 5
127 88 3 0 5
88 91 9 0 5
8 89 20 0 5
15 89 19 0 5
30 89 19 0 5
41 89 19 1 5
45 89 19 6 5
53 89 20 0 5
61 89 19 0 5
88 89 18 2 5
102 89 15 7 5
106 89 19 6 5
111 89 20 4 5
116 89 14 10 5
127 89 19 0 5
35 90 40 11 5
8 91 7 0 5
15 91 6 0 5
17 91 10 1 5
20 91 14 4 5
30 91 6 0 5
41 91 8 0 5
53 91 7 0 5
61 91 6 0 5
85 91 9 0 5
87 91 8 0 5
88 91 9 0 5
118 91 9 0 5
127 91 6 0 5
91 93 14 2 5
55 92 25 13 5
92 93 28 7 5
8 93 13 0 5
15 93 12 0 5
30 93 12 0 5
53 93 13 0 5
61 93 12 0 5
70 93 17 3 5
91 93 14 2 5
127 93 12 0 5
8 94 9 0 5
15 94 8 0 5
17 94 14 0 5
30 94 8 0 5
35 94 14 4 5
41 94 10 0 5
53 94 9 0 5
61 94 8 0 5
76 94 17 6 5
82 94 15 2 5
85 94 11 0 5
87 94 10 0 5
88 94 11 0 5
91 94 14 0 5
118 94 11 0 5
123 94 14 0 5
127 94 8 0 5
29 95 30 7 5
64 95 20 4 5
111 95 21 2 5
79 96 26 15 5
113 96 26 11 5
35 98 38 7 5
94 98 32 7 5
101 79 29 11 5
101 82 26 7 5
101 113 27 8 5
101 128 24 7 5
102 8 11 0 5
102 15 10 0 5
102 24 15 4 5
102 30 10 0 5
102 41 8 2 5
102 45 14 4 5
102 53 11 0 5
102 61 10 0 5
102 85 13 0 5
102 87 12 0 5
102 88 9 2 5
102 106 8 7 5
102 111 13 3 5
102 116 13 6 5
102 118 13 0 5
102 127 10 0 5
104 20 33 9 5
104 91 31 5 5
105 48 17 20 5
105 93 26 7 5
106 8 13 0 5
106 15 12 0 5
106 30 12 0 5
106 41 10 2 5
106 53 13 0 5
106 61 12 0 5
106 85 11 2 5
106 87 14 0 5
106 88 9 3 5
102 106 8 7 5
106 111 15 3 5
106 116 11 8 5
106 118 15 0 5
106 127 12 0 5
108 15 18 0 5
108 30 18 0 5
108 61 18 0 5
108 85 19 1 5
108 88 17 2 5
108 89 21 8 5
102 108 20 4 5
106 108 16 7 5
108 115 16 9 5
108 116 15 9 5
108 127 18 0 5
109 94 37 5 5
111 7 20 4 5
111 15 9 0 5
111 30 9 0 5
111 41 7 2 5
111 45 17 2 5
111 61 9 0 5
111 64 17 2 5
111 68 20 4 5
111 88 10 1 5
111 89 20 4 5
102 111 13 3 5
106 111 15 3 5
111 115 17 4 5
111 116 16 4 5
111 127 9 0 5
112 71 26 11 5
108 112 24 6 5
113 8 15 0 5
113 15 14 0 5
113 30 14 0 5
113 41 16 0 5
113 53 15 0 5
113 61 14 0 5
113 79 20 8 5
113 82 19 3 5
113 87 16 0 5
113 123 16 2 5
113 127 14 0 5
113 128 15 4 5
114 82 35 9 5
114 128 35 8 5
115 8 17 0 5
115 15 16 0 5
115 30 16 0 5
115 41 14 2 5
115 45 16 6 5
115 53 17 0 5
115 61 16 0 5
115 85 15 2 5
115 87 18 0 5
115 88 15 2 5
102 115 12 7 5
106 115 8 10 5
115 118 19 0 5
115 127 16 0 5
116 8 16 0 5
116 15 15 0 5
116 30 15 0 5
116 41 15 1 5
116 53 16 0 5
116 61 15 0 5
116 85 14 2 5
116 87 17 0 5
116 88 14 2 5
102 116 13 6 5
106 116 11 8 5
111 116 16 4 5
115 116 11 10 5
116 118 18 0 5
116 127 15 0 5
118 8 4 0 5
118 15 3 0 5
118 16 12 1 5
118 17 9 0 5
118 30 3 0 5
118 41 5 0 5
118 43 12 2 5
118 45 11 2 5
118 53 4 0 5
118 61 3 0 5
118 77 5 3 5
118 85 6 0 5
118 87 5 0 5
118 88 6 0 5
118 91 9 0 5
118 123 9 0 5
118 127 3 0 5
119 35 26 10 5
119 129 33 7 5
121 4 16 9 5
121 15 16 0 5
121 30 16 0 5
121 61 16 0 5
121 69 20 7 5
121 126 20 5 5
121 127 16 0 5
112 122 32 11 5
122 129 37 7 5
123 8 7 0 5
123 15 6 0 5
123 16 11 3 5
123 26 16 3 5
123 30 6 0 5
123 41 8 0 5
123 53 7 0 5
123 61 6 0 5
123 65 11 4 5
123 77 10 2 5
123 85 9 0 5
123 87 8 0 5
123 88 9 0 5
113 123 16 2 5
118 123 9 0 5
123 127 6 0 5
125 41 25 2 5
125 69 15 15 5
125 85 26 2 5
125 88 26 2 5
126 8 15 0 5
126 15 14 0 5
126 30 14 0 5
126 53 15 0 5
126 61 14 0 5
126 69 16 8 5
126 85 15 1 5
126 87 14 1 5
126 127 14 0 5
128 8 10 0 5
128 15 9 0 5
128 17 13 1 5
128 30 9 0 5
128 41 11 0 5
128 53 10 0 5
128 61 9 0 5
128 82 10 5 5
128 85 12 0 5
128 87 11 0 5
128 88 12 0 5
113 128 15 4 5
118 128 12 0 5
127 128 9 0 5
129 85 14 2 5
129 88 16 1 5
106 129 19 4 5
130 40 34 7 5
130 82 23 5 5
126 130 26 5 5
128 130 23 4 5
