Res1 Res2 NSingle NDouble Method
17 8 7 0 5
16 17 13 2 5
16 26 17 5 5
41 8 3 0 5
17 41 8 0 5
24 41 11 2 5
26 45 18 5 5
41 45 12 1 5
16 47 18 5 5
47 48 16 15 5
53 8 2 0 5
16 53 10 1 5
17 53 7 0 5
26 53 15 1 5
41 53 3 0 5
47 53 16 1 5
24 56 23 5 5
2 60 26 5 5
47 62 18 10 5
12 63 28 14 5
35 64 18 4 5
41 64 10 2 5
16 65 12 6 5
26 65 15 7 5
47 65 20 5 5
53 65 12 1 5
56 65 19 7 5
1 68 28 11 5
38 68 30 14 5
69 70 17 6 5
77 8 9 0 5
16 77 15 2 5
41 77 10 0 5
45 77 16 2 5
75 80 16 12 5
16 82 16 3 5
17 82 11 3 5
8 85 4 0 5
11 85 15 2 5
41 85 5 0 5
53 85 4 0 5
67 85 15 2 5
8 87 3 0 5
41 87 4 0 5
50 87 17 2 5
53 87 3 0 5
65 87 11 2 5
70 87 9 2 5
80 87 17 2 5
85 87 5 0 5
8 88 4 0 5
17 88 9 0 5
41 88 5 0 5
45 88 11 2 5
53 88 4 0 5
85 88 6 0 5
87 88 5 0 5
8 91 7 0 5
17 91 10 1 5
20 91 14 4 5
41 91 8 0 5
53 91 7 0 5
88 91 9 0 5
70 93 17 3 5
91 93 14 2 5
8 94 9 0 5
35 94 14 4 5
41 94 10 0 5
76 94 17 6 5
82 94 15 2 5
102 24 15 4 5
102 41 8 2 5
102 45 14 4 5
102 88 9 2 5
105 48 17 20 5
106 41 10 2 5
106 85 11 2 5
106 88 9 3 5
102 106 8 7 5
111 41 7 2 5
111 45 17 2 5
111 64 17 2 5
111 68 20 4 5
111 88 10 1 5
111 89 20 4 5
102 111 13 3 5
106 111 15 3 5
112 71 26 11 5
113 79 20 8 5
115 41 14 2 5
115 45 16 6 5
115 85 15 2 5
116 85 14 2 5
102 116 13 6 5
106 116 11 8 5
111 116 16 4 5
118 8 4 0 5
118 16 12 1 5
118 17 9 0 5
118 41 5 0 5
118 43 12 2 5
118 45 11 2 5
118 53 4 0 5
118 77 5 3 5
118 85 6 0 5
118 87 5 0 5
118 88 6 0 5
118 91 9 0 5
121 4 16 9 5
123 8 7 0 5
123 16 11 3 5
123 26 16 3 5
123 41 8 0 5
123 53 7 0 5
123 65 11 4 5
123 77 10 2 5
123 88 9 0 5
113 123 16 2 5
118 123 9 0 5
126 87 14 1 5
128 17 13 1 5
128 82 10 5 5
113 128 15 4 5
129 85 14 2 5
