Res1 Res2 NSingle NDouble Method
1 117 27 11 4
15 2 10 2 4
19 2 4 6 4
112 2 11 4 4
118 2 8 3 4
120 2 10 2 4
127 2 8 0 4
2 8 13 1 4
2 23 7 4 4
2 30 9 0 4
2 53 9 0 4
2 57 15 3 4
2 59 15 4 4
2 61 8 0 4
2 77 13 1 4
2 82 14 1 4
2 83 14 3 4
108 4 25 19 4
4 63 22 24 4
5 77 29 5 4
5 83 30 7 4
5 90 32 12 4
6 68 25 3 4
6 82 24 4 4
6 88 24 2 4
108 7 32 14 4
2 8 13 1 4
19 8 13 1 4
23 8 12 1 4
30 8 8 0 4
53 8 8 0 4
61 8 7 0 4
106 8 17 4 4
118 8 11 1 4
127 8 7 0 4
8 82 13 1 4
8 94 9 0 4
67 9 35 16 4
82 9 24 3 4
107 9 27 5 4
110 9 26 3 4
118 13 19 1 4
123 13 19 1 4
13 94 13 2 4
13 130 28 8 4
15 2 10 2 4
101 15 6 4 4
111 15 12 4 4
112 15 5 6 4
116 15 7 5 4
120 15 8 2 4
127 15 6 0 4
128 15 10 4 4
15 19 10 2 4
15 23 7 3 4
15 30 7 0 4
15 53 7 0 4
15 61 6 0 4
15 75 12 2 4
15 77 7 3 4
15 78 10 3 4
15 83 6 6 4
15 88 10 0 4
15 94 8 0 4
15 96 6 4 4
17 50 23 14 4
17 69 21 15 4
17 87 25 7 4
108 18 29 15 4
18 68 31 5 4
19 2 4 6 4
19 8 13 1 4
15 19 10 2 4
101 19 14 1 4
112 19 13 3 4
118 19 8 3 4
127 19 8 0 4
19 23 5 5 4
19 30 9 0 4
19 48 16 4 4
19 53 9 0 4
19 59 15 4 4
19 61 8 0 4
19 75 14 2 4
19 77 13 1 4
19 82 14 1 4
19 94 10 0 4
19 96 14 1 4
2 20 21 7 4
15 20 21 6 4
19 20 21 7 4
112 20 18 10 4
20 23 22 6 4
20 83 19 10 4
19 21 25 4 4
111 21 23 8 4
117 21 28 8 4
21 23 24 4 4
21 57 24 7 4
21 59 24 8 4
21 82 23 5 4
21 96 25 4 4
23 8 12 1 4
2 23 7 4 4
15 23 7 3 4
19 23 5 5 4
101 23 11 2 4
111 23 15 3 4
112 23 12 3 4
116 23 12 3 4
118 23 9 2 4
120 23 11 1 4
127 23 7 0 4
128 23 15 2 4
23 30 8 0 4
23 53 8 0 4
23 57 16 2 4
23 59 14 4 4
23 61 7 0 4
23 77 10 2 4
23 78 13 2 4
23 83 13 3 4
23 86 14 3 4
23 94 9 0 4
23 96 11 2 4
121 25 24 11 4
25 69 25 15 4
27 8 36 5 4
27 57 32 10 4
27 71 28 15 4
15 29 29 5 4
20 29 16 22 4
120 29 29 5 4
15 30 7 0 4
118 30 7 0 4
120 30 7 0 4
123 30 7 0 4
127 30 1 0 4
30 36 21 1 4
30 49 16 1 4
30 53 2 0 4
30 61 1 0 4
30 73 19 1 4
30 88 5 0 4
30 94 3 0 4
30 99 20 1 4
15 31 22 6 4
112 31 21 9 4
114 31 20 11 4
116 31 21 9 4
120 31 24 5 4
126 31 18 13 4
31 54 20 18 4
31 74 21 12 4
31 83 20 10 4
102 32 26 7 4
32 99 23 14 4
15 33 20 6 4
101 33 20 7 4
112 33 17 10 4
114 33 18 11 4
116 33 17 10 4
126 33 18 12 4
33 74 19 12 4
108 36 25 11 4
128 36 22 6 4
36 68 19 5 4
36 77 23 3 4
36 88 20 3 4
114 38 23 11 4
126 38 25 11 4
2 39 27 7 4
19 39 25 8 4
23 39 26 7 4
101 39 25 8 4
120 39 29 5 4
30 41 13 0 4
102 41 18 2 4
118 41 16 1 4
123 41 14 2 4
124 41 15 8 4
127 41 12 0 4
41 53 13 0 4
41 61 12 0 4
41 75 18 2 4
41 94 14 0 4
15 42 26 5 4
102 42 26 7 4
42 49 25 11 4
2 43 25 3 4
15 43 19 5 4
19 43 23 4 4
23 43 20 5 4
101 43 21 5 4
112 43 24 5 4
116 43 24 5 4
118 43 25 2 4
120 43 25 2 4
123 43 25 2 4
43 77 24 3 4
43 96 21 5 4
23 44 32 7 4
126 44 25 15 4
45 77 30 7 4
2 48 18 3 4
19 48 16 4 4
23 48 17 3 4
118 48 18 2 4
123 48 18 2 4
48 57 19 5 4
48 71 17 9 4
15 49 13 5 4
30 49 16 1 4
101 49 13 6 4
112 49 18 5 4
116 49 18 5 4
128 49 17 6 4
49 83 17 6 4
49 96 17 4 4
114 50 19 9 4
116 50 20 7 4
120 50 21 4 4
126 50 19 10 4
15 53 7 0 4
30 53 2 0 4
102 53 9 1 4
118 53 7 0 4
120 53 7 0 4
123 53 7 0 4
127 53 1 0 4
128 53 11 1 4
53 61 1 0 4
53 88 5 0 4
53 94 3 0 4
112 54 19 10 4
128 54 26 7 4
54 83 20 10 4
54 96 26 5 4
15 55 18 5 4
101 55 20 5 4
110 55 24 4 4
112 55 17 8 4
120 55 24 2 4
55 83 18 8 4
55 96 22 4 4
108 56 25 12 4
56 68 17 7 4
56 73 22 11 4
56 78 22 6 4
56 88 20 4 4
2 57 15 3 4
19 57 15 3 4
23 57 16 2 4
30 57 14 0 4
48 57 19 5 4
53 57 14 0 4
111 57 19 4 4
118 57 11 4 4
127 57 13 0 4
57 61 13 0 4
57 71 16 8 4
57 82 17 2 4
110 58 36 8 4
112 58 39 7 4
2 59 15 4 4
15 59 11 5 4
19 59 15 4 4
23 59 14 4 4
101 59 15 4 4
111 59 19 5 4
112 59 14 6 4
116 59 18 4 4
120 59 17 2 4
126 59 21 5 4
59 77 18 2 4
59 82 15 4 4
59 83 15 6 4
59 96 17 3 4
60 8 29 6 4
106 60 28 12 4
111 60 34 7 4
108 62 22 10 4
121 62 15 8 4
62 69 22 9 4
62 73 19 9 4
62 87 12 8 4
108 63 19 19 4
63 73 24 14 4
114 65 17 11 4
126 65 19 11 4
65 97 22 11 4
114 66 21 7 4
121 66 13 11 4
66 68 20 4 4
66 73 19 11 4
66 97 8 16 4
30 68 8 0 4
36 68 19 5 4
53 68 8 0 4
56 68 17 7 4
61 68 7 0 4
123 68 9 2 4
127 68 7 0 4
68 77 8 3 4
68 78 7 5 4
68 86 10 5 4
68 88 3 4 4
68 94 9 0 4
66 69 20 12 4
121 69 17 10 4
69 73 19 12 4
69 87 18 8 4
69 97 20 11 4
15 70 20 4 4
49 70 25 7 4
101 70 18 6 4
112 70 21 6 4
116 70 21 6 4
126 70 22 8 4
70 96 20 5 4
2 71 23 2 4
19 71 21 3 4
23 71 22 2 4
48 71 17 9 4
57 71 16 8 4
118 71 19 3 4
72 82 27 5 4
72 96 29 4 4
56 73 22 11 4
62 73 19 9 4
66 73 19 11 4
68 73 19 4 4
121 73 14 10 4
73 87 15 8 4
15 74 13 5 4
23 74 20 2 4
101 74 11 7 4
112 74 10 9 4
114 74 15 8 4
116 74 10 9 4
120 74 13 5 4
123 74 19 2 4
126 74 11 11 4
74 77 20 2 4
74 83 13 8 4
74 96 17 4 4
15 75 12 2 4
19 75 14 2 4
30 75 11 0 4
53 75 11 0 4
61 75 10 0 4
101 75 14 2 4
110 75 14 3 4
112 75 13 4 4
116 75 17 2 4
118 75 12 2 4
120 75 14 1 4
123 75 14 1 4
127 75 10 0 4
75 78 14 3 4
75 83 16 3 4
75 88 12 1 4
75 96 14 2 4
117 76 28 5 4
120 76 21 2 4
76 91 27 5 4
15 77 7 3 4
23 77 10 2 4
30 77 8 0 4
53 77 8 0 4
61 77 7 0 4
68 77 8 3 4
101 77 11 2 4
112 77 12 3 4
116 77 12 3 4
120 77 11 1 4
127 77 7 0 4
128 77 13 3 4
77 78 7 5 4
77 83 9 5 4
77 86 12 4 4
77 88 9 1 4
77 94 9 0 4
77 96 11 2 4
15 78 10 3 4
23 78 13 2 4
61 78 10 0 4
68 78 7 5 4
75 78 14 3 4
77 78 7 5 4
101 78 12 3 4
120 78 14 1 4
123 78 14 1 4
127 78 10 0 4
78 83 12 5 4
78 86 9 7 4
78 88 10 2 4
78 96 12 3 4
66 80 19 10 4
101 80 20 3 4
114 80 18 7 4
116 80 17 6 4
120 80 18 3 4
126 80 20 7 4
80 94 16 2 4
80 97 19 9 4
8 81 35 5 4
113 81 30 12 4
2 82 14 1 4
8 82 13 1 4
19 82 14 1 4
21 82 23 5 4
23 82 13 1 4
30 82 9 0 4
53 82 9 0 4
57 82 17 2 4
59 82 15 4 4
61 82 8 0 4
107 82 17 3 4
117 82 15 6 4
118 82 12 1 4
127 82 8 0 4
82 94 10 0 4
2 83 14 3 4
15 83 6 6 4
19 83 16 2 4
23 83 13 3 4
30 83 13 0 4
53 83 13 0 4
61 83 12 0 4
77 83 9 5 4
78 83 12 5 4
101 83 10 5 4
112 83 7 8 4
116 83 13 5 4
120 83 12 3 4
127 83 12 0 4
83 94 14 0 4
83 96 12 4 4
32 84 31 12 4
36 85 29 13 4
108 85 30 14 4
15 86 13 3 4
23 86 14 3 4
68 86 10 5 4
77 86 12 4 4
78 86 9 7 4
83 86 17 4 4
101 86 15 3 4
123 86 15 2 4
86 88 11 3 4
86 96 15 3 4
61 87 11 0 4
62 87 12 8 4
69 87 18 8 4
73 87 15 8 4
108 87 22 7 4
121 87 11 7 4
127 87 11 0 4
87 97 16 7 4
30 88 5 0 4
53 88 5 0 4
61 88 4 0 4
68 88 3 4 4
75 88 12 1 4
77 88 9 1 4
78 88 10 2 4
86 88 11 3 4
123 88 8 1 4
127 88 4 0 4
88 94 6 0 4
101 89 31 7 4
116 89 28 10 4
126 89 29 12 4
15 90 22 4 4
83 90 20 8 4
112 90 21 7 4
121 90 24 7 4
2 91 20 3 4
102 91 20 4 4
19 92 28 4 4
23 92 27 4 4
118 92 28 3 4
82 93 23 3 4
114 93 21 7 4
126 93 23 7 4
8 94 9 0 4
13 94 13 2 4
15 94 8 0 4
23 94 9 0 4
30 94 3 0 4
53 94 3 0 4
61 94 2 0 4
68 94 9 0 4
77 94 9 0 4
80 94 16 2 4
88 94 6 0 4
117 94 17 2 4
118 94 8 0 4
120 94 8 0 4
123 94 8 0 4
127 94 2 0 4
15 96 6 4 4
19 96 14 1 4
23 96 11 2 4
30 96 9 0 4
53 96 9 0 4
61 96 8 0 4
75 96 14 2 4
77 96 11 2 4
78 96 12 3 4
83 96 12 4 4
86 96 15 3 4
94 96 10 0 4
101 96 8 4 4
111 96 16 3 4
112 96 11 4 4
116 96 11 4 4
120 96 12 1 4
126 96 16 4 4
127 96 8 0 4
66 97 8 16 4
87 97 16 7 4
114 97 17 8 4
121 97 11 11 4
28 99 25 11 4
32 99 23 14 4
102 99 21 5 4
100 65 31 17 4
100 80 34 12 4
101 15 6 4 4
101 19 14 1 4
101 23 11 2 4
101 30 9 0 4
101 53 9 0 4
101 61 8 0 4
101 74 11 7 4
101 75 14 2 4
101 77 11 2 4
101 78 12 3 4
101 83 10 5 4
101 88 12 0 4
101 94 10 0 4
101 96 8 4 4
101 112 9 5 4
101 116 5 7 4
101 120 8 3 4
101 127 8 0 4
102 53 9 1 4
102 61 10 0 4
102 99 21 5 4
102 110 16 2 4
102 120 12 2 4
102 127 10 0 4
102 128 16 3 4
104 56 25 14 4
104 68 24 6 4
104 78 23 8 4
104 86 28 7 4
106 8 17 4 4
106 113 22 6 4
107 6 29 5 4
107 7 32 9 4
107 9 27 5 4
107 82 17 3 4
107 117 24 5 4
108 63 19 19 4
108 68 22 5 4
108 88 23 3 4
108 121 21 9 4
109 71 26 14 4
110 15 14 1 4
110 30 11 0 4
110 53 11 0 4
110 61 10 0 4
110 75 14 3 4
110 83 16 3 4
110 94 12 0 4
102 110 16 2 4
110 112 15 3 4
110 118 14 1 4
110 120 12 2 4
110 123 14 1 4
110 124 19 5 4
110 127 10 0 4
111 2 18 2 4
111 15 12 4 4
111 23 15 3 4
111 59 19 5 4
111 61 14 0 4
111 77 17 2 4
111 83 14 6 4
111 96 16 3 4
101 111 16 3 4
111 112 13 6 4
111 116 17 4 4
111 119 11 10 4
111 120 14 3 4
111 126 20 5 4
111 127 14 0 4
112 2 11 4 4
112 15 5 6 4
112 19 13 3 4
112 23 12 3 4
112 30 12 0 4
112 53 12 0 4
112 61 11 0 4
112 75 13 4 4
112 77 12 3 4
112 83 7 8 4
112 94 13 0 4
112 96 11 4 4
101 112 9 5 4
102 112 17 2 4
112 116 10 6 4
112 120 9 4 4
112 126 11 8 4
112 127 11 0 4
113 30 17 0 4
113 53 17 0 4
113 61 16 0 4
111 113 18 6 4
113 123 20 1 4
113 127 16 0 4
114 2 16 3 4
114 15 16 2 4
114 19 18 2 4
114 61 14 0 4
114 74 15 8 4
114 83 16 5 4
101 114 16 3 4
112 114 15 5 4
114 116 13 6 4
114 120 14 3 4
114 126 8 11 4
114 127 14 0 4
116 15 7 5 4
116 23 12 3 4
116 30 12 0 4
116 53 12 0 4
116 61 11 0 4
116 77 12 3 4
116 83 13 5 4
116 96 11 4 4
101 116 5 7 4
112 116 10 6 4
116 120 7 5 4
116 126 9 9 4
116 127 11 0 4
116 128 13 5 4
117 61 19 0 4
117 82 15 6 4
117 94 17 2 4
117 127 19 0 4
118 2 8 3 4
118 8 11 1 4
118 19 8 3 4
118 23 9 2 4
118 30 7 0 4
118 53 7 0 4
118 57 11 4 4
118 61 6 0 4
118 75 12 2 4
118 82 12 1 4
118 88 10 0 4
118 94 8 0 4
110 118 14 1 4
118 127 6 0 4
119 15 15 4 4
119 23 20 2 4
119 74 14 10 4
119 75 19 4 4
119 77 20 2 4
119 83 15 7 4
119 96 17 4 4
101 119 17 4 4
111 119 11 10 4
112 119 14 7 4
119 120 19 2 4
120 2 10 2 4
120 15 8 2 4
120 23 11 1 4
120 30 7 0 4
120 53 7 0 4
120 61 6 0 4
120 74 13 5 4
120 77 11 1 4
120 83 12 3 4
120 94 8 0 4
120 96 12 1 4
101 120 8 3 4
102 120 12 2 4
110 120 12 2 4
111 120 14 3 4
112 120 9 4 4
114 120 14 3 4
116 120 7 5 4
120 126 12 5 4
120 127 6 0 4
121 62 15 8 4
121 66 13 11 4
121 69 17 10 4
121 73 14 10 4
121 87 11 7 4
121 97 11 11 4
108 122 39 21 4
123 30 7 0 4
123 41 14 2 4
123 48 18 2 4
123 53 7 0 4
123 61 6 0 4
123 68 9 2 4
123 74 19 2 4
123 75 14 1 4
123 78 14 1 4
123 86 15 2 4
123 88 8 1 4
123 94 8 0 4
110 123 14 1 4
123 124 19 3 4
123 127 6 0 4
124 30 20 0 4
124 41 15 8 4
124 53 20 0 4
124 61 19 0 4
124 75 21 4 4
124 94 21 0 4
110 124 19 5 4
118 124 21 2 4
123 124 19 3 4
124 127 19 0 4
125 69 22 16 4
101 125 25 7 4
126 2 18 3 4
126 15 14 4 4
126 23 19 2 4
126 61 16 0 4
126 74 11 11 4
126 77 17 3 4
126 83 12 8 4
126 96 16 4 4
101 126 12 6 4
112 126 11 8 4
114 126 8 11 4
116 126 9 9 4
120 126 12 5 4
126 127 16 0 4
126 128 18 5 4
128 2 16 2 4
128 15 10 4 4
128 19 16 2 4
128 23 15 2 4
128 30 13 0 4
128 49 17 6 4
128 53 11 1 4
128 61 12 0 4
128 74 19 5 4
128 77 13 3 4
128 83 16 4 4
128 96 16 2 4
101 128 14 3 4
102 128 16 3 4
112 128 15 4 4
116 128 13 5 4
126 128 18 5 4
127 128 12 0 4
130 56 27 13 4
130 62 26 10 4
13 130 28 8 4
121 130 29 7 4
