Res1 Res2 NSingle NDouble Method
2 8 21 1 4
15 2 18 1 4
19 2 5 9 4
19 8 22 1 4
15 19 17 2 4
21 6 46 15 4
23 8 20 1 4
2 23 11 5 4
15 23 13 3 4
19 23 8 7 4
28 29 41 17 4
30 8 13 0 4
2 30 12 0 4
15 30 10 0 4
19 30 13 0 4
23 30 11 0 4
30 36 31 1 4
2 48 26 2 4
19 48 25 3 4
23 48 25 2 4
13 49 33 4 4
15 49 20 4 4
53 8 13 0 4
2 53 12 0 4
15 53 10 0 4
19 53 13 0 4
23 53 11 0 4
30 53 2 0 4
18 56 47 17 4
2 57 25 3 4
19 57 26 3 4
48 57 29 5 4
2 59 25 4 4
15 59 21 5 4
49 59 29 6 4
40 63 42 31 4
30 68 12 0 4
53 68 12 0 4
56 68 27 9 4
29 70 42 14 4
48 71 25 12 4
57 71 30 10 4
30 73 27 1 4
56 73 40 11 4
62 73 36 9 4
66 73 36 11 4
68 73 29 5 4
69 73 34 14 4
15 75 17 2 4
19 75 22 1 4
23 75 20 1 4
30 75 13 0 4
53 75 13 0 4
68 75 21 1 4
6 76 44 8 4
2 77 21 1 4
15 77 15 3 4
19 77 22 1 4
23 77 18 2 4
30 77 13 0 4
49 77 27 2 4
53 77 13 0 4
68 77 17 3 4
75 77 22 1 4
15 78 17 3 4
23 78 22 1 4
30 78 15 0 4
53 78 15 0 4
66 78 30 7 4
68 78 13 6 4
75 78 22 2 4
77 78 10 8 4
17 80 40 14 4
62 80 37 7 4
66 80 31 12 4
69 80 37 11 4
2 82 21 1 4
8 82 22 1 4
15 82 21 0 4
19 82 22 1 4
23 82 20 1 4
30 82 13 0 4
53 82 13 0 4
59 82 26 4 4
2 83 24 3 4
15 83 14 7 4
19 83 27 2 4
23 83 21 4 4
49 83 28 5 4
74 83 21 12 4
75 83 25 3 4
77 83 15 8 4
78 83 21 6 4
32 84 46 12 4
15 86 17 5 4
19 86 26 2 4
23 86 20 4 4
68 86 19 5 4
75 86 26 2 4
77 86 18 6 4
78 86 18 7 4
2 87 23 1 4
30 87 15 0 4
53 87 15 0 4
62 87 22 9 4
66 87 30 7 4
69 87 34 7 4
73 87 26 8 4
15 88 16 0 4
23 88 17 0 4
30 88 8 0 4
53 88 8 0 4
68 88 4 7 4
75 88 17 1 4
77 88 17 1 4
78 88 15 3 4
86 88 19 3 4
62 90 37 10 4
91 93 39 9 4
2 94 13 0 4
8 94 14 0 4
13 94 20 2 4
15 94 11 0 4
19 94 14 0 4
23 94 12 0 4
30 94 3 0 4
53 94 3 0 4
68 94 13 0 4
75 94 14 0 4
77 94 14 0 4
78 94 16 0 4
80 94 25 1 4
82 94 14 0 4
87 94 16 0 4
88 94 9 0 4
15 96 6 7 4
19 96 21 1 4
23 96 15 3 4
30 96 12 0 4
49 96 24 3 4
53 96 12 0 4
75 96 19 2 4
77 96 17 3 4
78 96 19 3 4
83 96 16 7 4
86 96 19 5 4
94 96 13 0 4
66 97 18 20 4
80 97 33 10 4
87 97 28 7 4
28 99 41 8 4
30 99 23 1 4
32 99 39 13 4
36 99 42 7 4
84 99 37 8 4
100 38 51 21 4
100 65 45 22 4
101 15 12 4 4
101 23 19 1 4
101 30 12 0 4
101 49 20 5 4
101 53 12 0 4
101 75 21 1 4
101 77 19 2 4
101 78 21 2 4
101 83 20 5 4
101 86 23 3 4
101 94 13 0 4
101 96 14 4 4
102 15 22 1 4
102 17 38 10 4
102 41 25 3 4
102 49 30 2 4
102 53 14 1 4
102 83 30 2 4
102 94 17 0 4
102 99 29 5 4
106 8 30 4 4
106 60 44 12 4
107 6 40 9 4
107 7 47 13 4
107 21 44 9 4
107 76 36 5 4
107 82 24 5 4
108 62 36 12 4
108 66 34 15 4
108 73 38 12 4
110 2 23 1 4
110 15 21 1 4
110 30 15 0 4
110 53 15 0 4
110 74 32 4 4
110 75 18 4 4
110 83 25 4 4
110 94 16 0 4
110 96 23 1 4
101 110 23 1 4
102 110 25 2 4
111 15 21 5 4
111 23 24 4 4
111 86 30 5 4
111 96 23 5 4
110 111 28 4 4
112 2 19 5 4
112 15 11 8 4
112 19 22 4 4
112 23 20 4 4
112 74 16 14 4
112 75 22 4 4
112 77 20 5 4
112 83 11 13 4
112 86 26 5 4
112 96 15 7 4
101 112 17 6 4
110 112 24 4 4
106 113 37 5 4
114 75 24 4 4
114 83 29 5 4
114 97 28 10 4
116 15 15 7 4
116 23 22 4 4
116 49 29 5 4
116 74 18 14 4
116 75 28 2 4
116 77 22 5 4
116 83 21 9 4
116 86 28 5 4
101 116 11 10 4
112 116 18 10 4
117 82 26 8 4
117 94 28 2 4
107 117 34 9 4
118 2 11 4 4
118 8 18 1 4
118 15 17 0 4
118 19 12 4 4
118 23 14 2 4
118 30 9 0 4
118 48 23 2 4
118 53 9 0 4
118 57 18 5 4
118 68 19 0 4
118 71 28 5 4
118 75 16 2 4
118 77 20 0 4
118 82 18 1 4
118 86 24 1 4
118 88 15 0 4
118 94 10 0 4
118 96 19 0 4
101 118 19 0 4
110 118 20 1 4
111 119 20 16 4
120 2 16 1 4
120 8 19 0 4
120 15 14 1 4
120 19 19 0 4
120 23 15 1 4
120 30 8 0 4
120 53 8 0 4
120 68 18 0 4
120 74 21 6 4
120 75 17 1 4
120 77 17 1 4
120 78 19 1 4
120 82 19 0 4
120 83 20 3 4
120 88 14 0 4
120 94 9 0 4
120 96 16 1 4
101 120 12 3 4
102 120 18 2 4
110 120 17 2 4
111 120 23 3 4
112 120 17 4 4
114 120 23 2 4
116 120 15 6 4
118 120 15 0 4
121 62 27 11 4
121 66 31 11 4
121 69 27 15 4
121 73 29 11 4
121 80 32 8 4
121 87 21 8 4
121 97 23 14 4
123 15 17 0 4
123 23 18 0 4
123 30 9 0 4
123 41 20 2 4
123 53 9 0 4
123 68 13 3 4
123 75 18 1 4
123 78 20 1 4
123 86 24 1 4
123 88 13 1 4
123 94 10 0 4
110 123 20 1 4
118 123 16 0 4
120 123 15 0 4
124 41 24 7 4
124 75 28 3 4
110 124 28 4 4
123 124 22 4 4
125 62 40 13 4
126 75 27 4 4
126 80 28 10 4
126 83 28 7 4
101 126 24 5 4
114 126 21 11 4
116 126 19 12 4
128 2 24 2 4
128 15 18 4 4
128 19 25 2 4
128 23 23 2 4
128 36 31 9 4
128 49 26 5 4
128 53 16 1 4
128 77 19 5 4
128 83 26 5 4
128 96 22 3 4
101 128 22 3 4
102 128 24 4 4
116 128 23 7 4
120 128 22 1 4
126 128 30 5 4
13 130 43 11 4
