Res1 Res2 NSingle NDouble Method
18 7 0 8 2
21 7 0 8 2
18 21 0 8 2
36 6 4 13 2
31 37 2 11 2
25 41 0 9 2
17 45 0 7 2
44 48 0 5 2
28 49 1 11 2
13 51 0 10 2
30 53 0 7 2
43 64 0 6 2
14 68 7 16 2
30 69 0 7 2
53 69 0 7 2
56 71 11 18 2
58 73 6 15 2
59 76 3 12 2
52 79 3 15 2
76 79 5 13 2
17 81 0 7 2
45 81 0 7 2
27 84 3 20 2
28 85 2 10 2
7 87 3 6 2
18 87 3 6 2
21 87 3 6 2
76 88 4 11 2
47 89 13 13 2
59 91 4 10 2
31 93 0 12 2
37 93 2 11 2
4 94 6 5 2
43 96 0 6 2
64 96 0 6 2
19 98 2 7 2
94 98 2 7 2
17 99 0 7 2
45 99 0 7 2
81 99 0 7 2
100 49 2 11 2
100 85 1 11 2
101 23 3 8 2
102 20 3 19 2
103 19 2 7 2
104 13 0 10 2
104 51 0 10 2
107 27 1 19 2
107 84 4 19 2
108 4 4 7 2
108 98 4 7 2
103 108 2 8 2
106 109 0 5 2
110 65 1 6 2
111 35 2 12 2
100 111 3 11 2
112 7 3 6 2
112 18 3 6 2
112 21 3 6 2
112 87 0 7 2
113 30 0 7 2
113 53 0 7 2
113 69 0 7 2
115 20 7 18 2
119 43 0 6 2
119 64 0 6 2
119 96 0 6 2
120 22 0 8 2
122 88 4 11 2
123 44 0 5 2
123 48 0 5 2
125 9 0 6 2
128 56 11 16 2
