Res1 Res2 NSingle NDouble Method
3 57 9 10 5
3 74 5 10 5
4 80 7 1 5
4 89 2 5 5
36 6 12 4 5
6 9 13 4 5
6 82 10 2 5
13 8 6 0 5
123 13 6 0 5
127 13 6 0 5
13 15 6 0 5
13 53 6 0 5
13 80 6 1 5
13 89 1 5 5
108 14 4 7 5
126 16 1 7 5
17 80 9 1 5
19 8 4 0 5
15 19 4 0 5
107 19 4 2 5
123 19 4 0 5
127 19 4 0 5
19 53 4 0 5
19 80 4 1 5
19 99 4 2 5
130 20 18 7 5
20 52 19 7 5
21 80 9 1 5
113 26 10 7 5
26 30 4 7 5
26 88 11 5 5
27 86 9 9 5
28 86 11 3 5
29 80 6 2 5
26 30 4 7 5
113 30 8 6 5
31 80 7 1 5
32 80 8 1 5
24 33 9 5 5
33 99 10 2 5
36 6 12 4 5
36 77 15 4 5
37 80 6 2 5
101 38 13 8 5
38 46 9 4 5
38 94 8 2 5
45 80 7 2 5
47 80 9 1 5
113 48 13 7 5
122 48 13 8 5
48 88 6 9 5
49 80 5 2 5
24 52 10 7 5
33 52 15 5 5
41 52 13 5 5
130 52 17 6 5
55 8 9 0 5
15 55 9 0 5
53 55 9 0 5
123 55 9 0 5
127 55 9 0 5
55 80 7 2 5
56 8 6 0 5
15 56 6 0 5
19 56 2 4 5
53 56 6 0 5
123 56 6 0 5
127 56 6 0 5
56 80 6 1 5
57 74 10 8 5
58 80 7 2 5
59 80 8 1 5
61 8 1 0 5
15 61 1 0 5
53 61 1 0 5
118 61 7 1 5
123 61 1 0 5
127 61 1 0 5
61 80 3 0 5
61 82 3 0 5
61 94 4 0 5
63 80 6 2 5
64 80 6 2 5
66 8 8 0 5
15 66 8 0 5
53 66 8 0 5
61 66 9 0 5
123 66 8 0 5
127 66 8 0 5
66 80 6 2 5
70 80 7 2 5
71 80 8 1 5
72 8 8 0 5
15 72 8 0 5
53 72 8 0 5
123 72 8 0 5
127 72 8 0 5
72 80 8 1 5
3 74 5 10 5
61 74 10 1 5
76 80 7 2 5
3 77 7 11 5
74 77 8 9 5
78 80 7 2 5
8 80 2 0 5
15 80 2 0 5
53 80 2 0 5
61 80 3 0 5
123 80 2 0 5
127 80 2 0 5
80 82 4 0 5
82 9 7 2 5
6 82 10 2 5
8 82 2 0 5
15 82 2 0 5
36 82 8 1 5
53 82 2 0 5
61 82 3 0 5
80 82 4 0 5
118 82 8 1 5
123 82 2 0 5
127 82 2 0 5
8 84 6 0 5
15 84 6 0 5
53 84 6 0 5
61 84 7 0 5
80 84 6 1 5
107 84 4 3 5
123 84 6 0 5
127 84 6 0 5
84 89 5 3 5
27 86 9 9 5
108 86 11 5 5
86 97 10 9 5
26 88 11 5 5
48 88 6 9 5
19 89 3 3 5
8 90 7 0 5
15 90 7 0 5
53 90 7 0 5
61 90 8 0 5
80 90 5 2 5
123 90 7 0 5
127 90 7 0 5
8 92 9 0 5
15 92 9 0 5
53 92 9 0 5
123 92 9 0 5
127 92 9 0 5
8 93 9 0 5
15 93 9 0 5
53 93 9 0 5
80 93 7 2 5
123 93 9 0 5
127 93 9 0 5
8 94 3 0 5
15 94 3 0 5
38 94 8 2 5
53 94 3 0 5
61 94 4 0 5
123 94 3 0 5
127 94 3 0 5
13 95 3 5 5
86 97 10 9 5
19 99 4 2 5
89 99 5 2 5
100 24 17 6 5
100 33 14 8 5
102 19 4 3 5
102 80 6 1 5
102 89 3 4 5
103 126 4 5 5
104 58 0 9 5
106 19 2 4 5
106 80 6 1 5
107 8 4 0 5
107 15 4 0 5
107 53 4 0 5
107 80 2 2 5
107 123 4 0 5
107 127 4 0 5
108 14 4 7 5
113 26 10 7 5
113 30 8 6 5
113 67 13 10 5
114 19 6 3 5
115 19 6 3 5
107 115 6 3 5
116 125 6 21 5
122 26 12 7 5
122 48 13 8 5
122 88 11 7 5
125 26 13 11 5
116 125 6 21 5
126 80 5 2 5
108 130 11 6 5
