Res1 Res2 NSingle NDouble Method
26 30 12 6 5
13 31 5 5 5
36 6 19 6 5
30 48 20 6 5
29 49 5 5 5
20 52 27 8 5
30 67 22 7 5
3 74 14 11 5
3 77 17 15 5
36 77 24 7 5
57 77 19 14 5
55 78 0 14 5
19 80 6 1 5
61 80 3 0 5
82 9 10 3 5
6 82 16 3 5
61 82 4 0 5
80 82 5 0 5
27 86 19 7 5
48 88 12 11 5
4 89 6 4 5
13 89 4 4 5
19 89 5 3 5
61 89 6 0 5
80 89 7 0 5
17 92 0 17 5
55 93 0 14 5
78 93 0 14 5
38 94 12 2 5
61 94 5 0 5
80 94 6 0 5
63 95 6 6 5
89 95 5 4 5
12 97 19 12 5
28 97 18 4 5
86 97 20 8 5
19 99 6 2 5
49 99 7 2 5
61 99 5 0 5
80 99 6 0 5
89 99 7 1 5
104 63 1 10 5
106 19 4 5 5
107 61 6 0 5
107 80 3 2 5
107 89 8 1 5
108 14 8 9 5
110 49 3 7 5
113 26 19 5 5
113 30 11 8 5
113 48 19 9 5
113 67 19 11 5
118 28 13 2 5
118 61 10 1 5
118 82 12 1 5
122 26 21 6 5
122 48 21 10 5
122 88 17 8 5
116 125 24 20 5
126 19 11 1 5
