Res1 Res2 NSingle NDouble Method
3 74 14 11 5
3 77 17 15 5
13 4 6 5 5
15 4 9 0 5
123 4 9 0 5
127 4 9 0 5
4 8 9 0 5
4 53 9 0 5
4 61 10 0 5
4 89 6 4 5
4 99 11 1 5
36 6 19 6 5
118 6 22 4 5
6 9 20 6 5
6 82 16 3 5
7 80 12 2 5
7 99 14 2 5
14 9 15 5 5
70 9 16 5 5
80 9 13 1 5
82 9 10 3 5
109 9 16 5 5
126 9 14 3 5
10 8 13 0 5
10 15 13 0 5
10 43 0 13 5
10 53 13 0 5
10 71 4 9 5
10 80 13 1 5
10 99 13 2 5
10 123 13 0 5
10 127 13 0 5
11 8 8 0 5
107 11 9 2 5
11 15 8 0 5
11 19 10 2 5
11 49 13 1 5
11 53 8 0 5
11 89 7 3 5
11 123 8 0 5
11 127 8 0 5
12 97 19 12 5
13 8 7 0 5
11 13 7 4 5
107 13 8 2 5
123 13 7 0 5
126 13 8 3 5
127 13 7 0 5
13 15 7 0 5
13 19 9 2 5
13 31 5 5 5
13 49 12 1 5
13 53 7 0 5
13 61 8 0 5
13 80 7 1 5
13 82 10 0 5
13 89 4 4 5
13 94 11 0 5
13 95 7 4 5
13 99 11 0 5
13 14 11 4 5
108 14 8 9 5
126 14 11 4 5
14 31 10 5 5
14 80 12 1 5
16 8 9 0 5
15 16 9 0 5
123 16 9 0 5
126 16 4 6 5
127 16 9 0 5
16 53 9 0 5
16 61 10 0 5
16 80 7 2 5
17 8 17 0 5
15 17 17 0 5
123 17 17 0 5
127 17 17 0 5
17 53 17 0 5
17 80 17 1 5
17 92 0 17 5
19 8 6 0 5
15 19 6 0 5
106 19 4 5 5
123 19 6 0 5
126 19 11 1 5
127 19 6 0 5
19 53 6 0 5
19 61 7 0 5
19 80 6 1 5
19 89 5 3 5
19 99 6 2 5
130 20 25 8 5
20 41 22 8 5
20 52 27 8 5
21 8 12 0 5
15 21 12 0 5
123 21 12 0 5
127 21 12 0 5
21 53 12 0 5
21 80 12 1 5
21 99 12 2 5
22 24 24 6 5
22 61 24 1 5
22 74 24 8 5
24 8 11 0 5
15 24 11 0 5
123 24 11 0 5
127 24 11 0 5
24 53 11 0 5
113 26 19 5 5
122 26 21 6 5
26 30 12 6 5
26 88 18 4 5
27 42 33 12 5
27 86 19 7 5
12 28 21 4 5
118 28 13 2 5
28 97 18 4 5
29 8 8 0 5
15 29 8 0 5
19 29 8 3 5
107 29 7 3 5
123 29 8 0 5
126 29 3 6 5
127 29 8 0 5
29 49 5 5 5
29 53 8 0 5
29 61 9 0 5
29 80 6 2 5
29 82 11 0 5
29 89 9 2 5
29 99 10 1 5
26 30 12 6 5
113 30 11 8 5
30 48 20 6 5
30 67 22 7 5
31 8 8 0 5
13 31 5 5 5
15 31 8 0 5
123 31 8 0 5
126 31 5 5 5
127 31 8 0 5
31 53 8 0 5
31 61 9 0 5
31 80 8 1 5
31 89 9 2 5
32 8 11 0 5
11 32 5 7 5
15 32 11 0 5
107 32 8 4 5
123 32 11 0 5
127 32 11 0 5
32 53 11 0 5
32 61 12 0 5
32 80 11 1 5
32 89 10 3 5
33 8 14 0 5
15 33 14 0 5
24 33 17 4 5
123 33 14 0 5
127 33 14 0 5
33 53 14 0 5
33 99 16 1 5
36 6 19 6 5
36 77 24 7 5
37 8 9 0 5
15 37 9 0 5
19 37 11 2 5
107 37 10 2 5
123 37 9 0 5
126 37 4 6 5
127 37 9 0 5
37 49 4 6 5
37 53 9 0 5
37 61 10 0 5
37 80 9 1 5
37 89 12 1 5
37 99 11 1 5
101 38 20 8 5
38 80 12 1 5
38 94 12 2 5
107 40 10 5 5
40 80 13 2 5
41 8 13 0 5
15 41 13 0 5
123 41 13 0 5
127 41 13 0 5
41 53 13 0 5
41 61 14 0 5
43 8 13 0 5
15 43 13 0 5
123 43 13 0 5
127 43 13 0 5
43 53 13 0 5
43 80 13 1 5
43 89 10 4 5
43 99 13 2 5
45 8 12 0 5
15 45 12 0 5
19 45 8 5 5
37 45 3 9 5
123 45 12 0 5
127 45 12 0 5
45 53 12 0 5
45 80 12 1 5
46 80 11 1 5
47 8 14 0 5
15 47 14 0 5
123 47 14 0 5
127 47 14 0 5
47 53 14 0 5
47 61 15 0 5
47 80 14 1 5
30 48 20 6 5
113 48 19 9 5
122 48 21 10 5
48 88 12 11 5
49 8 7 0 5
15 49 7 0 5
19 49 7 3 5
29 49 5 5 5
107 49 8 2 5
110 49 3 7 5
123 49 7 0 5
126 49 6 4 5
127 49 7 0 5
49 53 7 0 5
49 61 8 0 5
49 80 7 1 5
49 89 10 1 5
49 99 7 2 5
20 52 27 8 5
24 52 13 8 5
41 52 21 5 5
108 52 24 4 5
130 52 24 5 5
55 8 14 0 5
15 55 14 0 5
53 55 14 0 5
107 55 9 5 5
123 55 14 0 5
127 55 14 0 5
55 61 15 0 5
55 66 3 11 5
55 78 0 14 5
55 80 12 2 5
55 89 11 4 5
55 93 0 14 5
55 99 14 2 5
56 8 10 0 5
15 56 10 0 5
19 56 4 6 5
53 56 10 0 5
107 56 9 3 5
123 56 10 0 5
127 56 10 0 5
56 61 11 0 5
56 80 10 1 5
56 89 7 4 5
56 99 10 2 5
57 74 22 7 5
57 77 19 14 5
58 8 10 0 5
15 58 10 0 5
16 58 5 7 5
19 58 8 4 5
29 58 6 6 5
37 58 5 7 5
45 58 4 9 5
49 58 5 6 5
53 58 10 0 5
104 58 3 9 5
105 58 3 8 5
107 58 11 2 5
110 58 4 8 5
117 58 4 8 5
123 58 10 0 5
126 58 5 6 5
127 58 10 0 5
58 61 11 0 5
58 63 4 8 5
58 80 10 1 5
58 89 9 3 5
58 99 12 1 5
59 8 10 0 5
15 59 10 0 5
49 59 9 4 5
53 59 10 0 5
107 59 13 1 5
123 59 10 0 5
127 59 10 0 5
59 61 11 0 5
59 71 7 6 5
59 89 9 3 5
59 99 10 2 5
61 8 1 0 5
15 61 1 0 5
53 61 1 0 5
107 61 6 0 5
118 61 10 1 5
123 61 1 0 5
127 61 1 0 5
61 80 3 0 5
61 82 4 0 5
61 89 6 0 5
61 94 5 0 5
61 99 5 0 5
45 62 15 12 5
63 8 10 0 5
15 63 10 0 5
19 63 8 4 5
49 63 7 5 5
53 63 10 0 5
61 63 11 0 5
104 63 1 10 5
105 63 3 8 5
107 63 7 4 5
123 63 10 0 5
126 63 7 5 5
127 63 10 0 5
63 80 8 2 5
63 89 9 3 5
63 95 6 6 5
63 99 12 1 5
64 8 11 0 5
15 64 11 0 5
19 64 7 5 5
49 64 8 5 5
53 64 11 0 5
61 64 12 0 5
107 64 10 3 5
123 64 11 0 5
127 64 11 0 5
64 80 11 1 5
64 89 8 4 5
66 8 11 0 5
15 66 11 0 5
53 66 11 0 5
61 66 12 0 5
107 66 8 4 5
117 66 3 9 5
123 66 11 0 5
127 66 11 0 5
66 80 9 2 5
66 82 14 0 5
66 89 12 2 5
66 99 13 1 5
30 67 22 7 5
113 67 19 11 5
70 8 13 0 5
15 70 13 0 5
53 70 13 0 5
61 70 14 0 5
107 70 8 5 5
123 70 13 0 5
126 70 8 6 5
127 70 13 0 5
70 80 11 2 5
70 89 10 4 5
70 99 15 1 5
71 8 9 0 5
15 71 9 0 5
53 71 9 0 5
61 71 10 0 5
107 71 10 2 5
117 71 3 8 5
123 71 9 0 5
127 71 9 0 5
71 80 11 0 5
71 89 8 3 5
71 99 11 1 5
72 8 13 0 5
15 72 13 0 5
53 72 13 0 5
61 72 14 0 5
107 72 10 4 5
123 72 13 0 5
127 72 13 0 5
72 80 13 1 5
72 99 13 2 5
74 8 15 0 5
3 74 14 11 5
15 74 15 0 5
53 74 15 0 5
61 74 14 1 5
123 74 15 0 5
127 74 15 0 5
76 8 12 0 5
15 76 12 0 5
19 76 6 6 5
49 76 7 6 5
53 76 12 0 5
107 76 7 5 5
123 76 12 0 5
127 76 12 0 5
76 80 10 2 5
76 99 12 2 5
3 77 17 15 5
36 77 24 7 5
57 77 19 14 5
74 77 17 12 5
78 8 14 0 5
15 78 14 0 5
19 78 8 6 5
53 78 14 0 5
55 78 0 14 5
61 78 15 0 5
107 78 9 5 5
123 78 14 0 5
127 78 14 0 5
78 80 12 2 5
78 93 0 14 5
78 99 14 2 5
79 8 11 0 5
15 79 11 0 5
53 79 11 0 5
107 79 12 2 5
123 79 11 0 5
127 79 11 0 5
79 89 6 5 5
79 99 13 1 5
8 80 2 0 5
15 80 2 0 5
19 80 6 1 5
28 80 8 0 5
53 80 2 0 5
61 80 3 0 5
107 80 3 2 5
123 80 2 0 5
127 80 2 0 5
80 82 5 0 5
80 89 7 0 5
80 94 6 0 5
80 99 6 0 5
82 9 10 3 5
6 82 16 3 5
8 82 3 0 5
15 82 3 0 5
53 82 3 0 5
61 82 4 0 5
80 82 5 0 5
118 82 12 1 5
123 82 3 0 5
127 82 3 0 5
83 97 36 14 5
8 84 9 0 5
15 84 9 0 5
53 84 9 0 5
61 84 10 0 5
80 84 9 1 5
82 84 12 0 5
107 84 6 4 5
123 84 9 0 5
127 84 9 0 5
84 89 10 2 5
84 94 13 0 5
84 99 11 1 5
27 86 19 7 5
28 86 18 2 5
108 86 20 5 5
86 97 20 8 5
48 88 12 11 5
80 88 13 1 5
122 88 17 8 5
4 89 6 4 5
8 89 5 0 5
13 89 4 4 5
15 89 5 0 5
19 89 5 3 5
53 89 5 0 5
61 89 6 0 5
80 89 7 0 5
107 89 8 1 5
123 89 5 0 5
127 89 5 0 5
89 95 5 4 5
89 99 7 1 5
8 90 11 0 5
15 90 11 0 5
19 90 5 6 5
53 90 11 0 5
61 90 12 0 5
80 90 9 2 5
82 90 14 0 5
107 90 6 5 5
123 90 11 0 5
127 90 11 0 5
90 99 11 2 5
17 92 0 17 5
8 93 14 0 5
15 93 14 0 5
19 93 8 6 5
53 93 14 0 5
55 93 0 14 5
78 93 0 14 5
80 93 12 2 5
107 93 9 5 5
123 93 14 0 5
127 93 14 0 5
93 99 14 2 5
8 94 4 0 5
15 94 4 0 5
38 94 12 2 5
53 94 4 0 5
61 94 5 0 5
80 94 6 0 5
123 94 4 0 5
127 94 4 0 5
8 95 8 0 5
15 95 8 0 5
19 95 10 2 5
49 95 11 2 5
53 95 8 0 5
61 95 9 0 5
63 95 6 6 5
80 95 8 1 5
89 95 5 4 5
107 95 7 3 5
123 95 8 0 5
126 95 11 2 5
127 95 8 0 5
95 99 10 1 5
12 97 19 12 5
28 97 18 4 5
86 97 20 8 5
8 99 4 0 5
15 99 4 0 5
19 99 6 2 5
49 99 7 2 5
53 99 4 0 5
61 99 5 0 5
80 99 6 0 5
89 99 7 1 5
123 99 4 0 5
127 99 4 0 5
100 24 27 5 5
100 33 24 8 5
102 8 10 0 5
102 13 9 4 5
102 15 10 0 5
102 19 8 4 5
102 53 10 0 5
102 80 10 1 5
102 89 9 3 5
102 99 12 1 5
102 106 8 5 5
102 107 13 1 5
102 123 10 0 5
102 127 10 0 5
103 11 6 5 5
103 37 9 4 5
103 89 11 1 5
103 107 11 1 5
103 126 7 4 5
104 19 9 4 5
104 49 8 5 5
104 63 1 10 5
104 80 9 2 5
104 89 10 3 5
104 99 13 1 5
104 107 8 4 5
105 13 8 4 5
105 19 7 4 5
105 49 6 5 5
105 80 7 2 5
105 89 8 3 5
105 99 11 1 5
105 107 10 2 5
105 126 4 6 5
106 8 8 0 5
106 11 6 5 5
106 15 8 0 5
106 19 4 5 5
106 53 8 0 5
106 61 9 0 5
106 80 8 1 5
106 89 9 2 5
106 99 10 1 5
106 107 9 2 5
106 123 8 0 5
106 127 8 0 5
107 8 5 0 5
107 15 5 0 5
107 19 7 2 5
107 53 5 0 5
107 61 6 0 5
107 80 3 2 5
107 82 8 0 5
107 89 8 1 5
107 123 5 0 5
107 127 5 0 5
108 11 14 4 5
108 14 8 9 5
108 70 13 7 5
108 79 11 7 5
103 108 14 4 5
108 109 13 7 5
109 80 11 2 5
107 109 8 5 5
110 19 4 6 5
110 29 6 6 5
110 49 3 7 5
110 80 10 1 5
110 89 9 3 5
107 110 9 3 5
111 80 10 2 5
113 26 19 5 5
113 30 11 8 5
113 48 19 9 5
113 67 19 11 5
113 88 19 5 5
114 80 12 2 5
114 99 16 1 5
116 125 24 20 5
117 8 10 0 5
117 15 10 0 5
117 53 10 0 5
117 80 10 1 5
117 123 10 0 5
117 127 10 0 5
118 28 13 2 5
118 61 10 1 5
118 82 12 1 5
119 80 14 2 5
121 8 12 0 5
121 15 12 0 5
121 53 12 0 5
121 80 12 1 5
121 123 12 0 5
121 127 12 0 5
122 26 21 6 5
122 48 21 10 5
122 88 17 8 5
124 57 38 12 5
125 97 32 11 5
116 125 24 20 5
126 8 7 0 5
126 15 7 0 5
126 19 11 1 5
126 53 7 0 5
126 61 8 0 5
126 80 5 2 5
126 89 10 1 5
107 126 8 2 5
123 126 7 0 5
126 127 7 0 5
102 129 7 10 5
130 86 22 5 5
108 130 18 6 5
