Res1 Res2 NSingle NDouble Method
1 8 288 15 4
1 10 234 1 4
1 11 248 13 4
1 12 226 10 4
1 18 236 10 4
1 21 281 18 4
1 22 262 9 4
1 23 262 7 4
1 24 215 3 4
1 34 243 32 4
1 37 313 38 4
1 38 253 21 4
1 42 305 19 4
1 48 249 4 4
1 50 258 9 4
1 52 233 4 4
1 56 200 4 4
1 58 240 5 4
1 78 231 9 4
1 79 298 25 4
1 80 229 9 4
1 82 209 9 4
1 83 303 38 4
1 91 222 19 4
1 95 232 4 4
1 111 246 8 4
1 113 263 10 4
1 115 254 4 4
1 120 221 3 4
1 121 259 2 4
1 125 263 11 4
10 2 330 16 4
18 2 352 15 4
115 2 336 26 4
120 2 331 11 4
121 2 367 11 4
129 2 415 68 4
130 2 414 64 4
2 7 394 42 4
2 9 358 47 4
2 23 350 26 4
2 24 331 8 4
2 26 385 53 4
2 28 375 43 4
2 29 372 69 4
2 38 355 33 4
2 48 353 15 4
2 50 362 20 4
2 52 359 4 4
2 54 367 21 4
2 55 393 35 4
2 56 326 4 4
2 58 354 11 4
2 78 353 11 4
2 80 343 15 4
2 82 341 6 4
2 95 348 9 4
2 96 390 55 4
10 3 317 10 4
12 3 323 12 4
18 3 337 10 4
23 3 345 16 4
24 3 310 6 4
25 3 380 60 4
111 3 341 11 4
115 3 329 17 4
120 3 312 8 4
125 3 348 19 4
130 3 355 81 4
3 9 327 50 4
3 36 368 30 4
3 38 354 21 4
3 48 342 8 4
3 52 330 6 4
3 54 348 18 4
3 56 289 10 4
3 60 368 54 4
3 66 313 58 4
3 80 298 25 4
3 82 310 9 4
3 83 356 62 4
3 91 325 18 4
3 93 329 25 4
3 95 333 4 4
10 4 318 5 4
12 4 320 9 4
13 4 444 80 4
23 4 340 14 4
24 4 305 4 4
32 4 390 69 4
33 4 425 76 4
38 4 341 23 4
115 4 322 16 4
120 4 297 11 4
4 7 344 50 4
4 9 354 32 4
4 48 299 25 4
4 54 327 24 4
4 56 298 1 4
4 75 401 44 4
4 80 329 5 4
4 82 301 9 4
4 99 386 56 4
10 5 296 2 4
16 5 360 52 4
18 5 278 21 4
22 5 316 14 4
24 5 273 6 4
37 5 365 44 4
44 5 300 43 4
45 5 368 48 4
48 5 299 11 4
104 5 345 45 4
111 5 302 12 4
115 5 308 9 4
119 5 355 43 4
120 5 289 1 4
5 8 320 31 4
5 52 281 12 4
5 54 291 28 4
5 56 252 10 4
5 58 284 15 4
5 62 311 41 4
5 78 297 8 4
5 79 326 43 4
5 80 293 9 4
5 82 279 6 4
5 87 372 46 4
5 91 302 11 4
5 92 342 41 4
5 93 318 12 4
5 95 288 8 4
5 96 350 44 4
10 6 329 10 4
12 6 333 13 4
15 6 392 54 4
18 6 347 11 4
24 6 322 6 4
38 6 330 39 4
48 6 334 18 4
52 6 328 13 4
56 6 309 6 4
111 6 343 16 4
115 6 327 24 4
120 6 320 10 4
6 71 358 68 4
6 73 441 125 4
6 80 334 13 4
4 7 344 50 4
10 7 230 9 4
11 7 272 7 4
12 7 240 9 4
18 7 250 9 4
22 7 268 12 4
23 7 252 18 4
24 7 221 6 4
26 7 325 26 4
29 7 324 36 4
38 7 277 15 4
40 7 378 54 4
48 7 251 9 4
50 7 266 11 4
52 7 247 3 4
54 7 255 20 4
56 7 208 6 4
57 7 305 20 4
58 7 248 7 4
111 7 260 7 4
113 7 277 9 4
115 7 254 10 4
118 7 317 22 4
120 7 227 6 4
7 9 280 29 4
7 75 347 31 4
7 78 253 4 4
7 80 257 1 4
7 82 237 1 4
7 84 302 32 4
7 93 270 10 4
7 95 236 8 4
10 8 206 4 4
11 8 234 9 4
12 8 196 14 4
14 8 296 25 4
17 8 278 18 4
18 8 216 9 4
21 8 255 20 4
23 8 228 13 4
24 8 175 12 4
37 8 273 47 4
48 8 221 7 4
50 8 224 15 4
52 8 215 2 4
54 8 239 11 4
56 8 170 8 4
58 8 210 9 4
78 8 209 9 4
79 8 280 23 4
104 8 289 30 4
111 8 232 4 4
113 8 249 6 4
115 8 206 17 4
118 8 271 28 4
119 8 299 28 4
120 8 195 5 4
121 8 215 13 4
8 80 209 8 4
8 82 193 6 4
8 91 224 7 4
8 95 212 3 4
8 96 266 43 4
7 9 280 29 4
10 9 204 9 4
12 9 210 11 4
17 9 262 30 4
18 9 238 2 4
21 9 271 16 4
22 9 258 4 4
23 9 238 12 4
24 9 201 3 4
26 9 281 35 4
36 9 273 20 4
38 9 241 20 4
48 9 235 4 4
50 9 252 5 4
52 9 219 4 4
54 9 253 8 4
56 9 188 3 4
58 9 220 8 4
78 9 221 7 4
80 9 225 4 4
81 9 281 29 4
82 9 209 2 4
83 9 299 33 4
89 9 283 30 4
107 9 322 39 4
113 9 245 12 4
120 9 211 1 4
121 9 241 4 4
125 9 249 11 4
130 9 308 47 4
9 91 222 12 4
9 93 252 6 4
9 95 212 7 4
10 7 230 9 4
10 9 204 9 4
10 11 156 7 4
10 12 130 6 4
10 17 214 9 4
10 18 140 6 4
10 22 168 4 4
10 23 162 5 4
10 24 109 4 4
10 26 229 16 4
10 27 230 13 4
10 28 209 11 4
10 29 234 23 4
10 38 185 3 4
10 48 147 3 4
10 50 158 7 4
10 52 127 5 4
10 54 169 5 4
10 56 98 3 4
10 58 136 5 4
10 65 246 13 4
10 66 210 7 4
10 78 143 1 4
10 80 139 2 4
10 82 113 5 4
10 83 247 14 4
10 91 148 4 4
10 93 160 7 4
10 95 124 6 4
10 99 268 17 4
10 111 152 3 4
10 113 169 5 4
10 115 150 4 4
10 120 115 4 4
10 121 149 5 4
10 125 175 3 4
11 8 234 9 4
1 11 248 13 4
10 11 156 7 4
11 12 162 9 4
11 18 168 11 4
11 21 219 16 4
11 22 204 5 4
11 23 194 8 4
11 24 145 5 4
11 28 247 11 4
11 38 207 11 4
11 44 234 11 4
11 48 177 7 4
11 50 194 8 4
11 52 167 4 4
11 54 211 3 4
11 56 132 5 4
11 57 245 11 4
11 58 170 7 4
11 62 239 12 4
11 78 175 4 4
11 80 175 3 4
11 82 139 11 4
11 91 176 9 4
11 93 206 3 4
11 95 162 6 4
11 97 274 19 4
11 98 235 15 4
11 111 190 3 4
11 113 203 7 4
11 115 184 6 4
11 120 151 5 4
11 121 171 13 4
11 125 183 18 4
12 8 196 14 4
12 9 210 11 4
1 12 226 10 4
10 12 130 6 4
11 12 162 9 4
111 12 158 5 4
113 12 181 4 4
115 12 148 10 4
118 12 233 11 4
12 18 148 7 4
12 22 180 3 4
12 23 172 5 4
12 24 117 5 4
12 36 211 11 4
12 38 175 13 4
12 46 197 7 4
12 48 147 8 4
12 50 168 7 4
12 52 135 6 4
12 56 106 4 4
12 58 144 6 4
12 62 203 16 4
12 78 143 6 4
12 80 149 2 4
12 81 235 12 4
12 82 129 2 4
12 91 154 6 4
12 92 240 13 4
12 93 174 5 4
12 95 142 2 4
12 98 221 8 4
12 120 123 5 4
12 121 161 4 4
13 4 444 80 4
13 9 416 41 4
10 13 376 16 4
104 13 437 53 4
111 13 402 16 4
120 13 375 12 4
121 13 403 16 4
13 24 377 8 4
13 34 417 31 4
13 38 401 33 4
13 48 401 14 4
13 54 403 26 4
13 56 372 4 4
13 58 362 30 4
13 80 393 13 4
13 82 381 9 4
13 91 372 30 4
13 93 400 25 4
13 95 384 14 4
13 97 442 54 4
14 8 296 25 4
10 14 258 3 4
11 14 272 15 4
12 14 256 9 4
111 14 262 14 4
113 14 291 10 4
115 14 276 7 4
120 14 239 8 4
121 14 247 22 4
14 18 268 8 4
14 21 277 34 4
14 22 278 15 4
14 24 237 6 4
14 42 295 38 4
14 47 362 59 4
14 48 281 2 4
14 50 290 7 4
14 52 249 10 4
14 54 297 7 4
14 56 230 3 4
14 58 272 3 4
14 69 332 33 4
14 78 257 10 4
14 80 271 2 4
14 82 249 3 4
14 85 358 50 4
14 92 326 31 4
14 95 250 9 4
15 3 374 57 4
10 15 261 11 4
11 15 299 11 4
12 15 275 9 4
104 15 338 40 4
115 15 239 35 4
120 15 256 9 4
121 15 282 14 4
15 16 325 61 4
15 24 260 4 4
15 25 346 50 4
15 33 402 65 4
15 48 256 24 4
15 52 274 7 4
15 56 251 2 4
15 58 267 15 4
15 66 291 42 4
15 78 288 4 4
15 80 272 11 4
15 82 268 3 4
15 91 279 14 4
15 95 273 7 4
16 5 360 52 4
16 8 312 33 4
10 16 264 16 4
12 16 276 15 4
15 16 325 61 4
115 16 280 21 4
120 16 275 6 4
16 18 248 34 4
16 23 314 11 4
16 24 271 5 4
16 34 325 21 4
16 48 295 11 4
16 50 310 13 4
16 52 291 5 4
16 54 315 14 4
16 56 254 7 4
16 58 284 13 4
16 62 291 49 4
16 78 293 8 4
16 80 277 15 4
16 82 273 7 4
16 91 298 11 4
16 92 334 43 4
16 95 288 6 4
16 96 344 45 4
17 8 278 18 4
17 9 262 30 4
10 17 214 9 4
11 17 260 5 4
12 17 230 6 4
111 17 252 3 4
113 17 257 11 4
115 17 236 11 4
120 17 213 5 4
121 17 241 9 4
17 18 232 10 4
17 23 254 9 4
17 24 211 3 4
17 36 285 19 4
17 43 363 71 4
17 48 237 8 4
17 52 231 3 4
17 54 255 12 4
17 56 200 2 4
17 57 283 23 4
17 58 236 5 4
17 71 267 55 4
17 78 235 5 4
17 79 290 27 4
17 80 221 11 4
17 82 219 2 4
17 91 248 4 4
17 93 264 5 4
17 95 220 8 4
18 8 216 9 4
10 18 140 6 4
11 18 168 11 4
12 18 148 7 4
16 18 248 34 4
111 18 164 7 4
113 18 187 6 4
115 18 160 9 4
120 18 141 1 4
121 18 163 8 4
125 18 197 2 4
18 22 190 3 4
18 23 176 8 4
18 24 129 4 4
18 27 238 19 4
18 34 191 16 4
18 38 193 9 4
18 39 247 20 4
18 44 170 34 4
18 48 163 5 4
18 50 180 6 4
18 52 153 2 4
18 54 193 3 4
18 56 116 4 4
18 57 225 12 4
18 58 146 10 4
18 62 195 25 4
18 78 151 7 4
18 80 147 8 4
18 82 135 4 4
18 91 156 10 4
18 93 186 4 4
18 95 144 6 4
10 19 305 9 4
11 19 319 21 4
18 19 319 12 4
111 19 327 11 4
120 19 302 6 4
121 19 326 12 4
122 19 368 49 4
130 19 373 65 4
19 23 317 23 4
19 24 286 11 4
19 28 350 36 4
19 34 346 24 4
19 36 328 43 4
19 38 346 18 4
19 42 340 45 4
19 48 328 8 4
19 52 320 4 4
19 53 409 67 4
19 56 285 5 4
19 58 305 16 4
19 60 370 46 4
19 80 322 6 4
19 82 298 8 4
19 84 337 52 4
19 91 317 15 4
19 95 311 8 4
19 98 358 30 4
20 9 339 31 4
10 20 303 4 4
12 20 307 7 4
111 20 315 11 4
120 20 286 8 4
125 20 306 27 4
127 20 417 67 4
20 21 326 33 4
20 22 323 16 4
20 23 323 14 4
20 24 280 8 4
20 27 343 46 4
20 34 332 25 4
20 38 316 27 4
20 39 350 48 4
20 46 314 33 4
20 52 296 10 4
20 56 267 8 4
20 58 307 9 4
20 78 298 13 4
20 80 310 6 4
20 81 328 50 4
20 82 292 5 4
20 95 297 9 4
21 8 255 20 4
21 9 271 16 4
1 21 281 18 4
10 21 207 3 4
11 21 219 16 4
12 21 213 5 4
14 21 277 34 4
18 21 231 1 4
111 21 229 5 4
113 21 242 9 4
115 21 231 4 4
120 21 200 2 4
121 21 218 11 4
125 21 250 6 4
21 22 231 13 4
21 23 243 5 4
21 24 190 4 4
21 26 292 25 4
21 37 296 35 4
21 38 256 8 4
21 42 278 21 4
21 46 250 16 4
21 48 230 2 4
21 50 237 8 4
21 52 198 10 4
21 54 242 9 4
21 56 173 6 4
21 58 205 11 4
21 62 268 19 4
21 78 222 2 4
21 80 216 4 4
21 82 190 7 4
21 91 209 14 4
21 93 235 10 4
21 95 209 4 4
21 98 278 15 4
10 22 168 4 4
11 22 204 5 4
12 22 180 3 4
18 22 190 3 4
21 22 231 13 4
111 22 194 4 4
113 22 211 6 4
115 22 190 6 4
118 22 237 26 4
120 22 159 4 4
121 22 183 10 4
125 22 213 6 4
22 23 208 4 4
22 24 153 4 4
22 27 270 15 4
22 34 225 11 4
22 36 245 11 4
22 48 193 2 4
22 50 192 12 4
22 52 163 9 4
22 54 197 13 4
22 56 140 4 4
22 57 247 13 4
22 58 186 2 4
22 66 244 12 4
22 78 181 4 4
22 80 179 4 4
22 81 265 14 4
22 82 159 4 4
22 91 192 4 4
22 93 192 13 4
22 95 162 9 4
23 7 252 18 4
23 8 228 13 4
10 23 162 5 4
11 23 194 8 4
12 23 172 5 4
18 23 176 8 4
22 23 208 4 4
111 23 184 7 4
113 23 207 6 4
115 23 186 6 4
120 23 159 2 4
121 23 193 3 4
129 23 305 28 4
23 24 149 4 4
23 26 257 22 4
23 28 245 13 4
23 39 261 23 4
23 48 183 5 4
23 50 200 6 4
23 52 175 1 4
23 54 199 10 4
23 56 134 5 4
23 58 176 5 4
23 62 235 15 4
23 74 296 20 4
23 78 175 5 4
23 80 179 2 4
23 82 159 2 4
23 91 186 5 4
23 92 264 16 4
23 93 202 6 4
23 95 164 6 4
24 8 175 12 4
10 24 109 4 4
11 24 145 5 4
12 24 117 5 4
18 24 129 4 4
22 24 153 4 4
23 24 149 4 4
111 24 133 5 4
113 24 152 6 4
115 24 137 3 4
118 24 212 9 4
120 24 102 3 4
121 24 134 5 4
122 24 232 14 4
125 24 156 5 4
24 28 198 9 4
24 36 196 6 4
24 38 170 3 4
24 44 193 5 4
24 46 176 5 4
24 48 132 3 4
24 50 149 4 4
24 52 118 2 4
24 54 148 8 4
24 55 204 7 4
24 56 81 4 4
24 58 121 5 4
24 66 193 8 4
24 78 124 3 4
24 80 124 2 4
24 82 100 4 4
24 84 219 8 4
24 87 259 11 4
24 91 135 3 4
24 93 145 7 4
24 95 111 5 4
24 98 196 8 4
25 3 380 60 4
25 9 321 32 4
10 25 277 9 4
12 25 291 7 4
15 25 346 50 4
24 25 262 9 4
115 25 299 11 4
120 25 270 8 4
121 25 306 8 4
125 25 310 17 4
25 38 284 35 4
25 42 340 31 4
25 46 322 21 4
25 48 298 9 4
25 50 309 13 4
25 52 290 5 4
25 56 255 6 4
25 58 287 11 4
25 66 297 45 4
25 78 296 6 4
25 80 294 6 4
25 81 348 32 4
25 82 264 11 4
25 91 279 20 4
25 95 289 5 4
26 9 281 35 4
10 26 229 16 4
11 26 277 11 4
12 26 251 10 4
18 26 267 7 4
21 26 292 25 4
23 26 257 22 4
24 26 234 6 4
111 26 257 15 4
113 26 286 11 4
120 26 242 5 4
130 26 359 41 4
26 38 274 23 4
26 46 278 26 4
26 50 283 9 4
26 52 262 2 4
26 56 227 3 4
26 58 261 7 4
26 62 298 28 4
26 68 330 45 4
26 78 264 5 4
26 80 262 5 4
26 82 240 6 4
26 83 330 37 4
26 84 317 31 4
26 90 398 62 4
26 95 237 14 4
26 98 310 23 4
10 27 230 13 4
12 27 250 8 4
18 27 238 19 4
22 27 270 15 4
24 27 227 7 4
111 27 254 14 4
113 27 283 10 4
118 27 301 34 4
120 27 241 3 4
121 27 269 7 4
125 27 283 11 4
27 34 291 18 4
27 36 297 25 4
27 39 307 42 4
27 44 290 26 4
27 46 255 35 4
27 48 271 3 4
27 50 278 9 4
27 52 245 8 4
27 54 277 13 4
27 56 204 12 4
27 58 236 17 4
27 78 261 4 4
27 80 243 12 4
27 82 231 8 4
27 89 319 29 4
27 91 266 7 4
27 93 250 24 4
27 95 240 10 4
10 28 209 11 4
11 28 247 11 4
12 28 229 6 4
23 28 245 13 4
24 28 198 9 4
111 28 251 3 4
113 28 260 9 4
115 28 233 12 4
120 28 202 10 4
121 28 240 9 4
129 28 284 68 4
28 29 309 35 4
28 36 280 21 4
28 48 246 3 4
28 50 241 15 4
28 52 230 3 4
28 54 256 11 4
28 55 286 23 4
28 56 195 4 4
28 58 241 2 4
28 78 232 6 4
28 80 222 10 4
28 81 294 27 4
28 82 216 3 4
28 91 245 5 4
28 93 243 15 4
28 95 217 9 4
29 7 324 36 4
2 29 372 69 4
10 29 234 23 4
11 29 282 18 4
12 29 276 7 4
18 29 258 21 4
23 29 286 17 4
24 29 251 7 4
28 29 309 35 4
113 29 293 17 4
115 29 286 10 4
120 29 255 8 4
29 34 303 24 4
29 38 301 19 4
29 40 388 65 4
29 48 291 5 4
29 50 284 18 4
29 52 273 6 4
29 54 305 11 4
29 56 250 1 4
29 58 278 8 4
29 78 283 5 4
29 80 255 18 4
29 82 257 7 4
29 91 288 8 4
29 93 286 18 4
29 95 270 7 4
29 96 344 37 4
30 8 316 24 4
10 30 270 6 4
11 30 304 8 4
12 30 278 7 4
17 30 332 25 4
18 30 296 3 4
22 30 292 17 4
23 30 292 15 4
24 30 253 7 4
28 30 339 21 4
100 30 386 53 4
111 30 294 7 4
115 30 290 9 4
118 30 327 34 4
120 30 267 3 4
121 30 283 13 4
125 30 297 17 4
129 30 369 51 4
30 36 331 21 4
30 42 315 37 4
30 48 289 7 4
30 50 296 13 4
30 52 279 4 4
30 54 285 22 4
30 55 301 41 4
30 56 248 3 4
30 78 279 8 4
30 80 283 5 4
30 82 263 5 4
30 89 347 28 4
30 90 405 69 4
30 91 298 4 4
30 93 308 8 4
30 95 272 7 4
30 96 356 32 4
31 5 402 61 4
1 31 370 45 4
12 31 344 11 4
16 31 390 65 4
18 31 340 18 4
24 31 327 7 4
104 31 347 72 4
115 31 352 15 4
120 31 327 10 4
31 48 347 15 4
31 52 345 8 4
31 54 359 22 4
31 56 302 13 4
31 58 342 14 4
31 62 365 42 4
31 78 351 9 4
31 80 341 13 4
31 82 325 11 4
31 92 390 45 4
32 9 340 41 4
3 32 375 81 4
10 32 312 10 4
12 32 314 14 4
18 32 322 15 4
24 32 295 11 4
27 32 368 44 4
107 32 384 63 4
115 32 324 17 4
120 32 307 8 4
125 32 343 19 4
32 52 321 8 4
32 56 284 10 4
32 62 337 44 4
32 74 362 67 4
32 80 321 11 4
32 82 303 10 4
32 95 328 4 4
3 33 424 81 4
10 33 365 8 4
15 33 402 65 4
16 33 395 75 4
18 33 375 13 4
24 33 344 11 4
111 33 359 24 4
115 33 375 16 4
119 33 406 58 4
120 33 350 11 4
33 48 374 14 4
33 52 370 8 4
33 54 382 23 4
33 56 349 2 4
33 58 367 14 4
33 66 381 46 4
33 78 378 8 4
33 80 374 9 4
33 82 352 10 4
33 89 412 45 4
33 95 365 10 4
33 99 403 74 4
1 34 243 32 4
10 34 197 3 4
11 34 229 6 4
12 34 207 3 4
18 34 191 16 4
22 34 225 11 4
23 34 231 6 4
24 34 182 3 4
27 34 291 18 4
29 34 303 24 4
111 34 213 8 4
113 34 228 11 4
115 34 217 6 4
118 34 278 19 4
120 34 182 6 4
121 34 226 2 4
125 34 230 11 4
34 38 238 12 4
34 39 278 30 4
34 44 261 14 4
34 48 210 7 4
34 52 208 0 4
34 56 169 3 4
34 58 217 0 4
34 61 315 35 4
34 68 312 25 4
34 75 316 24 4
34 78 202 7 4
34 79 279 18 4
34 80 190 12 4
34 82 186 4 4
34 91 201 13 4
34 93 231 7 4
34 95 201 3 4
1 35 355 27 4
3 35 394 58 4
10 35 299 3 4
11 35 309 17 4
17 35 351 27 4
18 35 295 15 4
24 35 280 5 4
30 35 381 37 4
32 35 399 53 4
107 35 379 52 4
113 35 320 16 4
120 35 290 3 4
121 35 304 14 4
125 35 316 19 4
35 48 284 21 4
35 54 324 14 4
35 56 261 8 4
35 57 338 32 4
35 58 299 10 4
35 60 364 40 4
35 66 343 27 4
35 76 381 37 4
35 78 296 11 4
35 80 304 6 4
35 82 272 12 4
35 83 374 37 4
35 84 359 32 4
35 95 291 9 4
36 9 273 20 4
10 36 215 4 4
11 36 245 8 4
12 36 211 11 4
17 36 285 19 4
19 36 328 43 4
22 36 245 11 4
23 36 249 7 4
24 36 196 6 4
27 36 297 25 4
28 36 280 21 4
111 36 235 7 4
115 36 233 8 4
120 36 208 3 4
121 36 232 9 4
125 36 250 11 4
36 38 264 9 4
36 46 212 40 4
36 48 230 7 4
36 50 235 14 4
36 52 214 7 4
36 54 226 22 4
36 56 181 7 4
36 58 217 10 4
36 62 278 19 4
36 78 228 4 4
36 80 228 3 4
36 82 200 7 4
36 83 302 32 4
36 88 335 38 4
36 91 233 7 4
36 93 243 11 4
36 95 211 8 4
37 8 273 47 4
1 37 313 38 4
10 37 281 2 4
11 37 293 15 4
12 37 283 6 4
18 37 283 11 4
21 37 296 35 4
24 37 260 5 4
104 37 338 41 4
113 37 308 12 4
115 37 275 18 4
116 37 391 76 4
120 37 264 6 4
121 37 292 10 4
37 38 288 28 4
37 46 304 25 4
37 48 290 8 4
37 50 285 20 4
37 52 278 6 4
37 55 324 31 4
37 56 243 7 4
37 62 324 27 4
37 78 284 7 4
37 79 331 33 4
37 80 264 16 4
37 82 258 9 4
37 85 361 59 4
37 91 297 6 4
37 94 348 49 4
37 95 283 3 4
38 9 241 20 4
1 38 253 21 4
10 38 185 3 4
11 38 207 11 4
12 38 175 13 4
18 38 193 9 4
23 38 219 6 4
24 38 170 3 4
25 38 284 35 4
34 38 238 12 4
37 38 288 28 4
111 38 211 3 4
113 38 232 3 4
115 38 209 4 4
120 38 174 4 4
121 38 212 3 4
125 38 210 15 4
38 45 293 31 4
38 46 246 7 4
38 48 208 2 4
38 50 221 5 4
38 52 194 1 4
38 53 315 48 4
38 56 155 4 4
38 58 201 2 4
38 69 273 26 4
38 71 288 24 4
38 78 194 5 4
38 80 190 6 4
38 81 268 20 4
38 82 180 1 4
38 84 269 20 4
38 89 268 22 4
38 91 197 9 4
38 93 231 1 4
38 95 187 4 4
39 8 295 27 4
39 9 311 23 4
10 39 257 5 4
11 39 289 8 4
12 39 255 11 4
18 39 247 20 4
20 39 350 48 4
22 39 289 11 4
23 39 261 23 4
24 39 236 8 4
27 39 307 42 4
34 39 278 30 4
38 39 298 14 4
111 39 277 8 4
115 39 277 8 4
118 39 306 37 4
120 39 252 3 4
39 46 296 20 4
39 48 278 5 4
39 52 258 7 4
39 54 288 13 4
39 55 304 32 4
39 56 233 3 4
39 58 267 7 4
39 62 316 22 4
39 78 254 13 4
39 79 311 34 4
39 80 268 5 4
39 81 314 35 4
39 82 242 8 4
39 91 275 8 4
39 95 247 12 4
39 96 307 49 4
40 7 378 54 4
10 40 354 8 4
15 40 427 47 4
17 40 402 34 4
24 40 339 8 4
29 40 388 65 4
104 40 403 51 4
105 40 464 118 4
115 40 364 16 4
120 40 341 10 4
121 40 365 16 4
125 40 375 22 4
40 52 351 12 4
40 56 332 5 4
40 57 399 34 4
40 58 356 14 4
40 80 359 11 4
40 82 345 8 4
2 41 455 78 4
10 41 353 14 4
12 41 367 12 4
15 41 424 54 4
16 41 431 57 4
18 41 361 20 4
24 41 350 8 4
29 41 401 64 4
34 41 394 29 4
113 41 384 22 4
120 41 362 5 4
121 41 382 13 4
41 42 382 53 4
41 44 401 33 4
41 52 366 10 4
41 54 376 26 4
41 56 347 3 4
41 58 365 15 4
41 66 379 47 4
41 78 370 12 4
41 80 344 24 4
41 82 354 9 4
41 91 359 23 4
41 93 383 20 4
41 95 365 10 4
42 8 289 16 4
10 42 229 5 4
11 42 255 11 4
12 42 237 6 4
14 42 295 38 4
18 42 237 11 4
19 42 340 45 4
21 42 278 21 4
22 42 271 6 4
23 42 257 11 4
24 42 212 6 4
30 42 315 37 4
38 42 272 13 4
104 42 304 35 4
111 42 249 8 4
115 42 251 7 4
120 42 228 1 4
121 42 240 13 4
125 42 262 13 4
42 44 293 16 4
42 50 265 7 4
42 52 242 1 4
42 55 296 22 4
42 56 201 5 4
42 58 245 4 4
42 66 293 19 4
42 68 324 37 4
42 78 242 5 4
42 80 240 5 4
42 82 230 0 4
42 86 339 42 4
42 91 241 11 4
42 93 271 5 4
42 95 223 10 4
10 43 381 12 4
16 43 437 66 4
17 43 363 71 4
24 43 378 6 4
33 43 468 93 4
120 43 378 9 4
125 43 386 34 4
130 43 445 70 4
43 53 451 87 4
43 55 408 49 4
43 56 363 7 4
43 60 420 62 4
43 80 378 19 4
43 93 401 23 4
43 96 437 53 4
44 5 300 43 4
10 44 208 5 4
11 44 234 11 4
12 44 220 4 4
18 44 170 34 4
23 44 248 5 4
24 44 193 5 4
27 44 290 26 4
34 44 261 14 4
38 44 263 7 4
111 44 218 13 4
113 44 245 10 4
115 44 238 3 4
120 44 205 2 4
121 44 229 8 4
125 44 257 5 4
44 48 233 3 4
44 50 250 4 4
44 52 219 2 4
44 56 174 8 4
44 58 214 9 4
44 69 298 27 4
44 78 207 12 4
44 79 286 22 4
44 80 205 12 4
44 82 197 6 4
44 89 291 24 4
44 91 230 6 4
44 93 218 21 4
44 95 202 10 4
45 8 312 33 4
45 9 318 34 4
10 45 286 5 4
12 45 278 14 4
18 45 288 14 4
24 45 267 7 4
37 45 361 44 4
38 45 293 31 4
111 45 298 12 4
115 45 298 12 4
120 45 271 8 4
121 45 301 11 4
45 47 376 68 4
45 48 293 12 4
45 52 295 3 4
45 54 301 21 4
45 56 254 7 4
45 58 276 17 4
45 78 297 6 4
45 79 318 45 4
45 80 291 8 4
45 82 281 3 4
45 83 343 48 4
45 85 344 73 4
45 91 302 9 4
45 95 276 12 4
10 46 201 0 4
12 46 197 7 4
18 46 219 1 4
21 46 250 16 4
24 46 176 5 4
26 46 278 26 4
27 46 255 35 4
36 46 212 40 4
38 46 246 7 4
111 46 223 2 4
115 46 221 3 4
120 46 184 4 4
121 46 208 10 4
125 46 222 14 4
46 48 220 1 4
46 50 215 13 4
46 52 192 7 4
46 54 232 8 4
46 56 161 6 4
46 58 205 5 4
46 62 252 21 4
46 77 313 56 4
46 78 208 3 4
46 80 198 7 4
46 81 280 19 4
46 82 180 6 4
46 84 279 20 4
46 91 211 7 4
46 93 213 15 4
46 95 189 8 4
47 6 425 70 4
47 8 364 33 4
12 47 324 17 4
14 47 362 59 4
18 47 344 12 4
21 47 351 39 4
24 47 331 1 4
34 47 361 29 4
38 47 349 29 4
45 47 376 68 4
111 47 326 24 4
115 47 318 28 4
120 47 327 6 4
125 47 359 19 4
47 56 302 9 4
47 78 339 11 4
47 80 329 15 4
47 85 410 66 4
47 95 334 9 4
48 8 221 7 4
4 48 299 25 4
10 48 147 3 4
11 48 177 7 4
12 48 147 8 4
15 48 256 24 4
18 48 163 5 4
23 48 183 5 4
24 48 132 3 4
34 48 210 7 4
36 48 230 7 4
104 48 256 16 4
111 48 173 3 4
113 48 186 7 4
115 48 157 11 4
120 48 132 6 4
121 48 166 7 4
125 48 190 6 4
48 50 187 3 4
48 52 144 7 4
48 54 190 5 4
48 56 115 5 4
48 57 226 12 4
48 58 153 7 4
48 62 228 9 4
48 78 152 7 4
48 80 156 4 4
48 82 130 7 4
48 91 171 3 4
48 93 183 6 4
48 95 153 2 4
48 99 275 24 4
49 8 385 52 4
24 49 374 9 4
25 49 426 72 4
48 49 386 21 4
104 49 396 73 4
120 49 378 10 4
125 49 410 23 4
49 52 376 18 4
49 56 365 7 4
49 58 385 18 4
49 66 425 37 4
49 82 382 8 4
49 91 393 19 4
49 93 403 23 4
49 96 429 58 4
50 8 224 15 4
10 50 158 7 4
11 50 194 8 4
12 50 168 7 4
18 50 180 6 4
21 50 237 8 4
22 50 192 12 4
23 50 200 6 4
24 50 149 4 4
28 50 241 15 4
29 50 284 18 4
36 50 235 14 4
37 50 285 20 4
38 50 221 5 4
46 50 215 13 4
48 50 187 3 4
111 50 194 2 4
113 50 193 13 4
115 50 170 14 4
120 50 149 7 4
121 50 173 13 4
125 50 205 8 4
50 52 171 3 4
50 56 138 3 4
50 58 178 4 4
50 78 181 2 4
50 80 173 5 4
50 82 157 3 4
50 91 186 5 4
50 93 188 13 4
50 95 168 4 4
50 98 249 9 4
10 51 417 25 4
17 51 475 46 4
24 51 436 8 4
26 51 476 60 4
36 51 468 45 4
51 56 429 5 4
51 60 480 63 4
51 75 474 77 4
51 78 424 28 4
51 90 510 109 4
10 52 127 5 4
11 52 167 4 4
12 52 135 6 4
18 52 153 2 4
21 52 198 10 4
22 52 163 9 4
23 52 175 1 4
24 52 118 2 4
36 52 214 7 4
46 52 192 7 4
48 52 144 7 4
50 52 171 3 4
111 52 151 6 4
112 52 260 22 4
113 52 176 4 4
115 52 151 6 4
120 52 120 4 4
121 52 152 6 4
125 52 180 3 4
52 54 176 4 4
52 55 214 12 4
52 56 101 4 4
52 57 214 10 4
52 58 137 7 4
52 62 212 9 4
52 78 146 2 4
52 80 146 1 4
52 82 114 7 4
52 91 141 10 4
52 93 175 2 4
52 95 135 3 4
52 96 251 12 4
53 8 372 31 4
53 9 360 41 4
1 53 370 43 4
10 53 312 20 4
11 53 354 18 4
12 53 332 15 4
18 53 326 23 4
23 53 340 26 4
24 53 315 11 4
34 53 353 35 4
36 53 369 37 4
38 53 315 48 4
52 53 345 6 4
111 53 352 13 4
120 53 329 7 4
121 53 357 11 4
122 53 391 52 4
125 53 351 25 4
53 56 314 5 4
53 60 341 75 4
53 78 335 15 4
53 80 347 8 4
53 81 375 47 4
53 82 313 15 4
53 83 377 59 4
53 95 338 9 4
54 7 255 20 4
54 8 239 11 4
5 54 291 28 4
10 54 169 5 4
11 54 211 3 4
12 54 183 3 4
18 54 193 3 4
21 54 242 9 4
22 54 197 13 4
23 54 199 10 4
24 54 148 8 4
30 54 285 22 4
36 54 226 22 4
46 54 232 8 4
48 54 190 5 4
52 54 176 4 4
111 54 191 7 4
113 54 210 8 4
115 54 201 2 4
119 54 282 19 4
120 54 168 1 4
121 54 200 3 4
54 56 133 9 4
54 58 177 8 4
54 62 248 12 4
54 78 188 2 4
54 79 253 19 4
54 80 186 2 4
54 82 144 13 4
54 83 286 18 4
54 88 307 30 4
54 91 195 4 4
54 92 267 18 4
54 93 183 19 4
54 95 173 5 4
55 8 277 19 4
10 55 223 5 4
12 55 237 3 4
18 55 253 0 4
22 55 265 6 4
23 55 255 9 4
24 55 204 7 4
28 55 286 23 4
30 55 301 41 4
39 55 304 32 4
42 55 296 22 4
46 55 278 12 4
48 55 244 5 4
50 55 253 10 4
52 55 214 12 4
54 55 272 4 4
111 55 259 0 4
113 55 266 7 4
115 55 249 5 4
120 55 206 9 4
121 55 236 12 4
125 55 264 9 4
129 55 328 47 4
55 56 203 1 4
55 58 231 8 4
55 66 285 20 4
55 70 350 66 4
55 78 236 5 4
55 80 238 3 4
55 81 298 26 4
55 82 222 1 4
55 89 310 22 4
55 91 245 6 4
55 93 267 4 4
55 95 229 4 4
56 8 170 8 4
10 56 98 3 4
11 56 132 5 4
12 56 106 4 4
18 56 116 4 4
21 56 173 6 4
22 56 140 4 4
23 56 134 5 4
24 56 81 4 4
27 56 204 12 4
34 56 169 3 4
36 56 181 7 4
38 56 155 4 4
42 56 201 5 4
44 56 174 8 4
46 56 161 6 4
48 56 115 5 4
50 56 138 3 4
52 56 101 4 4
54 56 133 9 4
111 56 120 5 4
113 56 145 3 4
115 56 122 4 4
120 56 89 3 4
121 56 121 5 4
125 56 147 3 4
56 58 110 4 4
56 62 187 5 4
56 78 111 3 4
56 80 109 3 4
56 82 81 7 4
56 91 114 7 4
56 93 136 5 4
56 95 96 6 4
57 7 305 20 4
10 57 221 4 4
11 57 245 11 4
12 57 231 4 4
17 57 283 23 4
18 57 225 12 4
22 57 247 13 4
23 57 261 4 4
24 57 202 6 4
48 57 226 12 4
50 57 257 6 4
52 57 214 10 4
54 57 260 8 4
56 57 197 2 4
110 57 382 51 4
111 57 229 13 4
113 57 262 7 4
115 57 251 2 4
119 57 314 28 4
120 57 212 4 4
121 57 220 18 4
122 57 314 29 4
125 57 242 18 4
57 58 209 17 4
57 68 322 33 4
57 76 289 45 4
57 78 220 11 4
57 80 218 11 4
57 82 212 4 4
57 91 235 9 4
57 93 255 8 4
57 95 219 7 4
58 8 210 9 4
58 9 220 8 4
10 58 136 5 4
11 58 170 7 4
12 58 144 6 4
18 58 146 10 4
21 58 205 11 4
22 58 186 2 4
23 58 176 5 4
24 58 121 5 4
36 58 217 10 4
44 58 214 9 4
46 58 205 5 4
48 58 153 7 4
50 58 178 4 4
52 58 137 7 4
54 58 177 8 4
56 58 110 4 4
57 58 209 17 4
111 58 156 8 4
113 58 181 6 4
115 58 158 7 4
119 58 243 22 4
120 58 133 2 4
121 58 163 5 4
122 58 243 23 4
125 58 185 5 4
58 78 151 4 4
58 80 143 7 4
58 82 131 3 4
58 91 150 10 4
58 93 172 8 4
58 95 140 5 4
58 98 215 13 4
59 8 356 36 4
11 59 346 19 4
12 59 334 11 4
14 59 384 47 4
18 59 338 14 4
21 59 357 35 4
23 59 334 26 4
24 59 313 9 4
30 59 400 48 4
37 59 401 49 4
39 59 373 54 4
42 59 361 46 4
46 59 349 33 4
56 59 310 4 4
115 59 346 13 4
120 59 315 11 4
121 59 335 19 4
59 78 341 9 4
59 80 339 9 4
59 82 329 4 4
59 91 334 18 4
59 95 340 5 4
59 96 372 56 4
60 9 317 22 4
10 60 255 8 4
11 60 291 9 4
12 60 271 5 4
21 60 308 22 4
24 60 248 4 4
36 60 320 21 4
42 60 326 26 4
48 60 272 10 4
52 60 270 3 4
53 60 341 75 4
56 60 235 4 4
58 60 271 7 4
107 60 343 53 4
111 60 285 6 4
115 60 271 13 4
120 60 244 9 4
121 60 276 11 4
125 60 282 19 4
130 60 313 69 4
60 66 295 34 4
60 78 262 11 4
60 80 268 7 4
60 82 252 5 4
60 91 281 7 4
60 95 259 8 4
60 97 327 43 4
60 99 347 47 4
10 61 306 4 4
18 61 318 8 4
22 61 320 19 4
23 61 326 14 4
24 61 291 4 4
26 61 367 38 4
28 61 343 35 4
34 61 315 35 4
46 61 331 26 4
48 61 311 12 4
50 61 324 15 4
52 61 311 4 4
56 61 272 7 4
58 61 318 5 4
115 61 310 15 4
120 61 295 5 4
121 61 321 10 4
125 61 321 21 4
61 78 303 12 4
61 80 293 16 4
61 84 352 40 4
61 95 284 17 4
62 8 275 16 4
5 62 311 41 4
10 62 217 4 4
11 62 239 12 4
12 62 203 16 4
16 62 291 49 4
18 62 195 25 4
21 62 268 19 4
23 62 235 15 4
24 62 200 5 4
26 62 298 28 4
36 62 278 19 4
46 62 252 21 4
48 62 228 9 4
50 62 251 7 4
52 62 212 9 4
54 62 248 12 4
56 62 187 5 4
58 62 227 6 4
111 62 239 6 4
112 62 320 36 4
115 62 227 12 4
120 62 208 4 4
121 62 236 8 4
62 74 305 42 4
62 78 234 2 4
62 79 287 25 4
62 80 220 8 4
62 82 204 6 4
62 91 227 11 4
62 92 267 41 4
62 94 282 52 4
62 95 213 8 4
10 63 338 7 4
12 63 342 10 4
17 63 384 34 4
24 63 319 9 4
46 63 371 25 4
48 63 345 14 4
50 63 352 20 4
52 63 329 14 4
56 63 318 3 4
57 63 387 31 4
58 63 334 16 4
60 63 409 41 4
111 63 354 12 4
115 63 348 15 4
119 63 405 44 4
120 63 327 8 4
121 63 351 14 4
63 75 377 68 4
63 77 432 72 4
63 78 311 27 4
63 79 394 35 4
63 82 333 5 4
63 91 348 14 4
10 64 403 13 4
12 64 409 15 4
16 64 437 78 4
18 64 397 26 4
21 64 414 48 4
23 64 427 21 4
24 64 404 5 4
42 64 438 49 4
56 64 385 8 4
58 64 405 19 4
62 64 432 45 4
115 64 409 23 4
120 64 400 10 4
64 82 400 10 4
64 85 447 88 4
64 92 415 69 4
64 95 411 11 4
64 96 443 62 4
64 98 440 42 4
65 7 338 25 4
65 9 318 22 4
1 65 324 26 4
10 65 246 13 4
12 65 264 9 4
18 65 266 13 4
23 65 286 13 4
24 65 249 4 4
28 65 331 20 4
37 65 355 35 4
38 65 299 16 4
48 65 265 14 4
52 65 261 8 4
55 65 327 23 4
56 65 240 2 4
58 65 256 15 4
115 65 276 11 4
120 65 245 9 4
121 65 269 15 4
122 65 343 36 4
65 76 362 30 4
65 78 263 11 4
65 80 269 7 4
65 81 325 32 4
65 82 245 9 4
65 91 274 11 4
65 95 254 11 4
3 66 313 58 4
10 66 210 7 4
11 66 250 6 4
12 66 224 5 4
15 66 291 42 4
18 66 242 1 4
22 66 244 12 4
24 66 193 8 4
25 66 297 45 4
34 66 273 11 4
38 66 259 12 4
46 66 269 12 4
48 66 245 0 4
50 66 252 6 4
52 66 219 5 4
54 66 259 6 4
55 66 285 20 4
56 66 192 2 4
58 66 224 7 4
60 66 295 34 4
111 66 234 8 4
115 66 240 5 4
120 66 207 4 4
121 66 233 9 4
125 66 243 15 4
66 78 233 2 4
66 80 231 2 4
66 82 207 4 4
66 91 226 11 4
66 93 236 15 4
66 95 224 2 4
66 97 304 31 4
28 67 452 55 4
36 67 468 43 4
44 67 441 54 4
56 67 407 14 4
111 67 431 29 4
115 67 447 21 4
120 67 436 9 4
67 69 461 68 4
67 72 483 85 4
67 78 428 24 4
67 80 426 24 4
67 82 428 13 4
67 84 475 53 4
67 93 445 30 4
67 95 435 16 4
68 9 327 27 4
12 68 287 7 4
24 68 272 2 4
26 68 330 45 4
34 68 312 25 4
38 68 298 26 4
42 68 324 37 4
48 68 292 10 4
52 68 284 6 4
56 68 261 1 4
57 68 322 33 4
58 68 289 8 4
60 68 358 36 4
111 68 289 14 4
120 68 264 9 4
125 68 314 13 4
130 68 383 44 4
68 78 292 6 4
68 80 286 8 4
68 82 268 7 4
68 83 360 37 4
68 84 353 28 4
68 86 383 46 4
68 98 328 29 4
10 69 264 1 4
12 69 264 6 4
14 69 332 33 4
24 69 243 4 4
27 69 328 31 4
36 69 307 25 4
38 69 273 26 4
44 69 298 27 4
48 69 283 2 4
50 69 288 9 4
52 69 261 5 4
54 69 287 13 4
56 69 220 9 4
58 69 262 9 4
66 69 318 20 4
111 69 258 17 4
113 69 281 16 4
115 69 282 5 4
120 69 245 6 4
121 69 279 7 4
69 71 321 45 4
69 78 259 10 4
69 80 261 8 4
69 82 251 3 4
69 85 354 53 4
69 91 278 6 4
69 93 282 13 4
69 94 319 54 4
69 95 260 5 4
69 98 293 34 4
69 99 352 42 4
70 9 403 34 4
12 70 369 11 4
14 70 417 48 4
21 70 394 34 4
24 70 354 6 4
48 70 366 18 4
52 70 344 21 4
54 70 372 28 4
55 70 350 66 4
56 70 337 8 4
65 70 425 48 4
107 70 445 57 4
112 70 402 73 4
113 70 382 23 4
115 70 365 21 4
120 70 362 5 4
70 78 362 16 4
70 80 366 13 4
70 81 382 58 4
70 82 360 6 4
70 91 383 11 4
70 92 411 47 4
70 95 357 14 4
71 9 313 27 4
6 71 358 68 4
10 71 265 6 4
12 71 271 8 4
17 71 267 55 4
18 71 289 4 4
24 71 260 1 4
36 71 324 22 4
38 71 288 24 4
44 71 311 26 4
48 71 286 6 4
52 71 264 9 4
56 71 243 3 4
58 71 281 5 4
66 71 325 22 4
69 71 321 45 4
111 71 275 14 4
115 71 295 4 4
120 71 260 4 4
71 78 284 3 4
71 80 264 12 4
71 82 258 5 4
71 93 303 8 4
71 95 279 1 4
10 72 302 10 4
11 72 326 17 4
12 72 312 10 4
14 72 366 44 4
18 72 324 9 4
22 72 334 16 4
24 72 279 14 4
28 72 343 39 4
36 72 339 37 4
42 72 343 43 4
44 72 346 31 4
46 72 339 26 4
50 72 330 16 4
52 72 319 4 4
54 72 319 25 4
56 72 278 8 4
58 72 304 16 4
69 72 356 50 4
111 72 304 22 4
113 72 335 17 4
115 72 338 5 4
118 72 363 36 4
120 72 305 4 4
121 72 313 18 4
125 72 339 16 4
72 78 329 3 4
72 80 327 3 4
72 82 301 6 4
72 84 366 37 4
72 87 356 65 4
72 88 390 60 4
72 93 306 29 4
72 95 308 9 4
72 97 378 43 4
72 98 353 32 4
6 73 441 125 4
17 73 454 60 4
28 73 461 56 4
38 73 443 45 4
44 73 452 54 4
48 73 455 20 4
56 73 430 8 4
73 80 445 20 4
73 93 452 32 4
73 99 486 79 4
74 8 328 25 4
74 9 332 27 4
10 74 284 6 4
11 74 308 13 4
12 74 282 12 4
18 74 272 22 4
22 74 312 14 4
23 74 296 20 4
24 74 275 3 4
26 74 355 35 4
32 74 362 67 4
44 74 330 26 4
48 74 305 6 4
50 74 306 15 4
52 74 293 4 4
56 74 260 4 4
58 74 298 6 4
62 74 305 42 4
113 74 305 19 4
115 74 282 20 4
120 74 281 3 4
121 74 289 17 4
74 78 293 8 4
74 82 261 13 4
74 92 336 42 4
74 95 272 14 4
74 96 350 42 4
1 75 341 28 4
7 75 347 31 4
10 75 283 5 4
12 75 287 8 4
17 75 337 28 4
18 75 301 6 4
22 75 307 15 4
24 75 266 6 4
34 75 316 24 4
48 75 294 10 4
52 75 278 10 4
54 75 308 16 4
56 75 257 4 4
57 75 332 29 4
58 75 295 6 4
63 75 377 68 4
107 75 345 63 4
120 75 276 4 4
121 75 300 10 4
125 75 312 15 4
75 77 391 63 4
75 78 278 14 4
75 79 345 30 4
75 80 288 8 4
75 82 272 6 4
75 91 291 13 4
75 93 307 14 4
76 9 332 20 4
10 76 276 3 4
12 76 282 5 4
18 76 266 18 4
22 76 304 11 4
24 76 249 9 4
27 76 350 28 4
44 76 318 25 4
48 76 279 12 4
52 76 265 11 4
54 76 307 11 4
56 76 246 4 4
57 76 289 45 4
58 76 272 12 4
111 76 268 20 4
119 76 347 38 4
120 76 263 5 4
121 76 293 8 4
125 76 297 17 4
76 78 265 15 4
76 81 331 34 4
76 82 267 3 4
76 95 270 8 4
76 98 331 23 4
11 77 368 13 4
12 77 344 11 4
18 77 354 11 4
24 77 317 12 4
45 77 408 56 4
46 77 313 56 4
48 77 353 12 4
50 77 356 20 4
52 77 339 11 4
56 77 312 8 4
57 77 373 40 4
58 77 328 21 4
63 77 432 72 4
75 77 391 63 4
111 77 352 15 4
115 77 352 15 4
120 77 341 3 4
121 77 347 18 4
77 78 345 12 4
77 80 355 6 4
77 82 343 2 4
77 95 338 11 4
78 8 209 9 4
78 9 221 7 4
1 78 231 9 4
10 78 143 1 4
11 78 175 4 4
12 78 143 6 4
18 78 151 7 4
22 78 181 4 4
23 78 175 5 4
24 78 124 3 4
34 78 202 7 4
38 78 194 5 4
39 78 254 13 4
44 78 207 12 4
48 78 152 7 4
50 78 181 2 4
52 78 146 2 4
54 78 188 2 4
56 78 111 3 4
57 78 220 11 4
58 78 151 4 4
63 78 311 27 4
76 78 265 15 4
111 78 161 5 4
113 78 182 5 4
115 78 153 9 4
120 78 130 3 4
121 78 170 1 4
125 78 170 12 4
78 79 227 15 4
78 80 150 3 4
78 81 240 11 4
78 82 132 2 4
78 91 165 2 4
78 93 183 2 4
78 95 131 9 4
79 8 280 23 4
1 79 298 25 4
5 79 326 43 4
10 79 236 4 4
11 79 278 2 4
12 79 244 5 4
17 79 290 27 4
18 79 230 17 4
22 79 270 9 4
23 79 260 12 4
24 79 221 4 4
34 79 279 18 4
39 79 311 34 4
44 79 286 22 4
45 79 318 45 4
48 79 257 4 4
50 79 272 6 4
52 79 239 5 4
54 79 253 19 4
56 79 208 4 4
58 79 246 6 4
62 79 287 25 4
78 79 227 15 4
111 79 252 9 4
113 79 275 8 4
115 79 248 11 4
119 79 299 43 4
120 79 231 2 4
121 79 259 6 4
125 79 275 9 4
79 80 227 14 4
79 82 231 2 4
79 83 321 33 4
79 91 250 9 4
79 92 298 35 4
79 93 282 2 4
79 95 238 5 4
1 80 229 9 4
3 80 298 25 4
8 80 209 8 4
10 80 139 2 4
11 80 175 3 4
12 80 149 2 4
17 80 221 11 4
18 80 147 8 4
22 80 179 4 4
24 80 124 2 4
27 80 243 12 4
28 80 222 10 4
29 80 255 18 4
34 80 190 12 4
37 80 264 16 4
38 80 190 6 4
44 80 205 12 4
46 80 198 7 4
48 80 156 4 4
50 80 173 5 4
52 80 146 1 4
56 80 109 3 4
57 80 218 11 4
58 80 143 7 4
78 80 150 3 4
79 80 227 14 4
110 80 340 29 4
111 80 161 4 4
113 80 172 9 4
115 80 151 9 4
120 80 130 2 4
121 80 162 4 4
125 80 174 9 4
80 82 130 2 4
80 91 155 6 4
80 93 169 8 4
80 95 139 4 4
80 96 245 18 4
81 9 281 29 4
10 81 247 1 4
11 81 271 8 4
12 81 235 12 4
18 81 261 4 4
20 81 328 50 4
22 81 265 14 4
23 81 271 9 4
24 81 224 5 4
28 81 294 27 4
38 81 268 20 4
39 81 314 35 4
46 81 280 19 4
48 81 262 4 4
52 81 244 5 4
54 81 270 13 4
55 81 298 26 4
56 81 213 4 4
58 81 261 1 4
65 81 325 32 4
78 81 240 11 4
80 81 250 5 4
107 81 313 57 4
111 81 273 1 4
120 81 220 10 4
122 81 326 33 4
81 82 236 2 4
81 89 258 56 4
81 91 271 1 4
81 93 267 12 4
81 95 231 11 4
1 82 209 9 4
8 82 193 6 4
10 82 113 5 4
11 82 139 11 4
12 82 129 2 4
18 82 135 4 4
21 82 190 7 4
22 82 159 4 4
23 82 159 2 4
24 82 100 4 4
27 82 231 8 4
34 82 186 4 4
36 82 200 7 4
44 82 197 6 4
46 82 180 6 4
48 82 130 7 4
50 82 157 3 4
52 82 114 7 4
54 82 144 13 4
56 82 81 7 4
58 82 131 3 4
62 82 204 6 4
78 82 132 2 4
80 82 130 2 4
111 82 145 2 4
113 82 158 6 4
115 82 143 3 4
120 82 110 2 4
121 82 144 3 4
125 82 160 6 4
82 91 139 4 4
82 93 161 2 4
82 95 121 3 4
83 9 299 33 4
1 83 303 38 4
3 83 356 62 4
8 83 321 18 4
10 83 247 14 4
11 83 293 10 4
12 83 261 12 4
18 83 293 1 4
21 83 308 24 4
22 83 287 16 4
24 83 248 6 4
26 83 330 37 4
36 83 302 32 4
38 83 296 19 4
42 83 326 28 4
45 83 343 48 4
48 83 280 8 4
50 83 305 5 4
52 83 280 0 4
54 83 286 18 4
56 83 241 3 4
78 83 274 7 4
79 83 321 33 4
80 83 276 5 4
82 83 254 6 4
115 83 289 6 4
120 83 262 2 4
121 83 294 4 4
83 91 281 9 4
83 95 271 4 4
7 84 302 32 4
11 84 264 12 4
12 84 244 8 4
18 84 248 11 4
19 84 337 52 4
24 84 219 8 4
26 84 317 31 4
38 84 269 20 4
46 84 279 20 4
48 84 259 6 4
50 84 270 10 4
56 84 208 7 4
58 84 250 7 4
61 84 352 40 4
80 84 253 4 4
82 84 235 3 4
111 84 258 9 4
115 84 254 11 4
120 84 237 2 4
122 84 333 30 4
84 95 242 6 4
8 85 342 33 4
10 85 320 3 4
12 85 312 12 4
14 85 358 50 4
18 85 316 15 4
24 85 303 4 4
37 85 361 59 4
38 85 325 30 4
45 85 344 73 4
47 85 410 66 4
52 85 321 5 4
54 85 337 18 4
56 85 282 8 4
58 85 296 22 4
69 85 354 53 4
80 85 313 12 4
82 85 311 3 4
104 85 371 45 4
111 85 324 14 4
115 85 326 13 4
120 85 305 6 4
121 85 315 19 4
85 91 322 14 4
85 93 332 18 4
85 95 312 9 4
7 86 372 30 4
10 86 296 10 4
11 86 302 26 4
12 86 310 8 4
14 86 374 37 4
18 86 318 9 4
24 86 295 3 4
28 86 353 31 4
36 86 357 25 4
42 86 339 42 4
48 86 319 9 4
56 86 284 2 4
58 86 294 18 4
60 86 375 40 4
68 86 383 46 4
80 86 313 7 4
82 86 299 4 4
113 86 337 13 4
115 86 322 10 4
121 86 317 13 4
130 86 384 56 4
86 91 314 13 4
86 95 296 12 4
5 87 372 46 4
8 87 336 21 4
10 87 294 1 4
11 87 312 11 4
18 87 294 11 4
24 87 259 11 4
46 87 309 28 4
48 87 295 11 4
50 87 308 14 4
52 87 295 3 4
55 87 337 30 4
56 87 252 8 4
58 87 276 17 4
62 87 325 32 4
72 87 356 65 4
78 87 297 6 4
80 87 295 6 4
82 87 283 2 4
104 87 339 46 4
111 87 292 15 4
113 87 303 20 4
120 87 287 0 4
121 87 277 23 4
125 87 317 14 4
87 91 308 6 4
87 93 304 17 4
87 95 276 12 4
87 97 316 61 4
87 99 374 46 4
10 88 300 10 4
11 88 320 19 4
12 88 304 13 4
18 88 322 9 4
22 88 322 21 4
24 88 285 10 4
27 88 348 48 4
30 88 376 47 4
36 88 335 38 4
38 88 331 24 4
44 88 348 29 4
52 88 309 8 4
54 88 307 30 4
56 88 278 7 4
58 88 312 11 4
72 88 390 60 4
80 88 307 12 4
81 88 359 39 4
82 88 309 1 4
100 88 378 76 4
103 88 410 65 4
111 88 320 13 4
120 88 303 4 4
121 88 319 14 4
88 93 298 32 4
88 95 314 5 4
88 96 366 46 4
89 9 283 30 4
10 89 253 0 4
11 89 275 8 4
12 89 249 7 4
18 89 253 10 4
24 89 224 7 4
27 89 319 29 4
38 89 268 22 4
44 89 291 24 4
52 89 244 7 4
56 89 217 4 4
58 89 245 11 4
62 89 306 20 4
66 89 305 20 4
78 89 250 8 4
80 89 242 11 4
81 89 258 56 4
82 89 236 4 4
113 89 278 11 4
115 89 259 10 4
118 89 292 37 4
120 89 218 13 4
121 89 262 9 4
89 95 247 5 4
89 96 327 32 4
10 90 363 15 4
11 90 393 19 4
12 90 369 17 4
18 90 371 21 4
21 90 388 43 4
22 90 373 32 4
23 90 393 20 4
24 90 358 10 4
26 90 398 62 4
27 90 407 55 4
30 90 405 69 4
36 90 392 46 4
39 90 392 68 4
52 90 368 15 4
56 90 361 2 4
58 90 391 8 4
78 90 380 13 4
80 90 380 12 4
82 90 368 8 4
89 90 408 53 4
107 90 409 81 4
118 90 414 46 4
120 90 376 4 4
90 95 363 17 4
1 91 222 19 4
8 91 224 7 4
9 91 222 12 4
10 91 148 4 4
11 91 176 9 4
12 91 154 6 4
18 91 156 10 4
21 91 209 14 4
22 91 192 4 4
23 91 186 5 4
24 91 135 3 4
34 91 201 13 4
38 91 197 9 4
42 91 241 11 4
46 91 211 7 4
48 91 171 3 4
50 91 186 5 4
52 91 141 10 4
54 91 195 4 4
56 91 114 7 4
57 91 235 9 4
58 91 150 10 4
62 91 227 11 4
66 91 226 11 4
78 91 165 2 4
80 91 155 6 4
82 91 139 4 4
111 91 174 4 4
113 91 195 4 4
115 91 160 11 4
120 91 135 6 4
121 91 159 12 4
125 91 183 11 4
91 93 184 7 4
91 95 146 7 4
5 92 342 41 4
8 92 292 23 4
10 92 246 5 4
12 92 240 13 4
16 92 334 43 4
18 92 242 17 4
23 92 264 16 4
24 92 231 5 4
38 92 293 11 4
42 92 311 26 4
44 92 306 18 4
48 92 267 5 4
50 92 270 13 4
52 92 253 4 4
54 92 267 18 4
56 92 212 8 4
58 92 254 8 4
62 92 267 41 4
74 92 336 42 4
78 92 259 5 4
79 92 298 35 4
80 92 255 6 4
82 92 233 7 4
91 92 264 8 4
111 92 264 9 4
112 92 317 53 4
113 92 273 15 4
115 92 250 16 4
120 92 247 0 4
92 95 246 7 4
10 93 160 7 4
11 93 206 3 4
12 93 174 5 4
18 93 186 4 4
22 93 192 13 4
23 93 202 6 4
24 93 145 7 4
27 93 250 24 4
28 93 243 15 4
34 93 231 7 4
36 93 243 11 4
44 93 218 21 4
46 93 213 15 4
48 93 183 6 4
50 93 188 13 4
52 93 175 2 4
54 93 183 19 4
56 93 136 5 4
58 93 172 8 4
66 93 236 15 4
72 93 306 29 4
78 93 183 2 4
80 93 169 8 4
82 93 161 2 4
88 93 298 32 4
91 93 184 7 4
104 93 271 19 4
111 93 186 7 4
113 93 197 12 4
115 93 194 3 4
120 93 159 3 4
121 93 179 11 4
125 93 187 18 4
93 95 166 6 4
1 94 335 31 4
8 94 331 22 4
11 94 305 13 4
12 94 281 11 4
16 94 369 44 4
24 94 266 6 4
36 94 330 27 4
37 94 348 49 4
38 94 296 28 4
46 94 318 22 4
54 94 312 14 4
56 94 251 7 4
62 94 282 52 4
69 94 319 54 4
80 94 294 5 4
82 94 256 14 4
92 94 351 33 4
112 94 346 57 4
113 94 304 18 4
120 94 278 3 4
94 95 283 7 4
94 98 332 28 4
10 95 124 6 4
11 95 162 6 4
12 95 142 2 4
17 95 220 8 4
18 95 144 6 4
22 95 162 9 4
23 95 164 6 4
24 95 111 5 4
26 95 237 14 4
28 95 217 9 4
36 95 211 8 4
38 95 187 4 4
39 95 247 12 4
42 95 223 10 4
44 95 202 10 4
46 95 189 8 4
48 95 153 2 4
50 95 168 4 4
52 95 135 3 4
54 95 173 5 4
56 95 96 6 4
58 95 140 5 4
61 95 284 17 4
62 95 213 8 4
78 95 131 9 4
80 95 139 4 4
81 95 231 11 4
82 95 121 3 4
91 95 146 7 4
93 95 166 6 4
111 95 156 3 4
113 95 169 7 4
115 95 146 8 4
118 95 231 9 4
119 95 251 13 4
120 95 123 2 4
121 95 153 5 4
125 95 173 6 4
5 96 350 44 4
8 96 266 43 4
9 96 308 26 4
10 96 248 11 4
12 96 258 11 4
16 96 344 45 4
18 96 262 14 4
23 96 284 13 4
24 96 239 8 4
36 96 311 25 4
38 96 301 14 4
39 96 307 49 4
50 96 282 14 4
52 96 251 12 4
54 96 291 13 4
56 96 234 4 4
58 96 260 12 4
59 96 372 56 4
62 96 309 27 4
78 96 281 1 4
80 96 245 18 4
82 96 255 3 4
89 96 327 32 4
92 96 332 31 4
93 96 294 9 4
95 96 268 3 4
111 96 280 8 4
113 96 299 9 4
115 96 266 15 4
120 96 247 7 4
9 97 324 20 4
10 97 262 6 4
11 97 274 19 4
24 97 243 8 4
27 97 340 29 4
48 97 279 8 4
52 97 275 2 4
56 97 240 3 4
58 97 256 16 4
60 97 327 43 4
66 97 304 31 4
78 97 275 6 4
80 97 267 9 4
82 97 247 9 4
87 97 316 61 4
91 97 280 9 4
93 97 282 17 4
95 97 260 9 4
113 97 289 16 4
115 97 288 6 4
120 97 263 1 4
121 97 267 17 4
125 97 269 27 4
97 99 340 52 4
10 98 221 3 4
11 98 235 15 4
12 98 221 8 4
18 98 231 8 4
21 98 278 15 4
23 98 253 7 4
24 98 196 8 4
26 98 310 23 4
36 98 292 13 4
44 98 279 17 4
48 98 246 1 4
50 98 249 9 4
52 98 224 4 4
54 98 260 7 4
56 98 195 2 4
58 98 215 13 4
62 98 288 16 4
68 98 328 29 4
69 98 293 34 4
78 98 228 6 4
80 98 230 4 4
82 98 214 2 4
91 98 239 6 4
95 98 227 2 4
111 98 185 34 4
113 98 252 11 4
115 98 245 4 4
119 98 320 24 4
120 98 210 4 4
121 98 234 10 4
3 99 387 60 4
4 99 386 56 4
9 99 332 30 4
10 99 268 17 4
12 99 298 7 4
24 99 279 4 4
36 99 339 27 4
48 99 275 24 4
52 99 295 6 4
54 99 313 18 4
56 99 248 13 4
58 99 294 11 4
60 99 347 47 4
66 99 330 32 4
69 99 352 42 4
78 99 305 5 4
80 99 299 7 4
82 99 277 8 4
83 99 363 41 4
91 99 312 7 4
93 99 314 15 4
95 99 302 2 4
97 99 340 52 4
111 99 290 19 4
115 99 310 9 4
120 99 289 2 4
125 99 325 13 4
100 8 378 23 4
100 9 370 31 4
100 11 328 26 4
100 12 332 10 4
100 23 350 16 4
100 24 307 10 4
100 30 386 53 4
100 48 347 8 4
100 50 354 14 4
100 52 335 6 4
100 54 357 16 4
100 55 375 34 4
100 56 312 1 4
100 58 344 6 4
100 66 372 31 4
100 78 331 12 4
100 80 343 5 4
100 81 367 46 4
100 82 327 3 4
100 88 378 76 4
100 95 334 6 4
10 100 334 4 4
100 111 342 13 4
100 113 359 15 4
100 118 389 33 4
100 120 307 13 4
100 121 359 5 4
100 125 339 26 4
100 129 407 62 4
101 8 459 42 4
101 23 453 24 4
101 24 424 11 4
101 28 450 55 4
101 42 454 57 4
101 46 460 35 4
101 50 453 24 4
101 55 420 71 4
101 78 436 19 4
101 81 446 66 4
101 93 453 25 4
101 95 439 13 4
101 113 452 28 4
101 115 443 22 4
101 120 430 11 4
101 122 484 60 4
101 125 454 28 4
102 11 346 19 4
102 21 375 26 4
102 22 338 26 4
102 23 356 15 4
102 24 315 8 4
102 37 413 43 4
102 38 353 26 4
102 46 353 31 4
102 54 347 23 4
102 56 310 4 4
102 78 333 13 4
102 80 331 13 4
102 82 309 14 4
102 95 326 12 4
10 102 336 5 4
102 111 340 16 4
102 120 319 9 4
102 121 351 11 4
102 129 427 54 4
103 12 352 5 4
103 18 350 11 4
103 22 364 16 4
103 23 348 22 4
103 24 327 5 4
103 27 374 51 4
103 36 387 28 4
103 44 374 32 4
103 48 339 17 4
103 52 343 7 4
103 54 367 16 4
103 55 389 32 4
103 56 318 3 4
103 58 340 13 4
103 78 323 21 4
103 80 353 5 4
103 82 335 4 4
103 87 414 51 4
103 88 410 65 4
103 93 336 29 4
103 95 340 8 4
103 97 396 49 4
10 103 322 15 4
103 111 352 13 4
103 115 340 19 4
103 119 403 45 4
103 120 335 4 4
103 125 357 22 4
104 5 345 45 4
104 8 289 30 4
104 12 269 4 4
104 18 267 10 4
104 24 238 7 4
104 31 347 72 4
104 37 338 41 4
104 42 304 35 4
104 44 313 20 4
104 46 298 19 4
104 48 256 16 4
104 50 287 10 4
104 52 258 7 4
104 54 298 8 4
104 56 227 6 4
104 58 251 15 4
104 62 322 19 4
104 78 276 2 4
104 80 270 4 4
104 82 246 6 4
104 87 339 46 4
104 93 271 19 4
104 95 265 3 4
10 104 265 1 4
104 111 277 8 4
104 115 263 15 4
104 120 240 9 4
104 121 268 13 4
104 125 298 9 4
105 17 442 60 4
105 18 438 22 4
105 24 421 13 4
105 29 482 64 4
105 40 464 118 4
105 50 452 25 4
105 54 455 27 4
105 56 414 10 4
105 71 469 69 4
105 80 437 18 4
105 82 425 14 4
10 105 434 14 4
105 120 435 9 4
106 12 398 8 4
106 18 398 13 4
106 19 465 65 4
106 22 394 27 4
106 23 400 22 4
106 24 387 1 4
106 27 436 46 4
106 36 421 37 4
106 48 395 15 4
106 52 383 13 4
106 54 399 26 4
106 56 358 9 4
106 58 400 9 4
106 62 433 32 4
106 66 390 53 4
106 78 395 11 4
106 79 430 43 4
106 82 367 14 4
106 83 403 72 4
106 91 396 16 4
106 95 364 22 4
10 106 374 15 4
106 115 392 19 4
106 120 383 6 4
106 121 399 16 4
107 9 322 39 4
107 12 308 6 4
107 21 343 24 4
107 22 318 18 4
107 24 281 7 4
107 30 366 47 4
107 32 384 63 4
107 38 325 22 4
107 46 329 25 4
107 48 315 8 4
107 52 293 11 4
107 54 329 14 4
107 55 339 36 4
107 56 278 2 4
107 57 339 34 4
107 58 314 5 4
107 60 343 53 4
107 66 336 33 4
107 75 345 63 4
107 78 305 9 4
107 80 305 8 4
107 81 313 57 4
107 82 299 1 4
107 89 347 42 4
107 90 409 81 4
107 91 316 9 4
107 95 296 9 4
10 107 302 4 4
107 115 308 14 4
107 120 289 6 4
107 121 301 18 4
107 125 327 16 4
108 7 449 47 4
108 8 407 51 4
108 9 423 47 4
108 11 427 19 4
108 45 451 70 4
108 56 395 2 4
108 79 437 51 4
108 80 416 11 4
108 82 388 15 4
108 83 450 60 4
108 91 413 19 4
108 95 399 16 4
108 96 437 64 4
10 108 399 14 4
108 112 450 72 4
108 120 410 4 4
108 124 475 118 4
109 16 461 72 4
109 34 442 35 4
109 41 496 97 4
109 57 450 44 4
109 74 473 66 4
109 78 412 21 4
109 80 420 16 4
109 82 412 10 4
109 91 425 20 4
109 95 413 16 4
109 115 421 23 4
109 120 412 10 4
109 125 432 29 4
110 16 403 74 4
110 17 413 37 4
110 18 363 22 4
110 21 398 35 4
110 24 358 7 4
110 29 421 57 4
110 46 386 35 4
110 52 368 12 4
110 56 355 2 4
110 57 382 51 4
110 58 365 18 4
110 78 374 13 4
110 80 340 29 4
110 82 360 9 4
110 84 407 49 4
110 91 389 11 4
110 93 375 27 4
110 95 373 9 4
10 110 363 12 4
110 111 381 16 4
110 113 360 37 4
110 115 387 13 4
110 120 364 7 4
110 121 382 16 4
111 12 158 5 4
111 18 164 7 4
111 22 194 4 4
111 23 184 7 4
111 24 133 5 4
111 27 254 14 4
111 34 213 8 4
111 44 218 13 4
111 48 173 3 4
111 50 194 2 4
111 52 151 6 4
111 54 191 7 4
111 56 120 5 4
111 57 229 13 4
111 58 156 8 4
111 66 234 8 4
111 76 268 20 4
111 78 161 5 4
111 80 161 4 4
111 82 145 2 4
111 91 174 4 4
111 93 186 7 4
111 95 156 3 4
111 98 185 34 4
10 111 152 3 4
11 111 190 3 4
111 113 195 5 4
111 115 178 3 4
111 119 247 26 4
111 120 139 5 4
111 121 179 3 4
111 125 193 7 4
112 8 323 29 4
112 12 285 12 4
112 18 289 15 4
112 24 262 11 4
112 28 332 33 4
112 50 301 19 4
112 52 260 22 4
112 55 328 36 4
112 56 265 3 4
112 58 303 5 4
112 62 320 36 4
112 70 402 73 4
112 82 278 6 4
112 92 317 53 4
112 94 346 57 4
112 95 281 11 4
10 112 287 6 4
112 113 296 25 4
112 115 297 14 4
112 120 284 3 4
112 121 302 12 4
113 9 245 12 4
113 12 181 4 4
113 17 257 11 4
113 18 187 6 4
113 21 242 9 4
113 22 211 6 4
113 23 207 6 4
113 24 152 6 4
113 34 228 11 4
113 48 186 7 4
113 50 193 13 4
113 52 176 4 4
113 54 210 8 4
113 56 145 3 4
113 58 181 6 4
113 69 281 16 4
113 78 182 5 4
113 80 172 9 4
113 82 158 6 4
113 87 303 20 4
113 91 195 4 4
113 92 273 15 4
113 93 197 12 4
113 95 169 7 4
113 98 252 11 4
10 113 169 5 4
11 113 203 7 4
110 113 360 37 4
111 113 195 5 4
112 113 296 25 4
113 115 189 8 4
113 120 160 5 4
113 121 192 7 4
113 125 214 7 4
114 12 432 14 4
114 24 427 4 4
114 28 455 47 4
114 37 475 64 4
114 38 429 40 4
114 44 420 58 4
114 56 390 16 4
114 69 454 65 4
114 78 421 21 4
114 80 427 17 4
114 81 467 50 4
114 82 421 10 4
114 95 410 22 4
1 114 462 46 4
111 114 430 23 4
114 120 423 9 4
114 128 482 97 4
115 8 206 17 4
115 12 148 10 4
115 15 239 35 4
115 17 236 11 4
115 18 160 9 4
115 22 190 6 4
115 23 186 6 4
115 24 137 3 4
115 28 233 12 4
115 48 157 11 4
115 50 170 14 4
115 52 151 6 4
115 56 122 4 4
115 58 158 7 4
115 62 227 12 4
115 74 282 20 4
115 78 153 9 4
115 80 151 9 4
115 82 143 3 4
115 91 160 11 4
115 95 146 8 4
10 115 150 4 4
11 115 184 6 4
111 115 178 3 4
113 115 189 8 4
115 120 137 6 4
115 121 173 6 4
115 125 199 4 4
116 8 408 32 4
116 12 376 12 4
116 18 378 16 4
116 21 373 49 4
116 24 353 11 4
116 29 428 55 4
116 37 391 76 4
116 38 383 33 4
116 46 389 35 4
116 47 442 82 4
116 52 373 11 4
116 56 348 7 4
116 58 370 17 4
116 59 448 78 4
116 80 375 13 4
116 95 368 13 4
11 116 384 22 4
110 116 449 98 4
115 116 376 20 4
116 120 365 8 4
116 121 373 22 4
117 37 554 99 4
117 38 530 64 4
117 56 545 13 4
117 58 547 33 4
10 117 547 26 4
116 117 581 138 4
118 7 317 22 4
118 8 271 28 4
118 12 233 11 4
118 18 247 9 4
118 22 237 26 4
118 24 212 9 4
118 27 301 34 4
118 34 278 19 4
118 39 306 37 4
118 44 293 19 4
118 48 264 1 4
118 50 277 4 4
118 52 242 4 4
118 54 264 14 4
118 55 308 19 4
118 56 209 4 4
118 58 255 2 4
118 78 238 10 4
118 80 250 3 4
118 82 228 4 4
118 89 292 37 4
118 91 255 7 4
118 95 231 9 4
10 118 243 1 4
11 118 265 9 4
111 118 263 4 4
113 118 270 11 4
115 118 259 6 4
118 120 232 2 4
118 121 270 1 4
119 5 355 43 4
119 8 299 28 4
119 17 329 22 4
119 18 249 22 4
119 22 291 13 4
119 23 279 17 4
119 24 246 6 4
119 33 406 58 4
119 44 311 24 4
119 45 363 37 4
119 48 276 9 4
119 52 266 6 4
119 54 282 19 4
119 56 231 7 4
119 57 314 28 4
119 58 243 22 4
119 78 268 9 4
119 79 299 43 4
119 80 272 6 4
119 82 256 4 4
119 93 287 14 4
119 95 251 13 4
119 98 320 24 4
10 119 261 6 4
111 119 247 26 4
119 120 262 1 4
119 121 278 11 4
119 125 292 15 4
120 8 195 5 4
120 14 239 8 4
120 18 141 1 4
120 22 159 4 4
120 23 159 2 4
120 24 102 3 4
120 28 202 10 4
120 34 182 6 4
120 38 174 4 4
120 46 184 4 4
120 48 132 6 4
120 50 149 7 4
120 52 120 4 4
120 55 206 9 4
120 56 89 3 4
120 58 133 2 4
120 60 244 9 4
120 65 245 9 4
120 78 130 3 4
120 80 130 2 4
120 81 220 10 4
120 82 110 2 4
120 89 218 13 4
120 91 135 6 4
120 93 159 3 4
120 95 123 2 4
10 120 115 4 4
11 120 151 5 4
12 120 123 5 4
104 120 240 9 4
111 120 139 5 4
113 120 160 5 4
115 120 137 6 4
120 121 140 5 4
120 125 164 4 4
120 129 278 17 4
121 8 215 13 4
121 14 247 22 4
121 18 163 8 4
121 21 218 11 4
121 22 183 10 4
121 24 134 5 4
121 36 232 9 4
121 42 240 13 4
121 44 229 8 4
121 46 208 10 4
121 48 166 7 4
121 50 173 13 4
121 52 152 6 4
121 55 236 12 4
121 56 121 5 4
121 57 220 18 4
121 58 163 5 4
121 62 236 8 4
121 78 170 1 4
121 80 162 4 4
121 82 144 3 4
121 87 277 23 4
121 91 159 12 4
121 93 179 11 4
121 95 153 5 4
121 97 267 17 4
10 121 149 5 4
11 121 171 13 4
12 121 161 4 4
111 121 179 3 4
113 121 192 7 4
115 121 173 6 4
120 121 140 5 4
121 125 192 8 4
122 18 273 11 4
122 19 368 49 4
122 23 293 11 4
122 24 232 14 4
122 38 288 23 4
122 45 359 40 4
122 50 291 12 4
122 52 276 2 4
122 53 391 52 4
122 54 294 14 4
122 56 245 1 4
122 57 314 29 4
122 58 243 23 4
122 65 343 36 4
122 81 326 33 4
122 82 254 6 4
122 84 333 30 4
122 89 340 28 4
122 91 281 9 4
122 95 265 7 4
10 122 273 1 4
11 122 283 15 4
12 122 275 5 4
120 122 256 5 4
121 122 276 13 4
122 126 369 41 4
123 5 458 65 4
123 8 420 41 4
123 16 444 70 4
123 39 445 55 4
123 52 409 8 4
123 55 427 47 4
123 62 423 45 4
123 69 438 58 4
123 78 401 16 4
123 79 432 50 4
123 89 419 61 4
123 92 412 66 4
123 95 400 12 4
10 123 394 13 4
12 123 374 28 4
111 123 400 23 4
112 123 457 65 4
115 123 408 19 4
118 123 429 52 4
123 125 411 29 4
124 18 398 19 4
124 23 408 24 4
124 29 430 67 4
124 34 423 32 4
124 41 473 96 4
124 54 405 29 4
124 56 380 4 4
124 81 439 47 4
124 82 385 11 4
124 92 432 54 4
124 95 390 15 4
10 124 388 14 4
11 124 412 21 4
108 124 475 118 4
112 124 437 73 4
113 124 395 34 4
120 124 385 11 4
125 9 249 11 4
125 18 197 2 4
125 20 306 27 4
125 22 213 6 4
125 23 211 5 4
125 24 156 5 4
125 34 230 11 4
125 36 250 11 4
125 38 210 15 4
125 46 222 14 4
125 48 190 6 4
125 50 205 8 4
125 52 180 3 4
125 56 147 3 4
125 57 242 18 4
125 58 185 5 4
125 60 282 19 4
125 66 243 15 4
125 78 170 12 4
125 80 174 9 4
125 82 160 6 4
125 91 183 11 4
125 93 187 18 4
125 95 173 6 4
125 97 269 27 4
10 125 175 3 4
11 125 183 18 4
12 125 187 2 4
111 125 193 7 4
113 125 214 7 4
115 125 199 4 4
120 125 164 4 4
121 125 192 8 4
126 18 310 9 4
126 23 324 12 4
126 24 281 6 4
126 28 359 24 4
126 38 341 13 4
126 42 361 27 4
126 44 352 21 4
126 48 305 12 4
126 52 305 4 4
126 56 264 8 4
126 57 363 21 4
126 58 304 9 4
126 78 303 9 4
126 80 311 4 4
126 82 285 7 4
126 87 386 43 4
126 91 318 7 4
126 95 292 10 4
126 98 343 30 4
10 126 308 0 4
11 126 318 14 4
12 126 302 8 4
111 126 294 20 4
113 126 331 12 4
115 126 310 12 4
120 126 299 0 4
121 126 297 19 4
122 126 369 41 4
127 8 396 29 4
127 14 380 62 4
127 18 376 8 4
127 20 417 67 4
127 21 379 37 4
127 23 374 19 4
127 24 341 8 4
127 27 396 50 4
127 48 369 12 4
127 52 341 18 4
127 55 389 42 4
127 56 344 0 4
127 58 372 7 4
127 78 365 10 4
127 80 369 7 4
127 81 415 37 4
127 82 361 1 4
127 88 424 68 4
127 91 372 12 4
127 95 366 5 4
10 127 360 6 4
12 127 360 11 4
111 127 376 11 4
112 127 395 72 4
115 127 380 9 4
120 127 345 9 4
121 127 351 24 4
128 18 352 13 4
128 24 333 5 4
128 27 412 35 4
128 34 375 27 4
128 38 375 21 4
128 44 386 29 4
128 48 347 16 4
128 52 339 12 4
128 56 314 8 4
128 58 356 8 4
128 69 402 45 4
128 78 339 16 4
128 79 388 41 4
128 80 347 11 4
128 82 341 4 4
128 91 354 14 4
128 95 338 12 4
128 99 428 50 4
1 128 390 36 4
10 128 344 7 4
12 128 352 8 4
114 128 482 97 4
119 128 415 42 4
126 128 422 56 4
129 8 351 26 4
129 23 305 28 4
129 24 296 5 4
129 28 284 68 4
129 29 381 44 4
129 30 369 51 4
129 50 339 11 4
129 52 304 11 4
129 55 328 47 4
129 56 285 4 4
129 78 316 9 4
129 82 308 2 4
129 95 305 10 4
129 96 363 48 4
10 129 299 11 4
12 129 315 8 4
115 129 319 14 4
118 129 348 43 4
120 129 278 17 4
130 3 355 81 4
130 9 308 47 4
130 17 338 37 4
130 19 373 65 4
130 24 279 9 4
130 26 359 41 4
130 36 347 28 4
130 38 321 25 4
130 42 345 37 4
130 50 326 13 4
130 52 305 6 4
130 56 274 5 4
130 58 316 5 4
130 60 313 69 4
130 66 338 33 4
130 80 295 14 4
130 82 297 3 4
130 83 361 47 4
130 91 320 8 4
130 93 318 18 4
130 95 306 5 4
10 130 292 10 4
11 130 312 19 4
12 130 298 12 4
115 130 312 13 4
120 130 291 6 4
121 130 303 18 4
125 130 325 18 4
