Res1 Res2 NSingle NDouble Method
4 7 525 60 4
3 9 497 55 4
7 9 436 28 4
10 7 340 11 4
10 8 276 5 4
10 9 286 10 4
11 8 326 8 4
1 11 361 11 4
10 11 218 7 4
12 8 278 11 4
12 9 302 9 4
1 12 319 11 4
10 12 174 8 4
11 12 226 10 4
13 4 676 86 4
14 8 414 27 4
11 14 382 16 4
15 3 561 62 4
15 6 574 56 4
16 8 455 33 4
15 16 483 68 4
17 8 390 16 4
17 9 384 29 4
10 17 302 5 4
12 17 314 6 4
18 8 297 9 4
1 18 334 11 4
10 18 197 4 4
11 18 245 8 4
12 18 209 5 4
16 18 376 32 4
17 18 325 8 4
20 9 470 39 4
21 8 354 21 4
21 9 376 20 4
1 21 395 21 4
10 21 282 2 4
11 21 310 16 4
14 21 402 33 4
1 22 374 10 4
10 22 235 4 4
11 22 285 7 4
12 22 253 2 4
14 22 397 14 4
18 22 270 1 4
21 22 325 14 4
23 7 377 18 4
23 8 321 8 4
23 9 337 10 4
10 23 219 4 4
11 23 275 4 4
12 23 233 4 4
18 23 242 7 4
22 23 288 3 4
24 8 244 9 4
24 9 276 3 4
10 24 144 4 4
11 24 196 6 4
12 24 158 4 4
18 24 173 4 4
21 24 256 3 4
22 24 211 4 4
23 24 195 4 4
25 3 571 67 4
15 25 494 59 4
26 9 404 34 4
10 26 312 15 4
21 26 402 25 4
23 26 351 21 4
10 27 321 18 4
16 27 498 47 4
18 27 344 21 4
28 8 397 14 4
10 28 297 9 4
11 28 345 13 4
23 28 344 11 4
24 28 271 10 4
29 7 484 39 4
10 29 326 25 4
18 29 369 18 4
27 29 489 34 4
28 29 441 37 4
23 30 409 18 4
31 5 601 57 4
16 31 577 67 4
32 4 589 82 4
3 32 591 90 4
33 4 648 86 4
34 8 374 8 4
1 34 371 30 4
10 34 270 5 4
11 34 326 5 4
18 34 277 16 4
22 34 325 11 4
24 34 252 2 4
27 34 417 22 4
29 34 432 24 4
30 35 555 41 4
36 9 396 21 4
11 36 348 8 4
12 36 308 7 4
17 36 404 20 4
19 36 501 44 4
22 36 349 13 4
24 36 276 4 4
28 36 409 19 4
37 8 417 45 4
1 37 458 45 4
21 37 435 36 4
38 9 361 18 4
1 38 378 20 4
10 38 263 2 4
11 38 307 8 4
12 38 265 8 4
18 38 272 12 4
21 38 357 10 4
24 38 237 3 4
25 38 413 41 4
34 38 347 12 4
20 39 529 48 4
23 39 394 20 4
27 39 486 39 4
34 39 427 30 4
40 7 567 60 4
29 40 567 67 4
1 42 439 21 4
14 42 444 34 4
30 42 460 44 4
17 43 550 78 4
44 5 455 49 4
11 44 350 10 4
18 44 271 36 4
24 44 282 4 4
27 44 427 34 4
38 45 436 36 4
12 46 276 8 4
21 46 360 14 4
24 46 250 2 4
26 46 404 20 4
27 46 399 30 4
36 46 324 43 4
38 46 353 8 4
47 6 622 81 4
14 47 542 61 4
45 47 593 65 4
48 8 299 7 4
10 48 199 2 4
11 48 247 6 4
12 48 205 6 4
15 48 371 20 4
17 48 325 7 4
18 48 226 3 4
22 48 268 1 4
23 48 244 5 4
24 48 175 2 4
34 48 295 6 4
36 48 321 7 4
50 7 400 14 4
50 8 316 18 4
1 50 365 14 4
10 50 230 6 4
11 50 280 9 4
12 50 244 6 4
18 50 261 5 4
22 50 289 10 4
23 50 281 6 4
24 50 212 3 4
28 50 351 15 4
36 50 342 16 4
37 50 423 20 4
46 50 330 7 4
48 50 263 3 4
10 52 175 5 4
11 52 233 4 4
12 52 189 5 4
14 52 347 10 4
18 52 214 0 4
21 52 279 8 4
22 52 234 9 4
23 52 234 1 4
24 52 159 1 4
36 52 307 5 4
46 52 277 5 4
48 52 198 7 4
50 52 243 4 4
34 53 513 40 4
38 53 466 57 4
54 7 369 26 4
54 8 327 9 4
54 9 347 9 4
5 54 418 28 4
10 54 229 3 4
11 54 289 1 4
12 54 243 3 4
17 54 345 13 4
18 54 260 2 4
21 54 331 7 4
22 54 284 9 4
23 54 270 8 4
24 54 199 6 4
36 54 329 19 4
45 54 432 22 4
46 54 315 11 4
48 54 252 5 4
52 54 238 3 4
24 55 291 6 4
28 55 416 25 4
30 55 457 44 4
39 55 462 36 4
42 55 427 27 4
52 55 306 15 4
56 8 232 8 4
10 56 132 3 4
11 56 184 5 4
12 56 148 2 4
18 56 159 4 4
21 56 240 4 4
22 56 197 4 4
23 56 179 5 4
24 56 106 4 4
28 56 269 4 4
34 56 240 1 4
36 56 256 7 4
38 56 221 4 4
44 56 262 7 4
46 56 228 6 4
48 56 155 5 4
50 56 200 2 4
52 56 139 4 4
54 56 181 8 4
11 57 347 12 4
17 57 411 20 4
18 57 316 14 4
22 57 364 9 4
24 57 277 7 4
48 57 316 13 4
52 57 308 8 4
58 8 292 7 4
10 58 190 3 4
11 58 240 6 4
12 58 202 4 4
15 58 372 16 4
18 58 205 10 4
21 58 282 12 4
22 58 259 2 4
23 58 239 4 4
24 58 162 5 4
27 58 339 19 4
36 58 308 10 4
44 58 316 9 4
46 58 288 5 4
48 58 219 2 4
50 58 256 3 4
52 58 195 5 4
54 58 245 5 4
56 58 150 4 4
57 58 305 15 4
23 59 457 26 4
39 59 539 63 4
53 60 540 73 4
34 61 481 35 4
62 8 401 13 4
5 62 478 39 4
11 62 355 9 4
12 62 295 18 4
16 62 456 48 4
18 62 304 21 4
23 62 340 14 4
26 62 433 25 4
34 62 393 14 4
36 62 403 23 4
46 62 375 22 4
52 62 308 9 4
54 62 354 11 4
40 65 612 44 4
3 66 498 55 4
10 66 295 6 4
15 66 433 41 4
22 66 344 15 4
24 66 275 4 4
25 66 453 41 4
34 66 389 11 4
36 66 403 18 4
38 66 366 16 4
42 66 425 18 4
52 66 308 4 4
55 66 422 18 4
58 66 307 10 4
60 66 442 31 4
62 66 408 20 4
26 68 503 39 4
34 68 461 29 4
14 69 485 29 4
27 69 486 28 4
44 69 443 28 4
55 70 566 65 4
65 70 636 54 4
6 71 558 60 4
17 71 404 54 4
44 71 466 24 4
52 71 361 12 4
69 71 451 55 4
28 72 493 44 4
42 72 504 46 4
69 72 525 51 4
6 73 702 131 4
23 74 414 23 4
26 74 505 35 4
32 74 575 64 4
44 74 481 33 4
57 75 491 30 4
63 75 579 77 4
57 76 437 53 4
46 77 482 61 4
63 77 661 81 4
75 77 596 71 4
78 8 289 9 4
78 9 313 7 4
10 78 195 1 4
11 78 245 4 4
12 78 199 6 4
18 78 214 6 4
22 78 260 2 4
23 78 242 3 4
24 78 167 3 4
28 78 322 7 4
34 78 289 6 4
38 78 280 4 4
44 78 317 9 4
48 78 212 6 4
50 78 259 2 4
52 78 202 2 4
54 78 254 1 4
56 78 155 2 4
57 78 312 12 4
58 78 211 3 4
63 78 456 31 4
76 78 393 16 4
79 8 418 19 4
1 79 447 25 4
5 79 489 48 4
17 79 426 28 4
18 79 333 21 4
23 79 369 14 4
39 79 469 42 4
44 79 436 24 4
45 79 485 51 4
54 79 351 27 4
62 79 443 22 4
78 79 337 15 4
8 80 287 11 4
10 80 197 1 4
11 80 249 3 4
12 80 209 2 4
17 80 311 12 4
18 80 206 11 4
22 80 264 1 4
23 80 250 0 4
24 80 171 2 4
28 80 322 8 4
29 80 363 18 4
34 80 279 12 4
37 80 380 20 4
38 80 278 6 4
44 80 299 19 4
48 80 220 3 4
50 80 259 3 4
52 80 206 1 4
54 80 254 2 4
56 80 155 3 4
57 80 316 11 4
58 80 207 6 4
62 80 320 10 4
78 80 214 3 4
79 80 345 12 4
81 9 395 31 4
11 81 357 13 4
12 81 319 11 4
20 81 475 47 4
22 81 372 11 4
28 81 412 27 4
38 81 374 22 4
39 81 464 35 4
46 81 393 18 4
54 81 364 11 4
55 81 432 23 4
1 82 292 8 4
8 82 257 5 4
10 82 147 5 4
11 82 193 10 4
12 82 167 2 4
18 82 182 2 4
21 82 253 7 4
22 82 214 5 4
23 82 204 2 4
24 82 125 4 4
34 82 251 5 4
36 82 281 4 4
38 82 246 1 4
46 82 247 6 4
48 82 176 4 4
50 82 219 2 4
52 82 154 6 4
54 82 194 11 4
56 82 109 5 4
58 82 175 1 4
62 82 288 5 4
66 82 278 5 4
78 82 176 1 4
80 82 178 1 4
1 83 455 41 4
3 83 559 64 4
10 83 356 15 4
26 83 476 38 4
36 83 460 29 4
45 83 527 50 4
53 83 575 62 4
54 83 407 19 4
7 84 455 37 4
19 84 498 63 4
24 84 303 8 4
26 84 459 25 4
38 84 380 27 4
46 84 403 21 4
50 84 387 11 4
61 84 532 41 4
14 85 527 58 4
37 85 548 67 4
45 85 554 74 4
69 85 550 48 4
42 86 516 43 4
68 86 571 58 4
72 87 557 64 4
36 88 502 38 4
54 88 447 29 4
87 88 585 52 4
89 9 425 30 4
38 89 396 25 4
44 89 443 25 4
58 89 345 15 4
81 89 400 53 4
26 90 580 61 4
39 90 607 68 4
1 91 323 20 4
9 91 316 13 4
10 91 202 5 4
11 91 252 8 4
12 91 214 6 4
15 91 386 17 4
18 91 225 8 4
21 91 302 10 4
22 91 273 3 4
23 91 259 2 4
24 91 186 1 4
28 91 337 7 4
34 91 296 10 4
38 91 289 7 4
46 91 300 7 4
48 91 233 3 4
50 91 268 5 4
52 91 201 10 4
54 91 265 3 4
56 91 162 6 4
57 91 337 7 4
58 91 212 10 4
62 91 331 11 4
66 91 317 13 4
78 91 229 2 4
80 91 221 7 4
82 91 187 3 4
8 92 410 24 4
12 92 340 11 4
16 92 497 43 4
18 92 341 18 4
23 92 373 13 4
42 92 450 26 4
44 92 438 24 4
46 92 410 20 4
50 92 388 13 4
54 92 365 21 4
56 92 292 9 4
62 92 401 44 4
74 92 489 46 4
79 92 444 37 4
82 92 313 8 4
10 93 229 5 4
11 93 287 4 4
12 93 245 4 4
18 93 262 3 4
21 93 325 12 4
22 93 280 13 4
23 93 280 5 4
24 93 201 7 4
27 93 366 27 4
28 93 338 20 4
34 93 329 7 4
36 93 347 12 4
44 93 337 20 4
46 93 311 15 4
48 93 256 5 4
50 93 269 18 4
52 93 246 1 4
54 93 260 19 4
56 93 193 4 4
58 93 237 11 4
66 93 348 11 4
78 93 258 1 4
80 93 242 10 4
82 93 216 2 4
88 93 449 30 4
91 93 265 5 4
37 94 514 59 4
62 94 434 59 4
69 94 494 51 4
9 95 295 8 4
10 95 169 6 4
11 95 227 5 4
12 95 193 1 4
14 95 343 10 4
18 95 200 5 4
22 95 236 6 4
23 95 224 4 4
24 95 147 5 4
26 95 317 15 4
27 95 344 9 4
28 95 306 7 4
36 95 297 8 4
38 95 260 6 4
39 95 364 12 4
42 95 315 10 4
44 95 305 7 4
46 95 263 10 4
48 95 204 2 4
50 95 239 4 4
52 95 186 2 4
54 95 234 3 4
56 95 131 6 4
58 95 193 4 4
61 95 416 18 4
78 95 186 8 4
80 95 196 4 4
81 95 312 10 4
82 95 156 3 4
84 95 332 8 4
91 95 207 5 4
93 95 234 5 4
8 96 386 47 4
9 96 432 34 4
16 96 513 46 4
29 96 482 44 4
39 96 481 48 4
59 96 552 50 4
62 96 457 27 4
80 96 343 25 4
89 96 481 34 4
92 96 472 35 4
11 97 388 19 4
14 97 492 30 4
58 97 350 20 4
60 97 489 39 4
66 97 433 34 4
87 97 483 65 4
93 97 391 21 4
11 98 352 11 4
21 98 400 14 4
24 98 272 11 4
50 98 366 9 4
52 98 317 5 4
57 98 417 20 4
58 98 308 15 4
69 98 437 33 4
94 98 479 37 4
3 99 594 65 4
45 99 560 52 4
48 99 390 30 4
60 99 532 44 4
69 99 520 44 4
97 99 511 53 4
100 30 575 66 4
100 88 619 70 4
103 88 642 61 4
104 8 425 28 4
104 31 545 63 4
104 37 496 48 4
104 42 447 39 4
104 48 370 14 4
104 49 607 81 4
104 87 516 49 4
104 89 478 36 4
105 40 723 122 4
106 83 611 80 4
107 6 605 62 4
107 9 469 44 4
107 57 500 33 4
107 60 502 61 4
107 66 494 32 4
107 75 519 72 4
107 81 448 65 4
111 12 229 6 4
111 18 242 7 4
111 21 327 5 4
111 22 288 3 4
111 23 270 4 4
111 24 193 5 4
111 26 357 18 4
111 34 311 10 4
111 44 335 15 4
111 48 252 1 4
111 50 289 2 4
111 52 222 7 4
111 54 276 5 4
111 56 177 6 4
111 57 336 15 4
111 58 225 11 4
111 66 340 9 4
111 69 372 20 4
111 78 238 5 4
111 80 240 5 4
111 82 206 1 4
111 91 257 3 4
111 93 276 7 4
111 95 226 3 4
111 98 277 46 4
10 111 223 2 4
11 111 277 3 4
112 50 438 22 4
112 52 379 23 4
112 55 483 42 4
112 62 483 37 4
112 70 619 83 4
112 92 492 48 4
112 94 519 66 4
113 9 351 12 4
113 12 255 2 4
113 17 361 10 4
113 18 268 3 4
113 21 335 10 4
113 22 298 7 4
113 23 288 4 4
113 24 213 4 4
113 29 409 18 4
113 34 329 10 4
113 44 365 9 4
113 48 260 6 4
113 50 281 15 4
113 52 246 4 4
113 54 294 5 4
113 56 203 2 4
113 58 259 3 4
113 69 402 14 4
113 74 438 20 4
113 78 256 5 4
113 80 248 10 4
113 82 218 4 4
113 87 448 20 4
113 91 273 4 4
113 92 383 17 4
113 93 292 8 4
113 95 236 7 4
113 97 405 17 4
113 98 361 13 4
10 113 239 3 4
11 113 289 6 4
110 113 528 43 4
111 113 286 5 4
112 113 443 21 4
115 8 291 16 4
115 12 209 9 4
115 15 351 35 4
115 16 398 25 4
115 17 327 11 4
115 18 234 4 4
115 22 268 6 4
115 23 250 7 4
115 24 183 3 4
115 28 328 12 4
115 34 303 7 4
115 47 461 29 4
115 48 216 12 4
115 50 253 13 4
115 52 210 6 4
115 54 270 1 4
115 56 169 3 4
115 58 223 5 4
115 62 332 11 4
115 74 384 31 4
115 78 218 8 4
115 80 220 8 4
115 82 190 2 4
115 91 233 8 4
115 93 274 1 4
115 95 212 3 4
115 96 373 17 4
10 115 207 3 4
11 115 259 5 4
111 115 258 3 4
113 115 272 5 4
110 116 711 95 4
118 7 479 24 4
118 8 389 31 4
118 9 431 20 4
118 12 335 10 4
118 22 352 28 4
118 24 299 9 4
118 27 458 32 4
118 30 479 40 4
118 34 413 16 4
118 39 470 39 4
118 54 374 13 4
118 78 340 11 4
118 89 438 41 4
118 95 322 12 4
119 8 417 30 4
119 18 346 25 4
119 23 380 19 4
119 54 388 19 4
119 57 444 31 4
119 58 333 27 4
119 74 514 43 4
119 76 513 41 4
119 79 447 45 4
119 92 475 32 4
119 95 350 11 4
119 98 455 27 4
111 119 364 27 4
120 8 270 4 4
120 14 334 8 4
120 18 195 1 4
120 22 229 3 4
120 23 215 2 4
120 24 140 2 4
120 28 285 11 4
120 34 262 5 4
120 38 253 3 4
120 46 262 4 4
120 48 181 7 4
120 50 218 8 4
120 52 169 4 4
120 54 225 1 4
120 55 301 9 4
120 56 126 2 4
120 58 186 1 4
120 66 291 4 4
120 69 333 10 4
120 78 185 2 4
120 80 187 2 4
120 81 295 12 4
120 82 145 2 4
120 89 311 18 4
120 91 190 7 4
120 93 231 0 4
120 95 169 2 4
10 120 160 4 4
11 120 212 6 4
12 120 172 5 4
111 120 211 4 4
113 120 229 4 4
115 120 197 4 4
121 8 293 11 4
121 14 345 21 4
121 17 321 10 4
121 18 226 4 4
121 21 295 10 4
121 22 256 8 4
121 23 250 3 4
121 24 171 5 4
121 28 330 7 4
121 36 323 7 4
121 38 290 3 4
121 42 335 12 4
121 44 325 9 4
121 46 291 8 4
121 48 224 4 4
121 50 251 10 4
121 52 200 7 4
121 54 260 2 4
121 55 332 12 4
121 56 157 5 4
121 57 312 16 4
121 58 219 3 4
121 66 322 7 4
121 72 423 24 4
121 78 226 0 4
121 80 224 2 4
121 82 182 2 4
121 87 396 26 4
121 91 227 7 4
121 93 254 7 4
121 95 202 4 4
121 97 365 17 4
121 98 331 8 4
10 121 197 4 4
11 121 239 11 4
12 121 213 3 4
104 121 370 15 4
111 121 250 3 4
113 121 258 8 4
115 121 232 5 4
120 121 191 3 4
122 19 566 51 4
122 38 428 25 4
122 45 530 49 4
122 50 421 16 4
122 53 586 57 4
122 57 458 34 4
122 58 361 23 4
122 65 508 39 4
122 81 468 35 4
122 84 484 35 4
124 29 629 67 4
108 124 753 115 4
125 18 266 0 4
125 22 294 5 4
125 23 278 5 4
125 24 201 6 4
125 28 360 8 4
125 34 321 10 4
125 36 347 11 4
125 38 302 13 4
125 46 309 15 4
125 48 256 4 4
125 50 287 8 4
125 52 242 2 4
125 54 292 2 4
125 56 193 3 4
125 57 342 17 4
125 58 243 7 4
125 66 336 16 4
125 78 238 10 4
125 80 248 6 4
125 82 206 6 4
125 91 257 8 4
125 93 252 24 4
125 95 230 6 4
125 97 373 29 4
1 125 366 11 4
10 125 231 3 4
11 125 263 15 4
12 125 247 2 4
111 125 276 6 4
113 125 288 9 4
115 125 268 3 4
120 125 221 4 4
121 125 252 7 4
122 126 552 46 4
127 14 562 68 4
127 20 618 70 4
112 127 600 78 4
114 128 751 100 4
126 128 634 60 4
129 23 445 20 4
129 28 435 69 4
129 30 544 54 4
129 55 477 54 4
129 96 534 47 4
120 129 386 20 4
130 3 537 90 4
130 9 442 52 4
130 17 474 39 4
130 19 567 65 4
130 26 512 35 4
130 28 483 36 4
130 60 479 67 4
130 71 528 44 4
130 97 528 41 4
