Res1 Res2 NSingle NDouble Method
1 8 403 17 4
1 10 325 1 4
1 11 361 11 4
1 12 319 11 4
1 18 334 11 4
1 21 395 21 4
1 22 374 10 4
1 23 368 5 4
1 24 299 2 4
1 34 371 30 4
1 37 458 45 4
1 38 378 20 4
1 42 439 21 4
1 48 350 2 4
1 50 365 14 4
1 52 328 4 4
1 56 285 2 4
1 58 339 4 4
1 78 338 5 4
1 79 447 25 4
1 80 340 5 4
1 82 292 8 4
1 83 455 41 4
1 91 323 20 4
1 93 388 1 4
1 95 328 2 4
1 111 370 4 4
1 113 376 10 4
1 115 358 3 4
1 120 313 3 4
1 121 352 2 4
1 125 366 11 4
10 2 468 12 4
12 2 496 5 4
18 2 491 15 4
19 2 643 65 4
111 2 521 11 4
115 2 479 25 4
120 2 466 9 4
121 2 507 7 4
125 2 531 11 4
129 2 630 60 4
130 2 612 60 4
2 7 594 42 4
2 9 532 45 4
2 23 495 24 4
2 24 456 6 4
2 26 572 43 4
2 28 553 39 4
2 29 578 57 4
2 32 650 68 4
2 36 564 30 4
2 38 517 33 4
2 48 491 14 4
2 50 522 18 4
2 52 495 3 4
2 54 515 18 4
2 55 573 35 4
2 56 444 5 4
2 58 500 6 4
2 78 491 11 4
2 80 477 19 4
2 82 469 2 4
2 83 604 49 4
2 84 585 37 4
2 95 485 6 4
2 96 578 54 4
10 3 457 10 4
11 3 515 9 4
12 3 469 11 4
15 3 561 62 4
17 3 555 29 4
18 3 478 14 4
23 3 500 14 4
24 3 441 6 4
25 3 571 67 4
111 3 502 13 4
115 3 480 17 4
120 3 449 10 4
121 3 496 5 4
125 3 500 19 4
130 3 537 90 4
3 9 497 55 4
3 32 591 90 4
3 34 537 22 4
3 38 530 19 4
3 46 537 21 4
3 48 488 8 4
3 52 478 4 4
3 54 498 19 4
3 56 423 8 4
3 58 491 3 4
3 60 568 53 4
3 66 498 55 4
3 78 490 4 4
3 80 450 25 4
3 82 438 10 4
3 83 559 64 4
3 91 481 16 4
3 93 492 24 4
3 95 474 4 4
3 99 594 65 4
10 4 453 3 4
12 4 453 10 4
13 4 676 86 4
18 4 478 5 4
23 4 490 10 4
24 4 429 3 4
32 4 589 82 4
33 4 648 86 4
34 4 523 20 4
38 4 500 25 4
111 4 480 15 4
115 4 468 14 4
120 4 425 13 4
121 4 480 4 4
4 7 525 60 4
4 9 515 37 4
4 48 440 23 4
4 52 462 3 4
4 54 468 25 4
4 56 421 0 4
4 58 475 2 4
4 71 575 42 4
4 75 593 51 4
4 80 474 4 4
4 82 422 9 4
4 99 598 54 4
10 5 409 3 4
12 5 423 3 4
16 5 550 50 4
18 5 410 17 4
22 5 454 14 4
24 5 385 3 4
31 5 601 57 4
37 5 544 46 4
44 5 455 49 4
48 5 420 11 4
104 5 532 39 4
111 5 432 17 4
115 5 442 5 4
118 5 514 33 4
119 5 534 36 4
120 5 405 1 4
121 5 434 5 4
5 8 469 28 4
5 52 402 11 4
5 54 418 28 4
5 55 510 28 4
5 56 361 8 4
5 58 413 11 4
5 62 478 39 4
5 78 422 7 4
5 79 489 48 4
5 80 422 8 4
5 82 386 5 4
5 87 566 46 4
5 91 433 9 4
5 92 517 35 4
5 93 456 11 4
5 95 408 6 4
5 96 529 40 4
5 98 497 30 4
10 6 458 10 4
12 6 462 15 4
15 6 574 56 4
18 6 487 10 4
24 6 444 5 4
25 6 602 52 4
38 6 491 39 4
47 6 622 81 4
48 6 479 13 4
52 6 465 11 4
56 6 434 3 4
58 6 486 6 4
107 6 605 62 4
111 6 491 19 4
115 6 475 20 4
120 6 442 14 4
121 6 491 8 4
6 71 558 60 4
6 73 702 131 4
6 78 481 9 4
6 80 475 13 4
6 82 457 1 4
6 95 467 8 4
4 7 525 60 4
10 7 340 11 4
11 7 400 9 4
12 7 358 9 4
18 7 369 11 4
22 7 407 11 4
23 7 377 18 4
24 7 326 6 4
26 7 476 26 4
29 7 484 39 4
38 7 419 17 4
40 7 567 60 4
48 7 379 5 4
50 7 400 14 4
52 7 369 1 4
54 7 369 26 4
56 7 314 5 4
57 7 457 22 4
58 7 374 4 4
111 7 407 3 4
113 7 421 5 4
115 7 387 6 4
118 7 479 24 4
120 7 346 4 4
121 7 387 2 4
7 9 436 28 4
7 78 379 2 4
7 80 383 1 4
7 82 341 1 4
7 84 455 37 4
7 91 394 2 4
7 93 405 10 4
7 95 353 7 4
10 8 276 5 4
11 8 326 8 4
12 8 278 11 4
14 8 414 27 4
16 8 455 33 4
17 8 390 16 4
18 8 297 9 4
21 8 354 21 4
23 8 321 8 4
24 8 244 9 4
28 8 397 14 4
34 8 374 8 4
37 8 417 45 4
38 8 365 6 4
48 8 299 7 4
50 8 316 18 4
52 8 295 0 4
54 8 327 9 4
56 8 232 8 4
58 8 292 7 4
62 8 401 13 4
78 8 289 9 4
79 8 418 19 4
104 8 425 28 4
111 8 335 1 4
115 8 291 16 4
118 8 389 31 4
119 8 417 30 4
120 8 270 4 4
121 8 293 11 4
125 8 343 2 4
8 80 287 11 4
8 82 257 5 4
8 91 314 4 4
8 92 410 24 4
8 95 287 2 4
8 96 386 47 4
3 9 497 55 4
7 9 436 28 4
10 9 286 10 4
12 9 302 9 4
17 9 384 29 4
18 9 331 2 4
20 9 470 39 4
21 9 376 20 4
23 9 337 10 4
24 9 276 3 4
26 9 404 34 4
36 9 396 21 4
38 9 361 18 4
46 9 388 10 4
48 9 325 4 4
50 9 362 5 4
52 9 309 3 4
54 9 347 9 4
56 9 264 2 4
58 9 314 6 4
78 9 313 7 4
80 9 325 2 4
81 9 395 31 4
82 9 287 0 4
89 9 425 30 4
107 9 469 44 4
111 9 355 1 4
113 9 351 12 4
115 9 341 1 4
118 9 431 20 4
120 9 296 1 4
121 9 331 2 4
125 9 355 6 4
130 9 442 52 4
9 91 316 13 4
9 93 355 7 4
9 95 295 8 4
9 96 432 34 4
10 7 340 11 4
10 8 276 5 4
10 9 286 10 4
10 11 218 7 4
10 12 174 8 4
10 17 302 5 4
10 18 197 4 4
10 21 282 2 4
10 22 235 4 4
10 23 219 4 4
10 24 144 4 4
10 26 312 15 4
10 27 321 18 4
10 28 297 9 4
10 29 326 25 4
10 34 270 5 4
10 38 263 2 4
10 48 199 2 4
10 50 230 6 4
10 52 175 5 4
10 54 229 3 4
10 56 132 3 4
10 58 190 3 4
10 66 295 6 4
10 78 195 1 4
10 80 197 1 4
10 82 147 5 4
10 83 356 15 4
10 91 202 5 4
10 93 229 5 4
10 95 169 6 4
10 111 223 2 4
10 113 239 3 4
10 115 207 3 4
10 120 160 4 4
10 121 197 4 4
10 125 231 3 4
11 8 326 8 4
1 11 361 11 4
10 11 218 7 4
11 12 226 10 4
11 14 382 16 4
11 18 245 8 4
11 21 310 16 4
11 22 285 7 4
11 23 275 4 4
11 24 196 6 4
11 28 345 13 4
11 34 326 5 4
11 36 348 8 4
11 38 307 8 4
11 44 350 10 4
11 48 247 6 4
11 50 280 9 4
11 52 233 4 4
11 54 289 1 4
11 56 184 5 4
11 57 347 12 4
11 58 240 6 4
11 62 355 9 4
11 78 245 4 4
11 80 249 3 4
11 81 357 13 4
11 82 193 10 4
11 91 252 8 4
11 93 287 4 4
11 95 227 5 4
11 97 388 19 4
11 98 352 11 4
11 111 277 3 4
11 113 289 6 4
11 115 259 5 4
11 120 212 6 4
11 121 239 11 4
11 125 263 15 4
12 8 278 11 4
12 9 302 9 4
1 12 319 11 4
10 12 174 8 4
11 12 226 10 4
111 12 229 6 4
113 12 255 2 4
115 12 209 9 4
118 12 335 10 4
12 17 314 6 4
12 18 209 5 4
12 22 253 2 4
12 23 233 4 4
12 24 158 4 4
12 36 308 7 4
12 38 265 8 4
12 46 276 8 4
12 48 205 6 4
12 50 244 6 4
12 52 189 5 4
12 54 243 3 4
12 56 148 2 4
12 58 202 4 4
12 62 295 18 4
12 78 199 6 4
12 80 209 2 4
12 81 319 11 4
12 82 167 2 4
12 91 214 6 4
12 92 340 11 4
12 93 245 4 4
12 95 193 1 4
12 120 172 5 4
12 121 213 3 4
12 125 247 2 4
13 4 676 86 4
13 9 629 33 4
10 13 527 19 4
104 13 656 52 4
111 13 572 22 4
120 13 533 12 4
121 13 564 15 4
125 13 594 16 4
13 18 560 17 4
13 24 527 7 4
13 26 647 42 4
13 27 654 46 4
13 34 613 28 4
13 38 584 36 4
13 46 603 32 4
13 48 562 15 4
13 52 556 9 4
13 54 574 25 4
13 56 521 3 4
13 58 531 27 4
13 68 680 62 4
13 80 570 9 4
13 82 534 6 4
13 91 547 27 4
13 93 580 24 4
13 95 540 15 4
13 97 653 53 4
14 8 414 27 4
10 14 354 2 4
11 14 382 16 4
12 14 358 7 4
111 14 379 15 4
113 14 403 12 4
115 14 385 5 4
120 14 334 8 4
121 14 345 21 4
125 14 411 4 4
127 14 562 68 4
14 17 448 23 4
14 18 373 7 4
14 21 402 33 4
14 22 397 14 4
14 23 397 6 4
14 24 326 4 4
14 38 431 9 4
14 42 444 34 4
14 47 542 61 4
14 48 383 1 4
14 50 410 7 4
14 52 347 10 4
14 54 405 6 4
14 56 314 3 4
14 58 374 2 4
14 69 485 29 4
14 78 361 9 4
14 80 381 0 4
14 82 335 2 4
14 85 527 58 4
14 91 394 0 4
14 92 480 25 4
14 95 343 10 4
14 97 492 30 4
15 3 561 62 4
15 6 574 56 4
10 15 364 10 4
11 15 418 11 4
12 15 386 6 4
104 15 503 38 4
115 15 351 35 4
120 15 362 7 4
121 15 391 11 4
125 15 421 12 4
130 15 542 41 4
15 16 483 68 4
15 18 409 2 4
15 23 421 7 4
15 24 356 2 4
15 25 494 59 4
15 48 371 20 4
15 52 379 7 4
15 56 342 2 4
15 58 372 16 4
15 66 433 41 4
15 78 401 2 4
15 80 389 9 4
15 82 365 0 4
15 91 386 17 4
15 93 429 9 4
15 95 375 7 4
16 8 455 33 4
10 16 377 17 4
12 16 399 13 4
15 16 483 68 4
111 16 454 4 4
115 16 398 25 4
120 16 395 4 4
121 16 430 5 4
125 16 452 10 4
16 18 376 32 4
16 23 442 10 4
16 24 379 4 4
16 27 498 47 4
16 31 577 67 4
16 34 471 22 4
16 48 416 11 4
16 50 449 14 4
16 52 410 5 4
16 54 446 12 4
16 56 357 8 4
16 58 405 13 4
16 62 456 48 4
16 78 420 6 4
16 80 402 16 4
16 82 384 4 4
16 91 421 13 4
16 92 497 43 4
16 95 408 4 4
16 96 513 46 4
17 8 390 16 4
17 9 384 29 4
10 17 302 5 4
11 17 362 3 4
12 17 314 6 4
113 17 361 10 4
115 17 327 11 4
120 17 298 3 4
121 17 321 10 4
125 17 367 3 4
130 17 474 39 4
17 18 325 8 4
17 22 373 3 4
17 23 343 10 4
17 24 282 3 4
17 34 398 9 4
17 36 404 20 4
17 43 550 78 4
17 48 325 7 4
17 50 372 3 4
17 52 319 1 4
17 54 345 13 4
17 56 270 2 4
17 57 411 20 4
17 58 326 3 4
17 71 404 54 4
17 78 325 4 4
17 79 426 28 4
17 80 311 12 4
17 82 291 1 4
17 91 344 2 4
17 93 367 4 4
17 95 305 6 4
18 8 297 9 4
1 18 334 11 4
10 18 197 4 4
11 18 245 8 4
12 18 209 5 4
16 18 376 32 4
17 18 325 8 4
111 18 242 7 4
113 18 268 3 4
115 18 234 4 4
119 18 346 25 4
120 18 195 1 4
121 18 226 4 4
125 18 266 0 4
18 22 270 1 4
18 23 242 7 4
18 24 173 4 4
18 27 344 21 4
18 29 369 18 4
18 34 277 16 4
18 38 272 12 4
18 44 271 36 4
18 48 226 3 4
18 50 261 5 4
18 52 214 0 4
18 54 260 2 4
18 56 159 4 4
18 57 316 14 4
18 58 205 10 4
18 62 304 21 4
18 78 214 6 4
18 79 333 21 4
18 80 206 11 4
18 82 182 2 4
18 91 225 8 4
18 92 341 18 4
18 93 262 3 4
18 95 200 5 4
10 19 445 6 4
11 19 475 19 4
12 19 465 3 4
18 19 466 10 4
111 19 482 13 4
120 19 439 5 4
121 19 468 9 4
122 19 566 51 4
129 19 609 53 4
130 19 567 65 4
19 23 468 20 4
19 24 409 12 4
19 28 512 42 4
19 34 515 23 4
19 36 501 44 4
19 42 533 39 4
19 48 464 10 4
19 50 493 15 4
19 52 458 4 4
19 56 413 3 4
19 58 441 18 4
19 60 572 41 4
19 78 468 5 4
19 80 468 6 4
19 82 424 7 4
19 84 498 63 4
19 89 562 37 4
19 91 463 15 4
19 95 450 6 4
19 98 531 34 4
20 9 470 39 4
10 20 416 1 4
11 20 460 7 4
12 20 416 8 4
111 20 445 12 4
113 20 459 14 4
120 20 396 7 4
121 20 439 4 4
125 20 433 23 4
127 20 618 70 4
20 21 456 36 4
20 22 451 17 4
20 23 439 15 4
20 24 384 5 4
20 27 521 39 4
20 28 503 27 4
20 34 470 26 4
20 36 504 23 4
20 38 451 29 4
20 39 529 48 4
20 46 450 35 4
20 48 431 7 4
20 50 460 12 4
20 52 411 8 4
20 54 461 8 4
20 56 364 8 4
20 58 422 8 4
20 78 415 12 4
20 80 435 3 4
20 81 475 47 4
20 82 389 5 4
20 91 444 5 4
20 93 463 9 4
20 95 405 9 4
21 8 354 21 4
21 9 376 20 4
1 21 395 21 4
10 21 282 2 4
11 21 310 16 4
12 21 292 4 4
14 21 402 33 4
18 21 313 1 4
111 21 327 5 4
113 21 335 10 4
115 21 319 2 4
120 21 276 1 4
121 21 295 10 4
125 21 341 3 4
21 22 325 14 4
21 23 325 6 4
21 24 256 3 4
21 26 402 25 4
21 37 435 36 4
21 38 357 10 4
21 46 360 14 4
21 48 311 1 4
21 50 344 4 4
21 52 279 8 4
21 54 331 7 4
21 56 240 4 4
21 58 282 12 4
21 78 303 2 4
21 80 303 3 4
21 82 253 7 4
21 91 302 10 4
21 93 325 12 4
21 95 289 1 4
21 98 400 14 4
1 22 374 10 4
10 22 235 4 4
11 22 285 7 4
12 22 253 2 4
14 22 397 14 4
18 22 270 1 4
21 22 325 14 4
111 22 288 3 4
113 22 298 7 4
115 22 268 6 4
118 22 352 28 4
120 22 229 3 4
121 22 256 8 4
125 22 294 5 4
22 23 288 3 4
22 24 211 4 4
22 34 325 11 4
22 36 349 13 4
22 48 268 1 4
22 50 289 10 4
22 52 234 9 4
22 54 284 9 4
22 56 197 4 4
22 57 364 9 4
22 58 259 2 4
22 66 344 15 4
22 78 260 2 4
22 80 264 1 4
22 81 372 11 4
22 82 214 5 4
22 91 273 3 4
22 93 280 13 4
22 95 236 6 4
23 7 377 18 4
23 8 321 8 4
23 9 337 10 4
10 23 219 4 4
11 23 275 4 4
12 23 233 4 4
18 23 242 7 4
22 23 288 3 4
111 23 270 4 4
113 23 288 4 4
115 23 250 7 4
119 23 380 19 4
120 23 215 2 4
121 23 250 3 4
125 23 278 5 4
129 23 445 20 4
23 24 195 4 4
23 26 351 21 4
23 28 344 11 4
23 30 409 18 4
23 39 394 20 4
23 48 244 5 4
23 50 281 6 4
23 52 234 1 4
23 54 270 8 4
23 56 179 5 4
23 58 239 4 4
23 59 457 26 4
23 62 340 14 4
23 74 414 23 4
23 78 242 3 4
23 79 369 14 4
23 80 250 0 4
23 82 204 2 4
23 91 259 2 4
23 92 373 13 4
23 93 280 5 4
23 95 224 4 4
24 8 244 9 4
24 9 276 3 4
10 24 144 4 4
11 24 196 6 4
12 24 158 4 4
18 24 173 4 4
21 24 256 3 4
22 24 211 4 4
23 24 195 4 4
111 24 193 5 4
113 24 213 4 4
115 24 183 3 4
118 24 299 9 4
120 24 140 2 4
121 24 171 5 4
125 24 201 6 4
24 28 271 10 4
24 34 252 2 4
24 36 276 4 4
24 38 237 3 4
24 44 282 4 4
24 46 250 2 4
24 48 175 2 4
24 50 212 3 4
24 52 159 1 4
24 54 199 6 4
24 55 291 6 4
24 56 106 4 4
24 57 277 7 4
24 58 162 5 4
24 66 275 4 4
24 78 167 3 4
24 80 171 2 4
24 82 125 4 4
24 84 303 8 4
24 91 186 1 4
24 93 201 7 4
24 95 147 5 4
24 98 272 11 4
25 3 571 67 4
25 9 468 33 4
10 25 388 8 4
12 25 408 5 4
15 25 494 59 4
18 25 431 1 4
21 25 476 19 4
23 25 451 2 4
24 25 366 7 4
111 25 451 2 4
113 25 457 8 4
115 25 421 10 4
120 25 382 7 4
121 25 417 8 4
125 25 431 17 4
130 25 552 46 4
25 28 501 21 4
25 38 413 41 4
25 42 494 32 4
25 46 458 24 4
25 48 421 5 4
25 50 444 13 4
25 52 405 4 4
25 54 451 6 4
25 56 356 5 4
25 58 400 12 4
25 66 453 41 4
25 78 419 3 4
25 80 421 3 4
25 81 503 26 4
25 82 367 9 4
25 91 400 20 4
25 95 403 3 4
26 9 404 34 4
10 26 312 15 4
11 26 380 9 4
12 26 344 6 4
18 26 351 10 4
21 26 402 25 4
23 26 351 21 4
24 26 308 5 4
111 26 357 18 4
113 26 389 11 4
115 26 371 4 4
120 26 330 2 4
121 26 365 3 4
130 26 512 35 4
26 38 399 17 4
26 46 404 20 4
26 48 365 2 4
26 52 351 0 4
26 56 298 3 4
26 58 354 4 4
26 62 433 25 4
26 68 503 39 4
26 74 505 35 4
26 78 355 4 4
26 80 357 4 4
26 82 317 3 4
26 83 476 38 4
26 84 459 25 4
26 90 580 61 4
26 91 368 5 4
26 95 317 15 4
26 98 442 21 4
27 9 451 18 4
10 27 321 18 4
11 27 401 6 4
12 27 357 7 4
16 27 498 47 4
17 27 447 23 4
18 27 344 21 4
22 27 400 12 4
24 27 323 5 4
111 27 380 14 4
113 27 414 6 4
115 27 392 1 4
118 27 458 32 4
120 27 343 3 4
121 27 378 4 4
125 27 392 13 4
27 29 489 34 4
27 34 417 22 4
27 36 451 19 4
27 39 486 39 4
27 44 427 34 4
27 46 399 30 4
27 48 378 3 4
27 50 403 10 4
27 52 350 8 4
27 54 390 13 4
27 56 293 13 4
27 58 339 19 4
27 69 486 28 4
27 78 368 5 4
27 80 360 10 4
27 81 458 25 4
27 82 326 6 4
27 91 379 7 4
27 93 366 27 4
27 95 344 9 4
28 8 397 14 4
28 9 413 16 4
10 28 297 9 4
11 28 345 13 4
12 28 319 5 4
18 28 342 1 4
23 28 344 11 4
24 28 271 10 4
111 28 362 2 4
113 28 372 6 4
115 28 328 12 4
120 28 285 11 4
121 28 330 7 4
125 28 360 8 4
129 28 435 69 4
130 28 483 36 4
28 29 441 37 4
28 36 409 19 4
28 46 395 11 4
28 48 336 3 4
28 50 351 15 4
28 52 322 1 4
28 54 358 8 4
28 55 416 25 4
28 56 269 4 4
28 58 333 1 4
28 72 493 44 4
28 78 322 7 4
28 80 322 8 4
28 81 412 27 4
28 82 294 1 4
28 91 337 7 4
28 93 338 20 4
28 95 306 7 4
29 7 484 39 4
29 9 468 19 4
10 29 326 25 4
11 29 400 16 4
12 29 380 5 4
17 29 470 21 4
18 29 369 18 4
23 29 405 11 4
24 29 340 6 4
27 29 489 34 4
28 29 441 37 4
113 29 409 18 4
115 29 385 14 4
120 29 352 8 4
121 29 393 6 4
124 29 629 67 4
29 34 432 24 4
29 38 429 19 4
29 40 567 67 4
29 48 393 5 4
29 50 412 15 4
29 52 381 2 4
29 54 417 9 4
29 56 336 1 4
29 58 384 6 4
29 78 389 4 4
29 80 363 18 4
29 82 349 4 4
29 91 396 8 4
29 93 405 17 4
29 95 367 7 4
29 96 482 44 4
30 8 452 26 4
10 30 384 5 4
11 30 438 6 4
12 30 396 6 4
17 30 486 22 4
18 30 415 4 4
21 30 472 16 4
22 30 431 15 4
23 30 409 18 4
24 30 358 6 4
28 30 485 24 4
100 30 575 66 4
107 30 555 45 4
111 30 427 9 4
115 30 413 9 4
118 30 479 40 4
120 30 380 3 4
121 30 399 12 4
125 30 421 17 4
129 30 544 54 4
30 35 555 41 4
30 36 484 21 4
30 42 460 44 4
30 46 470 13 4
30 48 411 5 4
30 50 430 15 4
30 52 395 4 4
30 54 421 16 4
30 55 457 44 4
30 56 356 0 4
30 58 414 0 4
30 78 399 8 4
30 80 411 3 4
30 81 491 27 4
30 82 367 4 4
30 89 517 28 4
30 91 422 4 4
30 93 445 6 4
30 95 383 8 4
31 5 601 57 4
31 8 518 34 4
1 31 547 40 4
10 31 466 5 4
12 31 478 6 4
16 31 577 67 4
18 31 467 19 4
23 31 499 14 4
24 31 442 5 4
104 31 545 63 4
111 31 499 14 4
115 31 491 11 4
119 31 581 43 4
120 31 442 13 4
31 46 530 24 4
31 48 483 10 4
31 52 473 6 4
31 54 505 15 4
31 56 410 14 4
31 58 472 12 4
31 62 539 39 4
31 78 483 7 4
31 80 475 12 4
31 82 441 8 4
31 91 490 11 4
31 92 564 42 4
31 95 471 5 4
32 4 589 82 4
32 9 514 43 4
3 32 591 90 4
10 32 444 13 4
11 32 504 11 4
12 32 452 16 4
18 32 461 19 4
21 32 526 27 4
24 32 430 8 4
27 32 549 51 4
115 32 481 13 4
120 32 446 8 4
121 32 487 6 4
32 38 519 21 4
32 46 524 24 4
32 48 481 8 4
32 52 461 9 4
32 54 495 17 4
32 56 412 10 4
32 58 482 4 4
32 62 525 43 4
32 74 575 64 4
32 78 483 4 4
32 80 469 12 4
32 82 429 11 4
32 95 467 4 4
33 4 648 86 4
3 33 656 91 4
10 33 521 8 4
11 33 575 9 4
12 33 537 7 4
15 33 619 63 4
16 33 626 73 4
17 33 605 34 4
18 33 530 18 4
23 33 560 14 4
24 33 495 9 4
111 33 550 19 4
115 33 540 17 4
119 33 618 55 4
120 33 509 10 4
121 33 560 3 4
33 34 591 25 4
33 48 546 9 4
33 52 536 5 4
33 56 495 2 4
33 58 531 13 4
33 60 630 52 4
33 62 604 37 4
33 66 566 51 4
33 78 534 12 4
33 80 552 4 4
33 82 504 7 4
33 89 608 54 4
33 91 557 8 4
33 95 518 12 4
33 99 640 72 4
34 8 374 8 4
1 34 371 30 4
10 34 270 5 4
11 34 326 5 4
12 34 290 2 4
18 34 277 16 4
22 34 325 11 4
23 34 325 3 4
24 34 252 2 4
27 34 417 22 4
29 34 432 24 4
111 34 311 10 4
113 34 329 10 4
115 34 303 7 4
118 34 413 16 4
120 34 262 5 4
121 34 307 1 4
125 34 321 10 4
34 38 347 12 4
34 39 427 30 4
34 48 295 6 4
34 52 289 0 4
34 53 513 40 4
34 54 337 1 4
34 56 240 1 4
34 58 300 0 4
34 61 481 35 4
34 62 393 14 4
34 66 389 11 4
34 68 461 29 4
34 78 289 6 4
34 80 279 12 4
34 82 251 5 4
34 91 296 10 4
34 93 329 7 4
34 95 281 2 4
1 35 518 26 4
3 35 602 59 4
10 35 413 3 4
11 35 437 19 4
12 35 427 3 4
17 35 497 29 4
18 35 418 15 4
24 35 389 3 4
27 35 530 35 4
30 35 555 41 4
107 35 566 52 4
111 35 450 10 4
113 35 456 16 4
120 35 405 3 4
121 35 430 9 4
125 35 444 18 4
35 48 410 18 4
35 52 426 1 4
35 54 454 12 4
35 56 373 4 4
35 57 500 29 4
35 58 425 7 4
35 60 536 40 4
35 66 490 30 4
35 74 568 42 4
35 78 422 9 4
35 80 432 5 4
35 82 380 10 4
35 84 518 34 4
35 94 570 42 4
35 95 402 11 4
36 9 396 21 4
10 36 302 3 4
11 36 348 8 4
12 36 308 7 4
17 36 404 20 4
19 36 501 44 4
22 36 349 13 4
23 36 345 7 4
24 36 276 4 4
28 36 409 19 4
111 36 345 7 4
115 36 337 4 4
120 36 294 3 4
121 36 323 7 4
125 36 347 11 4
36 38 383 8 4
36 46 324 43 4
36 48 321 7 4
36 50 342 16 4
36 52 307 5 4
36 54 329 19 4
36 56 256 7 4
36 58 308 10 4
36 62 403 23 4
36 66 403 18 4
36 78 321 4 4
36 80 327 2 4
36 82 281 4 4
36 83 460 29 4
36 88 502 38 4
36 91 334 5 4
36 93 347 12 4
36 95 297 8 4
37 8 417 45 4
1 37 458 45 4
10 37 397 0 4
11 37 425 14 4
12 37 407 2 4
18 37 404 11 4
21 37 435 36 4
24 37 367 3 4
104 37 496 48 4
115 37 406 14 4
120 37 383 3 4
121 37 412 7 4
37 38 428 30 4
37 46 453 23 4
37 48 410 7 4
37 50 423 20 4
37 52 396 5 4
37 56 343 8 4
37 58 411 3 4
37 62 482 28 4
37 78 398 10 4
37 79 497 35 4
37 80 380 20 4
37 82 360 9 4
37 85 548 67 4
37 91 421 6 4
37 93 440 10 4
37 94 514 59 4
37 95 396 3 4
38 9 361 18 4
1 38 378 20 4
10 38 263 2 4
11 38 307 8 4
12 38 265 8 4
18 38 272 12 4
21 38 357 10 4
22 38 332 1 4
23 38 308 5 4
24 38 237 3 4
25 38 413 41 4
34 38 347 12 4
111 38 316 1 4
113 38 334 1 4
115 38 300 2 4
120 38 253 3 4
121 38 290 3 4
122 38 428 25 4
125 38 302 13 4
38 45 436 36 4
38 46 353 8 4
38 48 292 1 4
38 50 327 3 4
38 52 276 0 4
38 53 466 57 4
38 54 324 1 4
38 56 221 4 4
38 58 285 1 4
38 66 366 16 4
38 78 280 4 4
38 80 278 6 4
38 81 374 22 4
38 82 246 1 4
38 84 380 27 4
38 89 396 25 4
38 91 289 7 4
38 93 328 1 4
38 95 260 6 4
39 8 443 25 4
39 9 457 28 4
10 39 375 4 4
11 39 425 7 4
12 39 373 12 4
17 39 479 20 4
18 39 378 17 4
20 39 529 48 4
22 39 434 8 4
23 39 394 20 4
24 39 347 6 4
27 39 486 39 4
34 39 427 30 4
38 39 452 11 4
111 39 414 10 4
115 39 404 8 4
118 39 470 39 4
120 39 373 1 4
125 39 434 5 4
39 46 439 23 4
39 48 400 5 4
39 52 382 5 4
39 54 414 14 4
39 55 462 36 4
39 56 339 3 4
39 58 387 8 4
39 59 539 63 4
39 62 480 22 4
39 78 384 10 4
39 79 469 42 4
39 80 402 2 4
39 81 464 35 4
39 82 356 4 4
39 90 607 68 4
39 91 405 7 4
39 95 364 12 4
39 96 481 48 4
40 7 567 60 4
40 8 565 23 4
10 40 487 7 4
17 40 561 38 4
24 40 469 4 4
29 40 567 67 4
104 40 604 46 4
105 40 723 122 4
115 40 516 11 4
120 40 475 9 4
121 40 508 11 4
40 48 508 10 4
40 52 492 9 4
40 56 451 6 4
40 57 574 33 4
40 58 497 12 4
40 65 612 44 4
40 78 512 5 4
40 80 502 11 4
40 82 474 4 4
40 89 586 47 4
40 91 521 8 4
40 93 524 20 4
40 95 498 4 4
10 41 511 12 4
12 41 525 12 4
15 41 639 52 4
16 41 660 55 4
18 41 514 25 4
23 41 560 13 4
24 41 499 6 4
25 41 655 54 4
29 41 615 60 4
34 41 561 39 4
111 41 554 16 4
113 41 560 22 4
115 41 556 8 4
120 41 517 5 4
121 41 546 9 4
41 42 567 61 4
41 44 601 36 4
41 48 546 8 4
41 52 534 5 4
41 54 538 28 4
41 56 491 3 4
41 58 521 17 4
41 66 574 46 4
41 78 536 10 4
41 80 502 28 4
41 82 500 8 4
41 91 529 21 4
41 93 550 24 4
41 95 524 8 4
42 8 414 13 4
1 42 439 21 4
10 42 322 4 4
11 42 368 9 4
12 42 334 5 4
14 42 444 34 4
18 42 339 10 4
21 42 406 17 4
22 42 385 6 4
23 42 361 10 4
24 42 296 5 4
28 42 437 16 4
30 42 460 44 4
34 42 410 12 4
38 42 395 13 4
104 42 447 39 4
111 42 369 6 4
115 42 357 5 4
120 42 320 1 4
121 42 335 12 4
125 42 377 7 4
42 48 355 1 4
42 50 386 5 4
42 52 337 1 4
42 54 377 6 4
42 55 427 27 4
42 56 284 4 4
42 58 338 6 4
42 66 425 18 4
42 72 504 46 4
42 78 345 3 4
42 80 343 5 4
42 82 311 0 4
42 86 516 43 4
42 91 354 6 4
42 92 450 26 4
42 95 315 10 4
3 43 701 85 4
10 43 554 8 4
16 43 657 74 4
17 43 550 78 4
18 43 577 11 4
24 43 538 4 4
120 43 556 3 4
125 43 567 32 4
130 43 662 74 4
43 52 561 9 4
43 55 603 59 4
43 56 520 6 4
43 58 570 10 4
43 60 647 60 4
43 80 551 21 4
43 82 545 3 4
43 93 581 26 4
43 96 650 57 4
44 5 455 49 4
44 8 402 11 4
10 44 310 2 4
11 44 350 10 4
12 44 322 3 4
18 44 271 36 4
23 44 357 4 4
24 44 282 4 4
27 44 427 34 4
28 44 425 14 4
34 44 394 12 4
111 44 335 15 4
113 44 365 9 4
115 44 345 3 4
120 44 304 1 4
121 44 325 9 4
125 44 369 3 4
44 48 337 2 4
44 50 372 4 4
44 52 321 1 4
44 54 367 3 4
44 56 262 7 4
44 58 316 9 4
44 69 443 28 4
44 71 466 24 4
44 74 481 33 4
44 78 317 9 4
44 79 436 24 4
44 80 299 19 4
44 82 289 3 4
44 89 443 25 4
44 91 342 4 4
44 92 438 24 4
44 93 337 20 4
44 95 305 7 4
45 8 461 33 4
45 9 481 33 4
10 45 407 5 4
12 45 411 10 4
18 45 420 13 4
21 45 475 26 4
23 45 450 9 4
24 45 383 5 4
26 45 517 33 4
37 45 550 44 4
38 45 436 36 4
111 45 450 9 4
115 45 434 10 4
120 45 383 13 4
121 45 432 7 4
122 45 530 49 4
45 46 481 19 4
45 47 593 65 4
45 48 422 11 4
45 52 424 1 4
45 54 432 22 4
45 56 367 6 4
45 58 405 16 4
45 66 498 25 4
45 78 430 4 4
45 79 485 51 4
45 80 422 9 4
45 82 394 2 4
45 83 527 50 4
45 85 554 74 4
45 91 433 10 4
45 95 400 11 4
45 99 560 52 4
10 46 278 0 4
11 46 330 2 4
12 46 276 8 4
18 46 307 0 4
21 46 360 14 4
23 46 327 1 4
24 46 250 2 4
26 46 404 20 4
27 46 399 30 4
36 46 324 43 4
38 46 353 8 4
111 46 325 2 4
115 46 311 2 4
120 46 262 4 4
121 46 291 8 4
125 46 309 15 4
46 48 305 0 4
46 50 330 7 4
46 52 277 5 4
46 54 315 11 4
46 56 228 6 4
46 58 288 5 4
46 62 375 22 4
46 77 482 61 4
46 78 297 1 4
46 80 293 4 4
46 81 393 18 4
46 82 247 6 4
46 84 403 21 4
46 91 300 7 4
46 92 410 20 4
46 93 311 15 4
46 95 263 10 4
47 6 622 81 4
47 8 528 32 4
47 9 532 40 4
10 47 478 2 4
12 47 460 18 4
14 47 542 61 4
18 47 493 9 4
20 47 606 59 4
21 47 512 40 4
24 47 458 0 4
34 47 528 29 4
38 47 521 26 4
45 47 593 65 4
111 47 479 27 4
113 47 513 19 4
115 47 461 29 4
120 47 466 4 4
121 47 495 8 4
125 47 513 15 4
47 48 491 9 4
47 52 485 3 4
47 56 432 6 4
47 58 486 8 4
47 78 487 8 4
47 80 469 18 4
47 82 461 1 4
47 85 629 69 4
47 95 473 7 4
47 96 578 49 4
48 8 299 7 4
10 48 199 2 4
11 48 247 6 4
12 48 205 6 4
15 48 371 20 4
17 48 325 7 4
18 48 226 3 4
22 48 268 1 4
23 48 244 5 4
24 48 175 2 4
34 48 295 6 4
36 48 321 7 4
104 48 370 14 4
111 48 252 1 4
113 48 260 6 4
115 48 216 12 4
120 48 181 7 4
121 48 224 4 4
125 48 256 4 4
48 50 263 3 4
48 52 198 7 4
48 54 252 5 4
48 56 155 5 4
48 57 316 13 4
48 58 219 2 4
48 78 212 6 4
48 80 220 3 4
48 82 176 4 4
48 91 233 3 4
48 93 256 5 4
48 95 204 2 4
48 99 390 30 4
49 8 584 50 4
10 49 572 1 4
11 49 588 21 4
12 49 558 15 4
21 49 612 36 4
23 49 587 19 4
24 49 536 7 4
25 49 650 76 4
45 49 681 67 4
48 49 561 20 4
104 49 607 81 4
120 49 548 9 4
121 49 565 19 4
125 49 599 18 4
49 52 547 18 4
49 56 518 9 4
49 58 556 19 4
49 59 698 79 4
49 66 623 41 4
49 82 543 6 4
49 91 576 17 4
49 93 591 23 4
49 95 563 8 4
49 96 670 49 4
50 7 400 14 4
50 8 316 18 4
1 50 365 14 4
10 50 230 6 4
11 50 280 9 4
12 50 244 6 4
18 50 261 5 4
22 50 289 10 4
23 50 281 6 4
24 50 212 3 4
28 50 351 15 4
36 50 342 16 4
37 50 423 20 4
46 50 330 7 4
48 50 263 3 4
111 50 289 2 4
112 50 438 22 4
113 50 281 15 4
115 50 253 13 4
120 50 218 8 4
121 50 251 10 4
122 50 421 16 4
125 50 287 8 4
50 52 243 4 4
50 56 200 2 4
50 58 256 3 4
50 78 259 2 4
50 80 259 3 4
50 82 219 2 4
50 84 387 11 4
50 91 268 5 4
50 92 388 13 4
50 93 269 18 4
50 95 239 4 4
50 98 366 9 4
10 51 604 25 4
12 51 642 13 4
17 51 690 50 4
18 51 655 14 4
22 51 665 28 4
23 51 665 20 4
24 51 620 5 4
26 51 702 59 4
36 51 696 45 4
51 52 641 11 4
51 54 671 21 4
51 56 610 3 4
51 58 644 15 4
51 60 725 63 4
51 71 736 59 4
51 75 712 89 4
51 78 603 36 4
51 80 647 15 4
51 82 631 2 4
51 90 790 112 4
51 95 625 17 4
10 52 175 5 4
11 52 233 4 4
12 52 189 5 4
14 52 347 10 4
18 52 214 0 4
21 52 279 8 4
22 52 234 9 4
23 52 234 1 4
24 52 159 1 4
36 52 307 5 4
46 52 277 5 4
48 52 198 7 4
50 52 243 4 4
111 52 222 7 4
112 52 379 23 4
113 52 246 4 4
115 52 210 6 4
120 52 169 4 4
121 52 200 7 4
125 52 242 2 4
52 54 238 3 4
52 55 306 15 4
52 56 139 4 4
52 57 308 8 4
52 58 195 5 4
52 62 308 9 4
52 66 308 4 4
52 71 361 12 4
52 78 202 2 4
52 80 206 1 4
52 82 154 6 4
52 91 201 10 4
52 93 246 1 4
52 95 186 2 4
52 98 317 5 4
53 9 541 39 4
1 53 548 46 4
10 53 433 28 4
11 53 515 15 4
12 53 475 14 4
18 53 466 26 4
23 53 486 27 4
24 53 443 11 4
34 53 513 40 4
36 53 545 38 4
38 53 466 57 4
52 53 482 8 4
111 53 504 18 4
115 53 514 6 4
120 53 467 7 4
121 53 502 8 4
122 53 586 57 4
125 53 502 24 4
53 56 445 3 4
53 60 540 73 4
53 78 480 15 4
53 81 554 43 4
53 82 454 8 4
53 83 575 62 4
53 89 586 41 4
53 91 489 18 4
53 95 478 8 4
54 7 369 26 4
54 8 327 9 4
54 9 347 9 4
5 54 418 28 4
10 54 229 3 4
11 54 289 1 4
12 54 243 3 4
17 54 345 13 4
18 54 260 2 4
21 54 331 7 4
22 54 284 9 4
23 54 270 8 4
24 54 199 6 4
36 54 329 19 4
45 54 432 22 4
46 54 315 11 4
48 54 252 5 4
52 54 238 3 4
111 54 276 5 4
113 54 294 5 4
115 54 270 1 4
118 54 374 13 4
119 54 388 19 4
120 54 225 1 4
121 54 260 2 4
125 54 292 2 4
54 56 181 8 4
54 58 245 5 4
54 62 354 11 4
54 78 254 1 4
54 79 351 27 4
54 80 254 2 4
54 81 364 11 4
54 82 194 11 4
54 83 407 19 4
54 88 447 29 4
54 91 265 3 4
54 92 365 21 4
54 93 260 19 4
54 95 234 3 4
55 8 403 17 4
10 55 321 3 4
11 55 377 3 4
12 55 339 1 4
18 55 356 0 4
22 55 380 7 4
23 55 360 9 4
24 55 291 6 4
28 55 416 25 4
30 55 457 44 4
39 55 462 36 4
42 55 427 27 4
46 55 405 12 4
48 55 348 3 4
50 55 377 8 4
52 55 306 15 4
54 55 380 3 4
111 55 378 0 4
112 55 483 42 4
113 55 386 5 4
115 55 360 2 4
120 55 301 9 4
121 55 332 12 4
125 55 370 9 4
129 55 477 54 4
55 56 287 1 4
55 58 333 7 4
55 66 422 18 4
55 70 566 65 4
55 78 338 5 4
55 80 346 2 4
55 81 432 23 4
55 82 306 1 4
55 91 351 6 4
55 93 382 4 4
55 95 326 3 4
56 8 232 8 4
10 56 132 3 4
11 56 184 5 4
12 56 148 2 4
18 56 159 4 4
21 56 240 4 4
22 56 197 4 4
23 56 179 5 4
24 56 106 4 4
28 56 269 4 4
34 56 240 1 4
36 56 256 7 4
38 56 221 4 4
44 56 262 7 4
46 56 228 6 4
48 56 155 5 4
50 56 200 2 4
52 56 139 4 4
54 56 181 8 4
111 56 177 6 4
113 56 203 2 4
115 56 169 3 4
120 56 126 2 4
121 56 157 5 4
125 56 193 3 4
56 58 150 4 4
56 78 155 2 4
56 80 155 3 4
56 82 109 5 4
56 91 162 6 4
56 92 292 9 4
56 93 193 4 4
56 95 131 6 4
10 57 309 3 4
11 57 347 12 4
12 57 323 3 4
17 57 411 20 4
18 57 316 14 4
22 57 364 9 4
23 57 358 4 4
24 57 277 7 4
48 57 316 13 4
52 57 308 8 4
54 57 360 7 4
56 57 273 2 4
107 57 500 33 4
111 57 336 15 4
113 57 366 9 4
115 57 350 1 4
119 57 444 31 4
120 57 299 4 4
121 57 312 16 4
122 57 458 34 4
125 57 342 17 4
57 58 305 15 4
57 75 491 30 4
57 76 437 53 4
57 78 312 12 4
57 80 316 11 4
57 82 292 2 4
57 91 337 7 4
57 93 362 8 4
57 95 308 6 4
57 98 417 20 4
58 8 292 7 4
10 58 190 3 4
11 58 240 6 4
12 58 202 4 4
15 58 372 16 4
18 58 205 10 4
21 58 282 12 4
22 58 259 2 4
23 58 239 4 4
24 58 162 5 4
27 58 339 19 4
36 58 308 10 4
44 58 316 9 4
46 58 288 5 4
48 58 219 2 4
50 58 256 3 4
52 58 195 5 4
54 58 245 5 4
56 58 150 4 4
57 58 305 15 4
111 58 225 11 4
113 58 259 3 4
115 58 223 5 4
119 58 333 27 4
120 58 186 1 4
121 58 219 3 4
122 58 361 23 4
125 58 243 7 4
58 66 307 10 4
58 78 211 3 4
58 80 207 6 4
58 82 175 1 4
58 89 345 15 4
58 91 212 10 4
58 93 237 11 4
58 95 193 4 4
58 97 350 20 4
58 98 308 15 4
59 8 506 31 4
10 59 458 0 4
11 59 484 15 4
12 59 456 8 4
14 59 556 42 4
18 59 459 14 4
21 59 496 36 4
23 59 457 26 4
24 59 424 5 4
25 59 590 48 4
30 59 578 49 4
34 59 516 23 4
37 59 585 47 4
39 59 539 63 4
42 59 530 41 4
46 59 492 34 4
48 59 473 6 4
50 59 498 13 4
52 59 459 4 4
55 59 543 33 4
56 59 410 5 4
58 59 468 5 4
111 59 483 13 4
115 59 471 12 4
120 59 436 7 4
121 59 453 17 4
125 59 501 9 4
59 74 597 47 4
59 78 463 8 4
59 80 463 9 4
59 82 437 1 4
59 91 460 17 4
59 95 457 3 4
59 96 552 50 4
10 60 355 9 4
11 60 415 7 4
12 60 379 4 4
17 60 465 22 4
18 60 398 2 4
21 60 443 20 4
23 60 414 5 4
24 60 347 1 4
28 60 468 22 4
36 60 459 23 4
48 60 384 8 4
52 60 376 3 4
53 60 540 73 4
56 60 333 1 4
58 60 375 9 4
107 60 502 61 4
111 60 414 5 4
115 60 386 12 4
120 60 345 10 4
121 60 382 10 4
125 60 400 17 4
130 60 479 67 4
60 62 460 27 4
60 66 442 31 4
60 78 380 7 4
60 80 386 5 4
60 82 348 3 4
60 91 397 6 4
60 93 422 7 4
60 95 366 6 4
60 97 489 39 4
60 99 532 44 4
10 61 439 4 4
12 61 453 4 4
18 61 464 6 4
22 61 476 19 4
23 61 476 11 4
24 61 415 4 4
28 61 530 28 4
34 61 481 35 4
46 61 497 26 4
48 61 456 9 4
52 61 444 6 4
56 61 401 4 4
58 61 457 5 4
113 61 490 13 4
115 61 460 12 4
120 61 427 6 4
121 61 460 8 4
125 61 470 19 4
61 78 438 15 4
61 80 430 20 4
61 82 428 0 4
61 84 532 41 4
61 95 416 18 4
62 8 401 13 4
5 62 478 39 4
10 62 311 3 4
11 62 355 9 4
12 62 295 18 4
16 62 456 48 4
18 62 304 21 4
21 62 393 17 4
23 62 340 14 4
24 62 287 3 4
26 62 433 25 4
34 62 393 14 4
36 62 403 23 4
46 62 375 22 4
48 62 332 6 4
50 62 369 7 4
52 62 308 9 4
54 62 354 11 4
56 62 275 2 4
58 62 331 3 4
111 62 356 6 4
112 62 483 37 4
113 62 376 5 4
115 62 332 11 4
120 62 301 4 4
121 62 334 6 4
62 66 408 20 4
62 78 334 2 4
62 79 443 22 4
62 80 320 10 4
62 82 288 5 4
62 91 331 11 4
62 92 401 44 4
62 94 434 59 4
62 95 312 5 4
62 96 457 27 4
63 8 565 21 4
10 63 481 8 4
11 63 525 14 4
12 63 493 9 4
17 63 579 27 4
22 63 534 15 4
24 63 453 10 4
36 63 567 31 4
46 63 539 30 4
48 63 500 12 4
50 63 521 21 4
52 63 470 18 4
54 63 530 13 4
56 63 453 3 4
58 63 483 17 4
103 63 685 65 4
111 63 524 12 4
115 63 502 16 4
119 63 602 43 4
120 63 473 8 4
121 63 502 12 4
63 75 579 77 4
63 77 661 81 4
63 78 456 31 4
63 79 593 37 4
63 82 470 4 4
63 91 509 12 4
63 95 496 3 4
64 8 644 40 4
10 64 596 9 4
12 64 610 9 4
16 64 677 86 4
18 64 591 26 4
21 64 614 55 4
23 64 619 23 4
24 64 580 5 4
26 64 662 59 4
42 64 674 47 4
52 64 605 9 4
56 64 556 10 4
113 64 639 22 4
115 64 607 22 4
120 64 584 11 4
121 64 617 13 4
64 80 597 20 4
64 82 577 9 4
64 85 705 97 4
64 92 670 58 4
64 95 599 10 4
64 96 676 66 4
64 98 654 51 4
65 9 461 22 4
1 65 478 24 4
10 65 355 10 4
12 65 375 7 4
18 65 384 10 4
23 65 404 11 4
24 65 345 3 4
26 65 495 23 4
28 65 474 20 4
34 65 443 18 4
37 65 528 34 4
38 65 434 16 4
40 65 612 44 4
48 65 378 12 4
52 65 376 4 4
56 65 333 2 4
58 65 369 13 4
115 65 398 7 4
120 65 347 10 4
121 65 382 11 4
122 65 508 39 4
65 70 636 54 4
65 76 539 32 4
65 78 380 8 4
65 80 386 6 4
65 81 470 28 4
65 82 348 4 4
65 91 397 7 4
65 95 360 10 4
3 66 498 55 4
10 66 295 6 4
11 66 351 6 4
12 66 311 5 4
15 66 433 41 4
18 66 336 0 4
22 66 344 15 4
23 66 356 1 4
24 66 275 4 4
25 66 453 41 4
34 66 389 11 4
36 66 403 18 4
38 66 366 16 4
42 66 425 18 4
48 66 334 0 4
50 66 361 6 4
52 66 308 4 4
54 66 360 3 4
55 66 422 18 4
56 66 265 2 4
58 66 307 10 4
60 66 442 31 4
62 66 408 20 4
107 66 494 32 4
111 66 340 9 4
113 66 370 3 4
115 66 338 3 4
120 66 291 4 4
121 66 322 7 4
125 66 336 16 4
66 78 324 2 4
66 80 328 1 4
66 82 278 5 4
66 91 317 13 4
66 93 348 11 4
66 95 310 1 4
66 97 433 34 4
10 67 625 9 4
12 67 621 18 4
23 67 652 21 4
24 67 609 5 4
28 67 662 60 4
29 67 721 61 4
34 67 669 39 4
42 67 701 48 4
44 67 669 56 4
50 67 663 23 4
56 67 583 11 4
58 67 633 15 4
66 67 692 41 4
111 67 632 31 4
115 67 640 20 4
120 67 623 6 4
125 67 662 21 4
67 69 698 65 4
67 72 745 82 4
67 78 612 26 4
67 80 610 28 4
67 82 604 10 4
67 84 706 52 4
67 93 648 29 4
67 94 708 85 4
67 95 616 16 4
68 9 495 25 4
1 68 516 25 4
6 68 607 55 4
10 68 413 1 4
12 68 421 4 4
17 68 507 22 4
21 68 479 23 4
23 68 448 9 4
24 68 387 2 4
26 68 503 39 4
34 68 461 29 4
38 68 452 27 4
42 68 499 35 4
46 68 481 18 4
48 68 426 8 4
52 68 408 8 4
56 68 377 0 4
57 68 494 30 4
58 68 417 9 4
62 68 514 21 4
111 68 438 14 4
120 68 387 10 4
125 68 452 12 4
130 68 567 44 4
68 78 428 4 4
68 80 422 8 4
68 82 384 6 4
68 84 518 32 4
68 86 571 58 4
68 91 439 6 4
68 95 418 1 4
68 98 501 28 4
69 8 439 16 4
10 69 359 1 4
12 69 363 6 4
14 69 485 29 4
18 69 388 1 4
23 69 396 8 4
24 69 327 5 4
27 69 486 28 4
34 69 437 14 4
36 69 457 18 4
38 69 414 19 4
44 69 443 28 4
46 69 433 15 4
48 69 382 3 4
50 69 411 8 4
52 69 360 5 4
54 69 394 13 4
56 69 307 8 4
58 69 367 7 4
111 69 372 20 4
113 69 402 14 4
115 69 386 6 4
120 69 333 10 4
121 69 376 7 4
125 69 408 7 4
69 71 451 55 4
69 72 525 51 4
69 78 364 9 4
69 80 368 8 4
69 82 338 2 4
69 85 550 48 4
69 91 389 4 4
69 93 400 12 4
69 94 494 51 4
69 95 358 4 4
69 98 437 33 4
69 99 520 44 4
70 9 607 34 4
10 70 541 2 4
12 70 533 13 4
14 70 633 47 4
20 70 675 56 4
21 70 601 27 4
24 70 515 3 4
39 70 650 51 4
46 70 579 34 4
48 70 540 16 4
52 70 518 18 4
54 70 544 30 4
55 70 566 65 4
56 70 495 6 4
65 70 636 54 4
111 70 568 14 4
112 70 619 83 4
113 70 574 20 4
115 70 536 23 4
120 70 531 3 4
70 78 542 12 4
70 80 548 10 4
70 81 584 56 4
70 82 512 7 4
70 92 605 56 4
70 95 530 10 4
71 9 454 26 4
6 71 558 60 4
10 71 358 9 4
11 71 418 7 4
12 71 368 11 4
17 71 404 54 4
18 71 397 4 4
24 71 350 1 4
36 71 468 20 4
38 71 425 21 4
44 71 466 24 4
48 71 389 7 4
52 71 361 12 4
54 71 415 10 4
56 71 334 2 4
58 71 392 2 4
66 71 469 19 4
69 71 451 55 4
111 71 399 14 4
115 71 405 4 4
120 71 356 6 4
121 71 401 2 4
130 71 528 44 4
71 78 389 4 4
71 80 373 13 4
71 82 347 5 4
71 89 495 30 4
71 91 410 1 4
71 93 429 5 4
71 95 379 1 4
72 8 516 18 4
10 72 428 7 4
11 72 462 18 4
12 72 436 10 4
14 72 538 43 4
18 72 457 7 4
22 72 479 15 4
24 72 394 12 4
28 72 493 44 4
36 72 508 33 4
42 72 504 46 4
44 72 516 32 4
46 72 500 22 4
48 72 467 1 4
50 72 474 17 4
52 72 443 4 4
54 72 457 22 4
56 72 388 8 4
58 72 436 13 4
69 72 525 51 4
111 72 431 31 4
113 72 477 17 4
115 72 471 4 4
118 72 527 40 4
120 72 420 7 4
121 72 423 24 4
125 72 471 16 4
72 78 457 3 4
72 80 461 2 4
72 82 417 3 4
72 87 557 64 4
72 93 453 26 4
72 95 423 12 4
72 97 546 45 4
72 98 524 30 4
73 9 690 51 4
6 73 702 131 4
10 73 640 11 4
17 73 654 72 4
21 73 688 42 4
24 73 628 5 4
26 73 710 59 4
28 73 693 54 4
36 73 692 51 4
38 73 661 46 4
44 73 676 62 4
48 73 649 20 4
56 73 610 7 4
71 73 718 72 4
111 73 647 33 4
115 73 657 21 4
130 73 746 78 4
73 89 711 65 4
73 93 663 31 4
73 99 749 80 4
74 8 463 28 4
74 9 487 26 4
10 74 397 6 4
11 74 441 12 4
12 74 403 10 4
16 74 550 47 4
18 74 394 22 4
22 74 446 15 4
23 74 414 23 4
24 74 381 2 4
26 74 505 35 4
32 74 575 64 4
39 74 546 35 4
44 74 481 33 4
48 74 428 4 4
50 74 445 15 4
52 74 414 2 4
56 74 359 6 4
58 74 419 5 4
62 74 474 38 4
113 74 438 20 4
115 74 384 31 4
119 74 514 43 4
120 74 395 3 4
121 74 408 15 4
74 78 412 9 4
74 80 420 6 4
74 82 374 8 4
74 91 431 7 4
74 92 489 46 4
74 93 450 11 4
74 95 390 12 4
74 96 525 39 4
10 75 408 2 4
11 75 454 7 4
12 75 412 7 4
17 75 498 25 4
18 75 431 5 4
22 75 449 15 4
23 75 447 8 4
24 75 380 4 4
34 75 464 26 4
36 75 494 25 4
38 75 473 15 4
44 75 500 25 4
48 75 421 9 4
52 75 399 11 4
54 75 441 15 4
56 75 368 3 4
57 75 491 30 4
58 75 420 6 4
63 75 579 77 4
107 75 519 72 4
113 75 463 9 4
115 75 443 3 4
120 75 400 2 4
121 75 427 7 4
125 75 449 12 4
75 77 596 71 4
75 78 403 15 4
75 79 516 33 4
75 80 415 10 4
75 82 383 5 4
75 91 420 14 4
75 93 455 10 4
75 95 413 2 4
76 9 492 21 4
10 76 398 3 4
12 76 406 6 4
18 76 405 14 4
20 76 568 39 4
22 76 451 10 4
24 76 368 6 4
35 76 567 40 4
44 76 492 25 4
48 76 411 10 4
52 76 393 10 4
54 76 443 10 4
56 76 362 2 4
57 76 437 53 4
58 76 398 13 4
111 76 415 20 4
113 76 451 11 4
115 76 437 2 4
119 76 513 41 4
120 76 390 3 4
121 76 419 7 4
125 76 433 16 4
76 78 393 16 4
76 80 423 2 4
76 81 495 30 4
76 82 381 2 4
76 93 445 11 4
76 95 391 9 4
76 98 496 25 4
7 77 594 47 4
10 77 500 1 4
11 77 528 15 4
12 77 492 12 4
18 77 515 8 4
20 77 636 54 4
23 77 521 16 4
24 77 460 9 4
34 77 566 20 4
36 77 578 28 4
37 77 621 51 4
38 77 553 20 4
45 77 623 60 4
46 77 482 61 4
48 77 511 9 4
50 77 540 14 4
52 77 497 7 4
56 77 450 7 4
57 77 563 39 4
58 77 482 20 4
63 77 661 81 4
75 77 596 71 4
115 77 503 18 4
120 77 490 2 4
121 77 505 13 4
77 78 491 16 4
77 80 509 8 4
77 82 479 2 4
77 91 512 13 4
77 95 481 13 4
78 8 289 9 4
78 9 313 7 4
10 78 195 1 4
11 78 245 4 4
12 78 199 6 4
18 78 214 6 4
22 78 260 2 4
23 78 242 3 4
24 78 167 3 4
28 78 322 7 4
34 78 289 6 4
38 78 280 4 4
44 78 317 9 4
48 78 212 6 4
50 78 259 2 4
52 78 202 2 4
54 78 254 1 4
56 78 155 2 4
57 78 312 12 4
58 78 211 3 4
63 78 456 31 4
76 78 393 16 4
111 78 238 5 4
113 78 256 5 4
115 78 218 8 4
118 78 340 11 4
120 78 185 2 4
121 78 226 0 4
125 78 238 10 4
78 79 337 15 4
78 80 214 3 4
78 82 176 1 4
78 91 229 2 4
78 93 258 1 4
78 95 186 8 4
79 8 418 19 4
1 79 447 25 4
5 79 489 48 4
10 79 342 2 4
11 79 400 1 4
12 79 354 3 4
17 79 426 28 4
18 79 333 21 4
22 79 399 7 4
23 79 369 14 4
24 79 316 3 4
34 79 420 15 4
39 79 469 42 4
44 79 436 24 4
45 79 485 51 4
48 79 363 5 4
50 79 402 5 4
52 79 345 5 4
54 79 351 27 4
56 79 302 3 4
57 79 453 16 4
58 79 356 5 4
62 79 443 22 4
78 79 337 15 4
111 79 383 7 4
113 79 397 9 4
115 79 359 12 4
119 79 447 45 4
120 79 336 1 4
121 79 365 5 4
125 79 393 7 4
79 80 345 12 4
79 82 325 1 4
79 91 366 8 4
79 92 444 37 4
79 93 405 2 4
79 95 343 4 4
79 98 450 19 4
8 80 287 11 4
10 80 197 1 4
11 80 249 3 4
12 80 209 2 4
17 80 311 12 4
18 80 206 11 4
22 80 264 1 4
23 80 250 0 4
24 80 171 2 4
28 80 322 8 4
29 80 363 18 4
34 80 279 12 4
37 80 380 20 4
38 80 278 6 4
44 80 299 19 4
48 80 220 3 4
50 80 259 3 4
52 80 206 1 4
54 80 254 2 4
56 80 155 3 4
57 80 316 11 4
58 80 207 6 4
62 80 320 10 4
78 80 214 3 4
79 80 345 12 4
111 80 240 5 4
113 80 248 10 4
115 80 220 8 4
120 80 187 2 4
121 80 224 2 4
125 80 248 6 4
80 82 178 1 4
80 91 221 7 4
80 93 242 10 4
80 95 196 4 4
80 96 343 25 4
81 9 395 31 4
8 81 409 14 4
10 81 325 1 4
11 81 357 13 4
12 81 319 11 4
18 81 352 2 4
20 81 475 47 4
21 81 403 17 4
22 81 372 11 4
23 81 362 8 4
24 81 297 3 4
28 81 412 27 4
38 81 374 22 4
39 81 464 35 4
46 81 393 18 4
48 81 348 3 4
52 81 332 2 4
54 81 364 11 4
55 81 432 23 4
56 81 281 4 4
58 81 345 1 4
78 81 336 6 4
80 81 344 3 4
107 81 448 65 4
111 81 376 1 4
115 81 356 4 4
120 81 295 12 4
121 81 350 3 4
122 81 468 35 4
125 81 378 5 4
81 82 304 2 4
81 89 400 53 4
81 91 363 0 4
81 93 370 10 4
81 95 312 10 4
1 82 292 8 4
8 82 257 5 4
10 82 147 5 4
11 82 193 10 4
12 82 167 2 4
18 82 182 2 4
21 82 253 7 4
22 82 214 5 4
23 82 204 2 4
24 82 125 4 4
34 82 251 5 4
36 82 281 4 4
38 82 246 1 4
46 82 247 6 4
48 82 176 4 4
50 82 219 2 4
52 82 154 6 4
54 82 194 11 4
56 82 109 5 4
58 82 175 1 4
62 82 288 5 4
66 82 278 5 4
78 82 176 1 4
80 82 178 1 4
111 82 206 1 4
113 82 218 4 4
115 82 190 2 4
120 82 145 2 4
121 82 182 2 4
125 82 206 6 4
82 91 187 3 4
82 92 313 8 4
82 93 216 2 4
82 95 156 3 4
83 9 460 28 4
1 83 455 41 4
3 83 559 64 4
8 83 456 20 4
10 83 356 15 4
11 83 428 7 4
12 83 386 7 4
18 83 413 1 4
21 83 446 25 4
22 83 417 18 4
23 83 431 3 4
24 83 346 8 4
26 83 476 38 4
36 83 460 29 4
38 83 451 13 4
42 83 490 25 4
45 83 527 50 4
48 83 401 6 4
50 83 438 7 4
52 83 395 0 4
53 83 575 62 4
54 83 407 19 4
56 83 342 3 4
58 83 406 0 4
60 83 511 36 4
78 83 397 5 4
79 83 488 34 4
80 83 403 3 4
82 83 357 5 4
106 83 611 80 4
115 83 411 6 4
120 83 374 2 4
121 83 411 2 4
83 91 404 9 4
83 95 385 3 4
83 98 486 21 4
7 84 455 37 4
10 84 337 3 4
11 84 377 11 4
12 84 343 7 4
18 84 350 11 4
19 84 498 63 4
23 84 378 8 4
24 84 303 8 4
26 84 459 25 4
36 84 439 18 4
38 84 380 27 4
46 84 403 21 4
48 84 360 5 4
50 84 387 11 4
52 84 350 1 4
56 84 293 6 4
58 84 349 7 4
61 84 532 41 4
72 84 533 38 4
80 84 362 2 4
82 84 320 2 4
111 84 374 10 4
115 84 360 10 4
120 84 333 1 4
121 84 368 2 4
122 84 484 35 4
84 95 332 8 4
84 98 443 21 4
8 85 491 40 4
10 85 459 1 4
12 85 447 14 4
14 85 527 58 4
18 85 452 19 4
21 85 515 28 4
24 85 433 2 4
37 85 548 67 4
38 85 496 28 4
45 85 554 74 4
50 85 501 13 4
52 85 458 6 4
54 85 486 17 4
56 85 403 10 4
58 85 435 23 4
69 85 550 48 4
78 85 476 3 4
80 85 454 15 4
82 85 440 1 4
104 85 558 49 4
111 85 484 14 4
115 85 468 15 4
119 85 570 41 4
120 85 441 6 4
121 85 458 16 4
125 85 496 13 4
85 91 471 13 4
85 92 539 47 4
85 93 484 20 4
85 95 452 7 4
8 86 520 19 4
10 86 430 9 4
11 86 442 31 4
12 86 450 6 4
14 86 554 38 4
18 86 457 10 4
24 86 418 3 4
28 86 525 31 4
36 86 530 25 4
42 86 516 43 4
44 86 528 29 4
48 86 459 8 4
56 86 408 1 4
57 86 533 27 4
58 86 432 18 4
60 86 563 41 4
68 86 571 58 4
78 86 455 7 4
80 86 453 9 4
82 86 423 3 4
84 86 539 38 4
113 86 483 17 4
115 86 469 8 4
120 86 440 0 4
121 86 451 13 4
130 86 580 54 4
86 91 452 16 4
86 95 423 15 4
86 97 570 36 4
8 87 491 19 4
10 87 419 0 4
11 87 453 11 4
12 87 433 0 4
16 87 564 45 4
18 87 430 9 4
24 87 381 7 4
27 87 536 32 4
46 87 473 24 4
48 87 422 12 4
50 87 459 13 4
52 87 422 3 4
56 87 361 10 4
58 87 401 19 4
62 87 484 38 4
72 87 557 64 4
78 87 422 9 4
80 87 424 9 4
82 87 398 1 4
84 87 524 31 4
104 87 516 49 4
111 87 438 16 4
113 87 448 20 4
115 87 442 7 4
120 87 411 0 4
121 87 396 26 4
125 87 454 13 4
87 88 585 52 4
87 89 532 33 4
87 93 444 19 4
87 95 404 10 4
87 97 483 65 4
8 88 508 24 4
10 88 424 11 4
11 88 468 17 4
12 88 438 11 4
22 88 477 18 4
24 88 412 5 4
27 88 541 43 4
36 88 502 38 4
38 88 483 27 4
44 88 528 28 4
48 88 455 9 4
52 88 443 6 4
54 88 447 29 4
56 88 396 6 4
58 88 436 15 4
72 88 594 59 4
80 88 449 10 4
81 88 523 37 4
82 88 425 1 4
87 88 585 52 4
100 88 619 70 4
103 88 642 61 4
111 88 467 15 4
120 88 430 4 4
121 88 445 15 4
125 88 485 11 4
88 93 449 30 4
88 95 439 6 4
88 96 552 44 4
89 9 425 30 4
8 89 435 15 4
10 89 355 0 4
11 89 391 10 4
12 89 355 7 4
17 89 451 20 4
18 89 362 11 4
24 89 317 7 4
27 89 482 27 4
28 89 448 23 4
38 89 396 25 4
44 89 443 25 4
46 89 429 14 4
48 89 376 3 4
50 89 409 6 4
52 89 350 7 4
54 89 400 7 4
55 89 458 24 4
56 89 307 5 4
58 89 345 15 4
66 89 446 20 4
78 89 358 9 4
80 89 360 9 4
81 89 400 53 4
82 89 330 3 4
104 89 478 36 4
113 89 402 11 4
115 89 376 8 4
118 89 438 41 4
120 89 311 18 4
121 89 372 6 4
125 89 402 7 4
89 95 354 3 4
89 96 481 34 4
9 90 584 41 4
10 90 508 14 4
11 90 556 18 4
12 90 522 14 4
18 90 523 21 4
20 90 632 73 4
21 90 554 46 4
22 90 529 37 4
23 90 545 21 4
24 90 500 6 4
26 90 580 61 4
30 90 626 64 4
36 90 556 56 4
39 90 607 68 4
46 90 580 29 4
48 90 549 7 4
52 90 515 15 4
54 90 571 12 4
56 90 494 2 4
58 90 546 5 4
62 90 603 37 4
78 90 535 11 4
80 90 537 11 4
82 90 499 9 4
89 90 609 53 4
107 90 645 71 4
115 90 559 7 4
118 90 603 49 4
120 90 524 2 4
121 90 535 15 4
125 90 579 9 4
90 91 558 7 4
90 95 513 14 4
1 91 323 20 4
9 91 316 13 4
10 91 202 5 4
11 91 252 8 4
12 91 214 6 4
15 91 386 17 4
18 91 225 8 4
21 91 302 10 4
22 91 273 3 4
23 91 259 2 4
24 91 186 1 4
28 91 337 7 4
34 91 296 10 4
38 91 289 7 4
46 91 300 7 4
48 91 233 3 4
50 91 268 5 4
52 91 201 10 4
54 91 265 3 4
56 91 162 6 4
57 91 337 7 4
58 91 212 10 4
62 91 331 11 4
66 91 317 13 4
78 91 229 2 4
80 91 221 7 4
82 91 187 3 4
111 91 257 3 4
113 91 273 4 4
115 91 233 8 4
120 91 190 7 4
121 91 227 7 4
125 91 257 8 4
91 93 265 5 4
91 95 207 5 4
8 92 410 24 4
10 92 338 5 4
12 92 340 11 4
16 92 497 43 4
18 92 341 18 4
21 92 428 15 4
23 92 373 13 4
24 92 320 2 4
36 92 442 19 4
38 92 409 15 4
42 92 450 26 4
44 92 438 24 4
46 92 410 20 4
48 92 369 3 4
50 92 388 13 4
52 92 351 3 4
54 92 365 21 4
56 92 292 9 4
58 92 348 10 4
62 92 401 44 4
74 92 489 46 4
78 92 357 6 4
79 92 444 37 4
80 92 351 10 4
82 92 313 8 4
91 92 370 7 4
111 92 385 7 4
112 92 492 48 4
113 92 383 17 4
115 92 361 12 4
119 92 475 32 4
120 92 340 0 4
121 92 375 1 4
125 92 399 5 4
92 95 341 6 4
92 96 472 35 4
10 93 229 5 4
11 93 287 4 4
12 93 245 4 4
18 93 262 3 4
21 93 325 12 4
22 93 280 13 4
23 93 280 5 4
24 93 201 7 4
27 93 366 27 4
28 93 338 20 4
34 93 329 7 4
36 93 347 12 4
44 93 337 20 4
46 93 311 15 4
48 93 256 5 4
50 93 269 18 4
52 93 246 1 4
54 93 260 19 4
56 93 193 4 4
58 93 237 11 4
66 93 348 11 4
78 93 258 1 4
80 93 242 10 4
82 93 216 2 4
88 93 449 30 4
91 93 265 5 4
111 93 276 7 4
113 93 292 8 4
115 93 274 1 4
120 93 231 0 4
121 93 254 7 4
125 93 252 24 4
93 95 234 5 4
93 97 391 21 4
1 94 488 37 4
8 94 479 21 4
10 94 407 2 4
11 94 439 14 4
12 94 407 9 4
16 94 562 42 4
18 94 428 6 4
23 94 434 14 4
24 94 375 6 4
37 94 514 59 4
38 94 448 27 4
46 94 477 18 4
48 94 424 7 4
52 94 420 0 4
54 94 450 10 4
56 94 359 7 4
62 94 434 59 4
69 94 494 51 4
78 94 424 4 4
80 94 418 8 4
82 94 370 11 4
112 94 519 66 4
113 94 452 14 4
120 94 395 4 4
94 95 398 9 4
94 98 479 37 4
9 95 295 8 4
10 95 169 6 4
11 95 227 5 4
12 95 193 1 4
14 95 343 10 4
18 95 200 5 4
22 95 236 6 4
23 95 224 4 4
24 95 147 5 4
26 95 317 15 4
27 95 344 9 4
28 95 306 7 4
36 95 297 8 4
38 95 260 6 4
39 95 364 12 4
42 95 315 10 4
44 95 305 7 4
46 95 263 10 4
48 95 204 2 4
50 95 239 4 4
52 95 186 2 4
54 95 234 3 4
56 95 131 6 4
58 95 193 4 4
61 95 416 18 4
78 95 186 8 4
80 95 196 4 4
81 95 312 10 4
82 95 156 3 4
84 95 332 8 4
91 95 207 5 4
93 95 234 5 4
111 95 226 3 4
113 95 236 7 4
115 95 212 3 4
118 95 322 12 4
119 95 350 11 4
120 95 169 2 4
121 95 202 4 4
125 95 230 6 4
8 96 386 47 4
9 96 432 34 4
10 96 350 10 4
11 96 416 5 4
12 96 366 9 4
16 96 513 46 4
18 96 371 14 4
23 96 399 11 4
24 96 332 7 4
28 96 455 27 4
29 96 482 44 4
36 96 462 20 4
38 96 429 16 4
39 96 481 48 4
48 96 391 3 4
50 96 410 13 4
52 96 359 10 4
54 96 407 11 4
56 96 324 4 4
58 96 364 13 4
59 96 552 50 4
62 96 457 27 4
78 96 389 1 4
80 96 343 25 4
82 96 345 3 4
89 96 481 34 4
91 96 402 2 4
92 96 472 35 4
93 96 413 10 4
95 96 369 3 4
111 96 407 7 4
113 96 423 8 4
115 96 373 17 4
120 96 354 4 4
121 96 397 1 4
129 96 534 47 4
10 97 360 5 4
11 97 388 19 4
12 97 382 1 4
14 97 492 30 4
18 97 397 1 4
21 97 454 13 4
23 97 415 3 4
24 97 332 7 4
27 97 491 30 4
46 97 432 20 4
48 97 383 7 4
52 97 377 1 4
54 97 415 7 4
56 97 328 2 4
58 97 350 20 4
60 97 489 39 4
66 97 433 34 4
78 97 381 5 4
80 97 379 7 4
82 97 337 7 4
87 97 483 65 4
91 97 394 6 4
93 97 391 21 4
95 97 357 9 4
113 97 405 17 4
115 97 395 6 4
120 97 360 1 4
121 97 365 17 4
125 97 373 29 4
130 97 528 41 4
97 99 511 53 4
8 98 404 12 4
10 98 312 3 4
11 98 352 11 4
12 98 320 6 4
18 98 333 7 4
21 98 400 14 4
23 98 357 6 4
24 98 272 11 4
28 98 425 16 4
34 98 400 11 4
48 98 343 1 4
50 98 366 9 4
52 98 317 5 4
54 98 359 9 4
56 98 276 2 4
57 98 417 20 4
58 98 308 15 4
62 98 427 16 4
69 98 437 33 4
78 98 329 5 4
80 98 329 6 4
82 98 295 2 4
91 98 344 5 4
93 98 367 7 4
94 98 479 37 4
95 98 319 2 4
111 98 277 46 4
113 98 361 13 4
115 98 349 3 4
119 98 455 27 4
120 98 302 4 4
121 98 331 8 4
3 99 594 65 4
9 99 493 30 4
10 99 397 13 4
11 99 455 12 4
12 99 427 5 4
15 99 549 41 4
16 99 558 50 4
23 99 458 8 4
24 99 391 4 4
36 99 503 26 4
45 99 560 52 4
48 99 390 30 4
50 99 467 11 4
52 99 420 6 4
54 99 446 18 4
56 99 359 13 4
58 99 429 7 4
60 99 532 44 4
66 99 492 31 4
69 99 520 44 4
78 99 434 5 4
80 99 434 6 4
82 99 388 8 4
83 99 549 42 4
87 99 572 47 4
91 99 445 7 4
93 99 458 14 4
95 99 424 2 4
97 99 511 53 4
111 99 448 13 4
115 99 444 8 4
120 99 409 3 4
121 99 448 2 4
130 99 567 48 4
100 8 547 26 4
100 9 555 32 4
100 11 487 29 4
100 12 481 11 4
100 23 504 18 4
100 24 447 9 4
100 30 575 66 4
100 36 563 29 4
100 48 502 7 4
100 50 529 13 4
100 52 486 6 4
100 54 526 11 4
100 55 566 37 4
100 56 449 1 4
100 58 499 5 4
100 66 560 30 4
100 74 610 56 4
100 78 482 14 4
100 80 504 4 4
100 81 546 47 4
100 82 464 3 4
100 88 619 70 4
100 89 582 43 4
100 93 518 17 4
100 95 484 5 4
100 96 601 41 4
100 98 561 35 4
10 100 485 2 4
100 107 614 63 4
100 111 504 18 4
100 113 522 18 4
100 118 582 36 4
100 120 455 13 4
100 121 510 4 4
100 125 498 26 4
100 129 609 69 4
101 8 667 41 4
101 23 644 23 4
101 24 601 7 4
101 28 660 59 4
101 38 676 27 4
101 42 675 59 4
101 46 671 35 4
101 50 653 26 4
101 52 614 17 4
101 55 636 77 4
101 58 639 10 4
101 78 636 12 4
101 81 670 60 4
101 82 612 4 4
101 91 643 16 4
101 93 638 32 4
101 95 626 9 4
101 102 772 83 4
101 113 658 25 4
101 115 628 24 4
101 120 605 13 4
101 125 648 26 4
101 129 737 80 4
102 8 543 21 4
102 11 493 19 4
102 14 567 45 4
102 18 496 4 4
102 21 525 30 4
102 22 498 22 4
102 23 502 12 4
102 24 433 9 4
102 28 558 28 4
102 37 590 53 4
102 38 510 28 4
102 46 525 26 4
102 48 484 9 4
102 50 517 12 4
102 52 480 2 4
102 54 498 18 4
102 56 433 2 4
102 78 480 8 4
102 80 472 13 4
102 81 556 35 4
102 82 424 16 4
102 85 650 55 4
102 95 458 11 4
10 102 467 4 4
102 111 500 13 4
102 115 482 15 4
102 120 455 6 4
102 121 490 7 4
102 125 514 11 4
102 129 631 51 4
103 12 496 6 4
103 18 507 8 4
103 22 533 14 4
103 23 513 16 4
103 24 458 6 4
103 27 565 55 4
103 36 568 29 4
103 44 558 37 4
103 48 493 14 4
103 52 489 7 4
103 54 523 15 4
103 55 571 37 4
103 56 452 2 4
103 58 494 10 4
103 60 601 45 4
103 78 467 24 4
103 80 509 4 4
103 82 471 2 4
103 83 616 44 4
103 88 642 61 4
103 93 507 25 4
103 95 485 7 4
103 97 578 55 4
103 99 625 58 4
10 103 458 18 4
100 103 667 70 4
103 111 523 11 4
103 115 491 20 4
103 120 480 3 4
103 125 511 22 4
104 8 425 28 4
104 11 409 9 4
104 12 381 2 4
104 18 384 8 4
104 21 449 16 4
104 24 337 5 4
104 28 472 19 4
104 31 545 63 4
104 37 496 48 4
104 42 447 39 4
104 44 471 19 4
104 46 441 16 4
104 48 370 14 4
104 49 607 81 4
104 50 417 10 4
104 52 368 6 4
104 54 418 6 4
104 56 321 6 4
104 58 357 17 4
104 62 472 20 4
104 78 390 1 4
104 80 386 4 4
104 81 474 24 4
104 82 346 3 4
104 87 516 49 4
104 89 478 36 4
104 91 405 1 4
104 93 400 17 4
104 95 372 2 4
104 96 495 35 4
10 104 371 0 4
104 111 406 8 4
104 115 376 16 4
104 120 347 8 4
104 121 370 15 4
104 125 414 9 4
105 17 640 69 4
105 18 625 23 4
105 24 598 10 4
105 29 716 63 4
105 35 743 71 4
105 40 723 122 4
105 50 660 24 4
105 56 588 8 4
105 58 640 11 4
105 65 725 58 4
105 71 704 69 4
105 80 615 25 4
105 82 603 10 4
105 95 619 14 4
10 105 622 10 4
105 120 614 10 4
106 12 567 4 4
106 18 562 14 4
106 19 714 64 4
106 22 572 28 4
106 23 572 20 4
106 24 535 1 4
106 27 656 43 4
106 36 617 38 4
106 48 558 15 4
106 50 589 19 4
106 52 538 16 4
106 54 572 24 4
106 56 503 10 4
106 66 586 53 4
106 78 562 10 4
106 82 526 8 4
106 83 611 80 4
106 91 563 17 4
106 93 594 15 4
106 95 528 19 4
106 99 688 60 4
10 106 523 19 4
106 115 566 16 4
106 120 537 8 4
106 121 566 12 4
106 125 582 20 4
107 6 605 62 4
107 9 469 44 4
107 11 461 11 4
107 12 429 6 4
107 18 452 2 4
107 21 489 24 4
107 22 462 16 4
107 23 464 7 4
107 24 397 3 4
107 38 470 24 4
107 46 475 27 4
107 48 438 8 4
107 52 410 13 4
107 54 454 16 4
107 55 508 35 4
107 56 387 1 4
107 57 500 33 4
107 58 439 4 4
107 60 502 61 4
107 66 494 32 4
107 74 572 44 4
107 75 519 72 4
107 78 436 6 4
107 80 436 7 4
107 81 448 65 4
107 82 408 0 4
107 91 441 11 4
107 93 468 11 4
107 95 412 10 4
10 107 423 2 4
107 115 444 10 4
107 120 403 8 4
107 121 432 12 4
107 125 458 15 4
108 7 668 57 4
108 8 606 50 4
108 9 632 47 4
108 11 612 20 4
108 24 562 5 4
108 25 690 67 4
108 26 660 51 4
108 45 683 77 4
108 56 554 2 4
108 79 668 49 4
108 80 593 13 4
108 82 551 13 4
108 83 670 68 4
108 91 594 19 4
108 92 672 48 4
108 95 571 15 4
108 96 668 61 4
1 108 663 42 4
10 108 570 13 4
108 112 690 73 4
108 113 623 21 4
108 115 601 16 4
108 118 669 46 4
108 120 578 5 4
108 121 601 12 4
108 124 753 115 4
109 12 615 11 4
109 16 698 80 4
109 18 626 13 4
109 24 595 2 4
109 33 782 101 4
109 34 669 29 4
109 41 798 92 4
109 48 622 14 4
109 55 682 46 4
109 56 579 3 4
109 57 672 45 4
109 74 730 63 4
109 78 598 23 4
109 80 608 19 4
109 82 588 8 4
109 91 619 20 4
109 95 600 14 4
109 114 849 114 4
109 115 610 25 4
109 120 589 13 4
109 121 628 12 4
109 125 624 30 4
110 3 688 79 4
110 12 551 4 4
110 16 620 80 4
110 18 538 18 4
110 21 591 32 4
110 23 570 13 4
110 24 509 6 4
110 29 641 52 4
110 46 575 36 4
110 52 536 9 4
110 56 503 2 4
110 57 586 49 4
110 58 529 18 4
110 78 546 10 4
110 80 506 31 4
110 82 516 5 4
110 84 610 51 4
110 91 565 8 4
110 93 550 29 4
110 95 534 8 4
110 98 601 43 4
10 110 525 10 4
11 110 579 11 4
110 111 560 18 4
110 113 528 43 4
110 115 552 15 4
110 116 711 95 4
110 120 525 6 4
110 121 546 14 4
111 12 229 6 4
111 18 242 7 4
111 21 327 5 4
111 22 288 3 4
111 23 270 4 4
111 24 193 5 4
111 26 357 18 4
111 34 311 10 4
111 44 335 15 4
111 48 252 1 4
111 50 289 2 4
111 52 222 7 4
111 54 276 5 4
111 56 177 6 4
111 57 336 15 4
111 58 225 11 4
111 66 340 9 4
111 69 372 20 4
111 78 238 5 4
111 80 240 5 4
111 82 206 1 4
111 91 257 3 4
111 93 276 7 4
111 95 226 3 4
111 98 277 46 4
10 111 223 2 4
11 111 277 3 4
111 113 286 5 4
111 115 258 3 4
111 119 364 27 4
111 120 211 4 4
111 121 250 3 4
111 125 276 6 4
112 8 470 28 4
112 9 496 25 4
112 12 410 10 4
112 18 415 15 4
112 24 374 9 4
112 48 443 0 4
112 50 438 22 4
112 52 379 23 4
112 54 447 14 4
112 55 483 42 4
112 56 370 4 4
112 58 430 3 4
112 62 483 37 4
112 70 619 83 4
112 78 433 2 4
112 80 435 2 4
112 82 389 4 4
112 91 444 4 4
112 92 492 48 4
112 94 519 66 4
112 95 403 9 4
10 112 406 5 4
111 112 455 6 4
112 113 443 21 4
112 115 431 11 4
112 120 402 3 4
112 121 421 12 4
112 127 600 78 4
113 9 351 12 4
113 12 255 2 4
113 17 361 10 4
113 18 268 3 4
113 21 335 10 4
113 22 298 7 4
113 23 288 4 4
113 24 213 4 4
113 29 409 18 4
113 34 329 10 4
113 44 365 9 4
113 48 260 6 4
113 50 281 15 4
113 52 246 4 4
113 54 294 5 4
113 56 203 2 4
113 58 259 3 4
113 69 402 14 4
113 74 438 20 4
113 78 256 5 4
113 80 248 10 4
113 82 218 4 4
113 87 448 20 4
113 91 273 4 4
113 92 383 17 4
113 93 292 8 4
113 95 236 7 4
113 97 405 17 4
113 98 361 13 4
10 113 239 3 4
11 113 289 6 4
110 113 528 43 4
111 113 286 5 4
112 113 443 21 4
113 115 272 5 4
113 120 229 4 4
113 121 258 8 4
113 125 288 9 4
114 12 620 12 4
114 18 637 11 4
114 24 602 2 4
114 28 673 48 4
114 34 668 33 4
114 37 707 72 4
114 38 643 39 4
114 42 694 45 4
114 44 654 57 4
114 46 668 32 4
114 52 619 10 4
114 56 564 14 4
114 69 681 67 4
114 78 609 21 4
114 80 617 18 4
114 81 683 49 4
114 82 595 8 4
114 95 611 12 4
1 114 685 48 4
10 114 618 6 4
11 114 640 23 4
111 114 631 25 4
114 115 641 13 4
114 120 606 8 4
114 121 635 12 4
114 128 751 100 4
115 8 291 16 4
115 12 209 9 4
115 15 351 35 4
115 16 398 25 4
115 17 327 11 4
115 18 234 4 4
115 22 268 6 4
115 23 250 7 4
115 24 183 3 4
115 28 328 12 4
115 34 303 7 4
115 47 461 29 4
115 48 216 12 4
115 50 253 13 4
115 52 210 6 4
115 54 270 1 4
115 56 169 3 4
115 58 223 5 4
115 62 332 11 4
115 74 384 31 4
115 78 218 8 4
115 80 220 8 4
115 82 190 2 4
115 91 233 8 4
115 93 274 1 4
115 95 212 3 4
115 96 373 17 4
10 115 207 3 4
11 115 259 5 4
111 115 258 3 4
113 115 272 5 4
115 120 197 4 4
115 121 232 5 4
115 125 268 3 4
116 8 576 33 4
116 12 524 11 4
116 14 612 51 4
116 18 531 15 4
116 21 552 45 4
116 23 545 19 4
116 24 486 11 4
116 29 634 49 4
116 37 603 75 4
116 38 561 31 4
116 46 570 32 4
116 52 525 8 4
116 56 484 5 4
116 58 516 18 4
116 80 529 13 4
116 82 507 3 4
116 95 517 10 4
10 116 526 3 4
11 116 544 22 4
110 116 711 95 4
115 116 535 17 4
116 120 510 7 4
116 121 521 20 4
117 18 795 30 4
117 24 778 12 4
117 25 858 98 4
117 37 829 109 4
117 38 765 76 4
117 45 881 93 4
117 56 762 13 4
117 58 770 38 4
10 117 766 30 4
116 117 924 129 4
118 7 479 24 4
118 8 389 31 4
118 9 431 20 4
118 12 335 10 4
118 18 352 9 4
118 22 352 28 4
118 23 390 1 4
118 24 299 9 4
118 27 458 32 4
118 30 479 40 4
118 34 413 16 4
118 36 437 18 4
118 39 470 39 4
118 44 441 19 4
118 46 425 9 4
118 48 366 1 4
118 50 395 6 4
118 52 342 4 4
118 54 374 13 4
118 55 452 20 4
118 56 297 3 4
118 58 357 2 4
118 69 476 25 4
118 78 340 11 4
118 80 360 2 4
118 81 450 21 4
118 82 318 2 4
118 89 438 41 4
118 91 359 9 4
118 93 398 3 4
118 95 322 12 4
10 118 339 1 4
11 118 383 7 4
111 118 382 5 4
113 118 390 10 4
115 118 370 4 4
118 120 327 3 4
118 121 368 1 4
118 125 398 2 4
119 8 417 30 4
119 12 373 4 4
119 17 463 20 4
119 18 346 25 4
119 23 380 19 4
119 24 327 8 4
119 36 459 20 4
119 44 453 26 4
119 48 378 8 4
119 52 366 5 4
119 54 388 19 4
119 56 313 8 4
119 57 444 31 4
119 58 333 27 4
119 74 514 43 4
119 76 513 41 4
119 78 372 8 4
119 79 447 45 4
119 80 374 8 4
119 82 342 3 4
119 91 393 5 4
119 92 475 32 4
119 93 406 12 4
119 95 350 11 4
119 98 455 27 4
10 119 363 2 4
111 119 364 27 4
115 119 390 7 4
119 120 357 1 4
119 121 374 11 4
119 125 412 8 4
120 8 270 4 4
120 14 334 8 4
120 18 195 1 4
120 22 229 3 4
120 23 215 2 4
120 24 140 2 4
120 28 285 11 4
120 34 262 5 4
120 38 253 3 4
120 46 262 4 4
120 48 181 7 4
120 50 218 8 4
120 52 169 4 4
120 54 225 1 4
120 55 301 9 4
120 56 126 2 4
120 58 186 1 4
120 66 291 4 4
120 69 333 10 4
120 78 185 2 4
120 80 187 2 4
120 81 295 12 4
120 82 145 2 4
120 89 311 18 4
120 91 190 7 4
120 93 231 0 4
120 95 169 2 4
10 120 160 4 4
11 120 212 6 4
12 120 172 5 4
111 120 211 4 4
113 120 229 4 4
115 120 197 4 4
120 121 191 3 4
120 125 221 4 4
120 129 386 20 4
121 8 293 11 4
121 14 345 21 4
121 17 321 10 4
121 18 226 4 4
121 21 295 10 4
121 22 256 8 4
121 23 250 3 4
121 24 171 5 4
121 28 330 7 4
121 36 323 7 4
121 38 290 3 4
121 42 335 12 4
121 44 325 9 4
121 46 291 8 4
121 48 224 4 4
121 50 251 10 4
121 52 200 7 4
121 54 260 2 4
121 55 332 12 4
121 56 157 5 4
121 57 312 16 4
121 58 219 3 4
121 66 322 7 4
121 72 423 24 4
121 78 226 0 4
121 80 224 2 4
121 82 182 2 4
121 87 396 26 4
121 91 227 7 4
121 93 254 7 4
121 95 202 4 4
121 97 365 17 4
121 98 331 8 4
10 121 197 4 4
11 121 239 11 4
12 121 213 3 4
104 121 370 15 4
111 121 250 3 4
113 121 258 8 4
115 121 232 5 4
120 121 191 3 4
121 125 252 7 4
122 18 398 9 4
122 19 566 51 4
122 23 416 11 4
122 24 333 15 4
122 28 476 25 4
122 30 535 35 4
122 38 428 25 4
122 44 485 20 4
122 45 530 49 4
122 48 404 5 4
122 50 421 16 4
122 52 390 3 4
122 53 586 57 4
122 54 422 12 4
122 56 347 1 4
122 57 458 34 4
122 58 361 23 4
122 65 508 39 4
122 66 480 19 4
122 80 406 2 4
122 81 468 35 4
122 82 364 2 4
122 84 484 35 4
122 91 407 8 4
122 93 434 8 4
122 95 380 6 4
122 98 489 20 4
10 122 387 0 4
11 122 411 16 4
12 122 393 4 4
113 122 432 12 4
120 122 365 7 4
121 122 394 11 4
122 125 426 11 4
122 126 552 46 4
123 5 685 66 4
123 8 610 39 4
123 16 661 76 4
123 18 579 14 4
123 24 550 2 4
123 39 671 57 4
123 55 631 49 4
123 58 574 12 4
123 62 625 47 4
123 69 653 55 4
123 78 573 13 4
123 79 646 51 4
123 80 579 11 4
123 89 641 58 4
123 92 610 70 4
123 93 593 24 4
123 95 567 8 4
123 96 664 54 4
10 123 548 15 4
12 123 538 27 4
111 123 581 24 4
112 123 676 71 4
115 123 573 21 4
118 123 641 51 4
121 123 591 8 4
123 125 591 24 4
124 15 667 52 4
124 18 548 22 4
124 23 576 19 4
124 24 531 4 4
124 29 629 67 4
124 34 597 35 4
124 54 570 26 4
124 56 521 2 4
124 58 567 8 4
124 78 568 8 4
124 80 568 9 4
124 82 526 9 4
124 92 615 60 4
124 94 674 62 4
124 95 548 10 4
10 124 537 13 4
12 124 553 12 4
108 124 753 115 4
112 124 659 72 4
113 124 566 33 4
120 124 533 11 4
125 18 266 0 4
125 22 294 5 4
125 23 278 5 4
125 24 201 6 4
125 28 360 8 4
125 34 321 10 4
125 36 347 11 4
125 38 302 13 4
125 46 309 15 4
125 48 256 4 4
125 50 287 8 4
125 52 242 2 4
125 54 292 2 4
125 56 193 3 4
125 57 342 17 4
125 58 243 7 4
125 66 336 16 4
125 78 238 10 4
125 80 248 6 4
125 82 206 6 4
125 91 257 8 4
125 93 252 24 4
125 95 230 6 4
125 97 373 29 4
1 125 366 11 4
10 125 231 3 4
11 125 263 15 4
12 125 247 2 4
111 125 276 6 4
113 125 288 9 4
115 125 268 3 4
120 125 221 4 4
121 125 252 7 4
126 18 450 6 4
126 23 464 10 4
126 24 401 4 4
126 28 518 27 4
126 34 511 13 4
126 42 539 24 4
126 44 521 25 4
126 48 428 16 4
126 52 436 3 4
126 54 474 9 4
126 56 375 10 4
126 58 439 7 4
126 62 536 19 4
126 78 436 9 4
126 80 450 3 4
126 82 398 8 4
126 87 592 42 4
126 91 453 8 4
126 93 476 10 4
126 95 422 8 4
126 98 511 32 4
10 126 433 0 4
11 126 461 14 4
12 126 433 7 4
111 126 448 18 4
113 126 470 16 4
115 126 442 14 4
120 126 425 0 4
121 126 416 23 4
122 126 552 46 4
126 128 634 60 4
127 8 576 25 4
127 14 562 68 4
127 18 529 8 4
127 20 618 70 4
127 21 556 35 4
127 22 547 18 4
127 23 523 22 4
127 24 484 4 4
127 27 611 43 4
127 28 601 27 4
127 34 582 19 4
127 38 567 20 4
127 48 521 11 4
127 50 554 14 4
127 52 497 14 4
127 55 581 43 4
127 56 478 0 4
127 58 520 8 4
127 78 519 9 4
127 80 527 6 4
127 82 495 1 4
127 88 654 66 4
127 91 526 13 4
127 93 549 15 4
10 127 508 4 4
12 127 510 10 4
111 127 539 14 4
112 127 600 78 4
113 127 553 16 4
115 127 539 7 4
120 127 492 8 4
121 127 483 31 4
128 18 498 14 4
128 23 530 9 4
128 24 465 4 4
128 34 541 30 4
128 37 620 49 4
128 38 534 27 4
128 44 577 29 4
128 48 490 17 4
128 52 486 10 4
128 54 528 14 4
128 56 441 9 4
128 58 503 7 4
128 69 596 43 4
128 78 476 21 4
128 79 579 44 4
128 80 502 9 4
128 82 474 2 4
128 86 665 52 4
128 91 505 14 4
128 95 480 11 4
1 128 576 36 4
10 128 491 3 4
11 128 535 9 4
12 128 497 7 4
111 128 518 15 4
114 128 751 100 4
115 128 514 10 4
119 128 610 39 4
120 128 487 1 4
121 128 506 10 4
126 128 634 60 4
129 7 550 35 4
129 8 492 26 4
129 17 512 29 4
129 22 479 11 4
129 23 445 20 4
129 24 404 3 4
129 28 435 69 4
129 30 544 54 4
129 48 445 8 4
129 50 478 11 4
129 52 419 12 4
129 54 469 12 4
129 55 477 54 4
129 56 386 5 4
129 78 433 11 4
129 80 455 1 4
129 82 411 2 4
129 91 460 5 4
129 95 415 12 4
129 96 534 47 4
10 129 414 10 4
12 129 430 9 4
115 129 449 11 4
118 129 521 39 4
120 129 386 20 4
130 3 537 90 4
130 9 442 52 4
130 17 474 39 4
130 19 567 65 4
130 23 451 8 4
130 24 382 5 4
130 26 512 35 4
130 28 483 36 4
130 36 496 26 4
130 38 459 24 4
130 42 506 32 4
130 50 460 11 4
130 52 415 5 4
130 54 453 11 4
130 56 372 3 4
130 58 430 3 4
130 60 479 67 4
130 66 485 31 4
130 71 528 44 4
130 78 435 1 4
130 80 407 16 4
130 81 503 32 4
130 82 395 1 4
130 89 521 37 4
130 91 436 8 4
130 93 447 16 4
130 95 415 3 4
130 97 528 41 4
10 130 404 6 4
11 130 434 19 4
12 130 408 11 4
115 130 437 8 4
120 130 396 6 4
121 130 419 13 4
125 130 451 13 4
