1	11
1	12
1	21
1	34
1	37
1	38
1	79
1	82
1	83
1	91
10	11
10	111
10	113
10	115
10	12
10	120
10	121
10	125
10	17
10	18
10	22
10	23
10	24
10	26
10	27
10	28
10	29
10	38
10	48
10	50
10	52
10	54
10	56
10	58
10	66
10	7
10	78
10	80
10	82
10	83
10	9
10	91
10	93
10	95
100	30
100	88
103	88
104	31
104	37
104	42
104	48
104	8
104	87
105	40
107	60
107	75
107	81
107	9
108	124
11	111
11	113
11	115
11	12
11	120
11	121
11	125
11	18
11	21
11	22
11	23
11	24
11	28
11	38
11	44
11	48
11	50
11	52
11	54
11	56
11	57
11	58
11	62
11	78
11	8
11	80
11	82
11	91
11	93
11	95
11	97
11	98
110	113
111	113
111	115
111	119
111	12
111	120
111	121
111	125
111	18
111	22
111	23
111	24
111	34
111	44
111	48
111	50
111	52
111	54
111	56
111	57
111	58
111	66
111	78
111	80
111	82
111	91
111	93
111	95
111	98
112	113
112	52
112	62
112	70
112	92
112	94
113	115
113	12
113	120
113	121
113	125
113	17
113	18
113	21
113	22
113	23
113	24
113	34
113	48
113	50
113	52
113	54
113	56
113	58
113	69
113	78
113	80
113	82
113	87
113	9
113	91
113	92
113	93
113	95
113	98
114	128
115	12
115	120
115	121
115	125
115	15
115	17
115	18
115	22
115	23
115	24
115	28
115	48
115	50
115	52
115	56
115	58
115	62
115	74
115	78
115	8
115	80
115	82
115	91
115	95
118	12
118	22
118	24
118	27
118	34
118	39
118	7
118	8
118	89
118	95
119	54
119	57
119	58
119	79
119	8
119	95
119	98
12	120
12	121
12	18
12	22
12	23
12	24
12	36
12	38
12	46
12	48
12	50
12	52
12	56
12	58
12	62
12	78
12	8
12	80
12	81
12	82
12	9
12	91
12	92
12	93
12	95
120	121
120	125
120	129
120	14
120	18
120	22
120	23
120	24
120	28
120	34
120	38
120	46
120	48
120	50
120	52
120	55
120	56
120	58
120	78
120	8
120	80
120	81
120	82
120	89
120	91
120	93
120	95
121	125
121	14
121	18
121	21
121	22
121	24
121	36
121	42
121	44
121	46
121	48
121	50
121	52
121	55
121	56
121	57
121	58
121	78
121	8
121	80
121	82
121	87
121	91
121	93
121	95
121	97
122	126
122	19
122	53
122	57
122	58
122	65
122	81
122	84
125	18
125	22
125	24
125	34
125	36
125	38
125	46
125	48
125	50
125	52
125	56
125	57
125	58
125	66
125	78
125	80
125	82
125	91
125	93
125	95
125	97
127	20
129	23
129	28
129	30
129	55
13	4
130	19
130	26
130	3
130	60
130	9
14	21
14	42
14	47
14	69
14	8
14	85
15	16
15	25
15	48
15	66
16	18
16	62
16	92
16	96
17	36
17	43
17	57
17	71
17	79
17	8
17	80
17	9
18	22
18	23
18	24
18	27
18	34
18	38
18	44
18	48
18	50
18	52
18	54
18	56
18	57
18	58
18	62
18	78
18	8
18	80
18	82
18	91
18	93
18	95
19	36
19	84
20	39
20	81
21	22
21	26
21	37
21	46
21	52
21	54
21	56
21	58
21	8
21	82
21	9
21	91
21	98
22	23
22	24
22	34
22	36
22	50
22	52
22	54
22	56
22	57
22	58
22	66
22	78
22	80
22	81
22	82
22	91
22	93
22	95
23	24
23	26
23	28
23	39
23	48
23	50
23	52
23	54
23	56
23	58
23	62
23	7
23	74
23	78
23	8
23	82
23	91
23	92
23	93
23	95
24	28
24	36
24	38
24	44
24	46
24	48
24	50
24	52
24	54
24	55
24	56
24	58
24	66
24	78
24	8
24	80
24	82
24	84
24	91
24	93
24	95
24	98
25	3
25	38
25	66
26	46
26	62
26	68
26	83
26	84
26	9
26	90
26	95
27	34
27	39
27	44
27	46
27	93
28	29
28	36
28	50
28	55
28	80
28	81
28	93
28	95
29	34
29	40
29	7
29	80
3	66
3	83
30	42
30	55
32	74
34	38
34	39
34	48
34	56
34	61
34	68
34	78
34	80
34	82
34	91
34	93
36	46
36	48
36	50
36	52
36	54
36	56
36	58
36	62
36	82
36	83
36	88
36	9
36	93
36	95
37	50
37	8
37	80
37	85
37	94
38	45
38	46
38	53
38	56
38	78
38	80
38	81
38	84
38	89
38	9
38	91
38	95
39	55
39	79
39	81
39	95
39	96
4	7
40	7
42	55
42	86
42	95
44	5
44	56
44	58
44	69
44	78
44	79
44	80
44	89
44	93
44	95
45	47
45	79
45	83
45	85
46	50
46	52
46	54
46	56
46	58
46	62
46	77
46	81
46	82
46	84
46	91
46	93
46	95
48	50
48	52
48	54
48	56
48	57
48	58
48	78
48	8
48	80
48	82
48	91
48	93
48	95
48	99
5	54
5	62
5	79
50	52
50	56
50	58
50	78
50	8
50	80
50	82
50	91
50	93
50	95
50	98
52	54
52	55
52	56
52	57
52	58
52	62
52	78
52	80
52	82
52	91
52	93
52	95
53	60
54	56
54	58
54	62
54	7
54	78
54	79
54	8
54	82
54	83
54	88
54	91
54	92
54	93
54	95
55	66
55	70
55	81
56	58
56	78
56	8
56	80
56	82
56	91
56	93
56	95
57	58
57	76
57	78
57	80
57	91
58	78
58	8
58	80
58	82
58	91
58	93
58	95
58	98
59	96
6	71
6	73
60	66
60	97
60	99
61	84
61	95
62	79
62	82
62	91
62	92
62	94
63	75
63	77
63	78
66	91
66	93
66	97
68	86
69	71
69	85
69	94
69	98
69	99
7	84
7	9
72	87
74	92
75	77
76	78
78	79
78	8
78	80
78	82
78	9
78	91
78	93
78	95
79	8
79	80
79	92
8	80
8	82
8	96
80	82
80	91
80	93
80	95
80	96
81	89
81	9
81	95
82	91
82	93
82	95
87	97
88	93
89	9
89	96
9	91
91	93
91	95
93	95
97	99
