Res1 Res2 NSingle NDouble Method
4 7 344 50 4
7 9 280 29 4
10 7 230 9 4
10 9 204 9 4
11 8 234 9 4
1 11 248 13 4
10 11 156 7 4
12 8 196 14 4
12 9 210 11 4
1 12 226 10 4
10 12 130 6 4
11 12 162 9 4
13 4 444 80 4
14 8 296 25 4
16 5 360 52 4
15 16 325 61 4
17 8 278 18 4
17 9 262 30 4
10 17 214 9 4
18 8 216 9 4
10 18 140 6 4
11 18 168 11 4
12 18 148 7 4
16 18 248 34 4
21 8 255 20 4
21 9 271 16 4
1 21 281 18 4
11 21 219 16 4
14 21 277 34 4
10 22 168 4 4
11 22 204 5 4
12 22 180 3 4
18 22 190 3 4
21 22 231 13 4
23 7 252 18 4
23 8 228 13 4
10 23 162 5 4
11 23 194 8 4
12 23 172 5 4
18 23 176 8 4
22 23 208 4 4
24 8 175 12 4
10 24 109 4 4
11 24 145 5 4
12 24 117 5 4
18 24 129 4 4
22 24 153 4 4
23 24 149 4 4
25 3 380 60 4
15 25 346 50 4
26 9 281 35 4
10 26 229 16 4
21 26 292 25 4
23 26 257 22 4
10 27 230 13 4
18 27 238 19 4
22 27 270 15 4
10 28 209 11 4
11 28 247 11 4
23 28 245 13 4
24 28 198 9 4
29 7 324 36 4
2 29 372 69 4
10 29 234 23 4
28 29 309 35 4
15 33 402 65 4
1 34 243 32 4
18 34 191 16 4
22 34 225 11 4
27 34 291 18 4
29 34 303 24 4
36 9 273 20 4
12 36 211 11 4
17 36 285 19 4
19 36 328 43 4
22 36 245 11 4
24 36 196 6 4
27 36 297 25 4
28 36 280 21 4
37 8 273 47 4
1 37 313 38 4
21 37 296 35 4
38 9 241 20 4
1 38 253 21 4
10 38 185 3 4
11 38 207 11 4
12 38 175 13 4
18 38 193 9 4
24 38 170 3 4
25 38 284 35 4
34 38 238 12 4
37 38 288 28 4
18 39 247 20 4
20 39 350 48 4
23 39 261 23 4
27 39 307 42 4
34 39 278 30 4
40 7 378 54 4
29 40 388 65 4
14 42 295 38 4
19 42 340 45 4
21 42 278 21 4
30 42 315 37 4
17 43 363 71 4
44 5 300 43 4
11 44 234 11 4
18 44 170 34 4
24 44 193 5 4
27 44 290 26 4
34 44 261 14 4
38 45 293 31 4
12 46 197 7 4
21 46 250 16 4
24 46 176 5 4
26 46 278 26 4
27 46 255 35 4
36 46 212 40 4
38 46 246 7 4
14 47 362 59 4
45 47 376 68 4
48 8 221 7 4
4 48 299 25 4
10 48 147 3 4
11 48 177 7 4
12 48 147 8 4
15 48 256 24 4
18 48 163 5 4
23 48 183 5 4
24 48 132 3 4
34 48 210 7 4
36 48 230 7 4
50 8 224 15 4
10 50 158 7 4
11 50 194 8 4
12 50 168 7 4
18 50 180 6 4
21 50 237 8 4
22 50 192 12 4
23 50 200 6 4
24 50 149 4 4
28 50 241 15 4
29 50 284 18 4
36 50 235 14 4
37 50 285 20 4
38 50 221 5 4
46 50 215 13 4
48 50 187 3 4
10 52 127 5 4
11 52 167 4 4
12 52 135 6 4
18 52 153 2 4
21 52 198 10 4
22 52 163 9 4
23 52 175 1 4
24 52 118 2 4
36 52 214 7 4
46 52 192 7 4
48 52 144 7 4
50 52 171 3 4
38 53 315 48 4
54 7 255 20 4
54 8 239 11 4
5 54 291 28 4
10 54 169 5 4
11 54 211 3 4
18 54 193 3 4
21 54 242 9 4
22 54 197 13 4
23 54 199 10 4
24 54 148 8 4
30 54 285 22 4
36 54 226 22 4
46 54 232 8 4
48 54 190 5 4
52 54 176 4 4
24 55 204 7 4
28 55 286 23 4
30 55 301 41 4
39 55 304 32 4
42 55 296 22 4
52 55 214 12 4
56 8 170 8 4
10 56 98 3 4
11 56 132 5 4
12 56 106 4 4
18 56 116 4 4
21 56 173 6 4
22 56 140 4 4
23 56 134 5 4
24 56 81 4 4
27 56 204 12 4
34 56 169 3 4
36 56 181 7 4
38 56 155 4 4
42 56 201 5 4
44 56 174 8 4
46 56 161 6 4
48 56 115 5 4
50 56 138 3 4
52 56 101 4 4
54 56 133 9 4
57 7 305 20 4
11 57 245 11 4
17 57 283 23 4
18 57 225 12 4
22 57 247 13 4
48 57 226 12 4
52 57 214 10 4
58 8 210 9 4
58 9 220 8 4
10 58 136 5 4
11 58 170 7 4
12 58 144 6 4
18 58 146 10 4
21 58 205 11 4
22 58 186 2 4
23 58 176 5 4
24 58 121 5 4
36 58 217 10 4
44 58 214 9 4
46 58 205 5 4
48 58 153 7 4
50 58 178 4 4
52 58 137 7 4
54 58 177 8 4
56 58 110 4 4
57 58 209 17 4
53 60 341 75 4
34 61 315 35 4
5 62 311 41 4
11 62 239 12 4
12 62 203 16 4
16 62 291 49 4
18 62 195 25 4
21 62 268 19 4
23 62 235 15 4
26 62 298 28 4
36 62 278 19 4
46 62 252 21 4
48 62 228 9 4
52 62 212 9 4
54 62 248 12 4
56 62 187 5 4
10 65 246 13 4
3 66 313 58 4
10 66 210 7 4
15 66 291 42 4
22 66 244 12 4
24 66 193 8 4
25 66 297 45 4
55 66 285 20 4
60 66 295 34 4
26 68 330 45 4
34 68 312 25 4
42 68 324 37 4
57 68 322 33 4
14 69 332 33 4
38 69 273 26 4
44 69 298 27 4
55 70 350 66 4
6 71 358 68 4
17 71 267 55 4
38 71 288 24 4
69 71 321 45 4
6 73 441 125 4
23 74 296 20 4
32 74 362 67 4
62 74 305 42 4
7 75 347 31 4
34 75 316 24 4
63 75 377 68 4
57 76 289 45 4
46 77 313 56 4
63 77 432 72 4
75 77 391 63 4
78 8 209 9 4
78 9 221 7 4
1 78 231 9 4
10 78 143 1 4
11 78 175 4 4
12 78 143 6 4
18 78 151 7 4
22 78 181 4 4
23 78 175 5 4
24 78 124 3 4
34 78 202 7 4
38 78 194 5 4
39 78 254 13 4
44 78 207 12 4
48 78 152 7 4
50 78 181 2 4
52 78 146 2 4
54 78 188 2 4
56 78 111 3 4
57 78 220 11 4
58 78 151 4 4
63 78 311 27 4
76 78 265 15 4
79 8 280 23 4
1 79 298 25 4
5 79 326 43 4
17 79 290 27 4
34 79 279 18 4
39 79 311 34 4
44 79 286 22 4
45 79 318 45 4
54 79 253 19 4
62 79 287 25 4
78 79 227 15 4
1 80 229 9 4
3 80 298 25 4
8 80 209 8 4
10 80 139 2 4
11 80 175 3 4
12 80 149 2 4
17 80 221 11 4
18 80 147 8 4
22 80 179 4 4
24 80 124 2 4
27 80 243 12 4
28 80 222 10 4
29 80 255 18 4
34 80 190 12 4
37 80 264 16 4
38 80 190 6 4
44 80 205 12 4
46 80 198 7 4
48 80 156 4 4
50 80 173 5 4
52 80 146 1 4
56 80 109 3 4
57 80 218 11 4
58 80 143 7 4
78 80 150 3 4
79 80 227 14 4
81 9 281 29 4
12 81 235 12 4
20 81 328 50 4
22 81 265 14 4
28 81 294 27 4
38 81 268 20 4
39 81 314 35 4
46 81 280 19 4
55 81 298 26 4
65 81 325 32 4
78 81 240 11 4
1 82 209 9 4
8 82 193 6 4
10 82 113 5 4
11 82 139 11 4
12 82 129 2 4
18 82 135 4 4
21 82 190 7 4
22 82 159 4 4
23 82 159 2 4
24 82 100 4 4
27 82 231 8 4
34 82 186 4 4
36 82 200 7 4
44 82 197 6 4
46 82 180 6 4
48 82 130 7 4
50 82 157 3 4
52 82 114 7 4
54 82 144 13 4
56 82 81 7 4
58 82 131 3 4
62 82 204 6 4
78 82 132 2 4
80 82 130 2 4
83 9 299 33 4
1 83 303 38 4
3 83 356 62 4
10 83 247 14 4
26 83 330 37 4
36 83 302 32 4
45 83 343 48 4
54 83 286 18 4
79 83 321 33 4
7 84 302 32 4
19 84 337 52 4
24 84 219 8 4
26 84 317 31 4
38 84 269 20 4
46 84 279 20 4
61 84 352 40 4
14 85 358 50 4
37 85 361 59 4
45 85 344 73 4
47 85 410 66 4
69 85 354 53 4
42 86 339 42 4
68 86 383 46 4
5 87 372 46 4
24 87 259 11 4
72 87 356 65 4
36 88 335 38 4
54 88 307 30 4
72 88 390 60 4
89 9 283 30 4
27 89 319 29 4
38 89 268 22 4
44 89 291 24 4
81 89 258 56 4
26 90 398 62 4
30 90 405 69 4
1 91 222 19 4
8 91 224 7 4
9 91 222 12 4
10 91 148 4 4
11 91 176 9 4
12 91 154 6 4
18 91 156 10 4
21 91 209 14 4
22 91 192 4 4
23 91 186 5 4
24 91 135 3 4
34 91 201 13 4
38 91 197 9 4
42 91 241 11 4
46 91 211 7 4
48 91 171 3 4
50 91 186 5 4
52 91 141 10 4
54 91 195 4 4
56 91 114 7 4
57 91 235 9 4
58 91 150 10 4
62 91 227 11 4
66 91 226 11 4
78 91 165 2 4
80 91 155 6 4
82 91 139 4 4
5 92 342 41 4
12 92 240 13 4
16 92 334 43 4
23 92 264 16 4
54 92 267 18 4
62 92 267 41 4
74 92 336 42 4
79 92 298 35 4
10 93 160 7 4
11 93 206 3 4
12 93 174 5 4
18 93 186 4 4
22 93 192 13 4
23 93 202 6 4
24 93 145 7 4
27 93 250 24 4
28 93 243 15 4
34 93 231 7 4
36 93 243 11 4
44 93 218 21 4
46 93 213 15 4
48 93 183 6 4
50 93 188 13 4
52 93 175 2 4
54 93 183 19 4
56 93 136 5 4
58 93 172 8 4
66 93 236 15 4
72 93 306 29 4
78 93 183 2 4
80 93 169 8 4
82 93 161 2 4
88 93 298 32 4
91 93 184 7 4
37 94 348 49 4
62 94 282 52 4
69 94 319 54 4
10 95 124 6 4
11 95 162 6 4
12 95 142 2 4
17 95 220 8 4
18 95 144 6 4
22 95 162 9 4
23 95 164 6 4
24 95 111 5 4
26 95 237 14 4
28 95 217 9 4
36 95 211 8 4
38 95 187 4 4
39 95 247 12 4
42 95 223 10 4
44 95 202 10 4
46 95 189 8 4
48 95 153 2 4
50 95 168 4 4
52 95 135 3 4
54 95 173 5 4
56 95 96 6 4
58 95 140 5 4
61 95 284 17 4
62 95 213 8 4
78 95 131 9 4
80 95 139 4 4
81 95 231 11 4
82 95 121 3 4
91 95 146 7 4
93 95 166 6 4
5 96 350 44 4
8 96 266 43 4
16 96 344 45 4
39 96 307 49 4
52 96 251 12 4
59 96 372 56 4
80 96 245 18 4
89 96 327 32 4
11 97 274 19 4
60 97 327 43 4
66 97 304 31 4
87 97 316 61 4
11 98 235 15 4
12 98 221 8 4
21 98 278 15 4
24 98 196 8 4
26 98 310 23 4
50 98 249 9 4
58 98 215 13 4
68 98 328 29 4
69 98 293 34 4
4 99 386 56 4
10 99 268 17 4
48 99 275 24 4
60 99 347 47 4
69 99 352 42 4
97 99 340 52 4
100 30 386 53 4
100 88 378 76 4
103 88 410 65 4
104 5 345 45 4
104 8 289 30 4
104 31 347 72 4
104 37 338 41 4
104 42 304 35 4
104 48 256 16 4
104 87 339 46 4
104 93 271 19 4
105 40 464 118 4
107 9 322 39 4
107 32 384 63 4
107 60 343 53 4
107 75 345 63 4
107 81 313 57 4
107 90 409 81 4
110 57 382 51 4
110 80 340 29 4
111 12 158 5 4
111 18 164 7 4
111 22 194 4 4
111 23 184 7 4
111 24 133 5 4
111 27 254 14 4
111 34 213 8 4
111 44 218 13 4
111 48 173 3 4
111 50 194 2 4
111 52 151 6 4
111 54 191 7 4
111 56 120 5 4
111 57 229 13 4
111 58 156 8 4
111 66 234 8 4
111 76 268 20 4
111 78 161 5 4
111 80 161 4 4
111 82 145 2 4
111 91 174 4 4
111 93 186 7 4
111 95 156 3 4
111 98 185 34 4
10 111 152 3 4
11 111 190 3 4
112 52 260 22 4
112 62 320 36 4
112 70 402 73 4
112 92 317 53 4
112 94 346 57 4
113 9 245 12 4
113 12 181 4 4
113 17 257 11 4
113 18 187 6 4
113 21 242 9 4
113 22 211 6 4
113 23 207 6 4
113 24 152 6 4
113 34 228 11 4
113 48 186 7 4
113 50 193 13 4
113 52 176 4 4
113 54 210 8 4
113 56 145 3 4
113 58 181 6 4
113 69 281 16 4
113 78 182 5 4
113 80 172 9 4
113 82 158 6 4
113 87 303 20 4
113 91 195 4 4
113 92 273 15 4
113 93 197 12 4
113 95 169 7 4
113 98 252 11 4
10 113 169 5 4
11 113 203 7 4
110 113 360 37 4
111 113 195 5 4
112 113 296 25 4
115 8 206 17 4
115 12 148 10 4
115 15 239 35 4
115 17 236 11 4
115 18 160 9 4
115 22 190 6 4
115 23 186 6 4
115 24 137 3 4
115 28 233 12 4
115 48 157 11 4
115 50 170 14 4
115 52 151 6 4
115 56 122 4 4
115 58 158 7 4
115 62 227 12 4
115 74 282 20 4
115 78 153 9 4
115 80 151 9 4
115 82 143 3 4
115 91 160 11 4
115 95 146 8 4
10 115 150 4 4
11 115 184 6 4
111 115 178 3 4
113 115 189 8 4
116 37 391 76 4
118 7 317 22 4
118 8 271 28 4
118 12 233 11 4
118 22 237 26 4
118 24 212 9 4
118 27 301 34 4
118 34 278 19 4
118 39 306 37 4
118 89 292 37 4
118 95 231 9 4
119 5 355 43 4
119 8 299 28 4
119 33 406 58 4
119 54 282 19 4
119 57 314 28 4
119 58 243 22 4
119 79 299 43 4
119 95 251 13 4
119 98 320 24 4
111 119 247 26 4
120 8 195 5 4
120 14 239 8 4
120 18 141 1 4
120 22 159 4 4
120 23 159 2 4
120 24 102 3 4
120 28 202 10 4
120 34 182 6 4
120 38 174 4 4
120 46 184 4 4
120 48 132 6 4
120 50 149 7 4
120 52 120 4 4
120 55 206 9 4
120 56 89 3 4
120 58 133 2 4
120 60 244 9 4
120 65 245 9 4
120 78 130 3 4
120 80 130 2 4
120 81 220 10 4
120 82 110 2 4
120 89 218 13 4
120 91 135 6 4
120 93 159 3 4
120 95 123 2 4
10 120 115 4 4
11 120 151 5 4
12 120 123 5 4
104 120 240 9 4
111 120 139 5 4
113 120 160 5 4
115 120 137 6 4
121 8 215 13 4
121 14 247 22 4
121 18 163 8 4
121 21 218 11 4
121 22 183 10 4
121 24 134 5 4
121 36 232 9 4
121 42 240 13 4
121 44 229 8 4
121 46 208 10 4
121 48 166 7 4
121 50 173 13 4
121 52 152 6 4
121 55 236 12 4
121 56 121 5 4
121 57 220 18 4
121 58 163 5 4
121 62 236 8 4
121 78 170 1 4
121 80 162 4 4
121 82 144 3 4
121 87 277 23 4
121 91 159 12 4
121 93 179 11 4
121 95 153 5 4
121 97 267 17 4
10 121 149 5 4
11 121 171 13 4
12 121 161 4 4
111 121 179 3 4
113 121 192 7 4
115 121 173 6 4
120 121 140 5 4
122 19 368 49 4
122 24 232 14 4
122 53 391 52 4
122 57 314 29 4
122 58 243 23 4
122 65 343 36 4
122 81 326 33 4
122 84 333 30 4
108 124 475 118 4
125 9 249 11 4
125 18 197 2 4
125 20 306 27 4
125 22 213 6 4
125 24 156 5 4
125 34 230 11 4
125 36 250 11 4
125 38 210 15 4
125 46 222 14 4
125 48 190 6 4
125 50 205 8 4
125 52 180 3 4
125 56 147 3 4
125 57 242 18 4
125 58 185 5 4
125 60 282 19 4
125 66 243 15 4
125 78 170 12 4
125 80 174 9 4
125 82 160 6 4
125 91 183 11 4
125 93 187 18 4
125 95 173 6 4
125 97 269 27 4
10 125 175 3 4
11 125 183 18 4
111 125 193 7 4
113 125 214 7 4
115 125 199 4 4
120 125 164 4 4
121 125 192 8 4
122 126 369 41 4
127 20 417 67 4
114 128 482 97 4
129 23 305 28 4
129 28 284 68 4
129 30 369 51 4
129 55 328 47 4
120 129 278 17 4
130 3 355 81 4
130 9 308 47 4
130 19 373 65 4
130 26 359 41 4
130 60 313 69 4
