Res1 Res2 NSingle NDouble Method
1 106 34 12 4
117 2 14 8 4
119 2 14 6 4
120 2 9 5 4
2 41 16 5 4
15 6 13 6 4
20 6 12 9 4
26 6 15 7 4
54 6 14 3 4
121 6 13 1 4
122 6 13 3 4
64 7 14 9 4
7 85 16 5 4
61 9 21 10 4
10 11 1 0 4
107 11 1 0 4
11 12 1 0 4
11 23 1 0 4
11 48 1 0 4
11 52 1 0 4
11 58 1 0 4
11 78 1 0 4
11 82 1 0 4
11 91 4 0 4
11 93 1 0 4
11 113 2 0 4
11 121 2 0 4
128 13 20 9 4
15 6 13 6 4
15 54 11 3 4
15 60 17 7 4
108 16 23 7 4
17 56 13 3 4
17 86 16 2 4
17 95 13 3 4
100 18 11 5 4
104 18 9 5 4
105 18 9 5 4
110 18 11 5 4
124 18 7 5 4
18 89 10 5 4
18 98 11 5 4
20 6 12 9 4
20 35 16 5 4
20 62 13 8 4
10 22 6 0 4
11 22 5 1 4
12 22 6 0 4
107 22 6 0 4
113 22 7 0 4
121 22 7 0 4
22 23 6 0 4
22 48 6 0 4
22 52 6 0 4
22 58 6 0 4
22 78 6 0 4
22 82 6 0 4
22 93 6 0 4
24 35 12 3 4
24 40 11 4 4
24 46 6 6 4
121 26 14 1 4
32 59 17 8 4
33 46 24 8 4
104 34 11 8 4
108 34 12 7 4
114 34 14 7 4
123 34 14 8 4
121 35 9 1 4
124 35 9 4 4
35 40 5 8 4
35 61 12 6 4
35 62 13 5 4
37 85 13 5 4
37 92 13 9 4
37 96 17 7 4
125 38 22 13 4
38 72 26 12 4
24 40 11 4 4
35 40 5 8 4
100 40 12 5 4
102 40 13 5 4
105 40 10 5 4
109 40 13 5 4
110 40 12 5 4
121 40 10 1 4
124 40 8 5 4
40 88 9 5 4
40 98 12 5 4
2 41 16 5 4
113 41 12 1 4
125 41 16 6 4
111 43 22 6 4
45 59 11 9 4
45 64 13 10 4
45 65 10 13 4
24 46 6 6 4
106 46 6 10 4
49 51 28 14 4
24 50 12 2 4
50 69 12 5 4
50 81 16 6 4
50 85 12 3 4
51 6 23 11 4
54 6 14 3 4
10 54 6 0 4
12 54 6 0 4
15 54 11 3 4
23 54 6 0 4
48 54 6 0 4
52 54 6 0 4
107 54 6 0 4
122 54 9 1 4
54 58 6 0 4
54 60 14 6 4
54 78 6 0 4
54 82 6 0 4
54 93 6 0 4
17 56 13 3 4
56 95 10 1 4
56 99 11 1 4
35 57 16 8 4
40 57 17 8 4
45 59 11 9 4
59 64 12 8 4
54 60 14 6 4
35 61 12 6 4
40 61 11 7 4
20 62 13 8 4
35 62 13 5 4
108 62 7 7 4
114 62 13 5 4
121 62 12 1 4
128 62 13 7 4
129 62 12 7 4
63 76 15 14 4
64 7 14 9 4
45 64 13 10 4
59 64 12 8 4
45 65 10 13 4
59 65 17 7 4
22 66 15 6 4
119 66 18 8 4
50 69 12 5 4
69 85 10 7 4
70 73 31 11 4
70 95 31 5 4
38 72 26 12 4
111 72 12 6 4
125 72 16 8 4
11 73 17 1 4
22 73 18 3 4
125 73 21 6 4
124 74 14 5 4
75 92 9 12 4
15 76 23 5 4
63 76 15 14 4
18 79 12 7 4
100 79 11 8 4
105 79 11 7 4
110 79 11 8 4
124 79 9 7 4
79 88 12 6 4
122 80 19 2 4
80 86 17 4 4
81 85 12 9 4
81 92 10 14 4
18 83 15 5 4
79 83 15 8 4
124 83 14 4 4
83 89 15 5 4
114 84 17 7 4
84 85 17 7 4
84 89 17 7 4
37 85 13 5 4
69 85 10 7 4
75 85 11 7 4
85 92 8 10 4
10 86 7 0 4
12 86 7 0 4
23 86 7 0 4
48 86 7 0 4
52 86 7 0 4
58 86 7 0 4
78 86 7 0 4
82 86 7 0 4
107 86 7 0 4
120 86 11 1 4
86 87 17 5 4
86 93 7 0 4
24 87 18 5 4
86 87 17 5 4
18 88 12 3 4
35 88 12 3 4
85 88 12 3 4
105 88 7 5 4
124 88 5 5 4
88 99 9 3 4
18 89 10 5 4
100 89 9 6 4
110 89 9 6 4
114 89 10 5 4
89 99 9 4 4
34 90 21 11 4
128 90 17 11 4
10 91 3 0 4
11 91 4 0 4
12 91 3 0 4
23 91 3 0 4
48 91 3 0 4
52 91 3 0 4
58 91 3 0 4
78 91 3 0 4
82 91 3 0 4
107 91 3 0 4
113 91 4 0 4
121 91 4 0 4
91 93 3 0 4
85 92 8 10 4
10 95 6 0 4
12 95 6 0 4
17 95 13 3 4
23 95 6 0 4
48 95 6 0 4
52 95 6 0 4
56 95 10 1 4
58 95 6 0 4
78 95 6 0 4
82 95 6 0 4
93 95 6 0 4
107 95 6 0 4
119 95 13 3 4
120 95 10 1 4
95 99 11 1 4
88 98 9 5 4
100 98 8 7 4
104 98 10 5 4
105 98 6 7 4
109 98 3 10 4
110 98 8 7 4
114 98 9 6 4
124 98 8 5 4
98 99 10 4 4
56 99 11 1 4
89 99 9 4 4
95 99 11 1 4
100 99 6 6 4
109 99 7 6 4
110 99 6 6 4
114 99 9 4 4
124 99 8 3 4
100 88 9 5 4
100 99 6 6 4
100 102 5 9 4
100 108 9 5 4
100 109 5 9 4
100 110 0 11 4
100 124 4 7 4
102 88 10 5 4
102 99 11 4 4
100 102 5 9 4
102 105 9 6 4
102 108 8 6 4
102 110 5 9 4
102 114 10 6 4
102 124 5 7 4
104 12 9 0 4
104 18 9 5 4
104 23 9 0 4
104 48 9 0 4
104 52 9 0 4
104 58 9 0 4
104 78 9 0 4
104 82 9 0 4
104 93 9 0 4
10 104 9 0 4
104 105 8 5 4
104 107 9 0 4
104 123 9 6 4
104 129 10 6 4
105 12 9 0 4
105 23 9 0 4
105 48 9 0 4
105 52 9 0 4
105 58 9 0 4
105 78 9 0 4
105 82 9 0 4
105 88 7 5 4
105 93 9 0 4
105 99 10 3 4
10 105 9 0 4
102 105 9 6 4
104 105 8 5 4
105 107 9 0 4
105 124 6 5 4
106 24 10 7 4
106 35 16 5 4
106 40 15 6 4
106 46 6 10 4
108 12 8 0 4
108 23 8 0 4
108 48 8 0 4
108 52 8 0 4
108 58 8 0 4
108 62 7 7 4
108 78 8 0 4
108 82 8 0 4
108 93 8 0 4
108 99 9 3 4
10 108 8 0 4
102 108 8 6 4
107 108 8 0 4
108 114 6 6 4
109 88 10 5 4
109 98 3 10 4
109 99 7 6 4
100 109 5 9 4
105 109 7 7 4
108 109 10 5 4
109 110 5 9 4
109 114 8 7 4
109 124 9 5 4
110 88 9 5 4
110 89 9 6 4
110 99 6 6 4
100 110 0 11 4
102 110 5 9 4
108 110 9 5 4
109 110 5 9 4
110 114 9 6 4
110 124 4 7 4
111 12 7 0 4
111 23 7 0 4
111 48 7 0 4
111 52 7 0 4
111 58 7 0 4
111 72 12 6 4
111 78 7 0 4
111 82 7 0 4
111 93 7 0 4
10 111 7 0 4
107 111 7 0 4
111 125 12 5 4
113 12 1 0 4
113 23 1 0 4
113 41 12 1 4
113 48 1 0 4
113 52 1 0 4
113 58 1 0 4
113 78 1 0 4
113 82 1 0 4
113 93 1 0 4
10 113 1 0 4
11 113 2 0 4
107 113 1 0 4
113 121 2 0 4
114 89 10 5 4
114 99 9 4 4
108 114 6 6 4
109 114 8 7 4
114 128 6 9 4
114 129 3 10 4
115 124 16 5 4
117 2 14 8 4
117 119 14 8 4
117 120 13 5 4
108 118 17 5 4
114 118 19 5 4
119 2 14 6 4
119 95 13 3 4
117 119 14 8 4
119 120 11 4 4
120 2 9 5 4
120 23 6 0 4
120 48 6 0 4
120 52 6 0 4
120 58 6 0 4
120 78 6 0 4
120 82 6 0 4
120 86 11 1 4
120 93 6 0 4
120 95 10 1 4
10 120 6 0 4
12 120 6 0 4
107 120 6 0 4
121 23 1 0 4
121 35 9 1 4
121 40 10 1 4
121 48 1 0 4
121 52 1 0 4
121 58 1 0 4
121 62 12 1 4
121 78 1 0 4
121 82 1 0 4
121 93 1 0 4
10 121 1 0 4
11 121 2 0 4
12 121 1 0 4
107 121 1 0 4
113 121 2 0 4
122 6 13 3 4
122 20 15 3 4
122 54 9 1 4
122 60 19 3 4
123 98 13 5 4
104 123 9 6 4
123 128 14 6 4
124 23 7 0 4
124 48 7 0 4
124 52 7 0 4
124 58 7 0 4
124 78 7 0 4
124 82 7 0 4
124 88 5 5 4
124 93 7 0 4
124 99 8 3 4
10 124 7 0 4
11 124 8 0 4
12 124 7 0 4
100 124 4 7 4
102 124 5 7 4
107 124 7 0 4
110 124 4 7 4
113 124 8 0 4
121 124 8 0 4
125 41 16 6 4
125 72 16 8 4
111 125 12 5 4
113 125 14 1 4
126 2 22 5 4
117 126 22 7 4
108 128 6 8 4
114 128 6 9 4
128 129 3 12 4
102 129 9 8 4
104 129 10 6 4
105 129 10 6 4
108 129 5 8 4
109 129 9 8 4
114 129 3 10 4
128 129 3 12 4
