Res1 Res2 NSingle NDouble Method
15 6 13 6 4
20 6 12 9 4
24 40 11 4 4
35 40 5 8 4
2 41 16 5 4
24 46 6 6 4
54 6 14 3 4
15 54 11 3 4
17 56 13 3 4
45 59 11 9 4
54 60 14 6 4
35 61 12 6 4
20 62 13 8 4
35 62 13 5 4
64 7 14 9 4
45 64 13 10 4
59 64 12 8 4
45 65 10 13 4
50 69 12 5 4
38 72 26 12 4
63 76 15 14 4
37 85 13 5 4
69 85 10 7 4
86 87 17 5 4
18 89 10 5 4
11 91 4 0 4
85 92 8 10 4
17 95 13 3 4
56 95 10 1 4
56 99 11 1 4
89 99 9 4 4
95 99 11 1 4
100 99 6 6 4
100 102 5 9 4
104 18 9 5 4
105 88 7 5 4
102 105 9 6 4
104 105 8 5 4
106 46 6 10 4
108 62 7 7 4
102 108 8 6 4
109 98 3 10 4
109 99 7 6 4
100 109 5 9 4
110 89 9 6 4
110 99 6 6 4
100 110 0 11 4
102 110 5 9 4
109 110 5 9 4
111 72 12 6 4
113 41 12 1 4
11 113 2 0 4
114 89 10 5 4
114 99 9 4 4
108 114 6 6 4
109 114 8 7 4
117 2 14 8 4
119 2 14 6 4
119 95 13 3 4
117 119 14 8 4
120 2 9 5 4
120 86 11 1 4
120 95 10 1 4
121 35 9 1 4
121 40 10 1 4
121 62 12 1 4
11 121 2 0 4
113 121 2 0 4
122 6 13 3 4
122 54 9 1 4
104 123 9 6 4
124 88 5 5 4
124 99 8 3 4
100 124 4 7 4
102 124 5 7 4
110 124 4 7 4
125 41 16 6 4
125 72 16 8 4
111 125 12 5 4
114 128 6 9 4
104 129 10 6 4
114 129 3 10 4
128 129 3 12 4
