Res1 Res2 NSingle NDouble Method
20 6 5 9 4
11 22 3 1 4
35 40 4 5 4
24 46 1 6 4
40 57 9 7 4
45 59 6 6 4
54 60 8 4 4
40 61 5 6 4
64 7 6 9 4
45 64 5 8 4
59 64 7 6 4
45 65 6 8 4
63 76 7 11 4
37 85 7 5 4
75 85 4 7 4
81 85 3 8 4
11 91 3 0 4
37 92 7 6 4
75 92 4 8 4
81 92 5 8 4
85 92 2 8 4
17 95 10 3 4
100 99 4 4 4
100 102 2 6 4
105 88 5 3 4
104 105 4 4 4
106 24 5 6 4
106 46 4 6 4
109 98 0 9 4
110 99 4 4 4
100 110 0 7 4
102 110 2 6 4
113 91 3 0 4
11 113 2 0 4
100 114 3 6 4
102 114 3 6 4
108 114 3 5 4
110 114 3 6 4
119 2 8 6 4
120 95 8 1 4
121 24 6 1 4
121 46 5 1 4
121 91 3 0 4
11 121 2 0 4
113 121 2 0 4
122 86 6 1 4
124 88 3 3 4
100 124 3 4 4
102 124 3 4 4
105 124 4 3 4
110 124 3 4 4
125 41 10 5 4
111 125 8 4 4
128 98 2 8 4
104 128 3 6 4
109 128 2 8 4
114 128 1 8 4
129 98 2 8 4
104 129 3 6 4
109 129 2 8 4
114 129 1 8 4
128 129 0 9 4
