Res1 Res2 NSingle NDouble Method
119 2 8 6 4
120 2 7 4 4
20 6 5 9 4
45 7 9 7 4
64 7 6 9 4
7 75 9 7 4
7 85 7 7 4
7 92 7 8 4
10 11 1 0 4
107 11 1 0 4
11 12 1 0 4
11 22 3 1 4
11 23 1 0 4
11 48 1 0 4
11 52 1 0 4
11 58 1 0 4
11 78 1 0 4
11 82 1 0 4
11 91 3 0 4
11 93 1 0 4
11 113 2 0 4
11 121 2 0 4
17 56 11 2 4
17 86 11 2 4
17 95 10 3 4
102 18 4 5 4
109 18 6 5 4
114 18 5 5 4
124 18 5 3 4
128 18 6 5 4
129 18 6 5 4
18 98 6 5 4
18 99 6 3 4
20 6 5 9 4
11 22 3 1 4
106 24 5 6 4
121 24 6 1 4
24 46 1 6 4
124 35 5 3 4
35 40 4 5 4
37 75 9 5 4
37 85 7 5 4
37 92 7 6 4
35 40 4 5 4
124 40 5 3 4
40 57 9 7 4
40 61 5 6 4
40 88 6 3 4
113 41 8 1 4
125 41 10 5 4
45 59 6 6 4
45 64 5 8 4
45 65 6 8 4
10 46 6 0 4
12 46 6 0 4
23 46 6 0 4
24 46 1 6 4
106 46 4 6 4
107 46 6 0 4
121 46 5 1 4
46 48 6 0 4
46 52 6 0 4
46 58 6 0 4
46 78 6 0 4
46 82 6 0 4
46 93 6 0 4
10 54 4 0 4
12 54 4 0 4
23 54 4 0 4
48 54 4 0 4
52 54 4 0 4
107 54 4 0 4
54 58 4 0 4
54 60 8 4 4
54 78 4 0 4
54 82 4 0 4
54 93 4 0 4
10 56 4 0 4
12 56 4 0 4
23 56 4 0 4
48 56 4 0 4
52 56 4 0 4
107 56 4 0 4
56 58 4 0 4
56 78 4 0 4
56 82 4 0 4
56 93 4 0 4
35 57 9 7 4
40 57 9 7 4
45 59 6 6 4
59 64 7 6 4
15 60 11 5 4
20 60 11 6 4
54 60 8 4 4
35 61 7 5 4
40 61 5 6 4
108 62 5 4 4
63 76 7 11 4
64 7 6 9 4
45 64 5 8 4
59 64 7 6 4
64 85 9 5 4
45 65 6 8 4
111 72 11 3 4
125 72 13 5 4
22 73 12 3 4
75 85 4 7 4
75 92 4 8 4
63 76 7 11 4
81 85 3 8 4
81 92 5 8 4
37 85 7 5 4
75 85 4 7 4
81 85 3 8 4
85 92 2 8 4
10 86 4 0 4
11 86 5 0 4
12 86 4 0 4
23 86 4 0 4
48 86 4 0 4
52 86 4 0 4
58 86 4 0 4
78 86 4 0 4
80 86 10 3 4
82 86 4 0 4
107 86 4 0 4
113 86 5 0 4
121 86 5 0 4
122 86 6 1 4
86 93 4 0 4
106 87 10 8 4
105 88 5 3 4
124 88 3 3 4
114 89 5 5 4
10 91 2 0 4
11 91 3 0 4
12 91 2 0 4
23 91 2 0 4
48 91 2 0 4
52 91 2 0 4
58 91 2 0 4
78 91 2 0 4
82 91 2 0 4
107 91 2 0 4
113 91 3 0 4
121 91 3 0 4
91 93 2 0 4
37 92 7 6 4
75 92 4 8 4
81 92 5 8 4
85 92 2 8 4
10 95 5 0 4
11 95 6 0 4
12 95 5 0 4
17 95 10 3 4
23 95 5 0 4
48 95 5 0 4
52 95 5 0 4
56 95 7 1 4
58 95 5 0 4
78 95 5 0 4
82 95 5 0 4
93 95 5 0 4
107 95 5 0 4
113 95 6 0 4
120 95 8 1 4
121 95 6 0 4
95 99 8 1 4
100 98 4 6 4
102 98 4 6 4
105 98 3 6 4
108 98 4 5 4
109 98 0 9 4
110 98 4 6 4
128 98 2 8 4
129 98 2 8 4
10 99 5 0 4
12 99 5 0 4
23 99 5 0 4
48 99 5 0 4
52 99 5 0 4
58 99 5 0 4
78 99 5 0 4
82 99 5 0 4
93 99 5 0 4
100 99 4 4 4
107 99 5 0 4
110 99 4 4 4
100 99 4 4 4
100 102 2 6 4
100 108 4 4 4
100 110 0 7 4
100 114 3 6 4
100 124 3 4 4
100 102 2 6 4
102 108 4 4 4
102 110 2 6 4
102 114 3 6 4
102 124 3 4 4
104 11 7 0 4
104 12 6 0 4
104 23 6 0 4
104 48 6 0 4
104 52 6 0 4
104 58 6 0 4
104 78 6 0 4
104 82 6 0 4
104 93 6 0 4
10 104 6 0 4
104 105 4 4 4
104 107 6 0 4
104 108 5 3 4
104 113 7 0 4
104 121 7 0 4
104 128 3 6 4
104 129 3 6 4
105 88 5 3 4
104 105 4 4 4
105 124 4 3 4
106 24 5 6 4
106 46 4 6 4
108 114 3 5 4
109 98 0 9 4
100 109 4 6 4
102 109 4 6 4
105 109 3 6 4
108 109 4 5 4
109 110 4 6 4
109 114 3 7 4
109 128 2 8 4
109 129 2 8 4
110 99 4 4 4
100 110 0 7 4
102 110 2 6 4
108 110 4 4 4
110 114 3 6 4
110 124 3 4 4
111 12 5 0 4
111 23 5 0 4
111 48 5 0 4
111 52 5 0 4
111 58 5 0 4
111 78 5 0 4
111 82 5 0 4
111 93 5 0 4
10 111 5 0 4
11 111 6 0 4
107 111 5 0 4
111 113 6 0 4
111 121 6 0 4
111 125 8 4 4
113 12 1 0 4
113 23 1 0 4
113 48 1 0 4
113 52 1 0 4
113 58 1 0 4
113 78 1 0 4
113 82 1 0 4
113 91 3 0 4
113 93 1 0 4
10 113 1 0 4
11 113 2 0 4
107 113 1 0 4
113 121 2 0 4
100 114 3 6 4
102 114 3 6 4
104 114 4 5 4
108 114 3 5 4
110 114 3 6 4
114 128 1 8 4
114 129 1 8 4
117 2 11 7 4
117 119 9 8 4
119 2 8 6 4
120 23 5 0 4
120 48 5 0 4
120 52 5 0 4
120 58 5 0 4
120 78 5 0 4
120 82 5 0 4
120 86 7 1 4
120 93 5 0 4
120 95 8 1 4
10 120 5 0 4
11 120 6 0 4
12 120 5 0 4
107 120 5 0 4
113 120 6 0 4
120 121 6 0 4
121 23 1 0 4
121 24 6 1 4
121 35 6 1 4
121 40 6 1 4
121 46 5 1 4
121 48 1 0 4
121 52 1 0 4
121 58 1 0 4
121 62 7 1 4
121 78 1 0 4
121 82 1 0 4
121 91 3 0 4
121 93 1 0 4
10 121 1 0 4
11 121 2 0 4
12 121 1 0 4
107 121 1 0 4
113 121 2 0 4
122 23 4 0 4
122 48 4 0 4
122 52 4 0 4
122 54 6 1 4
122 58 4 0 4
122 78 4 0 4
122 82 4 0 4
122 86 6 1 4
122 93 4 0 4
10 122 4 0 4
12 122 4 0 4
107 122 4 0 4
123 128 6 6 4
123 129 6 6 4
124 88 3 3 4
100 124 3 4 4
102 124 3 4 4
105 124 4 3 4
110 124 3 4 4
125 41 10 5 4
111 125 8 4 4
113 125 10 1 4
128 98 2 8 4
100 128 4 6 4
102 128 4 6 4
104 128 3 6 4
108 128 4 5 4
109 128 2 8 4
110 128 4 6 4
114 128 1 8 4
128 129 0 9 4
129 98 2 8 4
100 129 4 6 4
102 129 4 6 4
104 129 3 6 4
108 129 4 5 4
109 129 2 8 4
110 129 4 6 4
114 129 1 8 4
128 129 0 9 4
