Res1 Res2 NSingle NDouble Method
1 59 25 27 4
11 2 20 15 4
2 32 20 15 4
2 98 23 7 4
118 5 13 8 4
5 50 6 19 4
5 91 8 18 4
10 71 10 6 4
10 82 12 6 4
10 84 11 5 4
10 101 8 5 4
10 109 8 5 4
10 114 12 6 4
10 117 8 3 4
10 125 8 4 4
10 126 9 4 4
10 127 9 3 4
11 32 6 22 4
11 85 18 14 4
14 42 17 18 4
13 15 17 12 4
15 27 12 15 4
15 85 17 12 4
102 17 18 11 4
17 67 20 11 4
101 18 8 5 4
109 18 6 6 4
114 18 12 6 4
117 18 2 6 4
123 18 8 4 4
125 18 6 5 4
18 20 8 6 4
18 81 6 7 4
115 19 18 11 4
18 20 8 6 4
101 20 10 6 4
113 20 9 9 4
114 20 12 8 4
115 20 12 7 4
122 20 13 7 4
20 47 10 8 4
20 52 14 9 4
20 81 10 7 4
20 83 14 8 4
114 21 18 11 4
25 77 21 18 4
2 26 20 19 4
11 26 18 20 4
26 32 18 20 4
15 27 12 15 4
27 31 14 15 4
114 28 18 11 4
115 28 16 11 4
28 40 14 17 4
30 73 15 21 4
27 31 14 15 4
11 32 6 22 4
23 36 23 20 4
20 38 10 3 4
107 38 6 2 4
116 38 7 1 4
118 38 8 2 4
119 38 7 1 4
127 38 9 1 4
38 48 0 4 4
38 58 6 2 4
38 65 6 1 4
38 86 6 2 4
38 87 6 2 4
38 93 10 2 4
38 99 9 1 4
28 40 14 17 4
40 43 10 19 4
41 88 23 22 4
28 43 18 15 4
40 43 10 19 4
115 43 16 11 4
120 45 17 9 4
45 89 16 11 4
20 46 16 7 4
122 46 13 10 4
46 62 14 12 4
20 47 10 8 4
100 47 13 7 4
113 47 13 8 4
115 47 12 8 4
47 83 12 10 4
20 48 10 3 4
38 48 0 4 4
107 48 6 2 4
116 48 7 1 4
118 48 8 2 4
119 48 7 1 4
48 58 6 2 4
48 65 6 1 4
48 86 6 2 4
48 87 6 2 4
48 93 10 2 4
5 50 6 19 4
50 61 11 17 4
50 91 12 17 4
54 94 14 15 4
5 57 21 11 4
57 75 16 15 4
20 58 10 4 4
38 58 6 2 4
48 58 6 2 4
103 58 8 3 4
118 58 8 3 4
126 58 9 3 4
58 93 10 3 4
50 61 11 17 4
53 61 15 15 4
46 62 14 12 4
122 62 15 10 4
38 65 6 1 4
48 65 6 1 4
101 65 10 2 4
103 65 6 3 4
106 65 12 3 4
110 65 8 2 4
121 65 7 2 4
123 65 8 2 4
127 65 7 2 4
129 65 8 2 4
65 66 8 2 4
65 86 6 2 4
65 87 6 2 4
110 66 6 5 4
121 66 5 5 4
123 66 6 5 4
127 66 9 3 4
129 66 6 5 4
66 87 8 3 4
66 99 7 4 4
102 67 16 12 4
67 89 18 11 4
53 69 15 15 4
126 69 17 7 4
100 70 13 11 4
70 85 15 14 4
10 71 10 6 4
101 71 12 6 4
105 71 11 7 4
112 71 11 7 4
125 71 12 5 4
72 83 13 12 4
30 73 15 21 4
57 75 16 15 4
78 96 14 18 4
78 79 16 20 4
80 85 20 11 4
18 81 6 7 4
20 81 10 7 4
109 81 8 7 4
114 81 12 8 4
117 81 8 5 4
123 81 10 5 4
125 81 8 6 4
81 84 11 7 4
81 93 10 6 4
24 82 17 11 4
100 82 11 9 4
82 96 16 11 4
20 83 14 8 4
47 83 12 10 4
72 83 13 12 4
10 84 11 5 4
71 84 13 7 4
81 84 11 7 4
82 84 15 7 4
109 84 11 6 4
114 84 13 8 4
120 84 15 7 4
125 84 11 5 4
100 85 12 11 4
18 86 10 2 4
38 86 6 2 4
48 86 6 2 4
58 86 8 2 4
65 86 6 2 4
103 86 10 2 4
107 86 8 2 4
123 86 10 2 4
127 86 9 2 4
86 87 6 3 4
18 87 10 2 4
38 87 6 2 4
48 87 6 2 4
58 87 8 2 4
65 87 6 2 4
66 87 8 3 4
86 87 6 3 4
103 87 10 2 4
107 87 8 2 4
123 87 10 2 4
127 87 9 2 4
23 88 18 21 4
45 89 16 11 4
67 89 18 11 4
5 91 8 18 4
50 91 12 17 4
118 91 17 7 4
5 93 17 7 4
81 93 10 6 4
100 93 11 6 4
118 93 4 7 4
93 99 9 4 4
54 94 14 15 4
78 94 14 19 4
114 94 12 14 4
78 96 14 18 4
82 96 16 11 4
73 97 20 21 4
105 98 11 6 4
112 98 11 6 4
120 98 12 8 4
124 98 13 5 4
128 98 13 6 4
66 99 7 4 4
93 99 9 4 4
109 99 9 4 4
110 99 3 6 4
116 99 6 3 4
118 99 7 4 4
119 99 6 3 4
121 99 2 6 4
123 99 5 5 4
127 99 8 3 4
129 99 3 6 4
100 70 13 11 4
100 82 11 9 4
100 85 12 11 4
100 118 9 6 4
101 18 8 5 4
101 20 10 6 4
101 71 12 6 4
10 101 8 5 4
101 103 8 5 4
101 109 8 6 4
101 110 8 5 4
101 117 6 5 4
101 125 4 7 4
101 129 8 5 4
102 114 13 11 4
103 13 17 6 4
103 58 8 3 4
103 65 6 3 4
101 103 8 5 4
103 106 12 5 4
103 110 8 4 4
103 111 14 5 4
103 129 8 4 4
104 83 16 8 4
104 108 15 8 4
105 47 13 6 4
105 71 11 7 4
105 98 11 6 4
105 112 0 11 4
105 115 13 6 4
105 117 11 3 4
105 128 14 5 4
106 54 14 10 4
107 18 10 2 4
107 38 6 2 4
107 48 6 2 4
107 50 17 6 4
107 58 10 1 4
107 65 8 1 4
107 86 8 2 4
107 87 8 2 4
107 116 9 1 4
107 117 10 1 4
107 118 8 3 4
107 119 9 1 4
107 123 10 2 4
107 127 5 4 4
104 108 15 8 4
108 115 15 8 4
109 18 6 6 4
109 81 8 7 4
109 84 11 6 4
10 109 8 5 4
101 109 8 6 4
109 125 4 7 4
110 66 6 5 4
110 99 3 6 4
101 110 8 5 4
103 110 8 4 4
110 116 7 3 4
110 119 7 3 4
110 121 1 7 4
110 123 6 5 4
110 127 7 4 4
110 129 0 8 4
112 47 13 6 4
112 98 11 6 4
105 112 0 11 4
112 115 13 6 4
112 117 11 3 4
113 20 9 9 4
113 47 13 8 4
114 94 12 14 4
114 115 8 11 4
115 20 12 7 4
115 28 16 11 4
115 43 16 11 4
115 47 12 8 4
114 115 8 11 4
116 38 7 1 4
116 48 7 1 4
116 65 7 1 4
116 66 11 1 4
116 93 11 2 4
116 99 6 3 4
10 116 11 1 4
101 116 11 2 4
103 116 9 2 4
107 116 9 1 4
110 116 7 3 4
116 118 9 2 4
116 119 0 5 4
116 121 6 3 4
116 123 11 1 4
116 125 11 1 4
116 127 10 1 4
116 129 7 3 4
117 18 2 6 4
117 20 10 4 4
117 65 8 1 4
117 81 8 5 4
117 84 11 4 4
10 117 8 3 4
101 117 6 5 4
109 117 8 4 4
114 117 12 5 4
117 125 4 5 4
118 5 13 8 4
118 58 8 3 4
118 93 4 7 4
118 99 7 4 4
100 118 9 6 4
107 118 8 3 4
118 123 8 4 4
118 124 9 5 4
119 38 7 1 4
119 48 7 1 4
119 65 7 1 4
119 66 11 1 4
119 93 11 2 4
119 99 6 3 4
10 119 11 1 4
101 119 11 2 4
103 119 9 2 4
107 119 9 1 4
110 119 7 3 4
116 119 0 5 4
118 119 9 2 4
119 121 6 3 4
119 123 11 1 4
119 125 11 1 4
119 127 10 1 4
119 129 7 3 4
120 49 20 14 4
120 56 19 13 4
120 98 12 8 4
121 65 7 2 4
121 66 5 5 4
121 99 2 6 4
101 121 9 4 4
109 121 9 4 4
110 121 1 7 4
116 121 6 3 4
119 121 6 3 4
121 123 5 5 4
121 127 8 3 4
121 129 1 7 4
122 20 13 7 4
122 46 13 10 4
122 47 15 7 4
118 122 13 5 4
123 18 8 4 4
123 52 16 6 4
123 66 6 5 4
123 81 10 5 4
123 99 5 5 4
110 123 6 5 4
118 123 8 4 4
121 123 5 5 4
123 127 7 4 4
123 129 6 5 4
124 98 13 5 4
100 124 12 6 4
111 124 15 6 4
118 124 9 5 4
120 124 15 6 4
125 18 6 5 4
125 81 8 6 4
125 84 11 5 4
10 125 8 4 4
101 125 4 7 4
109 125 4 7 4
114 125 12 6 4
117 125 4 5 4
126 81 11 5 4
111 126 13 6 4
114 126 13 6 4
127 18 9 3 4
127 66 9 3 4
127 99 8 3 4
10 127 9 3 4
101 127 9 4 4
103 127 9 3 4
107 127 5 4 4
110 127 7 4 4
118 127 9 3 4
120 127 13 5 4
121 127 8 3 4
123 127 7 4 4
127 129 7 4 4
128 98 13 6 4
105 128 14 5 4
112 128 14 5 4
129 66 6 5 4
129 99 3 6 4
101 129 8 5 4
103 129 8 4 4
110 129 0 8 4
116 129 7 3 4
119 129 7 3 4
121 129 1 7 4
123 129 6 5 4
127 129 7 4 4
