Res1 Res2 NSingle NDouble Method
2 8 15 0 4
15 2 15 0 4
15 8 14 0 4
19 2 6 5 4
19 8 15 0 4
15 19 15 0 4
23 8 14 0 4
2 23 9 3 4
15 23 10 2 4
19 23 9 3 4
30 8 9 0 4
2 30 10 0 4
13 30 17 1 4
15 30 9 0 4
19 30 10 0 4
23 30 9 0 4
41 8 17 1 4
30 41 14 0 4
53 8 8 0 4
2 53 9 0 4
15 53 8 0 4
19 53 9 0 4
23 53 8 0 4
30 53 3 0 4
41 53 13 0 4
15 59 14 4 4
68 8 14 0 4
2 68 15 0 4
15 68 14 0 4
19 68 15 0 4
23 68 14 0 4
30 68 9 0 4
53 68 8 0 4
56 68 23 4 4
57 71 27 6 4
69 73 25 9 4
15 75 14 1 4
19 75 15 1 4
23 75 16 0 4
30 75 11 0 4
53 75 10 0 4
74 75 20 3 4
77 8 14 0 4
15 77 10 2 4
23 77 10 2 4
30 77 9 0 4
53 77 8 0 4
68 77 10 2 4
15 78 11 3 4
23 78 13 2 4
30 78 12 0 4
53 78 11 0 4
68 78 11 3 4
75 78 17 1 4
77 78 11 3 4
66 80 23 9 4
2 82 16 0 4
8 82 13 1 4
15 82 15 0 4
19 82 16 0 4
23 82 15 0 4
30 82 10 0 4
41 82 18 1 4
53 82 9 0 4
68 82 15 0 4
15 83 5 7 4
30 83 14 0 4
53 83 13 0 4
68 83 17 1 4
77 83 13 3 4
78 83 12 5 4
23 86 18 1 4
68 86 12 4 4
78 86 15 4 4
2 87 18 1 4
19 87 18 1 4
30 87 14 0 4
53 87 13 0 4
62 87 17 7 4
73 87 22 5 4
2 88 12 0 4
8 88 11 0 4
15 88 11 0 4
19 88 12 0 4
23 88 11 0 4
30 88 6 0 4
53 88 5 0 4
66 88 21 3 4
68 88 7 2 4
74 88 19 1 4
75 88 11 1 4
77 88 11 0 4
78 88 12 1 4
82 88 12 0 4
86 88 13 2 4
2 94 10 0 4
8 94 9 0 4
13 94 15 2 4
15 94 9 0 4
19 94 10 0 4
23 94 9 0 4
30 94 4 0 4
41 94 14 0 4
53 94 3 0 4
68 94 9 0 4
75 94 11 0 4
77 94 9 0 4
78 94 12 0 4
82 94 10 0 4
83 94 14 0 4
87 94 14 0 4
88 94 6 0 4
2 96 17 0 4
15 96 10 3 4
19 96 15 1 4
23 96 14 1 4
30 96 11 0 4
53 96 10 0 4
75 96 14 2 4
77 96 14 1 4
78 96 15 2 4
82 96 17 0 4
83 96 15 3 4
88 96 13 0 4
94 96 11 0 4
66 97 18 13 4
101 2 17 0 4
101 15 6 5 4
101 19 15 1 4
101 23 12 2 4
101 30 11 0 4
101 53 10 0 4
101 75 14 2 4
101 77 12 2 4
101 78 13 3 4
101 82 17 0 4
101 83 11 5 4
101 86 16 3 4
101 88 13 0 4
101 94 11 0 4
101 96 12 3 4
102 15 15 1 4
102 30 12 0 4
102 53 9 1 4
102 75 17 1 4
102 78 18 1 4
102 88 14 0 4
102 94 12 0 4
102 96 17 1 4
101 102 17 1 4
106 8 20 3 4
107 8 19 1 4
107 59 23 3 4
108 73 24 11 4
110 2 16 1 4
110 15 15 1 4
110 19 18 0 4
110 23 17 0 4
110 30 12 0 4
110 53 11 0 4
110 74 21 3 4
110 75 15 2 4
110 78 18 1 4
110 82 18 0 4
110 83 20 1 4
110 88 14 0 4
110 94 12 0 4
110 96 17 1 4
101 110 17 1 4
102 110 18 1 4
111 23 16 3 4
111 77 16 3 4
111 78 19 3 4
111 83 17 5 4
111 96 18 3 4
112 2 18 0 4
112 15 11 3 4
112 19 16 1 4
112 23 13 2 4
112 30 12 0 4
112 53 11 0 4
112 74 15 6 4
112 75 11 4 4
112 77 15 1 4
112 78 14 3 4
112 82 18 0 4
112 83 14 4 4
112 86 17 3 4
112 88 14 0 4
112 94 12 0 4
112 96 13 3 4
101 112 9 5 4
111 112 15 5 4
106 113 25 5 4
114 74 16 8 4
114 83 17 5 4
116 15 8 5 4
116 23 14 2 4
116 30 13 0 4
116 53 12 0 4
116 59 20 3 4
116 74 18 5 4
116 75 18 1 4
116 77 14 2 4
116 78 15 3 4
116 83 13 5 4
116 88 15 0 4
116 94 13 0 4
116 96 14 3 4
101 116 8 6 4
102 116 19 1 4
110 116 19 1 4
111 116 16 5 4
112 116 15 3 4
114 116 14 6 4
117 94 17 2 4
118 2 11 1 4
118 8 12 0 4
118 15 12 0 4
118 19 11 1 4
118 23 12 0 4
118 30 7 0 4
118 53 6 0 4
118 57 15 3 4
118 68 12 0 4
118 75 10 2 4
118 77 12 0 4
118 78 15 0 4
118 82 13 0 4
118 88 9 0 4
118 94 7 0 4
118 96 14 0 4
101 118 14 0 4
102 118 15 0 4
110 118 13 1 4
112 118 15 0 4
119 74 21 6 4
119 75 19 3 4
119 78 20 3 4
119 96 19 3 4
111 119 19 6 4
112 119 16 5 4
113 119 24 4 4
120 2 16 0 4
120 8 15 0 4
120 15 9 3 4
120 19 16 0 4
120 23 13 1 4
120 30 10 0 4
120 53 9 0 4
120 68 15 0 4
120 75 15 1 4
120 77 11 2 4
120 78 14 2 4
120 82 16 0 4
120 83 14 3 4
120 88 12 0 4
120 94 10 0 4
120 96 13 2 4
101 120 5 6 4
102 120 14 2 4
110 120 16 1 4
111 120 15 4 4
112 120 10 4 4
114 120 15 4 4
116 120 7 6 4
118 120 13 0 4
121 62 17 8 4
121 73 24 5 4
121 87 16 5 4
121 97 19 8 4
123 8 11 1 4
123 15 13 0 4
123 23 13 0 4
123 30 8 0 4
123 41 14 2 4
123 53 7 0 4
123 56 24 3 4
123 68 11 1 4
123 77 13 0 4
123 78 14 1 4
123 82 12 1 4
123 86 17 1 4
123 88 10 0 4
123 94 8 0 4
118 123 11 0 4
124 41 19 6 4
123 124 19 3 4
125 87 27 8 4
126 15 14 4 4
126 74 14 9 4
126 75 16 4 4
126 83 15 6 4
101 126 14 5 4
112 126 17 4 4
114 126 14 8 4
116 126 20 3 4
120 126 17 3 4
128 70 23 6 4
128 77 14 3 4
101 128 16 3 4
111 128 22 3 4
116 128 18 3 4
120 128 15 3 4
1 131 0 31 4
132 2 0 8 4
132 8 15 0 4
132 15 15 0 4
132 19 6 5 4
132 23 9 3 4
132 30 10 0 4
132 53 9 0 4
132 68 15 0 4
132 82 16 0 4
132 87 18 1 4
132 88 12 0 4
132 94 10 0 4
132 96 17 0 4
101 132 17 0 4
110 132 16 1 4
118 132 11 1 4
120 132 16 0 4
133 3 0 45 4
134 4 0 42 4
135 5 0 34 4
136 6 0 25 4
137 7 0 39 4
138 2 15 0 4
138 8 0 7 4
138 15 14 0 4
138 19 15 0 4
138 23 14 0 4
138 30 9 0 4
138 41 17 1 4
138 53 8 0 4
138 68 14 0 4
138 77 14 0 4
138 82 13 1 4
138 88 11 0 4
138 94 9 0 4
106 138 20 3 4
107 138 19 1 4
118 138 12 0 4
120 138 15 0 4
123 138 11 1 4
132 138 15 0 4
139 9 0 26 4
10 140 0 38 4
11 141 0 65 4
12 142 0 46 4
143 30 17 1 4
143 94 15 2 4
13 143 0 17 4
14 144 0 40 4
145 2 15 0 4
145 8 14 0 4
145 15 0 7 4
145 19 15 0 4
145 23 10 2 4
145 30 9 0 4
145 53 8 0 4
145 59 14 4 4
145 68 14 0 4
145 75 14 1 4
145 77 10 2 4
145 78 11 3 4
145 82 15 0 4
145 83 5 7 4
145 88 11 0 4
145 94 9 0 4
145 96 10 3 4
101 145 6 5 4
102 145 15 1 4
110 145 15 1 4
111 145 12 5 4
112 145 11 3 4
116 145 8 5 4
118 145 12 0 4
120 145 9 3 4
123 145 13 0 4
126 145 14 4 4
132 145 15 0 4
138 145 14 0 4
146 16 0 47 4
147 17 0 28 4
148 18 0 33 4
149 2 6 5 4
149 8 15 0 4
149 15 15 0 4
149 19 0 8 4
149 23 9 3 4
149 30 10 0 4
149 53 9 0 4
149 68 15 0 4
149 75 15 1 4
149 82 16 0 4
149 87 18 1 4
149 88 12 0 4
149 94 10 0 4
149 96 15 1 4
101 149 15 1 4
110 149 18 0 4
112 149 16 1 4
118 149 11 1 4
120 149 16 0 4
132 149 6 5 4
138 149 15 0 4
145 149 15 0 4
150 20 0 26 4
151 21 0 28 4
152 22 0 41 4
153 2 9 3 4
153 8 14 0 4
153 19 9 3 4
153 23 0 7 4
153 30 9 0 4
153 53 8 0 4
153 68 14 0 4
153 75 16 0 4
153 77 10 2 4
153 78 13 2 4
153 82 15 0 4
153 86 18 1 4
153 88 11 0 4
153 94 9 0 4
153 96 14 1 4
15 153 10 2 4
101 153 12 2 4
110 153 17 0 4
111 153 16 3 4
112 153 13 2 4
118 153 12 0 4
120 153 13 1 4
123 153 13 0 4
132 153 9 3 4
138 153 14 0 4
145 153 10 2 4
149 153 9 3 4
154 24 0 52 4
155 25 0 34 4
156 26 0 65 4
157 27 0 41 4
158 28 0 26 4
159 29 0 35 4
160 2 10 0 4
160 8 9 0 4
160 19 10 0 4
160 23 9 0 4
160 30 0 2 4
160 41 14 0 4
160 53 3 0 4
160 68 9 0 4
160 75 11 0 4
160 77 9 0 4
160 78 12 0 4
160 82 10 0 4
160 83 14 0 4
160 87 14 0 4
160 88 6 0 4
160 94 4 0 4
160 96 11 0 4
13 160 17 1 4
15 160 9 0 4
101 160 11 0 4
102 160 12 0 4
110 160 12 0 4
112 160 12 0 4
116 160 13 0 4
118 160 7 0 4
120 160 10 0 4
123 160 8 0 4
132 160 10 0 4
138 160 9 0 4
143 160 17 1 4
145 160 9 0 4
149 160 10 0 4
153 160 9 0 4
161 31 0 28 4
162 32 0 32 4
163 33 0 27 4
164 34 0 68 4
165 35 0 43 4
166 36 0 23 4
167 37 0 34 4
168 38 0 31 4
169 39 0 34 4
170 40 0 32 4
171 8 17 1 4
171 30 14 0 4
171 41 0 12 4
171 53 13 0 4
171 82 18 1 4
171 94 14 0 4
123 171 14 2 4
124 171 19 6 4
138 171 17 1 4
160 171 14 0 4
172 42 0 30 4
173 43 0 24 4
174 44 0 40 4
175 45 0 37 4
176 46 0 53 4
177 47 0 49 4
178 48 0 19 4
179 49 0 20 4
180 50 0 24 4
181 51 0 66 4
182 52 0 65 4
183 2 9 0 4
183 8 8 0 4
183 19 9 0 4
183 23 8 0 4
183 30 3 0 4
183 41 13 0 4
183 53 0 1 4
183 68 8 0 4
183 75 10 0 4
183 77 8 0 4
183 78 11 0 4
183 82 9 0 4
183 83 13 0 4
183 87 13 0 4
183 88 5 0 4
183 94 3 0 4
183 96 10 0 4
15 183 8 0 4
101 183 10 0 4
102 183 9 1 4
110 183 11 0 4
112 183 11 0 4
116 183 12 0 4
118 183 6 0 4
120 183 9 0 4
123 183 7 0 4
132 183 9 0 4
138 183 8 0 4
145 183 8 0 4
149 183 9 0 4
153 183 8 0 4
160 183 3 0 4
171 183 13 0 4
184 54 0 28 4
185 55 0 22 4
186 56 0 24 4
186 68 23 4 4
123 186 24 3 4
187 57 0 16 4
118 187 15 3 4
178 187 25 5 4
188 58 0 45 4
189 59 0 15 4
15 189 14 4 4
107 189 23 3 4
116 189 20 3 4
145 189 14 4 4
190 60 0 38 4
192 62 0 19 4
192 87 17 7 4
121 192 17 8 4
193 63 0 34 4
194 64 0 34 4
195 65 0 27 4
