Res1 Res2 NSingle NDouble Method
19 2 6 5 4
2 23 9 3 4
15 23 10 2 4
19 23 9 3 4
13 30 17 1 4
13 35 40 10 4
53 8 8 0 4
15 53 8 0 4
23 53 8 0 4
30 53 3 0 4
48 57 25 5 4
53 68 8 0 4
62 69 28 7 4
48 71 24 9 4
30 73 18 2 4
62 73 25 7 4
69 73 25 9 4
15 75 14 1 4
19 75 15 1 4
15 77 10 2 4
23 77 10 2 4
53 77 8 0 4
68 77 10 2 4
15 78 11 3 4
23 78 13 2 4
68 78 11 3 4
77 78 11 3 4
8 80 21 2 4
66 80 23 9 4
8 82 13 1 4
41 82 18 1 4
59 82 19 2 4
15 83 5 7 4
23 83 15 2 4
75 83 17 2 4
77 83 13 3 4
78 83 12 5 4
32 84 37 12 4
68 86 12 4 4
75 86 18 2 4
77 86 16 2 4
78 86 15 4 4
62 87 17 7 4
73 87 22 5 4
30 88 6 0 4
53 88 5 0 4
66 88 21 3 4
68 88 7 2 4
75 88 11 1 4
78 88 12 1 4
86 88 13 2 4
2 94 10 0 4
8 94 9 0 4
13 94 15 2 4
15 94 9 0 4
19 94 10 0 4
23 94 9 0 4
30 94 4 0 4
53 94 3 0 4
68 94 9 0 4
77 94 9 0 4
82 94 10 0 4
88 94 6 0 4
15 96 10 3 4
19 96 15 1 4
23 96 14 1 4
75 96 14 2 4
77 96 14 1 4
78 96 15 2 4
83 96 15 3 4
66 97 18 13 4
80 97 25 7 4
30 99 20 2 4
36 99 31 7 4
101 15 6 5 4
101 19 15 1 4
101 23 12 2 4
101 75 14 2 4
101 77 12 2 4
101 78 13 3 4
101 83 11 5 4
101 96 12 3 4
102 15 15 1 4
102 53 9 1 4
104 56 31 12 4
106 8 20 3 4
107 59 23 3 4
107 82 18 2 4
108 73 24 11 4
110 2 16 1 4
110 15 15 1 4
110 75 15 2 4
110 96 17 1 4
111 15 12 5 4
111 77 16 3 4
111 83 17 5 4
110 111 21 2 4
112 15 11 3 4
112 19 16 1 4
112 23 13 2 4
112 75 11 4 4
112 78 14 3 4
112 96 13 3 4
101 112 9 5 4
102 112 16 2 4
110 112 16 2 4
106 113 25 5 4
114 2 19 2 4
114 74 16 8 4
114 77 18 2 4
114 83 17 5 4
116 15 8 5 4
116 23 14 2 4
116 74 18 5 4
116 77 14 2 4
116 78 15 3 4
116 83 13 5 4
116 96 14 3 4
101 116 8 6 4
111 116 16 5 4
112 116 15 3 4
117 94 17 2 4
118 2 11 1 4
118 19 11 1 4
118 30 7 0 4
118 53 6 0 4
118 57 15 3 4
118 75 10 2 4
118 88 9 0 4
118 94 7 0 4
110 118 13 1 4
110 119 22 2 4
120 15 9 3 4
120 23 13 1 4
120 75 15 1 4
120 77 11 2 4
120 78 14 2 4
120 83 14 3 4
120 94 10 0 4
120 96 13 2 4
101 120 5 6 4
102 120 14 2 4
112 120 10 4 4
116 120 7 6 4
121 62 17 8 4
121 87 16 5 4
121 97 19 8 4
123 8 11 1 4
123 30 8 0 4
123 41 14 2 4
123 53 7 0 4
123 56 24 3 4
123 68 11 1 4
123 78 14 1 4
123 82 12 1 4
123 94 8 0 4
124 41 19 6 4
123 124 19 3 4
126 75 16 4 4
126 83 15 6 4
101 126 14 5 4
114 126 14 8 4
128 23 16 2 4
128 70 23 6 4
128 77 14 3 4
102 128 19 2 4
120 128 15 3 4
13 130 31 7 4
