Res1 Res2 NSingle NDouble Method
1 53 32 0 4
1 61 31 0 4
1 127 31 0 4
1 131 0 31 4
1 183 32 0 4
1 191 31 0 4
15 2 15 0 4
19 2 6 5 4
101 2 17 0 4
102 2 18 0 4
110 2 16 1 4
112 2 18 0 4
118 2 11 1 4
120 2 16 0 4
123 2 14 0 4
127 2 8 0 4
132 2 0 8 4
138 2 15 0 4
145 2 15 0 4
149 2 6 5 4
153 2 9 3 4
160 2 10 0 4
183 2 9 0 4
191 2 8 0 4
2 8 15 0 4
2 23 9 3 4
2 30 10 0 4
2 53 9 0 4
2 61 8 0 4
2 68 15 0 4
2 75 17 0 4
2 77 15 0 4
2 78 18 0 4
2 82 16 0 4
2 87 18 1 4
2 88 12 0 4
2 94 10 0 4
2 96 17 0 4
133 3 0 45 4
160 3 45 1 4
3 30 45 1 4
134 4 0 42 4
193 4 32 22 4
4 63 32 22 4
135 5 0 34 4
5 68 33 4 4
5 77 33 4 4
30 6 27 0 4
53 6 24 1 4
102 6 27 4 4
123 6 29 1 4
127 6 25 0 4
136 6 0 25 4
160 6 27 0 4
183 6 24 1 4
191 6 25 0 4
6 61 25 0 4
6 68 26 3 4
6 82 25 4 4
6 88 27 1 4
6 94 27 0 4
68 7 36 5 4
137 7 0 39 4
2 8 15 0 4
15 8 14 0 4
19 8 15 0 4
23 8 14 0 4
30 8 9 0 4
41 8 17 1 4
53 8 8 0 4
61 8 7 0 4
68 8 14 0 4
77 8 14 0 4
106 8 20 3 4
107 8 19 1 4
118 8 12 0 4
120 8 15 0 4
123 8 11 1 4
127 8 7 0 4
132 8 15 0 4
138 8 0 7 4
145 8 14 0 4
149 8 15 0 4
153 8 14 0 4
160 8 9 0 4
171 8 17 1 4
183 8 8 0 4
191 8 7 0 4
8 82 13 1 4
8 88 11 0 4
8 94 9 0 4
30 9 28 0 4
53 9 27 0 4
61 9 26 0 4
82 9 26 4 4
87 9 30 4 4
88 9 30 0 4
118 9 29 1 4
127 9 26 0 4
139 9 0 26 4
160 9 28 0 4
183 9 27 0 4
191 9 26 0 4
9 94 28 0 4
10 8 37 4 4
10 68 37 4 4
10 138 37 4 4
10 140 0 38 4
11 141 0 65 4
12 142 0 46 4
13 8 22 1 4
123 13 21 1 4
127 13 17 0 4
13 30 17 1 4
13 53 18 0 4
13 61 17 0 4
13 68 22 1 4
13 77 22 1 4
13 88 21 0 4
13 94 15 2 4
13 138 22 1 4
13 143 0 17 4
13 160 17 1 4
13 183 18 0 4
13 191 17 0 4
14 144 0 40 4
15 2 15 0 4
15 8 14 0 4
101 15 6 5 4
102 15 15 1 4
110 15 15 1 4
112 15 11 3 4
116 15 8 5 4
118 15 12 0 4
120 15 9 3 4
123 15 13 0 4
126 15 14 4 4
127 15 7 0 4
132 15 15 0 4
138 15 14 0 4
145 15 0 7 4
149 15 15 0 4
15 19 15 0 4
15 23 10 2 4
15 30 9 0 4
15 53 8 0 4
15 59 14 4 4
15 61 7 0 4
15 68 14 0 4
15 75 14 1 4
15 77 10 2 4
15 78 11 3 4
15 82 15 0 4
15 83 5 7 4
15 88 11 0 4
15 94 9 0 4
15 96 10 3 4
15 153 10 2 4
15 160 9 0 4
15 183 8 0 4
15 189 14 4 4
15 191 7 0 4
146 16 0 47 4
116 17 31 4 4
120 17 30 3 4
128 17 27 7 4
147 17 0 28 4
148 18 0 33 4
18 68 32 4 4
19 2 6 5 4
19 8 15 0 4
15 19 15 0 4
101 19 15 1 4
102 19 18 0 4
110 19 18 0 4
112 19 16 1 4
118 19 11 1 4
120 19 16 0 4
123 19 14 0 4
127 19 8 0 4
132 19 6 5 4
138 19 15 0 4
145 19 15 0 4
149 19 0 8 4
153 19 9 3 4
160 19 10 0 4
183 19 9 0 4
19 23 9 3 4
19 30 10 0 4
19 53 9 0 4
19 61 8 0 4
19 68 15 0 4
19 75 15 1 4
19 77 15 0 4
19 78 18 0 4
19 82 16 0 4
19 87 18 1 4
19 88 12 0 4
19 94 10 0 4
19 96 15 1 4
19 191 8 0 4
2 20 28 3 4
15 20 25 4 4
19 20 26 4 4
101 20 29 3 4
112 20 22 7 4
127 20 26 0 4
132 20 28 3 4
145 20 25 4 4
149 20 26 4 4
150 20 0 26 4
153 20 27 3 4
160 20 28 0 4
183 20 27 0 4
191 20 26 0 4
20 23 27 3 4
20 30 28 0 4
20 53 27 0 4
20 61 26 0 4
20 75 29 3 4
20 78 26 5 4
20 83 22 8 4
20 94 28 0 4
20 96 29 3 4
101 21 31 3 4
112 21 32 3 4
118 21 27 3 4
127 21 28 0 4
151 21 0 28 4
183 21 29 0 4
187 21 28 8 4
191 21 28 0 4
21 53 29 0 4
21 57 28 8 4
21 61 28 0 4
21 82 28 4 4
21 96 29 4 4
22 8 40 4 4
127 22 41 0 4
138 22 40 4 4
152 22 0 41 4
191 22 41 0 4
22 61 41 0 4
23 8 14 0 4
2 23 9 3 4
15 23 10 2 4
19 23 9 3 4
101 23 12 2 4
102 23 17 0 4
110 23 17 0 4
111 23 16 3 4
112 23 13 2 4
116 23 14 2 4
118 23 12 0 4
120 23 13 1 4
123 23 13 0 4
127 23 7 0 4
132 23 9 3 4
138 23 14 0 4
145 23 10 2 4
149 23 9 3 4
153 23 0 7 4
160 23 9 0 4
183 23 8 0 4
191 23 7 0 4
23 30 9 0 4
23 53 8 0 4
23 61 7 0 4
23 68 14 0 4
23 75 16 0 4
23 77 10 2 4
23 78 13 2 4
23 82 15 0 4
23 86 18 1 4
23 88 11 0 4
23 94 9 0 4
23 96 14 1 4
127 24 52 0 4
154 24 0 52 4
191 24 52 0 4
24 61 52 0 4
155 25 0 34 4
156 26 0 65 4
27 8 42 3 4
19 27 43 3 4
127 27 41 0 4
138 27 42 3 4
149 27 43 3 4
157 27 0 41 4
191 27 41 0 4
27 61 41 0 4
19 28 28 3 4
127 28 26 0 4
149 28 28 3 4
158 28 0 26 4
160 28 28 0 4
183 28 27 0 4
191 28 26 0 4
28 30 28 0 4
28 53 27 0 4
28 61 26 0 4
28 94 28 0 4
15 29 30 6 4
20 29 29 16 4
23 29 34 4 4
112 29 33 6 4
118 29 34 3 4
120 29 31 6 4
145 29 30 6 4
150 29 29 16 4
153 29 34 4 4
159 29 0 35 4
30 8 9 0 4
2 30 10 0 4
13 30 17 1 4
15 30 9 0 4
19 30 10 0 4
23 30 9 0 4
101 30 11 0 4
102 30 12 0 4
110 30 12 0 4
112 30 12 0 4
116 30 13 0 4
118 30 7 0 4
120 30 10 0 4
123 30 8 0 4
127 30 2 0 4
132 30 10 0 4
138 30 9 0 4
143 30 17 1 4
145 30 9 0 4
149 30 10 0 4
153 30 9 0 4
160 30 0 2 4
171 30 14 0 4
183 30 3 0 4
191 30 2 0 4
30 41 14 0 4
30 53 3 0 4
30 61 2 0 4
30 68 9 0 4
30 75 11 0 4
30 77 9 0 4
30 78 12 0 4
30 82 10 0 4
30 83 14 0 4
30 87 14 0 4
30 88 6 0 4
30 94 4 0 4
30 96 11 0 4
15 31 29 3 4
30 31 28 1 4
114 31 27 8 4
126 31 23 10 4
127 31 28 0 4
145 31 29 3 4
160 31 28 1 4
161 31 0 28 4
183 31 29 0 4
191 31 28 0 4
31 53 29 0 4
31 61 28 0 4
31 83 28 6 4
102 32 30 6 4
127 32 32 0 4
128 32 33 6 4
162 32 0 32 4
183 32 31 1 4
191 32 32 0 4
32 53 31 1 4
32 61 32 0 4
15 33 26 4 4
101 33 28 4 4
114 33 22 10 4
116 33 26 6 4
126 33 26 8 4
127 33 27 0 4
145 33 26 4 4
163 33 0 27 4
191 33 27 0 4
33 61 27 0 4
33 74 26 9 4
33 83 25 7 4
164 34 0 68 4
165 35 0 43 4
35 94 43 1 4
30 36 21 2 4
118 36 28 0 4
127 36 23 0 4
128 36 26 5 4
160 36 21 2 4
166 36 0 23 4
183 36 24 0 4
191 36 23 0 4
36 53 24 0 4
36 61 23 0 4
36 86 28 4 4
36 94 25 0 4
15 37 33 4 4
19 37 34 4 4
23 37 33 4 4
145 37 33 4 4
149 37 34 4 4
153 37 33 4 4
167 37 0 34 4
114 38 30 8 4
126 38 28 9 4
168 38 0 31 4
38 74 32 8 4
15 39 31 5 4
23 39 31 5 4
101 39 31 6 4
112 39 32 6 4
120 39 30 6 4
145 39 31 5 4
153 39 31 5 4
169 39 0 34 4
170 40 0 32 4
183 40 31 1 4
40 53 31 1 4
40 87 32 6 4
40 88 30 3 4
41 8 17 1 4
2 41 20 0 4
15 41 19 0 4
19 41 20 0 4
23 41 19 0 4
30 41 14 0 4
102 41 20 1 4
118 41 17 0 4
120 41 20 0 4
123 41 14 2 4
124 41 19 6 4
127 41 12 0 4
132 41 20 0 4
138 41 17 1 4
145 41 19 0 4
149 41 20 0 4
153 41 19 0 4
160 41 14 0 4
171 41 0 12 4
183 41 13 0 4
191 41 12 0 4
41 53 13 0 4
41 61 12 0 4
41 68 19 0 4
41 77 19 0 4
41 82 18 1 4
41 88 16 0 4
41 94 14 0 4
15 42 29 4 4
30 42 30 1 4
127 42 30 0 4
128 42 31 6 4
145 42 29 4 4
160 42 30 1 4
172 42 0 30 4
191 42 30 0 4
42 61 30 0 4
42 83 30 6 4
15 43 23 4 4
30 43 26 0 4
101 43 25 4 4
112 43 28 3 4
116 43 29 3 4
118 43 27 1 4
127 43 24 0 4
145 43 23 4 4
160 43 26 0 4
173 43 0 24 4
183 43 25 0 4
191 43 24 0 4
43 53 25 0 4
43 61 24 0 4
43 83 28 4 4
43 88 28 0 4
43 94 26 0 4
43 96 25 4 4
174 44 0 40 4
175 45 0 37 4
176 46 0 53 4
177 47 0 49 4
48 8 24 1 4
2 48 25 1 4
23 48 24 1 4
30 48 21 0 4
112 48 27 1 4
118 48 22 1 4
123 48 23 1 4
127 48 19 0 4
132 48 25 1 4
138 48 24 1 4
153 48 24 1 4
160 48 21 0 4
178 48 0 19 4
183 48 20 0 4
191 48 19 0 4
48 53 20 0 4
48 61 19 0 4
48 75 26 1 4
48 82 25 1 4
48 88 23 0 4
48 94 21 0 4
15 49 19 4 4
23 49 21 3 4
30 49 22 0 4
101 49 23 3 4
116 49 23 4 4
127 49 20 0 4
128 49 25 4 4
145 49 19 4 4
153 49 21 3 4
160 49 22 0 4
179 49 0 20 4
183 49 21 0 4
191 49 20 0 4
49 53 21 0 4
49 61 20 0 4
49 83 24 4 4
49 94 20 1 4
30 50 26 0 4
101 50 27 3 4
102 50 26 4 4
116 50 23 6 4
118 50 27 1 4
120 50 24 4 4
127 50 24 0 4
160 50 26 0 4
180 50 0 24 4
183 50 25 0 4
191 50 24 0 4
50 53 25 0 4
50 61 24 0 4
50 94 26 0 4
181 51 0 66 4
182 52 0 65 4
53 8 8 0 4
2 53 9 0 4
15 53 8 0 4
19 53 9 0 4
23 53 8 0 4
30 53 3 0 4
41 53 13 0 4
101 53 10 0 4
102 53 9 1 4
110 53 11 0 4
112 53 11 0 4
116 53 12 0 4
118 53 6 0 4
120 53 9 0 4
123 53 7 0 4
127 53 1 0 4
132 53 9 0 4
138 53 8 0 4
145 53 8 0 4
149 53 9 0 4
153 53 8 0 4
160 53 3 0 4
171 53 13 0 4
183 53 0 1 4
191 53 1 0 4
53 61 1 0 4
53 68 8 0 4
53 75 10 0 4
53 77 8 0 4
53 78 11 0 4
53 82 9 0 4
53 83 13 0 4
53 87 13 0 4
53 88 5 0 4
53 94 3 0 4
53 96 10 0 4
15 54 29 3 4
23 54 29 3 4
53 54 27 1 4
112 54 28 5 4
127 54 28 0 4
145 54 29 3 4
153 54 29 3 4
183 54 27 1 4
184 54 0 28 4
191 54 28 0 4
54 61 28 0 4
54 77 29 3 4
54 78 30 4 4
54 83 28 6 4
2 55 24 3 4
15 55 19 5 4
30 55 24 0 4
53 55 23 0 4
101 55 25 3 4
112 55 26 3 4
116 55 25 4 4
127 55 22 0 4
132 55 24 3 4
145 55 19 5 4
160 55 24 0 4
183 55 23 0 4
185 55 0 22 4
191 55 22 0 4
55 61 22 0 4
55 75 29 1 4
55 77 27 1 4
55 78 26 3 4
55 82 28 1 4
55 83 22 6 4
55 94 24 0 4
55 96 25 3 4
30 56 24 1 4
53 56 25 0 4
123 56 24 3 4
127 56 24 0 4
160 56 24 1 4
183 56 25 0 4
186 56 0 24 4
191 56 24 0 4
56 61 24 0 4
56 68 23 4 4
56 77 25 3 4
57 8 21 1 4
2 57 22 1 4
19 57 22 1 4
30 57 18 0 4
53 57 17 0 4
118 57 15 3 4
123 57 20 1 4
127 57 16 0 4
132 57 22 1 4
138 57 21 1 4
149 57 22 1 4
160 57 18 0 4
183 57 17 0 4
187 57 0 16 4
191 57 16 0 4
57 61 16 0 4
57 71 27 6 4
57 82 22 1 4
57 88 20 0 4
57 94 18 0 4
106 58 42 11 4
188 58 0 45 4
2 59 21 1 4
15 59 14 4 4
19 59 21 1 4
23 59 20 1 4
30 59 17 0 4
53 59 16 0 4
101 59 18 3 4
107 59 23 3 4
111 59 24 3 4
112 59 23 1 4
114 59 24 3 4
116 59 20 3 4
120 59 21 1 4
126 59 24 3 4
127 59 15 0 4
132 59 21 1 4
145 59 14 4 4
149 59 21 1 4
153 59 20 1 4
160 59 17 0 4
183 59 16 0 4
189 59 0 15 4
191 59 15 0 4
59 61 15 0 4
59 77 20 1 4
59 78 23 1 4
59 83 19 4 4
59 88 19 0 4
59 94 17 0 4
59 96 22 1 4
60 8 37 4 4
53 60 39 0 4
127 60 38 0 4
138 60 37 4 4
183 60 39 0 4
190 60 0 38 4
191 60 38 0 4
60 61 38 0 4
30 62 21 0 4
53 62 18 1 4
61 62 19 0 4
118 62 22 1 4
121 62 17 8 4
127 62 19 0 4
160 62 21 0 4
183 62 18 1 4
191 62 19 0 4
192 62 0 19 4
62 73 25 7 4
62 87 17 7 4
62 94 21 0 4
30 63 34 1 4
53 63 33 1 4
160 63 34 1 4
183 63 33 1 4
193 63 0 34 4
63 68 33 4 4
63 78 32 6 4
194 64 0 34 4
64 68 33 4 4
15 65 28 3 4
114 65 24 9 4
120 65 29 3 4
145 65 28 3 4
195 65 0 27 4
53 66 24 0 4
61 66 23 0 4
116 66 26 4 4
120 66 25 3 4
127 66 23 0 4
183 66 24 0 4
191 66 23 0 4
66 80 23 9 4
66 88 21 3 4
66 97 18 13 4
68 8 14 0 4
2 68 15 0 4
15 68 14 0 4
19 68 15 0 4
23 68 14 0 4
30 68 9 0 4
53 68 8 0 4
56 68 23 4 4
61 68 7 0 4
118 68 12 0 4
120 68 15 0 4
123 68 11 1 4
127 68 7 0 4
132 68 15 0 4
138 68 14 0 4
145 68 14 0 4
149 68 15 0 4
153 68 14 0 4
160 68 9 0 4
183 68 8 0 4
186 68 23 4 4
191 68 7 0 4
68 77 10 2 4
68 78 11 3 4
68 82 15 0 4
68 83 17 1 4
68 86 12 4 4
68 88 7 2 4
68 94 9 0 4
53 69 24 0 4
61 69 23 0 4
66 69 26 10 4
121 69 25 6 4
127 69 23 0 4
183 69 24 0 4
191 69 23 0 4
69 73 25 9 4
69 87 25 5 4
15 70 17 6 4
23 70 23 3 4
61 70 22 0 4
101 70 19 6 4
102 70 26 3 4
111 70 25 6 4
112 70 24 4 4
114 70 25 6 4
116 70 23 5 4
120 70 22 4 4
127 70 22 0 4
128 70 23 6 4
145 70 17 6 4
153 70 23 3 4
191 70 22 0 4
70 77 23 3 4
70 78 26 3 4
70 83 22 6 4
70 96 23 4 4
71 8 28 1 4
19 71 29 1 4
23 71 28 1 4
30 71 25 0 4
48 71 24 9 4
53 71 24 0 4
57 71 27 6 4
61 71 23 0 4
127 71 23 0 4
138 71 28 1 4
149 71 29 1 4
153 71 28 1 4
160 71 25 0 4
178 71 24 9 4
183 71 24 0 4
187 71 27 6 4
191 71 23 0 4
71 82 29 1 4
71 88 27 0 4
71 94 25 0 4
15 72 36 1 4
23 72 36 1 4
30 72 33 0 4
53 72 32 0 4
61 72 31 0 4
127 72 31 0 4
145 72 36 1 4
153 72 36 1 4
160 72 33 0 4
183 72 32 0 4
191 72 31 0 4
72 82 31 4 4
72 94 33 0 4
30 73 18 2 4
53 73 21 0 4
61 73 20 0 4
68 73 21 3 4
69 73 25 9 4
108 73 24 11 4
121 73 24 5 4
127 73 20 0 4
160 73 18 2 4
183 73 21 0 4
191 73 20 0 4
73 78 24 3 4
73 87 22 5 4
73 88 22 1 4
73 94 22 0 4
30 74 19 0 4
53 74 18 0 4
61 74 17 0 4
101 74 16 5 4
110 74 21 3 4
112 74 15 6 4
114 74 16 8 4
116 74 18 5 4
118 74 22 0 4
119 74 21 6 4
120 74 19 3 4
123 74 23 0 4
126 74 14 9 4
127 74 17 0 4
160 74 19 0 4
183 74 18 0 4
191 74 17 0 4
74 75 20 3 4
74 77 22 1 4
74 83 21 4 4
74 86 24 3 4
74 88 19 1 4
74 94 19 0 4
75 8 16 0 4
15 75 14 1 4
19 75 15 1 4
23 75 16 0 4
30 75 11 0 4
53 75 10 0 4
61 75 9 0 4
68 75 16 0 4
74 75 20 3 4
101 75 14 2 4
102 75 17 1 4
110 75 15 2 4
112 75 11 4 4
116 75 18 1 4
118 75 10 2 4
119 75 19 3 4
120 75 15 1 4
123 75 15 0 4
126 75 16 4 4
127 75 9 0 4
138 75 16 0 4
145 75 14 1 4
149 75 15 1 4
153 75 16 0 4
160 75 11 0 4
183 75 10 0 4
191 75 9 0 4
75 77 16 0 4
75 78 17 1 4
75 88 11 1 4
75 94 11 0 4
75 96 14 2 4
30 76 22 0 4
53 76 21 0 4
57 76 30 3 4
61 76 20 0 4
101 76 27 1 4
113 76 30 3 4
119 76 30 3 4
120 76 24 2 4
127 76 20 0 4
160 76 22 0 4
183 76 21 0 4
187 76 30 3 4
191 76 20 0 4
76 88 24 0 4
76 94 22 0 4
76 96 27 1 4
77 8 14 0 4
15 77 10 2 4
23 77 10 2 4
30 77 9 0 4
53 77 8 0 4
61 77 7 0 4
68 77 10 2 4
101 77 12 2 4
111 77 16 3 4
112 77 15 1 4
116 77 14 2 4
118 77 12 0 4
120 77 11 2 4
123 77 13 0 4
127 77 7 0 4
128 77 14 3 4
138 77 14 0 4
145 77 10 2 4
153 77 10 2 4
160 77 9 0 4
183 77 8 0 4
191 77 7 0 4
77 78 11 3 4
77 83 13 3 4
77 88 11 0 4
77 94 9 0 4
77 96 14 1 4
78 8 17 0 4
15 78 11 3 4
23 78 13 2 4
30 78 12 0 4
53 78 11 0 4
61 78 10 0 4
68 78 11 3 4
75 78 17 1 4
77 78 11 3 4
101 78 13 3 4
102 78 18 1 4
110 78 18 1 4
111 78 19 3 4
112 78 14 3 4
116 78 15 3 4
118 78 15 0 4
119 78 20 3 4
120 78 14 2 4
123 78 14 1 4
127 78 10 0 4
138 78 17 0 4
145 78 11 3 4
153 78 13 2 4
160 78 12 0 4
183 78 11 0 4
191 78 10 0 4
78 83 12 5 4
78 86 15 4 4
78 88 12 1 4
78 94 12 0 4
78 96 15 2 4
30 80 20 0 4
53 80 19 0 4
61 80 18 0 4
66 80 23 9 4
114 80 23 5 4
116 80 23 3 4
127 80 18 0 4
160 80 20 0 4
183 80 19 0 4
191 80 18 0 4
80 94 20 0 4
80 97 25 7 4
61 81 38 0 4
113 81 40 7 4
127 81 38 0 4
191 81 38 0 4
81 94 38 1 4
2 82 16 0 4
8 82 13 1 4
15 82 15 0 4
19 82 16 0 4
23 82 15 0 4
30 82 10 0 4
41 82 18 1 4
53 82 9 0 4
61 82 8 0 4
68 82 15 0 4
75 82 17 0 4
77 82 15 0 4
78 82 18 0 4
101 82 17 0 4
102 82 18 0 4
110 82 18 0 4
112 82 18 0 4
118 82 13 0 4
120 82 16 0 4
123 82 12 1 4
127 82 8 0 4
132 82 16 0 4
138 82 13 1 4
145 82 15 0 4
149 82 16 0 4
153 82 15 0 4
160 82 10 0 4
171 82 18 1 4
183 82 9 0 4
191 82 8 0 4
82 88 12 0 4
82 94 10 0 4
82 96 17 0 4
8 83 19 0 4
15 83 5 7 4
23 83 15 2 4
30 83 14 0 4
53 83 13 0 4
61 83 12 0 4
68 83 17 1 4
77 83 13 3 4
78 83 12 5 4
101 83 11 5 4
102 83 20 1 4
110 83 20 1 4
111 83 17 5 4
112 83 14 4 4
114 83 17 5 4
116 83 13 5 4
118 83 17 0 4
120 83 14 3 4
123 83 18 0 4
126 83 15 6 4
127 83 12 0 4
138 83 19 0 4
145 83 5 7 4
153 83 15 2 4
160 83 14 0 4
183 83 13 0 4
191 83 12 0 4
83 88 16 0 4
83 94 14 0 4
83 96 15 3 4
32 84 37 12 4
48 84 34 7 4
61 84 29 0 4
106 84 36 6 4
127 84 29 0 4
162 84 37 12 4
178 84 34 7 4
191 84 29 0 4
84 99 35 8 4
36 85 39 11 4
68 85 37 4 4
108 85 38 13 4
166 85 39 11 4
15 86 16 2 4
19 86 19 1 4
23 86 18 1 4
30 86 15 0 4
53 86 14 0 4
61 86 13 0 4
68 86 12 4 4
77 86 16 2 4
78 86 15 4 4
101 86 16 3 4
112 86 17 3 4
120 86 19 1 4
123 86 17 1 4
127 86 13 0 4
145 86 16 2 4
149 86 19 1 4
153 86 18 1 4
160 86 15 0 4
183 86 14 0 4
191 86 13 0 4
86 88 13 2 4
86 94 15 0 4
2 87 18 1 4
19 87 18 1 4
30 87 14 0 4
53 87 13 0 4
61 87 12 0 4
62 87 17 7 4
73 87 22 5 4
118 87 17 0 4
121 87 16 5 4
125 87 27 8 4
127 87 12 0 4
132 87 18 1 4
149 87 18 1 4
160 87 14 0 4
183 87 13 0 4
191 87 12 0 4
192 87 17 7 4
87 88 16 0 4
87 94 14 0 4
2 88 12 0 4
8 88 11 0 4
15 88 11 0 4
19 88 12 0 4
23 88 11 0 4
30 88 6 0 4
53 88 5 0 4
61 88 4 0 4
66 88 21 3 4
68 88 7 2 4
74 88 19 1 4
75 88 11 1 4
77 88 11 0 4
78 88 12 1 4
82 88 12 0 4
86 88 13 2 4
101 88 13 0 4
102 88 14 0 4
110 88 14 0 4
112 88 14 0 4
116 88 15 0 4
118 88 9 0 4
120 88 12 0 4
123 88 10 0 4
127 88 4 0 4
132 88 12 0 4
138 88 11 0 4
145 88 11 0 4
149 88 12 0 4
153 88 11 0 4
160 88 6 0 4
183 88 5 0 4
191 88 4 0 4
88 94 6 0 4
88 96 13 0 4
74 89 35 9 4
114 89 35 8 4
116 89 33 7 4
15 90 27 3 4
75 90 29 3 4
83 90 28 5 4
87 90 28 5 4
101 90 29 3 4
112 90 28 4 4
121 90 28 6 4
126 90 29 6 4
145 90 27 3 4
2 91 24 1 4
19 91 24 1 4
30 91 20 0 4
53 91 19 0 4
61 91 18 0 4
83 91 24 3 4
88 91 22 0 4
126 91 27 3 4
127 91 18 0 4
132 91 24 1 4
149 91 24 1 4
160 91 20 0 4
183 91 19 0 4
191 91 18 0 4
91 94 20 0 4
91 99 32 4 4
19 92 30 4 4
53 92 31 0 4
61 92 30 0 4
118 92 33 1 4
127 92 30 0 4
149 92 30 4 4
183 92 31 0 4
191 92 30 0 4
30 93 22 0 4
53 93 21 0 4
55 93 30 6 4
61 93 20 0 4
114 93 23 6 4
126 93 27 4 4
127 93 20 0 4
160 93 22 0 4
183 93 21 0 4
185 93 30 6 4
191 93 20 0 4
93 94 22 0 4
2 94 10 0 4
8 94 9 0 4
13 94 15 2 4
15 94 9 0 4
19 94 10 0 4
23 94 9 0 4
30 94 4 0 4
41 94 14 0 4
53 94 3 0 4
61 94 2 0 4
68 94 9 0 4
75 94 11 0 4
77 94 9 0 4
78 94 12 0 4
82 94 10 0 4
83 94 14 0 4
87 94 14 0 4
88 94 6 0 4
101 94 11 0 4
102 94 12 0 4
110 94 12 0 4
112 94 12 0 4
116 94 13 0 4
117 94 17 2 4
118 94 7 0 4
120 94 10 0 4
123 94 8 0 4
127 94 2 0 4
132 94 10 0 4
138 94 9 0 4
143 94 15 2 4
145 94 9 0 4
149 94 10 0 4
153 94 9 0 4
160 94 4 0 4
171 94 14 0 4
183 94 3 0 4
191 94 2 0 4
94 96 11 0 4
2 96 17 0 4
8 96 16 0 4
15 96 10 3 4
19 96 15 1 4
23 96 14 1 4
30 96 11 0 4
53 96 10 0 4
61 96 9 0 4
68 96 16 0 4
75 96 14 2 4
77 96 14 1 4
78 96 15 2 4
82 96 17 0 4
83 96 15 3 4
88 96 13 0 4
94 96 11 0 4
101 96 12 3 4
102 96 17 1 4
110 96 17 1 4
111 96 18 3 4
112 96 13 3 4
116 96 14 3 4
118 96 14 0 4
119 96 19 3 4
120 96 13 2 4
123 96 15 0 4
127 96 9 0 4
132 96 17 0 4
138 96 16 0 4
145 96 10 3 4
149 96 15 1 4
153 96 14 1 4
160 96 11 0 4
183 96 10 0 4
191 96 9 0 4
53 97 22 0 4
61 97 21 0 4
66 97 18 13 4
77 97 22 3 4
87 97 23 5 4
121 97 19 8 4
127 97 21 0 4
183 97 22 0 4
191 97 21 0 4
30 99 20 2 4
53 99 23 0 4
61 99 22 0 4
88 99 24 1 4
94 99 24 0 4
127 99 22 0 4
160 99 20 2 4
183 99 23 0 4
191 99 22 0 4
100 80 40 11 4
101 2 17 0 4
101 8 16 0 4
101 15 6 5 4
101 19 15 1 4
101 23 12 2 4
101 30 11 0 4
101 53 10 0 4
101 61 9 0 4
101 68 16 0 4
101 75 14 2 4
101 77 12 2 4
101 78 13 3 4
101 82 17 0 4
101 83 11 5 4
101 86 16 3 4
101 88 13 0 4
101 94 11 0 4
101 96 12 3 4
101 102 17 1 4
101 110 17 1 4
101 112 9 5 4
101 116 8 6 4
101 118 14 0 4
101 120 5 6 4
101 123 15 0 4
101 126 14 5 4
101 127 9 0 4
101 128 16 3 4
101 132 17 0 4
101 138 16 0 4
101 145 6 5 4
101 149 15 1 4
101 153 12 2 4
101 160 11 0 4
101 183 10 0 4
101 191 9 0 4
102 15 15 1 4
102 30 12 0 4
102 53 9 1 4
102 61 10 0 4
102 75 17 1 4
102 78 18 1 4
102 88 14 0 4
102 94 12 0 4
102 96 17 1 4
101 102 17 1 4
102 110 18 1 4
102 112 16 2 4
102 116 19 1 4
102 118 15 0 4
102 120 14 2 4
102 123 16 0 4
102 127 10 0 4
102 145 15 1 4
102 160 12 0 4
102 183 9 1 4
102 191 10 0 4
103 19 34 4 4
103 23 33 4 4
103 114 31 9 4
103 126 31 9 4
103 149 34 4 4
103 153 33 4 4
104 30 31 1 4
104 68 28 5 4
104 78 29 6 4
104 160 31 1 4
106 8 20 3 4
106 30 21 0 4
106 53 20 0 4
106 61 19 0 4
106 82 25 1 4
106 88 23 0 4
106 94 21 0 4
106 113 25 5 4
106 118 24 0 4
106 127 19 0 4
106 138 20 3 4
106 160 21 0 4
106 183 20 0 4
106 191 19 0 4
107 8 19 1 4
107 30 16 0 4
107 53 15 0 4
107 59 23 3 4
107 61 14 0 4
107 82 18 2 4
107 88 18 0 4
107 94 16 0 4
107 127 14 0 4
107 138 19 1 4
107 160 16 0 4
107 183 15 0 4
107 189 23 3 4
107 191 14 0 4
108 30 26 1 4
108 61 26 0 4
108 68 27 3 4
108 73 24 11 4
108 77 27 3 4
108 127 26 0 4
108 160 26 1 4
108 191 26 0 4
109 71 37 11 4
109 113 36 8 4
110 2 16 1 4
110 8 17 0 4
110 15 15 1 4
110 19 18 0 4
110 23 17 0 4
110 30 12 0 4
110 53 11 0 4
110 61 10 0 4
110 68 17 0 4
110 74 21 3 4
110 75 15 2 4
110 77 17 0 4
110 78 18 1 4
110 82 18 0 4
110 83 20 1 4
110 86 21 1 4
110 88 14 0 4
110 94 12 0 4
110 96 17 1 4
101 110 17 1 4
102 110 18 1 4
110 112 16 2 4
110 116 19 1 4
110 118 13 1 4
110 120 16 1 4
110 123 16 0 4
110 127 10 0 4
110 132 16 1 4
110 138 17 0 4
110 145 15 1 4
110 149 18 0 4
110 153 17 0 4
110 160 12 0 4
110 183 11 0 4
110 191 10 0 4
111 15 12 5 4
111 23 16 3 4
111 30 17 0 4
111 53 16 0 4
111 61 15 0 4
111 74 24 4 4
111 75 22 1 4
111 77 16 3 4
111 78 19 3 4
111 83 17 5 4
111 88 19 0 4
111 94 17 0 4
111 96 18 3 4
101 111 16 4 4
111 112 15 5 4
111 116 16 5 4
111 118 20 0 4
111 119 19 6 4
111 120 15 4 4
111 123 21 0 4
111 127 15 0 4
111 128 22 3 4
111 145 12 5 4
111 153 16 3 4
111 160 17 0 4
111 183 16 0 4
111 191 15 0 4
112 2 18 0 4
112 8 17 0 4
112 15 11 3 4
112 19 16 1 4
112 23 13 2 4
112 30 12 0 4
112 53 11 0 4
112 61 10 0 4
112 68 17 0 4
112 74 15 6 4
112 75 11 4 4
112 77 15 1 4
112 78 14 3 4
112 82 18 0 4
112 83 14 4 4
112 86 17 3 4
112 88 14 0 4
112 94 12 0 4
112 96 13 3 4
101 112 9 5 4
111 112 15 5 4
112 116 15 3 4
112 118 15 0 4
112 119 16 5 4
112 120 10 4 4
112 123 16 0 4
112 126 17 4 4
112 127 10 0 4
112 132 18 0 4
112 138 17 0 4
112 145 11 3 4
112 149 16 1 4
112 153 13 2 4
112 160 12 0 4
112 183 11 0 4
112 191 10 0 4
113 30 18 0 4
113 53 17 0 4
113 61 16 0 4
113 71 29 5 4
113 88 20 0 4
113 94 18 0 4
106 113 25 5 4
113 118 21 0 4
113 119 24 4 4
113 123 22 0 4
113 127 16 0 4
113 160 18 0 4
113 183 17 0 4
113 191 16 0 4
114 15 16 3 4
114 19 21 1 4
114 23 20 1 4
114 30 17 0 4
114 53 16 0 4
114 61 15 0 4
114 74 16 8 4
114 83 17 5 4
114 88 19 0 4
114 94 17 0 4
101 114 16 4 4
114 116 14 6 4
114 118 20 0 4
114 120 15 4 4
114 126 14 8 4
114 127 15 0 4
114 145 16 3 4
114 149 21 1 4
114 153 20 1 4
114 160 17 0 4
114 183 16 0 4
114 191 15 0 4
115 32 61 19 4
115 162 61 19 4
116 8 18 0 4
116 15 8 5 4
116 23 14 2 4
116 30 13 0 4
116 53 12 0 4
116 59 20 3 4
116 61 11 0 4
116 68 18 0 4
116 74 18 5 4
116 75 18 1 4
116 77 14 2 4
116 78 15 3 4
116 83 13 5 4
116 88 15 0 4
116 94 13 0 4
116 96 14 3 4
101 116 8 6 4
102 116 19 1 4
110 116 19 1 4
111 116 16 5 4
112 116 15 3 4
114 116 14 6 4
116 118 16 0 4
116 120 7 6 4
116 123 17 0 4
116 126 20 3 4
116 127 11 0 4
116 128 18 3 4
116 138 18 0 4
116 145 8 5 4
116 153 14 2 4
116 160 13 0 4
116 183 12 0 4
116 189 20 3 4
116 191 11 0 4
117 30 21 0 4
117 53 20 0 4
117 61 19 0 4
117 88 23 0 4
117 94 17 2 4
117 118 24 0 4
117 127 19 0 4
117 160 21 0 4
117 183 20 0 4
117 191 19 0 4
118 2 11 1 4
118 8 12 0 4
118 15 12 0 4
118 19 11 1 4
118 23 12 0 4
118 30 7 0 4
118 53 6 0 4
118 57 15 3 4
118 61 5 0 4
118 68 12 0 4
118 75 10 2 4
118 77 12 0 4
118 78 15 0 4
118 82 13 0 4
118 88 9 0 4
118 94 7 0 4
118 96 14 0 4
101 118 14 0 4
102 118 15 0 4
110 118 13 1 4
112 118 15 0 4
118 120 13 0 4
118 123 11 0 4
118 127 5 0 4
118 132 11 1 4
118 138 12 0 4
118 145 12 0 4
118 149 11 1 4
118 153 12 0 4
118 160 7 0 4
118 183 6 0 4
118 187 15 3 4
118 191 5 0 4
119 2 22 1 4
119 15 17 3 4
119 19 22 1 4
119 23 19 2 4
119 30 18 0 4
119 53 17 0 4
119 61 16 0 4
119 74 21 6 4
119 75 19 3 4
119 77 21 1 4
119 78 20 3 4
119 83 18 5 4
119 86 23 3 4
119 88 20 0 4
119 94 18 0 4
119 96 19 3 4
101 119 17 4 4
111 119 19 6 4
112 119 16 5 4
113 119 24 4 4
116 119 21 3 4
118 119 21 0 4
119 123 20 1 4
119 127 16 0 4
119 132 22 1 4
119 145 17 3 4
119 149 22 1 4
119 153 19 2 4
119 160 18 0 4
119 183 17 0 4
119 191 16 0 4
120 2 16 0 4
120 8 15 0 4
120 15 9 3 4
120 19 16 0 4
120 23 13 1 4
120 30 10 0 4
120 53 9 0 4
120 61 8 0 4
120 68 15 0 4
120 75 15 1 4
120 77 11 2 4
120 78 14 2 4
120 82 16 0 4
120 83 14 3 4
120 88 12 0 4
120 94 10 0 4
120 96 13 2 4
101 120 5 6 4
102 120 14 2 4
110 120 16 1 4
111 120 15 4 4
112 120 10 4 4
114 120 15 4 4
116 120 7 6 4
118 120 13 0 4
120 123 14 0 4
120 126 17 3 4
120 127 8 0 4
120 128 15 3 4
120 132 16 0 4
120 138 15 0 4
120 145 9 3 4
120 149 16 0 4
120 153 13 1 4
120 160 10 0 4
120 183 9 0 4
120 191 8 0 4
121 30 16 0 4
121 53 15 0 4
121 61 14 0 4
121 62 17 8 4
121 68 19 1 4
121 73 24 5 4
121 77 19 1 4
121 87 16 5 4
121 88 18 0 4
121 94 16 0 4
121 97 19 8 4
121 127 14 0 4
121 160 16 0 4
121 183 15 0 4
121 191 14 0 4
121 192 17 8 4
123 8 11 1 4
123 15 13 0 4
123 23 13 0 4
123 30 8 0 4
123 41 14 2 4
123 53 7 0 4
123 56 24 3 4
123 61 6 0 4
123 68 11 1 4
123 77 13 0 4
123 78 14 1 4
123 82 12 1 4
123 86 17 1 4
123 88 10 0 4
123 94 8 0 4
118 123 11 0 4
123 124 19 3 4
123 127 6 0 4
123 138 11 1 4
123 145 13 0 4
123 153 13 0 4
123 160 8 0 4
123 171 14 2 4
123 183 7 0 4
123 186 24 3 4
123 191 6 0 4
124 8 24 1 4
124 30 21 0 4
124 41 19 6 4
124 53 20 0 4
124 61 19 0 4
124 75 24 2 4
124 82 25 1 4
124 88 23 0 4
124 94 21 0 4
110 124 25 2 4
118 124 22 1 4
123 124 19 3 4
124 127 19 0 4
124 138 24 1 4
124 160 21 0 4
124 171 19 6 4
124 183 20 0 4
124 191 19 0 4
125 87 27 8 4
116 125 30 6 4
126 2 21 1 4
126 8 22 0 4
126 15 14 4 4
126 23 22 0 4
126 30 17 0 4
126 53 16 0 4
126 61 15 0 4
126 68 22 0 4
126 74 14 9 4
126 75 16 4 4
126 77 20 1 4
126 83 15 6 4
126 88 19 0 4
126 94 17 0 4
101 126 14 5 4
112 126 17 4 4
114 126 14 8 4
116 126 20 3 4
118 126 20 0 4
120 126 17 3 4
123 126 21 0 4
126 127 15 0 4
126 132 21 1 4
126 138 22 0 4
126 145 14 4 4
126 153 22 0 4
126 160 17 0 4
126 183 16 0 4
126 191 15 0 4
128 15 16 2 4
128 23 16 2 4
128 30 15 0 4
128 53 14 0 4
128 61 13 0 4
128 70 23 6 4
128 77 14 3 4
128 88 17 0 4
128 94 15 0 4
101 128 16 3 4
111 128 22 3 4
116 128 18 3 4
118 128 18 0 4
120 128 15 3 4
123 128 19 0 4
127 128 13 0 4
128 145 16 2 4
128 153 16 2 4
128 160 15 0 4
128 183 14 0 4
128 191 13 0 4
130 61 28 0 4
130 62 33 7 4
130 87 34 3 4
130 94 28 1 4
13 130 31 7 4
121 130 34 4 4
127 130 28 0 4
130 143 31 7 4
130 191 28 0 4
130 192 33 7 4
1 131 0 31 4
132 2 0 8 4
132 8 15 0 4
132 15 15 0 4
132 19 6 5 4
132 23 9 3 4
132 30 10 0 4
132 53 9 0 4
132 61 8 0 4
132 68 15 0 4
132 75 17 0 4
132 77 15 0 4
132 82 16 0 4
132 87 18 1 4
132 88 12 0 4
132 94 10 0 4
132 96 17 0 4
101 132 17 0 4
110 132 16 1 4
118 132 11 1 4
120 132 16 0 4
123 132 14 0 4
127 132 8 0 4
132 138 15 0 4
132 145 15 0 4
132 149 6 5 4
132 153 9 3 4
132 160 10 0 4
132 183 9 0 4
132 191 8 0 4
133 3 0 45 4
133 30 45 1 4
133 160 45 1 4
134 4 0 42 4
135 5 0 34 4
135 68 33 4 4
135 77 33 4 4
136 6 0 25 4
136 30 27 0 4
136 53 24 1 4
136 61 25 0 4
136 68 26 3 4
136 82 25 4 4
136 88 27 1 4
136 94 27 0 4
102 136 27 4 4
123 136 29 1 4
127 136 25 0 4
136 160 27 0 4
136 183 24 1 4
136 191 25 0 4
137 7 0 39 4
138 2 15 0 4
138 8 0 7 4
138 15 14 0 4
138 19 15 0 4
138 23 14 0 4
138 30 9 0 4
138 41 17 1 4
138 53 8 0 4
138 61 7 0 4
138 68 14 0 4
138 77 14 0 4
138 82 13 1 4
138 88 11 0 4
138 94 9 0 4
106 138 20 3 4
107 138 19 1 4
118 138 12 0 4
120 138 15 0 4
123 138 11 1 4
127 138 7 0 4
132 138 15 0 4
138 145 14 0 4
138 149 15 0 4
138 153 14 0 4
138 160 9 0 4
138 171 17 1 4
138 183 8 0 4
138 191 7 0 4
139 9 0 26 4
139 30 28 0 4
139 53 27 0 4
139 61 26 0 4
139 82 26 4 4
139 87 30 4 4
139 94 28 0 4
118 139 29 1 4
121 139 32 4 4
127 139 26 0 4
139 160 28 0 4
139 183 27 0 4
139 191 26 0 4
140 8 37 4 4
140 68 37 4 4
10 140 0 38 4
138 140 37 4 4
11 141 0 65 4
12 142 0 46 4
143 8 22 1 4
143 30 17 1 4
143 53 18 0 4
143 61 17 0 4
143 68 22 1 4
143 77 22 1 4
143 82 23 1 4
143 88 21 0 4
143 94 15 2 4
13 143 0 17 4
118 143 22 0 4
123 143 21 1 4
127 143 17 0 4
138 143 22 1 4
143 160 17 1 4
143 183 18 0 4
143 191 17 0 4
14 144 0 40 4
145 2 15 0 4
145 8 14 0 4
145 15 0 7 4
145 19 15 0 4
145 23 10 2 4
145 30 9 0 4
145 53 8 0 4
145 59 14 4 4
145 61 7 0 4
145 68 14 0 4
145 75 14 1 4
145 77 10 2 4
145 78 11 3 4
145 82 15 0 4
145 83 5 7 4
145 88 11 0 4
145 94 9 0 4
145 96 10 3 4
101 145 6 5 4
102 145 15 1 4
110 145 15 1 4
111 145 12 5 4
112 145 11 3 4
116 145 8 5 4
118 145 12 0 4
120 145 9 3 4
123 145 13 0 4
126 145 14 4 4
127 145 7 0 4
132 145 15 0 4
138 145 14 0 4
145 149 15 0 4
145 153 10 2 4
145 160 9 0 4
145 183 8 0 4
145 189 14 4 4
145 191 7 0 4
146 16 0 47 4
147 17 0 28 4
147 61 28 0 4
120 147 30 3 4
127 147 28 0 4
128 147 27 7 4
147 191 28 0 4
148 18 0 33 4
148 68 32 4 4
149 2 6 5 4
149 8 15 0 4
149 15 15 0 4
149 19 0 8 4
149 23 9 3 4
149 30 10 0 4
149 53 9 0 4
149 61 8 0 4
149 68 15 0 4
149 75 15 1 4
149 77 15 0 4
149 78 18 0 4
149 82 16 0 4
149 87 18 1 4
149 88 12 0 4
149 94 10 0 4
149 96 15 1 4
101 149 15 1 4
102 149 18 0 4
110 149 18 0 4
112 149 16 1 4
118 149 11 1 4
120 149 16 0 4
123 149 14 0 4
127 149 8 0 4
132 149 6 5 4
138 149 15 0 4
145 149 15 0 4
149 153 9 3 4
149 160 10 0 4
149 183 9 0 4
149 191 8 0 4
150 2 28 3 4
150 19 26 4 4
150 20 0 26 4
150 23 27 3 4
150 53 27 0 4
150 61 26 0 4
150 75 29 3 4
150 96 29 3 4
15 150 25 4 4
101 150 29 3 4
112 150 22 7 4
127 150 26 0 4
132 150 28 3 4
145 150 25 4 4
149 150 26 4 4
150 153 27 3 4
150 183 27 0 4
150 191 26 0 4
151 21 0 28 4
151 82 28 4 4
151 96 29 4 4
101 151 31 3 4
112 151 32 3 4
118 151 27 3 4
152 8 40 4 4
152 22 0 41 4
138 152 40 4 4
153 2 9 3 4
153 8 14 0 4
153 19 9 3 4
153 23 0 7 4
153 30 9 0 4
153 53 8 0 4
153 61 7 0 4
153 68 14 0 4
153 75 16 0 4
153 77 10 2 4
153 78 13 2 4
153 82 15 0 4
153 86 18 1 4
153 88 11 0 4
153 94 9 0 4
153 96 14 1 4
15 153 10 2 4
101 153 12 2 4
102 153 17 0 4
110 153 17 0 4
111 153 16 3 4
112 153 13 2 4
118 153 12 0 4
120 153 13 1 4
123 153 13 0 4
127 153 7 0 4
132 153 9 3 4
138 153 14 0 4
145 153 10 2 4
149 153 9 3 4
153 160 9 0 4
153 183 8 0 4
153 191 7 0 4
154 24 0 52 4
155 25 0 34 4
156 26 0 65 4
157 8 42 3 4
157 27 0 41 4
138 157 42 3 4
158 19 28 3 4
158 28 0 26 4
158 61 26 0 4
118 158 29 1 4
127 158 26 0 4
149 158 28 3 4
158 191 26 0 4
159 20 29 16 4
159 23 34 4 4
159 29 0 35 4
15 159 30 6 4
112 159 33 6 4
118 159 34 3 4
120 159 31 6 4
145 159 30 6 4
150 159 29 16 4
153 159 34 4 4
160 2 10 0 4
160 8 9 0 4
160 19 10 0 4
160 23 9 0 4
160 30 0 2 4
160 41 14 0 4
160 53 3 0 4
160 61 2 0 4
160 68 9 0 4
160 75 11 0 4
160 77 9 0 4
160 78 12 0 4
160 82 10 0 4
160 83 14 0 4
160 87 14 0 4
160 88 6 0 4
160 94 4 0 4
160 96 11 0 4
13 160 17 1 4
15 160 9 0 4
101 160 11 0 4
102 160 12 0 4
110 160 12 0 4
112 160 12 0 4
116 160 13 0 4
118 160 7 0 4
120 160 10 0 4
123 160 8 0 4
127 160 2 0 4
132 160 10 0 4
138 160 9 0 4
143 160 17 1 4
145 160 9 0 4
149 160 10 0 4
153 160 9 0 4
160 171 14 0 4
160 183 3 0 4
160 191 2 0 4
161 30 28 1 4
161 31 0 28 4
161 74 29 8 4
161 75 31 3 4
161 83 28 6 4
15 161 29 3 4
101 161 31 3 4
114 161 27 8 4
126 161 23 10 4
145 161 29 3 4
160 161 28 1 4
162 32 0 32 4
162 53 31 1 4
102 162 30 6 4
128 162 33 6 4
162 183 31 1 4
163 33 0 27 4
163 83 25 7 4
15 163 26 4 4
101 163 28 4 4
114 163 22 10 4
116 163 26 6 4
126 163 26 8 4
145 163 26 4 4
164 34 0 68 4
165 35 0 43 4
166 30 21 2 4
166 36 0 23 4
166 53 24 0 4
166 61 23 0 4
166 86 28 4 4
166 88 23 2 4
127 166 23 0 4
128 166 26 5 4
160 166 21 2 4
166 183 24 0 4
166 191 23 0 4
167 23 33 4 4
167 37 0 34 4
15 167 33 4 4
145 167 33 4 4
153 167 33 4 4
168 38 0 31 4
126 168 28 9 4
169 39 0 34 4
101 169 31 6 4
112 169 32 6 4
120 169 30 6 4
170 40 0 32 4
170 53 31 1 4
170 88 30 3 4
170 183 31 1 4
171 2 20 0 4
171 8 17 1 4
171 19 20 0 4
171 23 19 0 4
171 30 14 0 4
171 41 0 12 4
171 53 13 0 4
171 61 12 0 4
171 68 19 0 4
171 77 19 0 4
171 82 18 1 4
171 88 16 0 4
171 94 14 0 4
15 171 19 0 4
102 171 20 1 4
118 171 17 0 4
120 171 20 0 4
123 171 14 2 4
124 171 19 6 4
127 171 12 0 4
132 171 20 0 4
138 171 17 1 4
145 171 19 0 4
149 171 20 0 4
153 171 19 0 4
160 171 14 0 4
171 183 13 0 4
171 191 12 0 4
172 30 30 1 4
172 42 0 30 4
172 53 31 0 4
172 61 30 0 4
172 83 30 6 4
15 172 29 4 4
127 172 30 0 4
128 172 31 6 4
145 172 29 4 4
160 172 30 1 4
172 183 31 0 4
172 191 30 0 4
173 8 31 0 4
173 30 26 0 4
173 43 0 24 4
173 53 25 0 4
173 61 24 0 4
173 68 31 0 4
173 83 28 4 4
173 88 28 0 4
173 94 26 0 4
173 96 25 4 4
15 173 23 4 4
101 173 25 4 4
112 173 28 3 4
116 173 29 3 4
118 173 27 1 4
127 173 24 0 4
138 173 31 0 4
145 173 23 4 4
160 173 26 0 4
173 183 25 0 4
173 191 24 0 4
174 44 0 40 4
175 45 0 37 4
175 96 34 6 4
101 175 34 6 4
116 175 36 6 4
176 46 0 53 4
177 47 0 49 4
178 2 25 1 4
178 8 24 1 4
178 23 24 1 4
178 30 21 0 4
178 48 0 19 4
178 53 20 0 4
178 57 25 5 4
178 61 19 0 4
178 68 26 0 4
178 75 26 1 4
178 77 26 0 4
178 82 25 1 4
178 88 23 0 4
178 94 21 0 4
15 178 26 0 4
112 178 27 1 4
118 178 22 1 4
123 178 23 1 4
127 178 19 0 4
132 178 25 1 4
138 178 24 1 4
145 178 26 0 4
153 178 24 1 4
160 178 21 0 4
178 183 20 0 4
178 187 25 5 4
178 191 19 0 4
179 23 21 3 4
179 30 22 0 4
179 49 0 20 4
179 53 21 0 4
179 61 20 0 4
179 83 24 4 4
179 94 20 1 4
15 179 19 4 4
101 179 23 3 4
116 179 23 4 4
127 179 20 0 4
128 179 25 4 4
145 179 19 4 4
153 179 21 3 4
160 179 22 0 4
179 183 21 0 4
179 191 20 0 4
180 50 0 24 4
180 53 25 0 4
180 61 24 0 4
101 180 27 3 4
102 180 26 4 4
116 180 23 6 4
120 180 24 4 4
127 180 24 0 4
180 183 25 0 4
180 191 24 0 4
181 51 0 66 4
182 52 0 65 4
183 2 9 0 4
183 8 8 0 4
183 19 9 0 4
183 23 8 0 4
183 30 3 0 4
183 41 13 0 4
183 53 0 1 4
183 61 1 0 4
183 68 8 0 4
183 75 10 0 4
183 77 8 0 4
183 78 11 0 4
183 82 9 0 4
183 83 13 0 4
183 87 13 0 4
183 88 5 0 4
183 94 3 0 4
183 96 10 0 4
15 183 8 0 4
101 183 10 0 4
102 183 9 1 4
110 183 11 0 4
112 183 11 0 4
116 183 12 0 4
118 183 6 0 4
120 183 9 0 4
123 183 7 0 4
127 183 1 0 4
132 183 9 0 4
138 183 8 0 4
145 183 8 0 4
149 183 9 0 4
153 183 8 0 4
160 183 3 0 4
171 183 13 0 4
183 191 1 0 4
184 23 29 3 4
184 30 28 1 4
184 53 27 1 4
184 54 0 28 4
184 77 29 3 4
184 83 28 6 4
184 96 31 3 4
15 184 29 3 4
101 184 31 3 4
112 184 28 5 4
145 184 29 3 4
153 184 29 3 4
160 184 28 1 4
183 184 27 1 4
185 2 24 3 4
185 30 24 0 4
185 53 23 0 4
185 55 0 22 4
185 61 22 0 4
185 75 29 1 4
185 77 27 1 4
185 78 26 3 4
185 82 28 1 4
185 83 22 6 4
185 88 26 0 4
185 94 24 0 4
185 96 25 3 4
15 185 19 5 4
101 185 25 3 4
112 185 26 3 4
116 185 25 4 4
118 185 27 0 4
127 185 22 0 4
132 185 24 3 4
145 185 19 5 4
160 185 24 0 4
183 185 23 0 4
185 191 22 0 4
186 30 24 1 4
186 56 0 24 4
186 61 24 0 4
186 68 23 4 4
186 77 25 3 4
186 78 28 3 4
186 86 27 5 4
123 186 24 3 4
127 186 24 0 4
160 186 24 1 4
186 191 24 0 4
187 2 22 1 4
187 8 21 1 4
187 19 22 1 4
187 30 18 0 4
187 48 25 5 4
187 53 17 0 4
187 57 0 16 4
187 61 16 0 4
187 82 22 1 4
187 88 20 0 4
187 94 18 0 4
118 187 15 3 4
123 187 20 1 4
127 187 16 0 4
132 187 22 1 4
138 187 21 1 4
149 187 22 1 4
160 187 18 0 4
178 187 25 5 4
183 187 17 0 4
187 191 16 0 4
188 58 0 45 4
189 2 21 1 4
189 19 21 1 4
189 23 20 1 4
189 30 17 0 4
189 53 16 0 4
189 59 0 15 4
189 61 15 0 4
189 77 20 1 4
189 82 19 2 4
189 83 19 4 4
189 88 19 0 4
189 94 17 0 4
15 189 14 4 4
101 189 18 3 4
107 189 23 3 4
111 189 24 3 4
114 189 24 3 4
116 189 20 3 4
120 189 21 1 4
126 189 24 3 4
127 189 15 0 4
132 189 21 1 4
145 189 14 4 4
149 189 21 1 4
153 189 20 1 4
160 189 17 0 4
183 189 16 0 4
189 191 15 0 4
190 8 37 4 4
190 60 0 38 4
190 61 38 0 4
127 190 38 0 4
138 190 37 4 4
190 191 38 0 4
192 53 18 1 4
192 61 19 0 4
192 62 0 19 4
192 73 25 7 4
192 87 17 7 4
118 192 22 1 4
121 192 17 8 4
127 192 19 0 4
183 192 18 1 4
191 192 19 0 4
193 30 34 1 4
193 53 33 1 4
193 63 0 34 4
193 68 33 4 4
193 69 31 13 4
160 193 34 1 4
183 193 33 1 4
194 30 34 1 4
194 64 0 34 4
194 68 33 4 4
160 194 34 1 4
195 61 27 0 4
195 65 0 27 4
15 195 28 3 4
114 195 24 9 4
120 195 29 3 4
127 195 27 0 4
145 195 28 3 4
191 195 27 0 4
