10	101
10	109
10	117
10	125
10	127
10	71
10	84
100	118
100	70
100	82
100	85
101	103
101	109
101	110
101	117
101	125
101	129
101	18
101	20
101	71
103	110
103	129
103	58
103	65
104	108
105	112
105	128
105	71
105	98
107	116
107	118
107	119
107	127
107	38
107	48
107	86
107	87
109	125
109	18
109	81
109	84
11	32
110	116
110	119
110	121
110	123
110	127
110	129
110	66
110	99
112	98
113	20
113	47
114	115
114	94
115	20
115	28
115	43
115	47
116	119
116	121
116	129
116	38
116	48
116	99
117	125
117	18
117	81
118	123
118	124
118	5
118	58
118	93
118	99
119	121
119	129
119	38
119	48
119	99
120	98
121	123
121	127
121	129
121	65
121	66
121	99
122	20
122	46
123	127
123	129
123	18
123	66
123	81
123	99
124	98
125	18
125	81
125	84
127	129
127	66
127	99
128	98
129	66
129	99
15	27
18	20
18	81
20	47
20	81
20	83
27	31
28	40
30	73
38	48
38	58
38	65
38	86
38	87
40	43
45	89
46	62
47	83
48	58
48	65
48	86
48	87
5	50
5	91
50	61
50	91
54	94
57	75
65	86
65	87
66	87
66	99
67	89
72	83
78	96
81	84
81	93
82	96
86	87
93	99
