Res1 Res2 NSingle NDouble Method
8 9 49 78 2
8 9 49 78 2
177 45 26 211 2
45 52 21 209 2
45 52 21 209 2
153 52 20 209 2
177 52 25 216 2
56 69 43 155 2
110 60 24 202 2
177 60 19 216 2
71 93 27 195 2
45 77 33 194 2
78 84 31 199 2
121 81 42 168 2
157 81 39 170 2
190 81 41 171 2
177 84 21 216 2
128 88 55 113 2
163 88 60 112 2
102 188 30 167 2
111 153 31 198 2
113 157 33 174 2
128 88 55 113 2
128 139 58 98 2
113 137 44 161 2
137 157 43 164 2
128 139 58 98 2
140 184 61 122 2
102 150 44 162 2
110 151 26 192 2
153 52 20 209 2
153 187 28 196 2
113 157 33 174 2
128 163 59 106 2
107 165 75 84 2
167 198 55 124 2
168 63 61 130 2
177 60 19 216 2
177 84 21 216 2
177 182 25 212 2
182 93 24 200 2
153 187 28 196 2
102 188 30 167 2
197 56 49 162 2
