Res1 Res2 NSingle NDouble Method
18 7 0 6 3
21 7 0 6 3
18 21 0 6 3
17 45 0 5 3
44 48 0 4 3
30 53 0 7 3
17 62 1 4 3
45 62 1 4 3
43 64 0 4 3
30 69 0 7 3
53 69 0 7 3
17 81 0 5 3
45 81 0 5 3
62 81 1 4 3
31 93 0 12 3
43 96 0 4 3
64 96 0 4 3
94 98 4 6 3
17 99 0 5 3
45 99 0 5 3
62 99 1 4 3
81 99 0 5 3
104 51 0 7 3
106 109 0 4 3
110 65 0 9 3
112 87 0 7 3
113 30 0 7 3
113 53 0 7 3
113 69 0 7 3
117 17 1 4 3
117 45 1 4 3
117 62 0 4 3
117 81 1 4 3
117 99 1 4 3
119 43 0 4 3
119 64 0 4 3
119 96 0 4 3
120 22 0 9 3
123 44 0 4 3
123 48 0 4 3
125 9 0 4 3
