Res1 Res2 NSingle NDouble Method
19 2 4 6 6
112 2 11 4 6
127 2 8 0 6
2 23 7 4 6
2 61 8 0 6
30 8 8 0 6
53 8 8 0 6
61 8 7 0 6
127 8 7 0 6
13 94 13 2 6
112 15 5 6 6
127 15 6 0 6
15 30 7 0 6
15 53 7 0 6
15 61 6 0 6
15 83 6 6 6
15 88 10 0 6
15 94 8 0 6
118 19 8 3 6
127 19 8 0 6
19 23 5 5 6
19 61 8 0 6
23 8 12 1 6
2 23 7 4 6
15 23 7 3 6
19 23 5 5 6
120 23 11 1 6
127 23 7 0 6
23 59 14 4 6
23 61 7 0 6
102 41 18 2 6
123 41 14 2 6
127 41 12 0 6
41 61 12 0 6
41 75 18 2 6
48 57 19 5 6
30 68 8 0 6
53 68 8 0 6
61 68 7 0 6
127 68 7 0 6
68 78 7 5 6
68 86 10 5 6
68 88 3 4 6
57 71 16 8 6
30 75 11 0 6
53 75 11 0 6
61 75 10 0 6
127 75 10 0 6
15 77 7 3 6
30 77 8 0 6
53 77 8 0 6
61 77 7 0 6
68 77 8 3 6
127 77 7 0 6
77 78 7 5 6
77 94 9 0 6
30 78 11 0 6
53 78 11 0 6
61 78 10 0 6
127 78 10 0 6
78 86 9 7 6
2 82 14 1 6
8 82 13 1 6
19 82 14 1 6
23 82 13 1 6
118 82 12 1 6
61 83 12 0 6
112 83 7 8 6
127 83 12 0 6
68 86 10 5 6
78 86 9 7 6
121 87 11 7 6
30 88 5 0 6
53 88 5 0 6
61 88 4 0 6
68 88 3 4 6
78 88 10 2 6
86 88 11 3 6
127 88 4 0 6
88 94 6 0 6
13 94 13 2 6
30 94 3 0 6
53 94 3 0 6
61 94 2 0 6
88 94 6 0 6
127 94 2 0 6
15 96 6 4 6
23 96 11 2 6
30 96 9 0 6
53 96 9 0 6
61 96 8 0 6
77 96 11 2 6
127 96 8 0 6
66 97 8 16 6
101 23 11 2 6
101 30 9 0 6
101 53 9 0 6
101 61 8 0 6
101 74 11 7 6
101 77 11 2 6
101 94 10 0 6
101 116 5 7 6
101 127 8 0 6
102 53 9 1 6
106 8 17 4 6
107 82 17 3 6
110 30 11 0 6
110 53 11 0 6
110 61 10 0 6
110 120 12 2 6
110 127 10 0 6
111 15 12 4 6
112 61 11 0 6
112 127 11 0 6
114 61 14 0 6
114 127 14 0 6
116 15 7 5 6
116 61 11 0 6
116 120 7 5 6
116 127 11 0 6
117 82 15 6 6
117 94 17 2 6
118 2 8 3 6
118 8 11 1 6
118 19 8 3 6
118 23 9 2 6
118 30 7 0 6
118 53 7 0 6
118 61 6 0 6
118 75 12 2 6
118 82 12 1 6
118 127 6 0 6
120 30 7 0 6
120 53 7 0 6
120 61 6 0 6
120 94 8 0 6
116 120 7 5 6
120 127 6 0 6
123 30 7 0 6
123 41 14 2 6
123 53 7 0 6
123 61 6 0 6
123 68 9 2 6
123 88 8 1 6
123 127 6 0 6
110 124 19 5 6
128 15 10 4 6
128 53 11 1 6
