Res1 Res2 NSingle NDouble Method
10 16 26 3 7
12 23 23 2 7
16 23 24 3 7
12 24 13 0 7
16 24 14 1 7
22 24 16 1 7
23 24 18 1 7
12 48 22 2 7
24 48 17 1 7
42 50 27 5 7
12 52 17 1 7
22 52 22 1 7
24 52 12 0 7
12 54 13 1 7
23 54 20 1 7
24 54 8 0 7
52 54 12 1 7
42 56 23 11 7
48 58 26 7 7
12 65 23 2 7
52 65 22 2 7
54 65 20 1 7
52 74 18 2 7
12 78 19 4 7
24 78 18 1 7
24 86 19 1 7
12 91 15 3 7
23 91 22 3 7
24 91 12 1 7
48 91 23 2 7
52 91 18 1 7
54 91 14 1 7
78 91 24 2 7
22 93 23 3 7
80 93 19 6 7
12 95 13 2 7
24 95 10 0 7
54 95 12 0 7
91 95 16 1 7
93 95 19 1 7
121 33 35 6 7
121 91 26 3 7
124 65 24 3 7
122 124 21 3 7
125 16 21 3 7
125 24 13 2 7
125 42 27 4 7
125 70 25 3 7
122 125 20 4 7
