Res1 Res2 NSingle NDouble Method
4 62 27 10 7
54 9 18 3 7
10 16 18 4 7
10 42 18 4 7
10 47 18 5 7
107 12 7 0 7
113 12 7 0 7
12 54 9 1 7
12 65 14 2 7
12 78 12 5 7
12 91 11 2 7
12 95 9 2 7
10 16 18 4 7
125 16 14 5 7
18 32 45 26 7
22 24 11 1 7
23 95 13 3 7
22 24 11 1 7
107 24 3 0 7
111 24 4 0 7
113 24 3 0 7
125 24 11 2 7
24 91 9 1 7
29 46 32 14 7
124 33 19 4 7
33 65 17 6 7
22 35 20 5 7
36 64 16 10 7
33 40 28 14 7
42 47 12 7 7
42 56 15 6 7
43 61 25 9 7
42 45 20 8 7
42 47 12 7 7
12 48 15 2 7
48 58 17 5 7
48 95 14 2 7
50 86 13 5 7
22 52 14 2 7
52 54 10 1 7
52 65 15 2 7
52 74 12 2 7
12 54 9 1 7
24 54 7 0 7
52 54 10 1 7
107 54 4 0 7
111 54 5 0 7
113 54 4 0 7
54 91 10 1 7
42 56 15 6 7
48 58 17 5 7
61 94 18 10 7
12 65 14 2 7
33 65 17 6 7
24 74 11 0 7
52 74 12 2 7
107 74 8 0 7
111 74 9 0 7
113 74 8 0 7
12 78 12 5 7
107 80 11 0 7
111 80 12 0 7
113 80 11 0 7
80 93 12 4 7
80 95 13 2 7
50 86 13 5 7
12 91 11 2 7
24 91 9 1 7
22 93 15 2 7
80 93 12 4 7
107 93 9 0 7
111 93 10 0 7
113 93 9 0 7
93 95 13 1 7
61 94 18 10 7
12 95 9 2 7
23 95 13 3 7
48 95 14 2 7
70 95 15 2 7
80 95 13 2 7
91 95 12 1 7
107 95 6 0 7
111 95 7 0 7
113 95 6 0 7
42 96 18 7 7
47 96 20 7 7
74 97 20 6 7
101 22 18 6 7
102 61 33 13 7
112 22 20 9 7
12 120 25 5 7
121 65 18 4 7
122 124 12 4 7
122 125 13 5 7
107 124 9 0 7
113 124 9 0 7
122 124 12 4 7
125 16 14 5 7
125 24 11 2 7
125 42 16 4 7
122 125 13 5 7
