Res1 Res2 NSingle NDouble Method
122 4 44 7 7
11 6 33 4 7
24 6 22 1 7
107 6 21 0 7
111 6 22 0 7
113 6 21 0 7
6 91 28 2 7
12 9 30 3 7
54 9 25 3 7
10 16 26 3 7
10 24 20 1 7
10 47 27 6 7
107 11 20 0 7
11 12 26 2 7
11 78 29 4 7
11 113 20 0 7
107 12 10 0 7
111 12 11 0 7
113 12 10 0 7
12 23 23 2 7
12 24 13 0 7
12 48 22 2 7
12 52 17 1 7
12 54 13 1 7
12 65 23 2 7
12 78 19 4 7
12 91 15 3 7
12 95 13 2 7
124 13 49 6 7
10 16 26 3 7
107 16 13 0 7
111 16 14 0 7
113 16 13 0 7
125 16 21 3 7
16 23 24 3 7
16 24 14 1 7
17 22 34 4 7
17 70 34 5 7
107 22 15 0 7
111 22 16 0 7
113 22 15 0 7
22 24 16 1 7
22 52 22 1 7
22 93 23 3 7
12 23 23 2 7
16 23 24 3 7
23 24 18 1 7
23 54 20 1 7
23 91 22 3 7
23 95 18 3 7
12 24 13 0 7
16 24 14 1 7
22 24 16 1 7
23 24 18 1 7
107 24 3 0 7
111 24 4 0 7
113 24 3 0 7
125 24 13 2 7
24 48 17 1 7
24 52 12 0 7
24 54 8 0 7
24 78 18 1 7
24 86 19 1 7
24 91 12 1 7
24 95 10 0 7
29 46 59 17 7
32 65 54 9 7
107 33 26 0 7
111 33 27 0 7
113 33 26 0 7
121 33 35 6 7
124 33 29 5 7
33 80 29 7 7
35 74 32 5 7
39 54 38 3 7
33 40 58 16 7
124 40 63 7 7
107 42 21 0 7
113 42 21 0 7
122 42 25 5 7
125 42 27 4 7
42 47 27 7 7
42 50 27 5 7
42 56 23 11 7
43 61 37 12 7
42 45 35 8 7
107 46 25 0 7
111 46 24 1 7
113 46 25 0 7
46 47 29 8 7
46 62 30 8 7
12 48 22 2 7
24 48 17 1 7
107 48 16 0 7
111 48 17 0 7
113 48 16 0 7
48 58 26 7 7
48 78 27 3 7
48 91 23 2 7
48 95 19 2 7
24 50 19 0 7
42 50 27 5 7
107 50 16 0 7
111 50 17 0 7
113 50 16 0 7
50 86 18 8 7
12 52 17 1 7
22 52 22 1 7
24 52 12 0 7
107 52 9 0 7
111 52 10 0 7
113 52 9 0 7
52 54 12 1 7
52 65 22 2 7
52 74 18 2 7
52 91 18 1 7
12 54 13 1 7
23 54 20 1 7
24 54 8 0 7
52 54 12 1 7
107 54 5 0 7
111 54 6 0 7
113 54 5 0 7
54 65 20 1 7
54 91 14 1 7
54 95 12 0 7
12 55 34 3 7
55 78 37 5 7
55 91 33 4 7
12 56 28 3 7
42 56 23 11 7
56 95 27 2 7
24 58 25 1 7
48 58 26 7 7
107 58 24 0 7
111 58 25 0 7
113 58 24 0 7
58 91 31 2 7
58 95 29 1 7
46 59 44 16 7
60 72 68 16 7
107 62 21 0 7
113 62 21 0 7
107 64 26 0 7
111 64 25 1 7
113 64 26 0 7
12 65 23 2 7
52 65 22 2 7
54 65 20 1 7
107 65 17 0 7
111 65 18 0 7
113 65 17 0 7
124 65 24 3 7
22 70 26 3 7
107 70 17 0 7
111 70 18 0 7
113 70 17 0 7
122 70 25 3 7
125 70 25 3 7
70 95 20 2 7
72 78 38 5 7
72 95 34 2 7
24 74 16 0 7
52 74 18 2 7
54 74 18 0 7
107 74 13 0 7
111 74 14 0 7
113 74 13 0 7
74 95 20 0 7
12 78 19 4 7
24 78 18 1 7
107 78 17 0 7
111 78 18 0 7
113 78 17 0 7
78 91 24 2 7
78 95 20 2 7
79 9 52 12 7
54 79 47 4 7
12 80 25 1 7
24 80 20 0 7
54 80 22 0 7
107 80 17 0 7
111 80 18 0 7
113 80 17 0 7
80 91 26 1 7
80 93 19 6 7
80 95 20 2 7
24 82 31 1 7
107 82 30 0 7
111 82 31 0 7
113 82 30 0 7
24 86 19 1 7
12 91 15 3 7
23 91 22 3 7
24 91 12 1 7
48 91 23 2 7
52 91 18 1 7
54 91 14 1 7
78 91 24 2 7
107 91 11 0 7
111 91 12 0 7
113 91 11 0 7
121 91 26 3 7
91 95 16 1 7
12 93 22 1 7
22 93 23 3 7
24 93 17 0 7
54 93 19 0 7
80 93 19 6 7
91 93 23 1 7
107 93 14 0 7
111 93 15 0 7
113 93 14 0 7
93 95 19 1 7
50 94 35 5 7
61 94 29 13 7
86 94 33 7 7
12 95 13 2 7
24 95 10 0 7
54 95 12 0 7
91 95 16 1 7
93 95 19 1 7
107 95 7 0 7
111 95 8 0 7
113 95 7 0 7
42 96 32 9 7
47 96 35 7 7
61 96 35 10 7
74 97 30 9 7
50 99 34 9 7
101 22 28 10 7
109 65 39 7 7
112 22 35 8 7
114 52 46 4 7
115 12 30 3 7
115 61 38 7 7
115 91 31 3 7
115 94 37 9 7
115 121 37 5 7
107 116 32 0 7
113 116 32 0 7
107 118 32 0 7
113 118 32 0 7
120 6 46 9 7
120 78 46 7 7
12 120 41 6 7
121 33 35 6 7
121 50 31 3 7
121 54 24 1 7
121 65 30 4 7
121 91 26 3 7
12 121 25 3 7
107 121 21 0 7
113 121 21 0 7
122 24 17 0 7
122 54 19 0 7
107 122 14 0 7
111 122 15 0 7
113 122 14 0 7
122 124 21 3 7
122 125 20 4 7
124 24 16 0 7
124 65 24 3 7
107 124 13 0 7
111 124 14 0 7
113 124 13 0 7
122 124 21 3 7
125 16 21 3 7
125 24 13 2 7
125 42 27 4 7
125 70 25 3 7
125 86 26 3 7
107 125 14 0 7
111 125 15 0 7
113 125 14 0 7
122 125 20 4 7
126 46 42 17 7
130 86 41 8 7
