Res1 Res2 NSingle NDouble Method
15 8 9 0 6
30 8 17 0 6
15 30 20 0 6
34 8 22 1 6
20 40 52 9 6
41 42 49 6 6
24 46 49 19 6
50 8 29 1 6
34 50 41 4 6
52 8 18 1 6
15 52 23 0 6
22 52 45 4 6
28 52 36 7 6
30 52 29 1 6
50 52 37 4 6
53 8 16 1 6
15 53 21 0 6
42 53 34 9 6
52 53 30 1 6
59 8 21 1 6
60 8 20 1 6
15 60 25 0 6
18 60 39 3 6
53 60 30 2 6
59 60 31 4 6
67 8 20 1 6
41 67 37 3 6
59 67 37 1 6
68 8 27 1 6
60 68 27 9 6
67 68 33 6 6
52 72 40 7 6
59 72 35 11 6
8 82 15 0 6
15 82 18 0 6
30 82 26 0 6
59 82 32 0 6
8 87 9 1 6
15 87 14 0 6
25 87 41 2 6
30 87 22 0 6
52 87 23 1 6
53 87 21 1 6
59 87 26 1 6
60 87 25 1 6
67 87 23 2 6
82 87 20 0 6
8 88 17 1 6
30 88 24 3 6
46 88 47 6 6
52 88 31 1 6
53 88 27 2 6
67 88 33 1 6
87 88 22 1 6
8 94 9 0 6
15 94 12 0 6
30 94 20 0 6
34 94 25 1 6
41 94 26 2 6
52 94 23 0 6
53 94 21 0 6
60 94 25 0 6
68 94 28 2 6
70 94 31 2 6
76 94 34 2 6
82 94 18 0 6
87 94 14 0 6
88 96 41 4 6
87 97 37 2 6
102 34 32 5 6
102 82 33 0 6
102 94 25 1 6
104 8 18 0 6
104 15 21 0 6
104 18 29 6 6
104 30 29 0 6
104 60 22 6 6
104 68 21 10 6
104 87 23 0 6
104 94 21 0 6
105 8 15 0 6
105 15 18 0 6
105 30 26 0 6
105 60 25 3 6
105 68 30 4 6
105 82 24 0 6
105 87 20 0 6
105 94 16 1 6
104 105 25 1 6
107 8 13 0 6
107 15 16 0 6
107 30 24 0 6
107 34 31 0 6
107 52 27 0 6
107 59 30 0 6
107 73 40 10 6
107 82 22 0 6
107 87 18 0 6
107 94 14 1 6
102 107 31 0 6
105 107 18 2 6
109 53 51 3 6
112 60 28 6 6
112 82 33 0 6
112 94 23 2 6
107 112 25 3 6
113 8 21 0 6
113 15 24 0 6
113 34 33 3 6
113 53 31 1 6
113 82 30 0 6
113 88 26 4 6
113 94 24 0 6
105 113 30 0 6
107 113 28 0 6
114 8 22 0 6
114 15 25 0 6
114 67 34 2 6
114 68 29 8 6
114 82 31 0 6
104 114 18 8 6
105 114 19 6 6
107 114 19 5 6
112 114 22 9 6
118 15 36 1 6
122 8 18 0 6
122 15 21 0 6
122 18 33 4 6
122 30 29 0 6
122 52 28 2 6
122 53 28 1 6
122 59 33 1 6
122 60 22 6 6
122 67 32 1 6
122 82 27 0 6
122 87 23 0 6
122 94 21 0 6
104 122 20 5 6
105 122 25 1 6
107 122 25 0 6
112 122 30 3 6
114 122 28 3 6
123 35 40 9 6
104 123 35 1 6
107 123 26 3 6
125 59 39 11 6
127 8 5 1 6
127 15 10 0 6
127 25 35 3 6
127 30 18 0 6
127 34 23 1 6
127 41 26 1 6
127 50 26 3 6
127 52 19 1 6
127 53 17 1 6
127 59 22 1 6
127 60 21 1 6
127 67 21 1 6
127 68 28 1 6
127 82 16 0 6
127 87 10 1 6
127 88 18 1 6
127 94 10 0 6
102 127 23 1 6
104 127 19 0 6
105 127 16 0 6
107 127 14 0 6
122 127 19 0 6
