Res1 Res2 NSingle NDouble Method
15 8 8 0 6
52 8 12 1 6
53 8 13 1 6
59 8 16 1 6
60 8 15 1 6
53 60 22 2 6
67 8 18 1 6
68 8 18 1 6
72 8 27 2 6
8 87 7 1 6
15 87 11 0 6
52 87 15 1 6
53 87 16 1 6
67 87 19 2 6
68 87 17 3 6
8 88 12 1 6
30 88 18 2 6
53 88 19 2 6
87 88 15 1 6
8 94 9 0 6
15 94 11 0 6
41 94 19 2 6
68 94 19 2 6
70 94 20 3 6
87 94 12 0 6
102 34 25 4 6
104 67 22 3 6
105 8 12 0 6
105 15 14 0 6
105 60 17 3 6
107 8 9 0 6
107 15 11 0 6
107 82 17 0 6
107 87 12 0 6
107 94 8 2 6
105 107 11 2 6
112 94 15 3 6
105 112 12 6 6
113 34 24 2 6
113 88 17 3 6
107 113 18 0 6
114 60 19 4 6
104 114 12 6 6
105 114 12 5 6
107 114 13 3 6
112 114 14 7 6
122 60 15 5 6
104 122 12 5 6
114 122 16 4 6
123 53 20 5 6
127 8 5 1 6
127 15 9 0 6
127 25 22 3 6
127 41 17 2 6
127 50 18 3 6
127 52 13 1 6
127 53 14 1 6
127 59 17 1 6
127 60 16 1 6
127 87 8 1 6
127 88 13 1 6
127 94 10 0 6
107 127 10 0 6
