Res1 Res2 NSingle NDouble Method
5 68 31 9 6
15 8 8 0 6
22 8 27 2 6
34 8 17 1 6
52 8 12 1 6
53 8 13 1 6
59 8 16 1 6
60 8 15 1 6
61 8 3 0 6
67 8 18 1 6
68 8 18 1 6
72 8 27 2 6
105 8 12 0 6
107 8 9 0 6
127 8 5 1 6
8 87 7 1 6
8 88 12 1 6
8 94 9 0 6
15 8 8 0 6
105 15 14 0 6
107 15 11 0 6
127 15 9 0 6
15 61 5 0 6
15 87 11 0 6
15 94 11 0 6
16 68 36 15 6
17 24 36 15 6
17 72 35 15 6
112 18 30 3 6
18 60 27 4 6
18 61 21 0 6
22 60 28 7 6
24 59 28 8 6
24 87 25 5 6
127 25 22 3 6
28 8 26 1 6
122 28 32 2 6
28 87 23 4 6
29 53 32 6 6
29 59 31 8 6
30 8 14 0 6
15 30 16 0 6
127 30 15 0 6
30 52 20 1 6
30 61 11 0 6
30 88 18 2 6
102 34 25 4 6
113 34 24 2 6
34 61 16 0 6
35 53 29 5 6
127 36 29 2 6
36 87 25 5 6
37 61 32 0 6
40 61 30 0 6
40 94 32 2 6
29 41 37 6 6
127 41 17 2 6
41 61 17 0 6
41 94 19 2 6
42 53 21 8 6
42 88 30 3 6
46 59 26 8 6
46 87 25 4 6
112 47 37 12 6
48 68 35 8 6
49 87 28 6 6
50 8 21 1 6
127 50 18 3 6
50 59 25 5 6
50 61 20 0 6
51 67 41 9 6
51 82 39 7 6
52 8 12 1 6
127 52 13 1 6
52 61 11 0 6
52 87 15 1 6
53 8 13 1 6
41 53 23 3 6
123 53 20 5 6
127 53 14 1 6
53 60 22 2 6
53 67 23 3 6
53 87 16 1 6
53 88 19 2 6
104 56 31 6 6
105 56 29 6 6
122 56 33 5 6
127 56 30 3 6
59 8 16 1 6
52 59 22 2 6
122 59 24 1 6
127 59 17 1 6
59 61 15 0 6
59 87 19 1 6
59 88 24 1 6
60 8 15 1 6
53 60 22 2 6
104 60 17 4 6
105 60 17 3 6
114 60 19 4 6
122 60 15 5 6
127 60 16 1 6
60 61 14 0 6
60 68 19 6 6
60 87 18 1 6
25 62 44 9 6
35 63 21 18 6
53 63 32 5 6
123 63 32 8 6
67 8 18 1 6
104 67 22 3 6
127 67 19 1 6
67 68 22 6 6
67 82 14 7 6
67 85 26 5 6
67 87 19 2 6
68 8 18 1 6
61 68 17 0 6
105 68 18 4 6
107 68 21 1 6
127 68 19 1 6
68 87 17 3 6
68 94 19 2 6
61 70 20 0 6
107 70 22 2 6
70 94 20 3 6
72 8 27 2 6
52 72 27 6 6
59 72 21 11 6
107 73 26 6 6
59 74 35 12 6
72 74 34 19 6
30 76 34 1 6
68 76 32 5 6
105 76 26 4 6
76 94 27 2 6
70 77 45 14 6
105 80 32 6 6
122 80 34 6 6
68 81 38 15 6
8 82 14 0 6
15 82 16 0 6
30 82 22 0 6
52 82 22 0 6
61 82 11 0 6
105 82 20 0 6
107 82 17 0 6
122 82 22 0 6
127 82 15 0 6
82 87 17 0 6
82 88 22 0 6
82 94 17 0 6
8 85 22 0 6
15 85 24 0 6
61 85 19 0 6
82 85 22 4 6
104 85 26 2 6
114 85 28 2 6
122 85 24 3 6
127 85 23 0 6
8 86 35 1 6
61 86 34 0 6
86 94 32 4 6
8 87 7 1 6
15 87 11 0 6
25 87 26 2 6
52 87 15 1 6
53 87 16 1 6
61 87 6 0 6
67 87 19 2 6
68 87 17 3 6
107 87 12 0 6
127 87 8 1 6
87 88 15 1 6
87 94 12 0 6
87 97 24 2 6
8 88 12 1 6
30 88 18 2 6
53 88 19 2 6
87 88 15 1 6
113 88 17 3 6
127 88 13 1 6
59 89 35 12 6
72 89 34 19 6
8 94 9 0 6
15 94 11 0 6
41 94 19 2 6
61 94 6 0 6
68 94 19 2 6
70 94 20 3 6
87 94 12 0 6
105 94 13 1 6
107 94 8 2 6
112 94 15 3 6
114 94 17 1 6
127 94 10 0 6
30 97 25 4 6
100 94 36 2 6
102 8 20 0 6
102 15 22 0 6
102 34 25 4 6
102 61 17 0 6
102 87 23 0 6
102 94 21 1 6
102 107 23 0 6
102 127 19 1 6
103 107 36 5 6
104 8 14 0 6
104 15 16 0 6
104 61 11 0 6
104 67 22 3 6
104 87 17 0 6
104 94 17 0 6
104 107 15 1 6
104 114 12 6 6
104 122 12 5 6
104 127 15 0 6
105 8 12 0 6
105 15 14 0 6
105 60 17 3 6
105 61 9 0 6
105 87 15 0 6
105 107 11 2 6
105 112 12 6 6
105 114 12 5 6
105 127 13 0 6
107 8 9 0 6
107 15 11 0 6
107 30 17 0 6
107 52 17 0 6
107 53 18 0 6
107 61 6 0 6
107 82 17 0 6
107 87 12 0 6
107 88 17 0 6
107 94 8 2 6
105 107 11 2 6
107 113 18 0 6
107 114 13 3 6
107 122 17 0 6
107 127 10 0 6
109 113 31 6 6
109 123 33 8 6
111 8 24 1 6
112 8 18 0 6
112 15 20 0 6
112 60 21 4 6
112 61 15 0 6
112 87 21 0 6
112 94 15 3 6
104 112 18 4 6
105 112 12 6 6
107 112 15 3 6
112 114 14 7 6
112 127 19 0 6
113 8 15 0 6
113 15 17 0 6
113 34 24 2 6
113 61 12 0 6
113 87 18 0 6
113 88 17 3 6
113 94 18 0 6
107 113 18 0 6
113 127 16 0 6
114 8 16 0 6
114 15 18 0 6
114 60 19 4 6
114 61 13 0 6
114 87 19 0 6
104 114 12 6 6
105 114 12 5 6
107 114 13 3 6
112 114 14 7 6
114 122 16 4 6
114 127 17 0 6
118 8 25 0 6
118 15 25 1 6
118 61 22 0 6
118 127 26 0 6
119 88 36 7 6
122 8 14 0 6
122 15 16 0 6
122 18 20 6 6
122 52 18 2 6
122 53 21 1 6
122 60 15 5 6
122 61 11 0 6
104 122 12 5 6
105 122 18 1 6
114 122 16 4 6
122 127 15 0 6
123 53 20 5 6
123 61 18 0 6
123 94 22 1 6
107 123 18 3 6
125 61 27 0 6
126 61 36 0 6
127 8 5 1 6
127 15 9 0 6
127 25 22 3 6
127 41 17 2 6
127 50 18 3 6
127 52 13 1 6
127 53 14 1 6
127 59 17 1 6
127 60 16 1 6
127 61 4 0 6
127 87 8 1 6
127 88 13 1 6
127 94 10 0 6
107 127 10 0 6
128 15 39 2 6
128 61 38 0 6
129 61 24 0 6
123 129 32 5 6
