Res1 Res2 NSingle NDouble Method
1 87 58 3 4
1 103 61 19 4
1 104 59 5 4
1 112 60 7 4
1 114 57 7 4
114 2 76 7 4
105 3 48 6 4
107 3 54 2 4
112 3 53 7 4
114 3 56 4 4
3 8 54 2 4
3 61 51 0 4
3 86 43 21 4
3 94 55 2 4
15 4 51 2 4
28 4 55 12 4
4 46 48 16 4
4 59 44 11 4
4 60 54 5 4
4 87 49 3 4
4 99 53 19 4
28 5 47 8 4
45 5 52 8 4
46 5 48 8 4
48 5 50 10 4
104 5 34 5 4
114 5 38 4 4
122 5 40 3 4
127 5 36 1 4
5 8 36 2 4
5 53 39 3 4
5 56 53 7 4
5 59 42 4 4
5 60 36 6 4
5 67 44 4 4
5 68 40 6 4
5 87 37 1 4
5 88 40 3 4
14 6 76 29 4
105 7 52 3 4
107 7 46 5 4
112 7 51 7 4
114 7 52 5 4
7 73 49 17 4
15 8 11 1 4
30 8 19 1 4
41 8 24 1 4
52 8 13 2 4
53 8 15 2 4
59 8 22 1 4
60 8 20 1 4
61 8 7 0 4
102 8 23 1 4
104 8 18 0 4
105 8 16 0 4
107 8 14 0 4
112 8 23 0 4
113 8 19 0 4
114 8 20 0 4
122 8 20 0 4
123 8 22 1 4
127 8 8 2 4
8 82 17 1 4
8 87 13 0 4
8 88 16 2 4
8 94 13 1 4
49 9 80 19 4
10 7 60 11 4
10 18 47 5 4
10 30 39 4 4
10 76 47 6 4
10 88 42 2 4
10 94 37 2 4
10 97 43 6 4
10 107 36 2 4
10 113 41 2 4
10 123 44 3 4
11 59 63 7 4
105 12 60 4 4
107 12 56 5 4
12 59 62 7 4
12 94 63 2 4
13 8 46 6 4
127 13 50 3 4
100 14 56 17 4
104 14 59 5 4
114 14 59 6 4
122 14 55 8 4
15 8 11 1 4
104 15 17 0 4
105 15 15 0 4
107 15 13 0 4
113 15 18 0 4
123 15 21 1 4
127 15 9 1 4
15 41 23 1 4
15 52 16 0 4
15 53 16 1 4
15 61 6 0 4
15 82 16 1 4
15 87 12 0 4
15 88 17 1 4
15 94 12 1 4
104 16 49 7 4
107 16 53 3 4
114 16 53 6 4
122 16 55 5 4
16 56 58 14 4
16 67 51 10 4
16 68 51 10 4
16 76 52 13 4
16 87 52 3 4
17 8 41 2 4
15 17 42 1 4
127 17 41 1 4
17 24 46 12 4
17 52 44 2 4
17 59 33 11 4
17 60 43 5 4
17 61 38 0 4
17 74 52 17 4
17 99 56 12 4
104 18 27 4 4
105 18 31 1 4
113 18 32 2 4
114 18 33 2 4
122 18 29 4 4
18 20 34 6 4
18 48 47 7 4
18 52 32 1 4
18 60 33 3 4
18 61 24 0 4
18 67 37 3 4
18 68 35 4 4
18 76 40 5 4
18 87 28 1 4
127 19 47 2 4
19 65 58 12 4
20 8 27 1 4
15 20 28 0 4
18 20 34 6 4
102 20 34 3 4
113 20 32 1 4
120 20 45 9 4
127 20 27 0 4
20 30 34 1 4
20 40 42 5 4
20 49 46 7 4
20 61 22 0 4
20 85 37 3 4
20 87 26 1 4
15 21 56 2 4
111 21 64 7 4
118 21 61 9 4
127 21 53 3 4
21 30 56 6 4
22 8 32 2 4
105 22 36 1 4
111 22 43 5 4
112 22 41 2 4
122 22 32 5 4
127 22 32 1 4
22 52 33 3 4
22 53 35 3 4
22 60 34 5 4
22 61 29 0 4
22 68 42 3 4
22 75 60 16 4
23 4 61 20 4
15 23 52 3 4
125 23 60 11 4
23 28 50 16 4
23 49 58 16 4
23 50 59 7 4
24 8 35 2 4
15 24 38 0 4
17 24 46 12 4
127 24 35 1 4
24 28 40 11 4
24 37 40 13 4
24 46 35 14 4
24 52 36 3 4
24 53 40 2 4
24 59 31 9 4
24 60 39 4 4
24 61 32 0 4
24 87 32 3 4
24 88 41 2 4
24 94 36 2 4
25 8 29 2 4
15 25 30 1 4
104 25 35 1 4
105 25 33 1 4
112 25 36 3 4
127 25 23 4 4
25 30 36 2 4
25 41 39 3 4
25 52 34 1 4
25 53 34 2 4
25 56 46 7 4
25 60 35 3 4
25 61 26 0 4
25 68 39 3 4
25 82 36 1 4
25 87 30 1 4
25 88 33 3 4
25 94 32 1 4
119 26 68 22 4
121 26 69 28 4
15 27 41 2 4
107 27 42 2 4
27 71 61 13 4
27 73 53 10 4
27 76 51 7 4
27 94 43 2 4
28 8 33 2 4
24 28 40 11 4
104 28 37 2 4
107 28 33 2 4
127 28 33 1 4
28 36 45 7 4
28 45 43 11 4
28 52 34 3 4
28 59 39 4 4
28 61 30 0 4
28 72 45 7 4
28 87 30 3 4
29 8 38 1 4
15 29 37 1 4
109 29 49 9 4
123 29 42 4 4
127 29 36 1 4
29 41 40 6 4
29 53 37 4 4
29 59 36 7 4
29 60 40 4 4
29 61 33 0 4
29 63 50 7 4
30 8 19 1 4
10 30 39 4 4
15 30 20 0 4
112 30 28 1 4
118 30 31 4 4
127 30 17 1 4
30 52 20 2 4
30 53 24 1 4
30 60 27 1 4
30 61 14 0 4
30 70 31 2 4
30 87 20 0 4
30 88 23 2 4
30 97 30 3 4
31 59 69 13 4
32 50 71 13 4
32 60 71 10 4
15 33 39 2 4
107 33 38 3 4
114 33 38 6 4
122 33 40 5 4
33 56 49 11 4
33 59 44 5 4
33 80 51 12 4
34 8 25 0 4
15 34 24 0 4
102 34 30 3 4
105 34 25 1 4
107 34 25 0 4
111 34 36 3 4
113 34 26 2 4
127 34 21 1 4
34 36 39 4 4
34 50 33 3 4
34 61 18 0 4
34 65 44 5 4
34 87 24 0 4
34 94 24 1 4
15 35 34 0 4
30 35 38 2 4
109 35 42 10 4
123 35 33 6 4
127 35 33 0 4
35 42 39 7 4
35 53 34 3 4
35 61 28 0 4
35 63 35 12 4
35 87 34 0 4
28 36 45 7 4
34 36 39 4 4
105 36 36 1 4
111 36 43 5 4
127 36 32 1 4
36 45 44 10 4
36 61 29 0 4
36 87 27 4 4
37 8 37 2 4
24 37 40 13 4
104 37 41 2 4
107 37 37 2 4
112 37 42 4 4
127 37 35 2 4
37 50 39 8 4
37 52 40 2 4
37 61 34 0 4
37 87 34 3 4
37 94 38 2 4
23 38 82 20 4
104 39 50 5 4
122 39 54 4 4
40 8 37 0 4
15 40 36 0 4
20 40 42 5 4
100 40 40 11 4
102 40 40 4 4
107 40 37 0 4
127 40 35 0 4
40 41 43 3 4
40 61 30 0 4
40 70 33 9 4
40 87 36 0 4
40 88 41 1 4
40 94 36 1 4
41 8 24 1 4
15 41 23 1 4
29 41 40 6 4
107 41 26 0 4
123 41 30 3 4
127 41 20 2 4
129 41 36 3 4
41 50 36 2 4
41 53 25 3 4
41 61 19 0 4
41 67 34 2 4
41 70 36 2 4
41 82 29 1 4
41 87 25 0 4
41 88 30 1 4
41 94 19 4 4
15 42 29 1 4
35 42 39 7 4
123 42 34 4 4
124 42 50 10 4
127 42 30 0 4
42 53 27 5 4
42 61 25 0 4
42 63 42 7 4
42 90 51 10 4
113 44 61 5 4
45 8 40 1 4
28 45 43 11 4
37 45 45 12 4
105 45 38 3 4
113 45 43 2 4
127 45 36 2 4
45 59 42 5 4
45 60 44 3 4
45 61 35 0 4
45 87 35 3 4
45 88 44 2 4
46 8 36 1 4
24 46 35 14 4
28 46 43 9 4
125 46 39 11 4
127 46 34 1 4
46 52 39 1 4
46 59 32 8 4
46 60 38 4 4
46 61 31 0 4
46 87 31 3 4
46 88 38 3 4
104 47 41 9 4
105 47 47 5 4
112 47 48 8 4
114 47 49 6 4
122 47 45 8 4
47 52 48 5 4
47 60 49 7 4
47 68 51 8 4
47 94 50 3 4
18 48 47 7 4
22 48 52 7 4
41 48 46 5 4
104 48 38 5 4
105 48 44 1 4
114 48 42 4 4
122 48 38 6 4
129 48 50 5 4
48 52 43 2 4
48 53 45 2 4
48 60 44 4 4
48 61 37 0 4
48 68 42 7 4
48 88 44 3 4
20 49 46 7 4
24 49 50 10 4
28 49 46 11 4
46 49 47 11 4
125 49 48 10 4
49 87 36 4 4
49 99 54 13 4
15 50 27 0 4
34 50 33 3 4
37 50 39 8 4
41 50 36 2 4
104 50 30 1 4
122 50 30 2 4
125 50 37 7 4
127 50 24 1 4
50 52 29 1 4
50 56 39 8 4
50 59 30 4 4
50 61 21 0 4
50 65 43 7 4
50 68 36 2 4
50 87 27 0 4
18 51 52 7 4
103 51 61 11 4
104 51 47 3 4
107 51 43 3 4
112 51 48 5 4
114 51 47 4 4
51 67 49 6 4
51 76 50 9 4
51 82 46 4 4
52 8 13 2 4
15 52 16 0 4
22 52 33 3 4
28 52 34 3 4
30 52 20 2 4
105 52 19 0 4
107 52 17 0 4
112 52 24 1 4
122 52 19 2 4
127 52 13 1 4
52 53 20 1 4
52 59 23 2 4
52 60 23 1 4
52 61 10 0 4
52 76 32 2 4
52 85 27 2 4
52 87 16 0 4
52 88 21 1 4
52 94 18 0 4
53 8 15 2 4
15 53 16 1 4
30 53 24 1 4
41 53 25 3 4
42 53 27 5 4
52 53 20 1 4
104 53 23 0 4
105 53 21 0 4
107 53 19 0 4
113 53 24 0 4
114 53 25 0 4
122 53 23 1 4
123 53 19 5 4
127 53 13 2 4
53 59 27 1 4
53 60 23 2 4
53 61 12 0 4
53 82 22 1 4
53 87 18 0 4
53 88 21 2 4
53 94 18 1 4
18 55 73 13 4
100 55 67 20 4
56 8 39 1 4
25 56 46 7 4
50 56 39 8 4
52 56 38 3 4
104 56 35 5 4
105 56 33 5 4
107 56 33 4 4
112 56 40 5 4
114 56 33 7 4
122 56 35 6 4
127 56 33 3 4
56 60 37 6 4
56 61 34 0 4
56 68 35 9 4
56 76 44 8 4
30 57 75 7 4
50 57 74 11 4
20 58 55 8 4
127 58 52 1 4
58 61 49 0 4
58 63 46 17 4
59 8 22 1 4
15 59 23 0 4
29 59 36 7 4
30 59 29 1 4
46 59 32 8 4
50 59 30 4 4
52 59 23 2 4
53 59 27 1 4
105 59 26 0 4
107 59 24 0 4
122 59 28 1 4
125 59 33 7 4
127 59 20 1 4
59 60 26 3 4
59 61 17 0 4
59 87 23 0 4
59 88 28 1 4
59 94 25 0 4
60 8 20 1 4
15 60 21 0 4
30 60 27 1 4
52 60 23 1 4
53 60 23 2 4
59 60 26 3 4
104 60 20 3 4
105 60 18 3 4
107 60 20 1 4
112 60 25 3 4
114 60 24 2 4
122 60 18 5 4
127 60 18 1 4
60 61 15 0 4
60 68 24 5 4
60 87 21 0 4
60 88 26 1 4
60 94 23 0 4
127 62 40 2 4
62 79 63 13 4
62 85 48 6 4
63 8 38 0 4
15 63 37 0 4
34 63 43 3 4
35 63 35 12 4
42 63 42 7 4
53 63 37 3 4
61 63 31 0 4
100 63 43 10 4
107 63 38 0 4
123 63 38 5 4
127 63 36 0 4
63 87 37 0 4
63 94 37 1 4
107 64 73 5 4
114 64 73 8 4
65 8 41 1 4
34 65 44 5 4
50 65 43 7 4
61 65 36 0 4
107 65 37 3 4
111 65 46 7 4
114 65 43 3 4
123 65 45 4 4
127 65 37 2 4
15 67 25 0 4
18 67 37 3 4
41 67 34 2 4
53 67 29 1 4
60 67 32 1 4
61 67 19 0 4
104 67 24 3 4
114 67 26 3 4
122 67 26 3 4
127 67 24 0 4
67 68 26 6 4
67 82 21 5 4
67 85 34 3 4
67 87 21 2 4
68 8 26 0 4
15 68 25 0 4
18 68 35 4 4
52 68 29 0 4
60 68 24 5 4
61 68 19 0 4
67 68 26 6 4
104 68 20 5 4
105 68 20 4 4
107 68 22 2 4
112 68 23 6 4
114 68 18 7 4
122 68 22 5 4
127 68 24 0 4
68 87 21 2 4
68 94 27 0 4
69 7 57 23 4
105 69 57 3 4
107 69 53 4 4
112 69 56 7 4
69 73 54 17 4
70 8 28 0 4
15 70 27 0 4
18 70 39 3 4
30 70 31 2 4
40 70 33 9 4
41 70 36 2 4
61 70 21 0 4
100 70 37 8 4
104 70 30 1 4
107 70 26 1 4
114 70 32 1 4
123 70 34 2 4
127 70 26 0 4
70 87 27 0 4
70 94 27 1 4
37 71 52 15 4
45 71 53 15 4
60 71 53 5 4
105 71 43 7 4
107 71 49 3 4
112 71 48 8 4
71 73 52 15 4
72 8 32 2 4
52 72 35 2 4
59 72 28 9 4
61 72 29 0 4
125 72 41 9 4
72 74 47 15 4
73 8 39 1 4
15 73 40 0 4
52 73 40 2 4
60 73 41 4 4
61 73 34 0 4
68 73 43 5 4
104 73 41 2 4
105 73 29 7 4
107 73 33 4 4
112 73 38 6 4
114 73 39 4 4
127 73 37 1 4
73 87 40 0 4
73 94 38 2 4
15 74 50 2 4
17 74 52 17 4
52 74 50 4 4
59 74 43 11 4
72 74 47 15 4
74 89 54 20 4
15 75 63 3 4
22 75 60 16 4
127 75 62 3 4
15 76 32 0 4
41 76 39 3 4
52 76 32 2 4
53 76 34 2 4
56 76 44 8 4
61 76 26 0 4
68 76 39 3 4
104 76 35 1 4
105 76 33 1 4
107 76 29 2 4
112 76 36 3 4
114 76 35 2 4
127 76 31 0 4
76 80 44 10 4
76 87 32 0 4
76 94 30 2 4
30 77 55 7 4
70 77 60 8 4
61 78 42 0 4
63 78 55 9 4
129 78 51 7 4
78 87 46 1 4
50 79 49 11 4
52 79 54 3 4
127 79 49 3 4
79 87 52 2 4
33 80 51 12 4
52 80 42 3 4
56 80 44 14 4
60 80 43 5 4
68 80 39 9 4
76 80 44 10 4
104 80 39 5 4
105 80 39 4 4
107 80 41 2 4
112 80 40 7 4
114 80 37 7 4
122 80 41 5 4
127 80 41 1 4
80 94 42 2 4
68 81 51 10 4
104 81 53 5 4
105 81 55 3 4
107 81 51 4 4
112 81 50 9 4
114 81 53 6 4
122 81 57 4 4
127 81 53 2 4
81 87 52 3 4
8 82 17 1 4
15 82 16 1 4
30 82 26 0 4
41 82 29 1 4
52 82 22 0 4
53 82 22 1 4
60 82 27 0 4
61 82 12 0 4
104 82 21 1 4
105 82 21 0 4
107 82 19 0 4
113 82 24 0 4
114 82 25 0 4
122 82 25 0 4
123 82 27 1 4
127 82 15 1 4
82 87 18 0 4
82 88 23 1 4
82 94 18 1 4
30 83 76 8 4
52 84 52 4 4
60 84 51 7 4
72 84 51 14 4
74 84 50 24 4
84 89 58 19 4
8 85 28 0 4
15 85 27 0 4
20 85 37 3 4
30 85 33 1 4
52 85 27 2 4
61 85 21 0 4
67 85 34 3 4
82 85 27 3 4
102 85 33 3 4
104 85 30 1 4
107 85 28 0 4
112 85 35 1 4
114 85 32 1 4
122 85 32 1 4
127 85 26 0 4
85 87 27 0 4
8 86 37 2 4
15 86 40 0 4
34 86 46 3 4
61 86 34 0 4
102 86 42 5 4
104 86 41 2 4
105 86 37 3 4
107 86 35 3 4
112 86 38 6 4
114 86 43 2 4
127 86 39 0 4
86 87 40 0 4
86 94 34 4 4
8 87 13 0 4
15 87 12 0 4
24 87 32 3 4
28 87 30 3 4
36 87 27 4 4
46 87 31 3 4
52 87 16 0 4
61 87 6 0 4
67 87 21 2 4
68 87 21 2 4
104 87 17 0 4
105 87 15 0 4
107 87 13 0 4
127 87 11 0 4
87 94 14 0 4
8 88 16 2 4
15 88 17 1 4
25 88 33 3 4
30 88 23 2 4
46 88 38 3 4
52 88 21 1 4
53 88 21 2 4
59 88 28 1 4
60 88 26 1 4
61 88 13 0 4
82 88 23 1 4
87 88 19 0 4
107 88 20 0 4
113 88 21 2 4
123 88 28 1 4
127 88 14 2 4
88 94 19 1 4
88 96 37 3 4
15 89 48 2 4
46 89 55 11 4
59 89 41 11 4
72 89 49 13 4
74 89 54 20 4
8 90 49 2 4
35 90 52 11 4
42 90 51 10 4
53 90 44 7 4
61 90 46 0 4
102 90 54 5 4
109 90 58 11 4
123 90 55 4 4
15 92 57 1 4
20 92 59 8 4
42 92 58 10 4
53 92 57 4 4
87 92 57 1 4
100 92 61 12 4
105 93 70 6 4
107 93 70 5 4
8 94 13 1 4
15 94 12 1 4
34 94 24 1 4
41 94 19 4 4
52 94 18 0 4
53 94 18 1 4
61 94 8 0 4
70 94 27 1 4
82 94 18 1 4
87 94 14 0 4
88 94 19 1 4
102 94 24 1 4
104 94 19 0 4
105 94 15 1 4
107 94 15 0 4
112 94 20 2 4
113 94 20 0 4
123 94 23 1 4
127 94 11 1 4
15 95 60 2 4
35 95 54 16 4
42 95 61 11 4
53 95 60 5 4
119 95 62 19 4
124 95 61 21 4
15 96 32 2 4
30 96 38 3 4
61 96 30 0 4
70 96 43 4 4
88 96 37 3 4
100 96 44 9 4
119 96 48 12 4
10 97 43 6 4
30 97 30 3 4
61 97 22 0 4
87 97 26 1 4
123 97 35 2 4
8 99 47 1 4
24 99 48 13 4
50 99 49 7 4
59 99 49 5 4
61 99 42 0 4
87 99 46 1 4
122 99 51 2 4
125 99 42 15 4
100 15 38 0 4
100 35 42 9 4
100 40 40 11 4
100 41 43 4 4
100 53 36 4 4
100 61 32 0 4
100 63 43 10 4
100 70 37 8 4
100 87 38 0 4
100 94 38 1 4
100 96 44 9 4
100 123 43 3 4
100 127 37 0 4
102 8 23 1 4
102 15 24 0 4
102 20 34 3 4
102 34 30 3 4
102 52 28 0 4
102 61 18 0 4
102 85 33 3 4
102 87 24 0 4
102 94 24 1 4
102 105 27 0 4
102 107 25 0 4
102 118 35 4 4
102 127 23 0 4
103 52 47 2 4
103 60 46 5 4
103 61 41 0 4
103 94 45 2 4
103 104 42 5 4
103 105 38 6 4
103 107 40 4 4
103 112 37 10 4
103 114 42 6 4
103 122 40 7 4
103 123 48 5 4
104 8 18 0 4
104 15 17 0 4
104 18 27 4 4
104 52 21 0 4
104 53 23 0 4
104 60 20 3 4
104 61 11 0 4
104 67 24 3 4
104 68 20 5 4
104 82 21 1 4
104 87 17 0 4
104 94 19 0 4
104 105 18 1 4
104 107 16 1 4
104 112 21 3 4
104 113 23 0 4
104 114 14 5 4
104 122 16 4 4
104 123 26 1 4
104 127 16 0 4
105 8 16 0 4
105 15 15 0 4
105 34 25 1 4
105 52 19 0 4
105 53 21 0 4
105 60 18 3 4
105 61 9 0 4
105 68 20 4 4
105 82 21 0 4
105 87 15 0 4
105 88 22 0 4
105 94 15 1 4
104 105 18 1 4
105 107 14 1 4
105 111 29 2 4
105 112 15 5 4
105 113 21 0 4
105 114 16 3 4
105 122 20 1 4
105 127 14 0 4
107 8 14 0 4
107 15 13 0 4
107 30 21 0 4
107 52 17 0 4
107 53 19 0 4
107 60 20 1 4
107 61 7 0 4
107 68 22 2 4
107 76 29 2 4
107 82 19 0 4
107 87 13 0 4
107 88 20 0 4
107 94 15 0 4
104 107 16 1 4
105 107 14 1 4
107 112 15 4 4
107 113 19 0 4
107 114 12 4 4
107 122 20 0 4
107 123 20 2 4
107 127 12 0 4
108 84 73 24 4
109 35 42 10 4
109 41 47 3 4
109 42 47 6 4
109 53 40 3 4
109 61 34 0 4
109 113 38 4 4
109 123 45 3 4
109 124 41 19 4
109 127 39 0 4
110 124 68 20 4
110 129 68 9 4
111 8 29 1 4
111 15 30 0 4
111 22 43 5 4
111 34 36 3 4
111 36 43 5 4
111 52 32 1 4
111 60 33 3 4
111 61 24 0 4
111 65 46 7 4
111 87 30 0 4
104 111 33 1 4
105 111 29 2 4
107 111 31 0 4
111 112 36 2 4
111 125 44 5 4
111 127 29 0 4
112 8 23 0 4
112 15 22 0 4
112 30 28 1 4
112 52 24 1 4
112 60 25 3 4
112 61 16 0 4
112 68 23 6 4
112 87 22 0 4
112 94 20 2 4
104 112 21 3 4
105 112 15 5 4
107 112 15 4 4
112 114 17 6 4
112 122 27 1 4
112 123 31 1 4
112 127 21 0 4
113 8 19 0 4
113 15 18 0 4
113 18 32 2 4
113 20 32 1 4
113 34 26 2 4
113 52 22 0 4
113 53 24 0 4
113 61 12 0 4
113 82 24 0 4
113 87 18 0 4
113 88 21 2 4
113 94 20 0 4
104 113 23 0 4
105 113 21 0 4
107 113 19 0 4
109 113 38 4 4
113 127 17 0 4
113 129 31 2 4
114 8 20 0 4
114 15 19 0 4
114 52 23 0 4
114 53 25 0 4
114 60 24 2 4
114 61 13 0 4
114 67 26 3 4
114 68 18 7 4
114 82 25 0 4
114 87 19 0 4
114 94 21 0 4
104 114 14 5 4
105 114 16 3 4
107 114 12 4 4
112 114 17 6 4
113 114 25 0 4
114 122 20 3 4
114 123 26 2 4
114 127 18 0 4
115 48 85 19 4
115 129 83 13 4
117 4 70 15 4
117 49 61 14 4
113 117 53 5 4
118 8 32 0 4
118 15 29 1 4
118 30 31 4 4
118 61 25 0 4
118 70 40 3 4
118 82 35 1 4
118 87 31 0 4
118 94 31 1 4
118 97 41 3 4
102 118 35 4 4
105 118 34 0 4
107 118 32 0 4
118 126 49 7 4
118 127 30 0 4
119 15 44 2 4
119 30 48 4 4
119 53 48 3 4
119 61 42 0 4
119 63 51 11 4
119 96 48 12 4
120 20 45 9 4
120 30 49 3 4
120 53 47 3 4
120 61 41 0 4
120 70 52 5 4
120 87 45 1 4
121 63 60 13 4
100 121 63 12 4
113 121 61 3 4
122 8 20 0 4
122 15 19 0 4
122 18 29 4 4
122 22 32 5 4
122 50 30 2 4
122 52 19 2 4
122 53 23 1 4
122 60 18 5 4
122 61 13 0 4
122 67 26 3 4
122 68 22 5 4
122 87 19 0 4
122 94 21 0 4
104 122 16 4 4
105 122 20 1 4
107 122 20 0 4
112 122 27 1 4
114 122 20 3 4
122 127 18 0 4
123 8 22 1 4
123 15 21 1 4
123 35 33 6 4
123 41 30 3 4
123 42 34 4 4
123 52 27 0 4
123 53 19 5 4
123 61 17 0 4
123 63 38 5 4
123 70 34 2 4
123 82 27 1 4
123 87 23 0 4
123 88 28 1 4
123 94 23 1 4
123 97 35 2 4
104 123 26 1 4
105 123 26 0 4
107 123 20 2 4
112 123 31 1 4
114 123 26 2 4
123 127 20 1 4
124 35 49 12 4
124 53 51 3 4
124 61 45 0 4
124 82 53 2 4
109 124 41 19 4
113 124 53 2 4
123 124 52 5 4
124 129 54 7 4
125 8 31 3 4
125 15 36 0 4
125 46 39 11 4
125 50 37 7 4
125 52 38 1 4
125 59 33 7 4
125 60 41 2 4
125 61 30 0 4
125 87 36 0 4
125 94 38 0 4
107 125 37 0 4
125 127 35 0 4
126 8 45 0 4
126 15 42 1 4
126 61 38 0 4
126 82 48 1 4
126 85 51 4 4
126 87 44 0 4
126 88 49 1 4
126 94 46 0 4
102 126 46 5 4
107 126 45 0 4
113 126 48 1 4
118 126 49 7 4
126 127 43 0 4
127 8 8 2 4
127 15 9 1 4
127 25 23 4 4
127 30 17 1 4
127 34 21 1 4
127 41 20 2 4
127 50 24 1 4
127 52 13 1 4
127 53 13 2 4
127 59 20 1 4
127 60 18 1 4
127 61 5 0 4
127 82 15 1 4
127 87 11 0 4
127 88 14 2 4
127 94 11 1 4
102 127 23 0 4
104 127 16 0 4
105 127 14 0 4
107 127 12 0 4
112 127 21 0 4
113 127 17 0 4
114 127 18 0 4
122 127 18 0 4
123 127 20 1 4
128 8 41 1 4
128 15 40 1 4
128 34 46 4 4
128 41 47 4 4
128 52 46 0 4
128 61 36 0 4
128 85 49 4 4
128 87 42 0 4
128 88 47 1 4
128 94 44 0 4
102 128 38 8 4
105 128 45 0 4
107 128 43 0 4
127 128 41 0 4
129 8 30 0 4
129 15 29 0 4
129 41 36 3 4
129 61 23 0 4
129 87 29 0 4
107 129 28 1 4
113 129 31 2 4
114 129 34 1 4
127 129 28 0 4
