Res1 Res2 NSingle NDouble Method
15 8 11 1 4
18 20 34 6 4
17 24 46 12 4
24 28 40 11 4
30 8 19 1 4
10 30 39 4 4
28 36 45 7 4
34 36 39 4 4
24 37 40 13 4
20 40 42 5 4
41 8 24 1 4
15 41 23 1 4
29 41 40 6 4
35 42 39 7 4
28 45 43 11 4
24 46 35 14 4
18 48 47 7 4
20 49 46 7 4
34 50 33 3 4
37 50 39 8 4
41 50 36 2 4
52 8 13 2 4
15 52 16 0 4
22 52 33 3 4
28 52 34 3 4
30 52 20 2 4
53 8 15 2 4
15 53 16 1 4
30 53 24 1 4
41 53 25 3 4
42 53 27 5 4
52 53 20 1 4
25 56 46 7 4
50 56 39 8 4
59 8 22 1 4
29 59 36 7 4
46 59 32 8 4
50 59 30 4 4
52 59 23 2 4
53 59 27 1 4
60 8 20 1 4
30 60 27 1 4
52 60 23 1 4
53 60 23 2 4
59 60 26 3 4
35 63 35 12 4
42 63 42 7 4
34 65 44 5 4
50 65 43 7 4
18 67 37 3 4
41 67 34 2 4
18 68 35 4 4
60 68 24 5 4
67 68 26 6 4
30 70 31 2 4
40 70 33 9 4
41 70 36 2 4
17 74 52 17 4
72 74 47 15 4
22 75 60 16 4
52 76 32 2 4
56 76 44 8 4
33 80 51 12 4
76 80 44 10 4
8 82 17 1 4
15 82 16 1 4
41 82 29 1 4
53 82 22 1 4
20 85 37 3 4
52 85 27 2 4
67 85 34 3 4
8 87 13 0 4
15 87 12 0 4
24 87 32 3 4
28 87 30 3 4
36 87 27 4 4
46 87 31 3 4
52 87 16 0 4
67 87 21 2 4
68 87 21 2 4
8 88 16 2 4
15 88 17 1 4
25 88 33 3 4
30 88 23 2 4
46 88 38 3 4
52 88 21 1 4
53 88 21 2 4
59 88 28 1 4
60 88 26 1 4
82 88 23 1 4
74 89 54 20 4
42 90 51 10 4
8 94 13 1 4
15 94 12 1 4
34 94 24 1 4
41 94 19 4 4
52 94 18 0 4
53 94 18 1 4
70 94 27 1 4
82 94 18 1 4
87 94 14 0 4
88 94 19 1 4
88 96 37 3 4
10 97 43 6 4
30 97 30 3 4
100 40 40 11 4
100 63 43 10 4
100 70 37 8 4
100 96 44 9 4
102 8 23 1 4
102 20 34 3 4
102 34 30 3 4
102 85 33 3 4
102 94 24 1 4
104 8 18 0 4
104 15 17 0 4
104 18 27 4 4
104 53 23 0 4
104 60 20 3 4
104 67 24 3 4
104 68 20 5 4
104 82 21 1 4
104 87 17 0 4
104 94 19 0 4
105 8 16 0 4
105 15 15 0 4
105 34 25 1 4
105 52 19 0 4
105 53 21 0 4
105 60 18 3 4
105 68 20 4 4
105 82 21 0 4
105 87 15 0 4
105 94 15 1 4
104 105 18 1 4
107 8 14 0 4
107 15 13 0 4
107 52 17 0 4
107 53 19 0 4
107 60 20 1 4
107 68 22 2 4
107 76 29 2 4
107 82 19 0 4
107 87 13 0 4
107 88 20 0 4
107 94 15 0 4
104 107 16 1 4
105 107 14 1 4
109 35 42 10 4
111 22 43 5 4
111 34 36 3 4
111 36 43 5 4
111 65 46 7 4
105 111 29 2 4
112 8 23 0 4
112 30 28 1 4
112 52 24 1 4
112 60 25 3 4
112 68 23 6 4
112 94 20 2 4
104 112 21 3 4
105 112 15 5 4
107 112 15 4 4
113 8 19 0 4
113 15 18 0 4
113 18 32 2 4
113 20 32 1 4
113 34 26 2 4
113 53 24 0 4
113 82 24 0 4
113 88 21 2 4
113 94 20 0 4
104 113 23 0 4
105 113 21 0 4
107 113 19 0 4
109 113 38 4 4
114 8 20 0 4
114 53 25 0 4
114 60 24 2 4
114 67 26 3 4
114 68 18 7 4
114 82 25 0 4
104 114 14 5 4
105 114 16 3 4
107 114 12 4 4
112 114 17 6 4
118 30 31 4 4
102 118 35 4 4
119 96 48 12 4
120 20 45 9 4
122 8 20 0 4
122 18 29 4 4
122 22 32 5 4
122 50 30 2 4
122 52 19 2 4
122 53 23 1 4
122 60 18 5 4
122 67 26 3 4
122 68 22 5 4
104 122 16 4 4
105 122 20 1 4
107 122 20 0 4
112 122 27 1 4
114 122 20 3 4
123 8 22 1 4
123 15 21 1 4
123 35 33 6 4
123 41 30 3 4
123 42 34 4 4
123 53 19 5 4
123 63 38 5 4
123 70 34 2 4
123 82 27 1 4
123 88 28 1 4
123 94 23 1 4
123 97 35 2 4
104 123 26 1 4
107 123 20 2 4
112 123 31 1 4
114 123 26 2 4
109 124 41 19 4
125 46 39 11 4
125 50 37 7 4
125 59 33 7 4
118 126 49 7 4
127 8 8 2 4
127 15 9 1 4
127 25 23 4 4
127 30 17 1 4
127 34 21 1 4
127 41 20 2 4
127 50 24 1 4
127 52 13 1 4
127 53 13 2 4
127 59 20 1 4
127 60 18 1 4
127 82 15 1 4
127 87 11 0 4
127 88 14 2 4
127 94 11 1 4
102 127 23 0 4
104 127 16 0 4
105 127 14 0 4
107 127 12 0 4
112 127 21 0 4
113 127 17 0 4
114 127 18 0 4
122 127 18 0 4
123 127 20 1 4
129 41 36 3 4
113 129 31 2 4
