Res1 Res2 NSingle NDouble Method
16 40 2 8 6
10 43 2 8 6
21 45 2 9 6
17 55 4 7 6
16 58 1 9 6
40 58 1 9 6
55 66 3 7 6
56 66 4 6 6
21 70 2 9 6
45 70 2 9 6
58 70 2 9 6
70 76 2 9 6
55 78 2 8 6
7 90 1 7 6
104 21 2 9 6
104 45 2 9 6
104 70 2 9 6
117 40 3 8 6
119 17 4 7 6
119 78 4 7 6
121 43 3 7 6
115 121 3 7 6
102 129 6 5 6
137 7 0 8 6
137 90 1 7 6
140 43 2 8 6
10 140 0 9 6
146 16 0 9 6
146 40 2 8 6
146 58 1 9 6
147 55 4 7 6
119 147 4 7 6
151 21 0 10 6
151 45 2 9 6
151 70 2 9 6
104 151 2 9 6
170 40 0 9 6
170 58 1 9 6
16 170 2 8 6
117 170 3 8 6
146 170 2 8 6
10 173 2 8 6
121 173 3 7 6
140 173 2 8 6
175 21 2 9 6
175 70 2 9 6
104 175 2 9 6
151 175 2 9 6
185 66 3 7 6
185 78 2 8 6
17 185 4 7 6
147 185 4 7 6
186 66 4 6 6
188 40 1 9 6
188 58 0 10 6
188 70 2 9 6
16 188 1 9 6
146 188 1 9 6
170 188 1 9 6
