Res1 Res2 NSingle NDouble Method
4 70 4 7 6
4 71 2 7 6
4 93 4 7 6
137 7 0 8 6
7 70 2 8 6
7 90 1 7 6
104 9 10 4 6
10 43 2 8 6
10 58 3 8 6
10 70 3 8 6
10 140 0 9 6
10 173 2 8 6
10 188 3 8 6
13 16 5 5 6
13 40 5 5 6
13 146 5 5 6
13 170 5 5 6
146 16 0 9 6
16 40 2 8 6
16 58 1 9 6
16 70 3 8 6
16 170 2 8 6
16 188 1 9 6
104 17 5 7 6
119 17 4 7 6
17 45 5 7 6
17 55 4 7 6
17 93 5 7 6
17 175 5 7 6
17 185 4 7 6
102 19 4 3 6
19 90 5 3 6
104 21 2 9 6
151 21 0 10 6
175 21 2 9 6
188 21 4 8 6
21 45 2 9 6
21 58 4 8 6
21 70 2 9 6
21 76 4 8 6
192 29 16 7 6
29 62 16 7 6
26 30 10 4 6
156 30 10 4 6
117 32 5 7 6
170 32 4 7 6
173 32 4 7 6
188 32 5 7 6
32 40 4 7 6
32 43 4 7 6
32 58 5 7 6
36 82 9 1 6
16 40 2 8 6
117 40 3 8 6
146 40 2 8 6
170 40 0 9 6
188 40 1 9 6
40 58 1 9 6
40 70 3 8 6
24 41 17 1 6
154 41 17 1 6
10 43 2 8 6
121 43 3 7 6
140 43 2 8 6
188 43 3 8 6
43 58 3 8 6
21 45 2 9 6
104 45 2 9 6
151 45 2 9 6
188 45 4 8 6
45 58 4 8 6
45 70 2 9 6
45 76 4 8 6
45 93 4 8 6
47 66 7 5 6
47 78 8 5 6
47 87 9 5 6
122 48 16 7 6
48 88 12 6 6
40 49 6 5 6
110 49 5 5 6
170 49 6 5 6
188 49 7 5 6
49 58 7 5 6
10 55 4 7 6
17 55 4 7 6
140 55 4 7 6
147 55 4 7 6
186 55 3 7 6
55 56 3 7 6
55 66 3 7 6
55 78 2 8 6
56 7 4 6 6
137 56 4 6 6
56 66 4 6 6
57 74 13 7 6
16 58 1 9 6
40 58 1 9 6
146 58 1 9 6
170 58 1 9 6
188 58 0 10 6
58 70 2 9 6
107 59 10 1 6
59 71 4 6 6
59 93 4 7 6
194 63 4 6 6
63 64 4 6 6
55 66 3 7 6
56 66 4 6 6
185 66 3 7 6
186 66 4 6 6
66 76 4 7 6
21 70 2 9 6
45 70 2 9 6
58 70 2 9 6
104 70 2 9 6
151 70 2 9 6
175 70 2 9 6
188 70 2 9 6
70 76 2 9 6
70 71 2 8 6
71 76 2 8 6
71 93 2 8 6
70 76 2 9 6
74 77 10 8 6
77 99 15 2 6
10 78 4 7 6
43 78 4 7 6
55 78 2 8 6
56 78 3 7 6
58 78 5 7 6
66 78 1 8 6
70 78 5 7 6
76 78 5 7 6
119 78 4 7 6
140 78 4 7 6
173 78 4 7 6
185 78 2 8 6
186 78 3 7 6
188 78 5 7 6
10 79 3 7 6
140 79 3 7 6
8 80 2 0 6
15 80 2 0 6
53 80 2 0 6
107 80 2 2 6
123 80 2 0 6
127 80 2 0 6
138 80 2 0 6
145 80 2 0 6
183 80 2 0 6
118 82 7 2 6
86 97 14 9 6
7 90 1 7 6
70 90 3 7 6
76 90 3 7 6
137 90 1 7 6
31 92 1 8 6
161 92 1 8 6
38 94 10 1 6
87 94 9 2 6
129 94 11 1 6
168 94 10 1 6
7 95 5 5 6
17 95 6 5 6
55 95 6 5 6
56 95 5 5 6
78 95 6 5 6
137 95 5 5 6
147 95 6 5 6
185 95 6 5 6
186 95 5 5 6
102 70 6 5 6
102 76 6 5 6
102 104 6 5 6
102 129 6 5 6
104 21 2 9 6
104 45 2 9 6
104 58 4 8 6
104 70 2 9 6
104 76 4 8 6
104 151 2 9 6
104 175 2 9 6
104 188 4 8 6
105 16 3 7 6
105 40 3 7 6
105 58 4 7 6
105 70 4 7 6
105 146 3 7 6
105 170 3 7 6
105 188 4 7 6
107 90 3 4 6
108 37 9 4 6
108 79 9 4 6
108 167 9 4 6
109 21 4 7 6
109 45 4 7 6
109 58 4 7 6
109 70 4 7 6
104 109 4 7 6
109 151 4 7 6
109 175 4 7 6
109 188 4 7 6
110 45 4 7 6
110 93 4 7 6
110 175 4 7 6
111 7 5 6 6
111 72 5 6 6
109 111 5 6 6
111 121 5 6 6
111 137 5 6 6
113 67 21 7 6
114 58 6 6 6
114 188 6 6 6
115 16 4 7 6
115 43 4 7 6
115 64 3 7 6
10 115 4 7 6
115 121 3 7 6
115 140 4 7 6
115 146 4 7 6
115 173 4 7 6
115 194 3 7 6
117 40 3 8 6
117 58 4 8 6
117 93 4 8 6
117 170 3 8 6
117 188 4 8 6
118 61 7 1 6
118 191 7 1 6
119 17 4 7 6
119 78 4 7 6
119 92 4 7 6
119 147 4 7 6
121 43 3 7 6
10 121 3 7 6
115 121 3 7 6
121 140 3 7 6
121 173 3 7 6
126 16 4 6 6
126 40 4 6 6
126 58 5 6 6
105 126 3 6 6
126 146 4 6 6
126 170 4 6 6
126 188 5 6 6
129 66 8 5 6
129 76 10 5 6
129 78 9 5 6
102 129 6 5 6
119 129 9 5 6
134 70 4 7 6
134 71 2 7 6
134 93 4 7 6
137 7 0 8 6
137 70 2 8 6
137 90 1 7 6
104 139 10 4 6
140 43 2 8 6
140 58 3 8 6
140 70 3 8 6
10 140 0 9 6
140 173 2 8 6
140 188 3 8 6
143 16 5 5 6
143 40 5 5 6
143 146 5 5 6
143 170 5 5 6
146 16 0 9 6
146 40 2 8 6
146 58 1 9 6
146 70 3 8 6
146 170 2 8 6
146 188 1 9 6
147 45 5 7 6
147 55 4 7 6
147 93 5 7 6
104 147 5 7 6
119 147 4 7 6
147 175 5 7 6
147 185 4 7 6
149 90 5 3 6
102 149 4 3 6
151 21 0 10 6
151 45 2 9 6
151 58 4 8 6
151 70 2 9 6
151 76 4 8 6
104 151 2 9 6
151 175 2 9 6
151 188 4 8 6
159 62 16 7 6
159 192 16 7 6
160 26 10 4 6
156 160 10 4 6
162 40 4 7 6
162 43 4 7 6
162 58 5 7 6
117 162 5 7 6
162 170 4 7 6
162 173 4 7 6
162 188 5 7 6
166 82 9 1 6
170 40 0 9 6
170 58 1 9 6
170 70 3 8 6
16 170 2 8 6
117 170 3 8 6
146 170 2 8 6
170 188 1 9 6
171 24 17 1 6
154 171 17 1 6
173 58 3 8 6
10 173 2 8 6
121 173 3 7 6
140 173 2 8 6
173 188 3 8 6
175 21 2 9 6
175 58 4 8 6
175 70 2 9 6
175 76 4 8 6
175 93 4 8 6
104 175 2 9 6
151 175 2 9 6
175 188 4 8 6
177 66 7 5 6
177 78 8 5 6
177 87 9 5 6
178 88 12 6 6
122 178 16 7 6
179 40 6 5 6
179 58 7 5 6
110 179 5 5 6
170 179 6 5 6
179 188 7 5 6
185 56 3 7 6
185 66 3 7 6
185 78 2 8 6
10 185 4 7 6
17 185 4 7 6
140 185 4 7 6
147 185 4 7 6
185 186 3 7 6
186 7 4 6 6
186 66 4 6 6
137 186 4 6 6
187 74 13 7 6
188 40 1 9 6
188 58 0 10 6
188 70 2 9 6
16 188 1 9 6
146 188 1 9 6
170 188 1 9 6
189 71 4 6 6
189 93 4 7 6
107 189 10 1 6
193 64 4 6 6
193 194 4 6 6
