Res1 Res2 NSingle NDouble Method
4 70 4 7 6
4 71 2 7 6
4 93 4 7 6
7 70 2 8 6
7 90 1 7 6
10 43 2 8 6
10 58 3 8 6
10 70 3 8 6
16 40 2 8 6
16 58 1 9 6
16 70 3 8 6
19 8 4 0 6
15 19 4 0 6
102 19 4 3 6
123 19 4 0 6
127 19 4 0 6
19 53 4 0 6
104 21 2 9 6
21 45 2 9 6
21 58 4 8 6
21 70 2 9 6
21 76 4 8 6
27 86 11 10 6
26 30 10 4 6
117 32 5 7 6
32 40 4 7 6
32 43 4 7 6
32 58 5 7 6
16 40 2 8 6
117 40 3 8 6
40 58 1 9 6
40 70 3 8 6
10 43 2 8 6
43 58 3 8 6
21 45 2 9 6
104 45 2 9 6
45 58 4 8 6
45 70 2 9 6
45 76 4 8 6
45 93 4 8 6
48 88 12 6 6
40 49 6 5 6
110 49 5 5 6
49 58 7 5 6
55 56 3 7 6
55 66 3 7 6
55 78 2 8 6
57 74 13 7 6
16 58 1 9 6
40 58 1 9 6
58 70 2 9 6
59 93 4 7 6
55 66 3 7 6
66 76 4 7 6
21 70 2 9 6
45 70 2 9 6
58 70 2 9 6
104 70 2 9 6
70 76 2 9 6
70 71 2 8 6
71 76 2 8 6
71 93 2 8 6
70 76 2 9 6
74 77 10 8 6
10 78 4 7 6
43 78 4 7 6
55 78 2 8 6
56 78 3 7 6
66 78 1 8 6
119 78 4 7 6
10 79 3 7 6
8 80 2 0 6
15 80 2 0 6
53 80 2 0 6
107 80 2 2 6
123 80 2 0 6
127 80 2 0 6
118 82 7 2 6
27 86 11 10 6
7 90 1 7 6
70 90 3 7 6
76 90 3 7 6
31 92 1 8 6
38 94 10 1 6
87 94 9 2 6
102 70 6 5 6
102 76 6 5 6
102 104 6 5 6
102 129 6 5 6
104 21 2 9 6
104 45 2 9 6
104 58 4 8 6
104 70 2 9 6
104 76 4 8 6
105 16 3 7 6
105 40 3 7 6
105 58 4 7 6
105 70 4 7 6
107 8 4 0 6
107 15 4 0 6
107 53 4 0 6
107 123 4 0 6
107 127 4 0 6
108 37 9 4 6
108 79 9 4 6
109 21 4 7 6
109 45 4 7 6
109 58 4 7 6
109 70 4 7 6
104 109 4 7 6
110 45 4 7 6
110 93 4 7 6
114 58 6 6 6
115 64 3 7 6
115 121 3 7 6
117 40 3 8 6
117 58 4 8 6
117 93 4 8 6
118 61 7 1 6
126 16 4 6 6
126 40 4 6 6
126 58 5 6 6
105 126 3 6 6
102 129 6 5 6
