Res1 Res2 NSingle NDouble Method
104 2 19 11 5
2 90 16 14 5
37 5 18 12 5
17 6 24 10 5
25 6 23 9 5
44 6 20 7 5
6 7 23 7 5
6 60 17 3 5
6 94 19 5 5
6 7 23 7 5
26 7 20 9 5
37 7 18 7 5
65 7 19 8 5
30 8 2 0 5
60 8 5 0 5
66 8 7 0 5
118 8 2 0 5
123 8 2 0 5
124 8 4 0 5
127 8 2 0 5
8 82 2 0 5
8 88 2 0 5
11 17 20 16 5
11 45 22 14 5
13 73 17 11 5
13 83 15 10 5
13 98 14 12 5
14 9 28 26 5
14 17 28 16 5
118 15 10 0 5
123 15 10 0 5
127 15 10 0 5
15 20 27 8 5
15 30 10 0 5
15 82 10 0 5
15 85 25 5 5
15 88 10 0 5
118 16 8 0 5
123 16 8 0 5
127 16 8 0 5
16 18 18 7 5
16 24 6 5 5
16 30 8 0 5
16 31 20 6 5
16 56 13 2 5
16 82 8 0 5
16 88 8 0 5
16 95 12 2 5
17 5 23 14 5
11 17 20 16 5
16 18 18 7 5
18 24 22 5 5
18 77 21 13 5
19 34 28 11 5
15 20 27 8 5
120 20 31 10 5
101 21 25 7 5
121 21 25 7 5
21 73 27 7 5
21 87 25 6 5
22 24 20 8 5
2 23 23 12 5
117 23 21 5 5
121 23 18 8 5
23 60 19 3 5
23 87 20 6 5
23 90 19 11 5
16 24 6 5 5
22 24 20 8 5
118 24 8 0 5
123 24 8 0 5
127 24 8 0 5
24 30 8 0 5
24 82 8 0 5
24 88 8 0 5
24 89 14 2 5
25 60 18 3 5
26 7 20 9 5
26 37 24 6 5
26 65 23 8 5
26 75 25 9 5
129 28 37 11 5
28 78 30 6 5
29 69 27 12 5
32 91 26 19 5
33 80 17 10 5
101 34 18 5 5
109 34 18 5 5
128 34 18 5 5
34 35 12 8 5
34 36 13 8 5
34 56 15 5 5
34 60 13 3 5
34 83 16 5 5
101 35 6 9 5
103 35 13 5 5
109 35 14 5 5
116 35 11 4 5
117 35 13 4 5
121 35 12 6 5
124 35 12 1 5
128 35 6 9 5
35 36 5 10 5
35 60 9 3 5
35 73 8 9 5
35 83 4 9 5
35 87 12 5 5
35 98 7 9 5
34 36 13 8 5
35 36 5 10 5
101 36 11 7 5
109 36 15 5 5
116 36 14 3 5
124 36 13 1 5
128 36 11 7 5
36 60 10 3 5
36 83 9 7 5
37 7 18 7 5
37 57 15 9 5
37 65 17 8 5
101 38 16 10 5
104 38 12 14 5
116 38 17 7 5
117 38 17 8 5
128 38 12 12 5
38 98 13 12 5
39 80 26 13 5
35 40 21 5 5
36 40 22 5 5
101 40 21 5 5
109 40 19 6 5
128 40 21 5 5
40 73 21 6 5
40 83 19 5 5
40 98 22 5 5
41 8 10 0 5
30 41 8 0 5
106 41 18 3 5
109 41 14 3 5
114 41 15 3 5
118 41 8 0 5
120 41 12 7 5
123 41 8 0 5
124 41 10 0 5
127 41 8 0 5
41 60 11 0 5
41 82 8 0 5
41 88 8 0 5
117 43 21 9 5
112 44 19 5 5
44 51 17 9 5
44 56 13 5 5
44 60 11 3 5
44 66 11 4 5
44 89 14 5 5
44 95 14 4 5
35 45 10 12 5
36 45 13 11 5
101 45 12 11 5
117 45 19 6 5
119 45 16 8 5
128 45 16 9 5
45 60 19 3 5
45 83 14 9 5
45 87 16 8 5
46 57 21 12 5
47 95 22 8 5
18 48 36 14 5
34 49 15 15 5
45 49 19 16 5
109 50 38 6 5
120 50 40 8 5
35 51 17 8 5
44 51 17 9 5
101 51 19 7 5
121 51 19 7 5
51 56 20 5 5
51 60 18 3 5
51 83 21 5 5
51 87 19 6 5
52 55 13 25 5
52 65 21 15 5
44 53 18 3 5
53 56 15 2 5
53 66 11 2 5
53 95 14 2 5
52 55 13 25 5
55 68 20 13 5
56 8 11 0 5
16 56 13 2 5
30 56 9 0 5
34 56 15 5 5
44 56 13 5 5
118 56 9 0 5
123 56 9 0 5
124 56 11 0 5
127 56 9 0 5
56 60 10 1 5
56 66 10 2 5
56 70 9 4 5
56 82 9 0 5
56 88 9 0 5
56 95 3 7 5
5 57 23 11 5
36 57 19 6 5
37 57 15 9 5
103 57 19 5 5
57 98 17 7 5
57 99 19 5 5
106 58 30 12 5
114 58 35 8 5
101 59 20 5 5
116 59 15 5 5
117 59 15 6 5
119 59 16 6 5
128 59 20 5 5
59 80 12 12 5
59 99 13 8 5
60 8 5 0 5
30 60 3 0 5
35 60 9 3 5
56 60 10 1 5
116 60 10 0 5
118 60 3 0 5
123 60 3 0 5
124 60 5 0 5
127 60 3 0 5
60 61 10 0 5
60 66 8 0 5
60 82 3 0 5
60 88 3 0 5
60 94 6 3 5
61 8 9 0 5
30 61 7 0 5
60 61 10 0 5
106 61 17 3 5
118 61 7 0 5
123 61 7 0 5
124 61 9 0 5
127 61 7 0 5
61 66 10 1 5
61 82 7 0 5
61 88 7 0 5
61 94 10 3 5
41 62 35 5 5
61 62 30 7 5
106 62 39 7 5
129 62 37 17 5
65 7 19 8 5
37 65 17 8 5
52 65 21 15 5
65 89 16 6 5
66 8 7 0 5
30 66 5 0 5
44 66 11 4 5
53 66 11 2 5
56 66 10 2 5
60 66 8 0 5
61 66 10 1 5
100 66 15 3 5
112 66 14 3 5
118 66 5 0 5
123 66 5 0 5
124 66 7 0 5
127 66 5 0 5
66 70 11 1 5
66 82 5 0 5
66 88 5 0 5
66 89 9 3 5
66 94 12 1 5
66 95 9 2 5
68 70 14 5 5
68 74 7 14 5
56 69 18 5 5
108 69 12 15 5
117 69 18 5 5
69 83 19 5 5
69 95 15 6 5
30 70 8 0 5
56 70 9 4 5
66 70 11 1 5
68 70 14 5 5
116 70 7 4 5
117 70 13 2 5
118 70 8 0 5
123 70 8 0 5
124 70 6 2 5
127 70 8 0 5
128 70 12 4 5
70 76 15 8 5
70 82 8 0 5
70 87 14 2 5
70 88 8 0 5
70 95 6 5 5
70 99 11 4 5
16 73 18 2 5
24 73 18 2 5
30 73 14 0 5
35 73 8 9 5
36 73 13 7 5
70 73 18 2 5
101 73 4 11 5
103 73 11 7 5
116 73 13 4 5
117 73 13 5 5
118 73 14 0 5
119 73 14 5 5
121 73 10 8 5
123 73 14 0 5
124 73 14 1 5
127 73 14 0 5
128 73 8 9 5
73 82 14 0 5
73 83 4 10 5
73 87 6 9 5
73 88 14 0 5
73 98 9 9 5
68 74 7 14 5
69 74 16 11 5
74 80 15 11 5
34 75 22 8 5
44 75 20 8 5
56 75 21 5 5
60 75 19 3 5
75 89 22 5 5
75 94 21 5 5
75 95 20 5 5
56 76 18 7 5
70 76 15 8 5
116 76 16 7 5
76 77 12 17 5
76 80 15 13 5
76 95 15 8 5
76 99 12 11 5
66 77 20 4 5
70 77 19 6 5
76 77 12 17 5
100 77 15 12 5
77 95 15 8 5
30 78 17 0 5
106 78 23 5 5
114 78 24 3 5
118 78 17 0 5
123 78 17 0 5
127 78 17 0 5
78 82 17 0 5
78 88 17 0 5
61 79 29 5 5
59 80 12 12 5
68 80 16 9 5
73 80 16 8 5
104 80 16 9 5
116 80 15 5 5
117 80 15 6 5
80 87 16 6 5
80 99 13 8 5
8 83 12 0 5
30 83 10 0 5
35 83 4 9 5
36 83 9 7 5
60 83 13 0 5
73 83 4 10 5
82 83 10 0 5
101 83 4 9 5
103 83 11 5 5
109 83 12 5 5
110 83 7 9 5
116 83 9 4 5
117 83 11 4 5
118 83 10 0 5
119 83 12 4 5
121 83 10 6 5
123 83 10 0 5
124 83 10 1 5
127 83 10 0 5
128 83 4 9 5
83 87 8 6 5
83 88 10 0 5
83 95 14 2 5
83 98 5 9 5
59 84 24 11 5
68 84 22 11 5
80 84 24 11 5
15 85 25 5 5
74 85 30 7 5
100 85 25 8 5
112 85 28 6 5
129 86 37 9 5
30 87 10 0 5
35 87 12 5 5
73 87 6 9 5
82 87 10 0 5
83 87 8 6 5
101 87 8 7 5
103 87 13 4 5
110 87 15 5 5
116 87 11 3 5
117 87 11 4 5
118 87 10 0 5
121 87 12 5 5
123 87 10 0 5
124 87 10 1 5
127 87 10 0 5
128 87 12 5 5
87 88 10 0 5
87 95 12 3 5
87 98 11 6 5
87 99 13 4 5
24 89 14 2 5
44 89 14 5 5
65 89 16 6 5
66 89 9 3 5
100 89 14 6 5
107 89 23 8 5
119 89 14 3 5
73 90 19 7 5
83 90 19 5 5
87 90 19 5 5
101 90 17 7 5
103 90 10 10 5
104 90 13 11 5
117 90 16 6 5
119 90 19 5 5
121 90 15 8 5
90 98 16 8 5
90 99 16 7 5
116 91 22 7 5
121 91 19 11 5
6 94 19 5 5
8 94 11 0 5
30 94 9 0 5
35 94 15 3 5
36 94 16 3 5
44 94 17 3 5
60 94 6 3 5
61 94 10 3 5
66 94 12 1 5
75 94 21 5 5
82 94 9 0 5
88 94 9 0 5
118 94 9 0 5
123 94 9 0 5
124 94 11 0 5
127 94 9 0 5
8 95 10 0 5
16 95 12 2 5
30 95 8 0 5
44 95 14 4 5
56 95 3 7 5
66 95 9 2 5
70 95 6 5 5
76 95 15 8 5
77 95 15 8 5
82 95 8 0 5
87 95 12 3 5
88 95 8 0 5
116 95 13 1 5
117 95 15 1 5
118 95 8 0 5
123 95 8 0 5
124 95 8 1 5
127 95 8 0 5
8 97 19 2 5
30 97 21 0 5
40 97 30 5 5
82 97 21 0 5
88 97 21 0 5
110 97 24 6 5
118 97 21 0 5
123 97 21 0 5
127 97 21 0 5
30 98 13 0 5
35 98 7 9 5
70 98 17 2 5
73 98 9 9 5
82 98 13 0 5
83 98 5 9 5
88 98 13 0 5
101 98 5 10 5
103 98 8 8 5
104 98 7 11 5
116 98 10 5 5
117 98 12 5 5
118 98 13 0 5
119 98 13 5 5
121 98 7 9 5
123 98 13 0 5
124 98 11 2 5
127 98 13 0 5
128 98 5 10 5
30 99 11 0 5
70 99 11 4 5
82 99 11 0 5
83 99 13 4 5
87 99 13 4 5
88 99 11 0 5
98 99 10 7 5
103 99 10 6 5
116 99 4 7 5
117 99 8 6 5
118 99 11 0 5
119 99 9 6 5
123 99 11 0 5
124 99 9 2 5
127 99 11 0 5
128 99 9 7 5
100 13 19 11 5
100 66 15 3 5
100 68 18 7 5
100 70 16 4 5
100 77 15 12 5
100 89 14 6 5
100 95 16 4 5
100 112 13 9 5
100 124 16 1 5
101 30 12 0 5
101 35 6 9 5
101 73 4 11 5
101 82 12 0 5
101 83 4 9 5
101 88 12 0 5
101 98 5 10 5
101 99 11 6 5
101 103 7 8 5
101 116 9 5 5
101 117 11 5 5
101 118 12 0 5
101 121 6 9 5
101 123 12 0 5
101 124 10 2 5
101 127 12 0 5
101 128 4 10 5
103 30 11 0 5
103 73 11 7 5
103 82 11 0 5
103 83 11 5 5
103 87 13 4 5
103 88 11 0 5
103 98 8 8 5
103 99 10 6 5
101 103 7 8 5
103 104 9 9 5
103 116 12 3 5
103 117 12 4 5
103 118 11 0 5
103 119 13 4 5
103 121 5 9 5
103 123 11 0 5
103 124 11 1 5
103 127 11 0 5
103 128 11 6 5
104 87 16 5 5
104 98 7 11 5
104 99 9 9 5
101 104 10 9 5
103 104 9 9 5
104 116 11 6 5
104 119 16 5 5
104 121 10 9 5
104 124 14 2 5
104 128 8 10 5
106 30 16 0 5
106 41 18 3 5
106 61 17 3 5
106 82 16 0 5
106 88 16 0 5
106 94 21 2 5
106 109 22 3 5
106 114 11 9 5
106 118 16 0 5
106 120 20 7 5
106 123 16 0 5
106 127 16 0 5
107 65 21 13 5
108 69 12 15 5
108 80 19 11 5
108 83 17 8 5
108 87 19 7 5
108 95 19 6 5
101 108 19 8 5
108 117 20 6 5
108 128 19 8 5
109 8 12 1 5
109 30 12 0 5
109 41 14 3 5
109 82 12 0 5
109 83 12 5 5
109 88 12 0 5
109 110 15 6 5
109 116 15 2 5
109 118 12 0 5
109 123 12 0 5
109 124 12 1 5
109 127 12 0 5
110 8 13 2 5
110 36 14 7 5
110 83 7 9 5
109 110 15 6 5
110 116 14 4 5
110 121 15 6 5
110 124 15 1 5
112 56 16 4 5
112 66 14 3 5
112 70 15 4 5
112 74 20 7 5
112 77 18 10 5
112 89 17 4 5
112 95 15 4 5
100 112 13 9 5
113 80 16 12 5
113 99 19 7 5
113 117 17 7 5
113 119 18 7 5
113 121 20 7 5
114 30 13 0 5
114 41 15 3 5
114 82 13 0 5
114 88 13 0 5
106 114 11 9 5
109 114 17 4 5
114 118 13 0 5
114 120 17 7 5
114 123 13 0 5
114 127 13 0 5
115 55 35 19 5
115 68 35 12 5
116 30 7 0 5
116 35 11 4 5
116 70 7 4 5
116 73 13 4 5
116 82 7 0 5
116 83 9 4 5
116 87 11 3 5
116 88 7 0 5
116 95 13 1 5
116 98 10 5 5
116 99 4 7 5
101 116 9 5 5
104 116 11 6 5
116 117 8 4 5
116 118 7 0 5
116 119 11 3 5
116 123 7 0 5
116 124 5 2 5
116 127 7 0 5
116 128 5 7 5
117 70 13 2 5
117 83 11 4 5
117 87 11 4 5
117 98 12 5 5
117 99 8 6 5
101 117 11 5 5
103 117 12 4 5
104 117 11 7 5
116 117 8 4 5
117 119 7 6 5
117 121 11 5 5
117 124 9 1 5
117 128 11 5 5
119 59 16 6 5
119 73 14 5 5
119 83 12 4 5
119 98 13 5 5
119 99 9 6 5
101 119 12 5 5
103 119 13 4 5
116 119 11 3 5
117 119 7 6 5
119 121 12 5 5
119 124 10 1 5
120 41 12 7 5
106 120 20 7 5
109 120 22 4 5
114 120 17 7 5
121 30 12 0 5
121 35 12 6 5
121 73 10 8 5
121 82 12 0 5
121 83 10 6 5
121 87 12 5 5
121 88 12 0 5
121 98 7 9 5
121 99 11 6 5
101 121 6 9 5
103 121 5 9 5
104 121 10 9 5
116 121 13 3 5
117 121 11 5 5
118 121 12 0 5
119 121 12 5 5
121 123 12 0 5
121 124 12 1 5
121 127 12 0 5
121 128 10 7 5
124 8 4 0 5
124 30 2 0 5
124 35 12 1 5
124 60 5 0 5
124 66 7 0 5
124 70 6 2 5
124 82 2 0 5
124 83 10 1 5
124 87 10 1 5
124 88 2 0 5
124 95 8 1 5
124 99 9 2 5
101 124 10 2 5
103 124 11 1 5
109 124 12 1 5
116 124 5 2 5
117 124 9 1 5
118 124 2 0 5
119 124 10 1 5
121 124 12 1 5
123 124 2 0 5
124 127 2 0 5
124 128 10 2 5
128 8 14 0 5
128 30 12 0 5
128 35 6 9 5
128 36 11 7 5
128 60 15 0 5
128 70 12 4 5
128 82 12 0 5
128 83 4 9 5
128 87 12 5 5
128 88 12 0 5
128 98 5 10 5
128 99 9 7 5
101 128 4 10 5
103 128 11 6 5
116 128 5 7 5
117 128 11 5 5
118 128 12 0 5
121 128 10 7 5
123 128 12 0 5
124 128 10 2 5
127 128 12 0 5
129 61 27 7 5
