Res1 Res2 NSingle NDouble Method
11 17 9 14 5
15 20 16 5 5
11 23 9 14 5
17 23 8 11 5
16 24 6 3 5
25 7 11 8 5
34 36 9 5 5
35 36 3 6 5
37 7 10 7 5
34 49 8 11 5
52 55 6 16 5
34 56 7 5 5
35 60 5 2 5
56 60 6 1 5
44 66 8 3 5
56 66 6 2 5
61 66 6 1 5
56 70 6 3 5
66 70 6 2 5
35 73 6 5 5
68 74 2 10 5
35 83 3 5 5
73 83 3 6 5
73 87 3 7 5
83 87 4 5 5
44 89 9 5 5
65 89 7 7 5
60 94 5 2 5
61 94 5 3 5
56 95 3 4 5
66 95 5 2 5
70 95 3 4 5
35 98 6 5 5
83 98 5 5 5
87 98 5 6 5
35 99 6 5 5
73 99 6 6 5
83 99 5 5 5
98 99 2 8 5
101 35 4 5 5
101 73 4 6 5
101 83 3 5 5
101 87 5 5 5
101 98 2 7 5
101 99 2 7 5
103 73 7 5 5
103 87 6 5 5
103 98 1 8 5
103 99 3 7 5
101 103 3 6 5
104 87 7 5 5
104 98 2 8 5
104 99 2 8 5
101 104 4 6 5
106 41 10 2 5
106 78 12 5 5
109 41 7 4 5
106 109 11 4 5
110 35 7 5 5
112 56 8 4 5
112 66 8 3 5
112 74 9 6 5
112 95 7 4 5
114 41 10 2 5
114 78 14 4 5
106 114 4 7 5
109 114 11 4 5
116 35 5 4 5
116 36 6 4 5
116 70 6 3 5
116 83 4 4 5
116 98 5 5 5
116 99 3 6 5
101 116 3 5 5
103 116 6 4 5
104 116 3 6 5
117 35 5 5 5
117 83 4 5 5
117 87 6 5 5
101 117 5 5 5
103 117 4 6 5
116 117 4 5 5
119 35 7 5 5
119 73 7 6 5
101 119 5 6 5
103 119 6 6 5
104 119 7 6 5
117 119 6 6 5
120 41 8 4 5
106 120 10 5 5
109 120 11 5 5
114 120 8 6 5
121 73 7 5 5
121 87 6 5 5
121 98 1 8 5
121 99 3 7 5
101 121 3 6 5
103 121 2 7 5
116 121 6 4 5
117 121 4 6 5
119 121 6 6 5
124 70 4 2 5
124 83 6 1 5
124 95 5 1 5
101 124 5 2 5
103 124 6 2 5
116 124 4 2 5
128 35 4 5 5
128 70 7 3 5
128 83 3 5 5
128 98 4 6 5
128 99 2 7 5
101 128 2 6 5
103 128 5 5 5
104 128 4 6 5
116 128 1 6 5
117 128 3 6 5
121 128 5 5 5
124 128 5 2 5
