Res1 Res2 NSingle NDouble Method
6 7 23 7 5
11 17 20 16 5
16 18 18 7 5
15 20 27 8 5
16 24 6 5 5
22 24 20 8 5
26 7 20 9 5
34 36 13 8 5
35 36 5 10 5
37 7 18 7 5
44 51 17 9 5
52 55 13 25 5
16 56 13 2 5
34 56 15 5 5
44 56 13 5 5
37 57 15 9 5
60 8 5 0 5
35 60 9 3 5
56 60 10 1 5
60 61 10 0 5
65 7 19 8 5
37 65 17 8 5
52 65 21 15 5
66 8 7 0 5
44 66 11 4 5
53 66 11 2 5
56 66 10 2 5
60 66 8 0 5
61 66 10 1 5
56 70 9 4 5
66 70 11 1 5
68 70 14 5 5
35 73 8 9 5
68 74 7 14 5
70 76 15 8 5
76 77 12 17 5
59 80 12 12 5
35 83 4 9 5
36 83 9 7 5
73 83 4 10 5
15 85 25 5 5
35 87 12 5 5
73 87 6 9 5
83 87 8 6 5
24 89 14 2 5
44 89 14 5 5
65 89 16 6 5
66 89 9 3 5
6 94 19 5 5
60 94 6 3 5
61 94 10 3 5
66 94 12 1 5
75 94 21 5 5
16 95 12 2 5
44 95 14 4 5
56 95 3 7 5
66 95 9 2 5
70 95 6 5 5
76 95 15 8 5
77 95 15 8 5
87 95 12 3 5
35 98 7 9 5
73 98 9 9 5
83 98 5 9 5
70 99 11 4 5
87 99 13 4 5
100 66 15 3 5
100 77 15 12 5
100 89 14 6 5
101 35 6 9 5
101 73 4 11 5
101 83 4 9 5
101 98 5 10 5
103 73 11 7 5
103 83 11 5 5
103 87 13 4 5
103 98 8 8 5
103 99 10 6 5
101 103 7 8 5
104 98 7 11 5
103 104 9 9 5
106 41 18 3 5
106 61 17 3 5
108 69 12 15 5
109 41 14 3 5
109 83 12 5 5
110 83 7 9 5
109 110 15 6 5
112 66 14 3 5
100 112 13 9 5
114 41 15 3 5
106 114 11 9 5
116 35 11 4 5
116 70 7 4 5
116 73 13 4 5
116 83 9 4 5
116 87 11 3 5
116 95 13 1 5
116 98 10 5 5
116 99 4 7 5
101 116 9 5 5
104 116 11 6 5
117 70 13 2 5
117 83 11 4 5
117 87 11 4 5
117 98 12 5 5
117 99 8 6 5
101 117 11 5 5
103 117 12 4 5
116 117 8 4 5
119 59 16 6 5
119 73 14 5 5
119 83 12 4 5
119 98 13 5 5
119 99 9 6 5
103 119 13 4 5
116 119 11 3 5
117 119 7 6 5
120 41 12 7 5
106 120 20 7 5
114 120 17 7 5
121 35 12 6 5
121 73 10 8 5
121 83 10 6 5
121 87 12 5 5
121 98 7 9 5
101 121 6 9 5
103 121 5 9 5
104 121 10 9 5
117 121 11 5 5
119 121 12 5 5
124 8 4 0 5
124 35 12 1 5
124 60 5 0 5
124 66 7 0 5
124 70 6 2 5
124 83 10 1 5
124 87 10 1 5
124 95 8 1 5
124 99 9 2 5
101 124 10 2 5
103 124 11 1 5
109 124 12 1 5
116 124 5 2 5
117 124 9 1 5
119 124 10 1 5
121 124 12 1 5
128 35 6 9 5
128 36 11 7 5
128 70 12 4 5
128 83 4 9 5
128 87 12 5 5
128 98 5 10 5
128 99 9 7 5
101 128 4 10 5
103 128 11 6 5
116 128 5 7 5
117 128 11 5 5
121 128 10 7 5
124 128 10 2 5
