Res1 Res2 NSingle NDouble Method
39 8 5 6 3
11 18 20 17 3
11 41 14 17 3
11 62 16 12 3
14 17 5 7 3
16 62 13 10 3
16 70 13 12 3
14 17 5 7 3
11 18 20 17 3
19 89 17 14 3
20 29 29 25 3
20 33 31 18 3
21 53 16 9 3
22 26 53 30 3
22 83 50 35 3
23 7 33 23 3
25 8 13 6 3
26 83 21 28 3
20 29 29 25 3
33 55 18 21 3
116 34 18 12 3
34 98 17 12 3
39 8 5 6 3
11 41 14 17 3
41 62 16 11 3
30 44 19 18 3
45 56 6 12 3
51 69 17 17 3
39 53 9 5 3
33 55 18 21 3
45 56 6 12 3
57 62 11 12 3
106 59 5 10 3
125 59 6 10 3
57 62 11 12 3
67 95 5 16 3
3 69 15 13 3
51 69 17 17 3
16 70 13 12 3
71 82 12 21 3
72 73 16 14 3
71 82 12 21 3
26 83 21 28 3
19 89 17 14 3
90 91 2 7 3
90 91 2 7 3
88 94 18 19 3
67 95 5 16 3
6 96 4 9 3
116 98 1 12 3
100 123 4 11 3
101 108 3 9 3
102 127 2 10 3
104 119 7 13 3
105 9 9 13 3
106 125 1 12 3
101 108 3 9 3
106 109 5 11 3
109 125 6 11 3
107 110 2 10 3
113 115 4 12 3
113 115 4 12 3
116 98 1 12 3
117 126 2 7 3
104 119 7 13 3
122 8 6 5 3
106 125 1 12 3
117 126 2 7 3
102 127 2 10 3
130 33 27 22 3
