Res1 Res2 NSingle NDouble Method
16 3 18 8 5
20 9 19 11 5
25 8 17 3 5
19 26 16 5 5
20 26 16 6 5
26 27 18 7 5
22 28 30 9 5
15 29 12 8 5
20 29 17 7 5
26 30 14 2 5
3 37 14 3 5
16 37 16 3 5
33 37 11 2 5
30 44 12 2 5
33 44 13 4 5
26 48 20 9 5
15 49 15 11 5
44 54 15 6 5
3 55 12 5 5
16 55 12 6 5
37 55 6 2 5
44 55 12 2 5
19 56 14 5 5
26 56 14 4 5
60 8 22 4 5
3 63 14 5 5
16 63 16 5 5
37 63 10 1 5
44 63 14 2 5
55 63 8 3 5
15 73 13 7 5
69 74 12 7 5
69 75 10 8 5
74 75 12 6 5
8 80 13 1 5
22 80 15 6 5
28 80 25 6 5
69 83 10 8 5
73 83 12 7 5
74 83 10 7 5
75 83 14 5 5
69 85 14 5 5
75 85 12 5 5
83 85 12 5 5
53 87 10 1 5
73 87 13 5 5
74 87 11 5 5
75 87 11 5 5
3 88 19 10 5
55 88 19 5 5
1 90 14 6 5
19 90 14 5 5
91 93 10 21 5
75 98 11 3 5
53 99 10 2 5
98 99 10 3 5
100 53 4 2 5
100 87 10 2 5
100 98 8 1 5
101 53 9 2 5
101 99 11 5 5
100 101 5 5 5
102 8 24 3 5
103 83 11 7 5
103 85 13 5 5
101 104 6 8 5
101 105 9 8 5
107 53 9 3 5
101 107 8 7 5
104 107 8 8 5
105 107 5 11 5
110 53 9 2 5
110 87 11 4 5
110 98 9 3 5
110 99 3 9 5
101 110 10 5 5
105 110 11 7 5
107 110 8 7 5
111 53 5 3 5
111 63 12 2 5
111 87 9 4 5
111 98 11 1 5
111 99 9 5 5
100 111 9 2 5
105 111 9 7 5
107 111 6 7 5
110 111 8 5 5
113 98 8 2 5
113 99 10 4 5
107 113 9 5 5
110 113 9 4 5
111 113 9 3 5
114 53 10 3 5
114 99 8 8 5
104 114 7 9 5
105 114 8 10 5
107 114 3 11 5
110 114 5 9 5
111 114 9 6 5
113 114 10 5 5
115 53 7 1 5
115 87 5 5 5
115 98 5 3 5
115 99 9 4 5
100 115 7 2 5
101 115 10 3 5
104 115 8 5 5
110 115 8 4 5
111 115 8 3 5
113 115 7 3 5
116 56 27 7 5
117 53 4 3 5
117 90 11 3 5
117 98 10 1 5
100 117 8 2 5
101 117 7 5 5
104 117 9 5 5
110 117 11 3 5
111 117 5 5 5
115 117 9 2 5
120 87 8 4 5
120 98 6 3 5
120 99 8 5 5
100 120 10 1 5
101 120 11 3 5
104 120 9 5 5
110 120 5 6 5
111 120 11 2 5
113 120 10 2 5
114 120 10 5 5
115 120 5 4 5
117 120 12 1 5
123 8 12 1 5
123 60 20 5 5
106 124 12 6 5
101 126 10 5 5
104 126 6 8 5
107 126 10 6 5
110 126 8 6 5
111 126 10 4 5
113 126 9 4 5
115 126 10 3 5
117 126 9 4 5
120 126 9 4 5
127 33 10 1 5
127 37 5 0 5
127 44 9 1 5
127 53 4 0 5
127 55 5 1 5
