Res1 Res2 NSingle NDouble Method
1 171 45 165 2
2 3 47 122 2
2 3 47 122 2
5 76 49 145 2
136 16 58 105 2
24 25 66 90 2
24 25 66 90 2
28 29 79 62 2
116 45 47 140 2
48 92 26 207 2
132 55 21 207 2
128 57 33 166 2
143 57 38 158 2
57 84 33 170 2
119 69 53 138 2
132 72 22 215 2
184 72 31 202 2
132 81 25 207 2
81 92 27 205 2
57 84 33 170 2
143 84 33 165 2
144 84 17 179 2
80 99 76 73 2
107 58 74 57 2
113 98 40 158 2
115 127 37 168 2
123 129 51 111 2
124 180 64 132 2
115 127 37 168 2
128 57 33 166 2
128 84 34 170 2
128 143 37 159 2
128 144 31 168 2
123 129 51 111 2
132 55 21 207 2
132 72 22 215 2
132 81 25 207 2
136 16 58 105 2
105 139 74 83 2
143 144 22 167 2
144 84 17 179 2
128 144 31 168 2
143 144 22 167 2
100 146 44 160 2
108 146 39 179 2
1 171 45 165 2
