Res1 Res2 NSingle NDouble Method
1 8 60 1 4
1 18 67 9 4
1 45 74 14 4
1 60 68 5 4
1 68 63 11 4
1 81 82 22 4
1 87 59 4 4
1 88 65 5 4
1 94 61 2 4
1 104 60 7 4
1 107 61 4 4
1 114 58 10 4
1 127 61 1 4
105 2 98 5 4
107 2 96 5 4
2 8 97 1 4
2 81 71 46 4
2 87 94 5 4
102 3 86 11 4
105 3 87 6 4
107 3 87 5 4
112 3 88 10 4
114 3 96 5 4
127 3 89 1 4
3 8 88 1 4
3 34 90 9 4
3 61 87 0 4
3 86 72 30 4
3 94 87 3 4
15 4 69 2 4
122 4 70 6 4
125 4 52 28 4
127 4 69 1 4
4 8 68 1 4
4 46 72 19 4
4 50 73 11 4
4 59 59 14 4
4 60 76 5 4
4 61 67 0 4
4 87 69 3 4
22 5 64 9 4
30 5 54 3 4
34 5 57 5 4
48 5 69 14 4
104 5 49 6 4
112 5 57 5 4
113 5 56 4 4
114 5 57 4 4
122 5 51 5 4
127 5 48 1 4
5 8 47 1 4
5 53 51 5 4
5 59 56 5 4
5 60 49 8 4
5 68 48 12 4
5 87 50 2 4
5 88 46 8 4
5 97 65 7 4
112 6 99 11 4
15 7 67 2 4
52 7 74 4 4
61 7 65 0 4
69 7 57 37 4
105 7 67 5 4
107 7 61 7 4
112 7 72 7 4
114 7 68 8 4
127 7 67 1 4
7 8 66 1 4
7 73 73 21 4
7 88 73 4 4
15 8 9 0 4
22 8 37 1 4
30 8 17 0 4
34 8 22 1 4
41 8 27 0 4
50 8 29 1 4
52 8 18 1 4
53 8 16 1 4
59 8 21 1 4
60 8 20 1 4
61 8 3 0 4
67 8 20 1 4
68 8 27 1 4
102 8 24 0 4
104 8 18 0 4
105 8 15 0 4
107 8 13 0 4
111 8 35 1 4
112 8 24 0 4
113 8 21 0 4
114 8 22 0 4
122 8 18 0 4
123 8 25 0 4
127 8 5 1 4
8 82 15 0 4
8 87 9 1 4
8 88 17 1 4
8 94 9 0 4
8 96 34 1 4
8 97 34 1 4
15 9 94 5 4
30 9 98 7 4
49 9 106 24 4
59 9 96 11 4
87 9 94 6 4
10 8 47 1 4
10 30 52 4 4
10 33 74 11 4
10 61 46 0 4
10 68 62 5 4
10 73 74 11 4
10 87 52 1 4
10 88 56 3 4
10 94 48 2 4
10 97 63 8 4
10 105 54 2 4
10 107 46 5 4
10 112 55 6 4
10 123 58 5 4
10 127 48 1 4
11 7 86 25 4
11 8 72 1 4
104 11 68 9 4
107 11 71 5 4
11 12 86 29 4
11 15 73 2 4
11 30 75 5 4
11 88 77 5 4
11 94 73 2 4
11 112 78 7 4
11 114 76 7 4
11 122 74 6 4
11 127 73 1 4
12 8 74 1 4
105 12 77 4 4
107 12 75 4 4
12 87 77 2 4
12 88 81 4 4
12 94 75 2 4
12 122 82 3 4
12 127 75 1 4
13 8 60 3 4
102 13 72 6 4
118 13 75 10 4
127 13 61 3 4
13 30 65 6 4
13 52 64 8 4
13 72 74 13 4
13 88 65 7 4
14 8 73 2 4
100 14 76 26 4
104 14 77 6 4
112 14 79 8 4
114 14 79 7 4
122 14 79 5 4
127 14 76 1 4
14 18 72 14 4
14 60 79 7 4
14 63 73 23 4
14 94 78 1 4
14 97 81 13 4
15 8 9 0 4
102 15 27 0 4
104 15 21 0 4
105 15 18 0 4
107 15 16 0 4
112 15 27 0 4
113 15 24 0 4
114 15 25 0 4
118 15 36 1 4
122 15 21 0 4
127 15 10 0 4
128 15 52 3 4
15 30 20 0 4
15 34 27 0 4
15 52 23 0 4
15 53 21 0 4
15 59 26 0 4
15 60 25 0 4
15 61 6 0 4
15 67 25 0 4
15 82 18 0 4
15 87 14 0 4
15 88 22 0 4
15 94 12 0 4
16 8 69 1 4
104 16 69 7 4
105 16 70 5 4
107 16 68 5 4
112 16 71 9 4
114 16 67 10 4
127 16 70 1 4
16 18 70 12 4
16 56 69 21 4
16 67 73 7 4
16 68 62 16 4
16 87 68 4 4
16 94 70 2 4
17 8 50 1 4
15 17 53 1 4
122 17 54 5 4
125 17 66 12 4
127 17 51 1 4
17 24 65 14 4
17 46 70 11 4
17 52 60 3 4
17 53 60 2 4
17 59 51 9 4
17 60 56 6 4
17 61 49 0 4
17 72 58 14 4
17 87 55 1 4
17 94 55 0 4
18 8 29 0 4
15 18 32 0 4
104 18 29 6 4
105 18 36 1 4
112 18 43 2 4
113 18 42 1 4
114 18 37 4 4
122 18 33 4 4
123 18 46 1 4
127 18 30 0 4
18 20 44 6 4
18 34 45 1 4
18 52 39 2 4
18 56 53 8 4
18 60 39 3 4
18 61 26 0 4
18 67 41 2 4
18 68 40 6 4
18 70 49 3 4
18 76 50 4 4
18 87 32 1 4
18 94 32 0 4
19 8 65 1 4
127 19 64 2 4
19 25 79 11 4
19 45 79 14 4
19 50 76 8 4
19 65 84 14 4
20 8 33 0 4
15 20 36 0 4
18 20 44 6 4
102 20 45 3 4
105 20 42 0 4
107 20 40 0 4
113 20 44 2 4
120 20 64 10 4
127 20 34 0 4
20 30 42 1 4
20 34 49 1 4
20 40 52 9 4
20 53 43 1 4
20 61 30 0 4
20 82 42 0 4
20 85 49 4 4
20 87 36 1 4
20 88 44 1 4
20 94 36 0 4
15 21 75 3 4
118 21 81 13 4
127 21 77 1 4
21 30 79 5 4
21 40 93 11 4
21 41 81 9 4
21 77 96 29 4
21 82 81 3 4
21 85 86 8 4
21 94 77 2 4
22 5 64 9 4
22 8 37 1 4
15 22 42 0 4
104 22 47 2 4
105 22 46 1 4
111 22 58 6 4
112 22 53 2 4
122 22 43 4 4
127 22 38 1 4
22 41 54 3 4
22 52 45 4 4
22 53 43 4 4
22 60 41 7 4
22 61 36 0 4
22 68 54 4 4
22 72 59 7 4
22 75 80 18 4
22 87 42 1 4
22 88 48 2 4
22 94 42 0 4
23 8 54 1 4
15 23 57 1 4
127 23 53 2 4
23 28 56 15 4
23 30 61 3 4
23 46 68 14 4
23 59 63 5 4
23 87 55 3 4
23 88 61 4 4
23 96 62 12 4
24 8 45 1 4
15 24 50 0 4
105 24 56 0 4
107 24 54 0 4
127 24 46 1 4
24 25 59 11 4
24 28 47 15 4
24 36 63 12 4
24 37 52 18 4
24 46 49 19 4
24 49 58 21 4
24 52 49 6 4
24 53 57 1 4
24 59 50 7 4
24 60 57 3 4
24 61 44 0 4
24 67 53 5 4
24 68 54 8 4
24 72 59 11 4
24 82 56 0 4
24 87 38 7 4
24 88 54 3 4
24 94 46 2 4
25 8 38 1 4
15 25 43 0 4
24 25 59 11 4
104 25 46 3 4
105 25 45 2 4
111 25 57 7 4
112 25 48 5 4
122 25 46 3 4
127 25 35 3 4
25 41 53 4 4
25 45 60 10 4
25 50 55 5 4
25 53 48 2 4
25 56 50 15 4
25 59 53 2 4
25 60 44 6 4
25 61 37 0 4
25 67 52 2 4
25 68 49 7 4
25 87 41 2 4
25 88 45 4 4
25 94 43 0 4
26 8 80 1 4
109 26 87 17 4
119 26 84 21 4
127 26 79 2 4
26 30 83 5 4
26 42 90 13 4
26 53 86 4 4
26 88 87 4 4
26 96 84 14 4
15 27 56 2 4
105 27 62 2 4
107 27 60 2 4
123 27 64 6 4
27 35 72 9 4
27 41 68 5 4
27 42 67 12 4
27 53 61 4 4
27 67 67 3 4
27 94 58 1 4
28 8 36 0 4
15 28 39 0 4
23 28 56 15 4
24 28 47 15 4
107 28 43 0 4
122 28 44 2 4
127 28 37 0 4
28 37 55 11 4
28 49 57 16 4
28 50 53 4 4
28 52 36 7 4
28 59 47 3 4
28 61 33 0 4
28 67 48 2 4
28 68 53 3 4
28 72 50 10 4
28 87 33 4 4
28 88 47 1 4
28 94 39 0 4
29 8 48 1 4
15 29 51 1 4
113 29 57 4 4
123 29 57 6 4
126 29 73 13 4
127 29 49 1 4
29 35 67 8 4
29 41 55 8 4
29 42 62 11 4
29 53 50 6 4
29 59 51 8 4
29 60 62 2 4
29 61 47 0 4
29 63 70 11 4
29 67 60 3 4
29 82 53 3 4
29 87 53 1 4
29 94 53 0 4
30 8 17 0 4
10 30 52 4 4
15 30 20 0 4
104 30 29 0 4
105 30 26 0 4
107 30 24 0 4
112 30 33 1 4
118 30 42 2 4
119 30 53 4 4
122 30 29 0 4
127 30 18 0 4
30 52 29 1 4
30 53 29 0 4
30 61 14 0 4
30 70 37 3 4
30 82 26 0 4
30 87 22 0 4
30 88 24 3 4
30 94 20 0 4
30 96 43 2 4
30 97 41 3 4
125 31 89 22 4
127 31 92 2 4
31 59 86 13 4
31 87 90 5 4
25 32 112 22 4
32 50 99 24 4
32 56 98 32 4
32 60 110 14 4
33 4 79 19 4
33 8 51 1 4
15 33 52 2 4
104 33 59 3 4
107 33 56 2 4
112 33 57 7 4
114 33 57 6 4
122 33 59 3 4
127 33 52 1 4
33 46 65 14 4
33 59 54 8 4
33 61 50 0 4
33 62 75 14 4
33 68 66 5 4
33 87 56 1 4
33 96 67 8 4
34 5 57 5 4
34 8 22 1 4
15 34 27 0 4
30 34 35 0 4
102 34 32 5 4
104 34 34 1 4
105 34 33 0 4
107 34 31 0 4
113 34 33 3 4
127 34 23 1 4
34 47 65 7 4
34 50 41 4 4
34 61 21 0 4
34 65 57 6 4
34 82 33 0 4
34 87 29 0 4
34 94 25 1 4
35 8 39 0 4
15 35 42 0 4
30 35 48 1 4
34 35 53 2 4
105 35 48 0 4
107 35 46 0 4
109 35 52 13 4
113 35 52 1 4
123 35 40 9 4
127 35 40 0 4
35 41 50 5 4
35 42 49 12 4
35 53 41 5 4
35 61 36 0 4
35 63 41 20 4
35 67 49 3 4
35 82 48 0 4
35 87 44 0 4
35 88 50 1 4
35 94 42 0 4
36 8 44 1 4
15 36 49 0 4
24 36 63 12 4
28 36 56 10 4
102 36 58 3 4
105 36 53 1 4
127 36 43 2 4
36 59 51 6 4
36 61 43 0 4
36 67 56 3 4
36 68 55 7 4
36 87 37 7 4
36 94 49 0 4
36 97 62 7 4
37 8 47 0 4
24 37 52 18 4
28 37 55 11 4
104 37 55 2 4
105 37 54 1 4
107 37 42 6 4
112 37 55 5 4
114 37 51 6 4
123 37 60 3 4
127 37 44 2 4
37 45 63 12 4
37 50 56 8 4
37 52 51 5 4
37 61 44 0 4
37 68 52 9 4
37 87 40 6 4
37 94 44 3 4
23 38 103 23 4
28 38 101 14 4
29 38 105 19 4
119 38 105 19 4
38 46 99 20 4
38 67 91 12 4
38 82 90 9 4
38 96 97 16 4
15 39 72 3 4
18 39 84 7 4
104 39 73 7 4
109 39 80 17 4
113 39 80 5 4
122 39 77 5 4
127 39 74 1 4
39 56 83 16 4
39 60 77 7 4
39 68 80 9 4
39 82 74 5 4
39 88 80 4 4
40 8 43 0 4
15 40 46 0 4
18 40 54 6 4
20 40 52 9 4
100 40 66 14 4
102 40 53 4 4
105 40 52 0 4
107 40 50 0 4
113 40 56 1 4
123 40 58 2 4
127 40 44 0 4
40 41 56 4 4
40 53 53 1 4
40 61 40 0 4
40 70 55 7 4
40 82 52 0 4
40 85 57 5 4
40 86 69 8 4
40 87 46 1 4
40 88 52 2 4
40 94 44 1 4
40 96 63 5 4
41 8 27 0 4
15 41 30 0 4
25 41 53 4 4
29 41 55 8 4
30 41 38 0 4
35 41 50 5 4
104 41 39 0 4
105 41 36 0 4
107 41 34 0 4
122 41 39 0 4
123 41 42 2 4
127 41 26 1 4
129 41 52 5 4
41 42 49 6 4
41 48 55 10 4
41 53 31 4 4
41 61 24 0 4
41 67 37 3 4
41 70 45 4 4
41 76 48 4 4
41 82 36 0 4
41 87 32 0 4
41 94 26 2 4
42 8 40 0 4
15 42 43 0 4
29 42 62 11 4
35 42 49 12 4
41 42 49 6 4
109 42 55 12 4
119 42 62 11 4
123 42 39 10 4
127 42 41 0 4
42 46 60 10 4
42 53 34 9 4
42 61 37 0 4
42 63 58 12 4
42 67 50 3 4
42 87 45 0 4
42 88 47 3 4
42 94 43 0 4
44 8 61 1 4
15 44 60 3 4
30 44 66 4 4
113 44 68 5 4
127 44 62 1 4
129 44 78 10 4
44 88 66 5 4
44 96 73 10 4
45 8 44 1 4
34 45 58 3 4
37 45 63 12 4
104 45 54 2 4
105 45 47 4 4
107 45 51 1 4
113 45 55 3 4
123 45 57 4 4
127 45 43 2 4
45 53 54 2 4
45 59 57 3 4
45 60 54 4 4
45 61 43 0 4
45 67 56 3 4
45 68 59 5 4
45 71 69 24 4
45 87 45 3 4
45 88 53 3 4
45 94 47 1 4
46 8 44 1 4
15 46 47 1 4
24 46 49 19 4
125 46 58 13 4
127 46 45 1 4
46 49 65 17 4
46 59 49 7 4
46 61 43 0 4
46 67 54 4 4
46 68 59 5 4
46 87 45 3 4
46 88 47 6 4
47 8 57 2 4
18 47 66 9 4
34 47 65 7 4
104 47 57 8 4
105 47 58 6 4
112 47 61 9 4
114 47 61 8 4
122 47 61 6 4
127 47 60 1 4
47 52 57 9 4
47 53 69 2 4
47 60 53 12 4
47 61 58 0 4
47 68 64 10 4
47 80 75 16 4
47 86 75 14 4
47 87 64 1 4
47 94 58 3 4
48 5 69 14 4
48 8 54 0 4
18 48 61 8 4
22 48 69 9 4
41 48 55 10 4
104 48 54 6 4
111 48 71 7 4
113 48 65 2 4
114 48 60 5 4
122 48 58 4 4
129 48 67 11 4
48 53 58 4 4
48 60 60 5 4
48 61 51 0 4
48 68 61 8 4
48 88 59 4 4
49 8 57 1 4
24 49 58 21 4
28 49 57 16 4
30 49 64 3 4
36 49 73 13 4
46 49 65 17 4
127 49 58 1 4
49 50 68 8 4
49 67 65 5 4
49 87 48 8 4
49 88 54 9 4
50 8 29 1 4
15 50 34 0 4
34 50 41 4 4
37 50 56 8 4
104 50 37 3 4
107 50 38 0 4
122 50 41 1 4
125 50 39 15 4
127 50 26 3 4
50 52 37 4 4
50 53 41 1 4
50 59 40 4 4
50 60 37 5 4
50 61 28 0 4
50 68 46 4 4
50 72 51 7 4
50 79 64 17 4
50 87 34 1 4
50 88 42 1 4
50 94 34 0 4
50 99 58 13 4
18 51 71 7 4
103 51 85 14 4
112 51 66 7 4
113 51 69 4 4
114 51 70 4 4
124 51 87 15 4
51 67 64 7 4
51 76 71 10 4
51 82 59 6 4
52 8 18 1 4
15 52 23 0 4
18 52 39 2 4
22 52 45 4 4
24 52 49 6 4
28 52 36 7 4
30 52 29 1 4
37 52 51 5 4
47 52 57 9 4
50 52 37 4 4
104 52 32 0 4
105 52 29 0 4
107 52 27 0 4
112 52 36 1 4
122 52 28 2 4
127 52 19 1 4
52 53 30 1 4
52 59 33 2 4
52 60 34 1 4
52 61 17 0 4
52 67 34 1 4
52 72 40 7 4
52 82 29 0 4
52 87 23 1 4
52 88 31 1 4
52 94 23 0 4
53 8 16 1 4
15 53 21 0 4
22 53 43 4 4
30 53 29 0 4
35 53 41 5 4
41 53 31 4 4
42 53 34 9 4
52 53 30 1 4
104 53 30 0 4
105 53 27 0 4
107 53 25 0 4
113 53 31 1 4
114 53 34 0 4
122 53 28 1 4
123 53 29 4 4
127 53 17 1 4
53 59 33 1 4
53 60 30 2 4
53 61 15 0 4
53 67 26 4 4
53 82 27 0 4
53 87 21 1 4
53 88 27 2 4
53 94 21 0 4
54 72 115 24 4
14 55 95 38 4
35 55 93 20 4
100 55 101 25 4
127 55 95 3 4
56 8 44 1 4
15 56 49 0 4
18 56 53 8 4
25 56 50 15 4
30 56 53 2 4
104 56 44 7 4
105 56 45 5 4
107 56 49 2 4
112 56 42 11 4
114 56 46 8 4
122 56 48 5 4
127 56 41 3 4
56 60 48 7 4
56 61 43 0 4
56 68 47 11 4
56 76 57 9 4
56 80 60 16 4
56 81 62 24 4
56 87 49 1 4
56 88 55 2 4
56 94 49 0 4
57 88 107 11 4
58 8 64 0 4
20 58 73 9 4
34 58 74 4 4
35 58 69 14 4
41 58 75 5 4
53 58 66 5 4
100 58 71 22 4
102 58 68 7 4
123 58 71 6 4
127 58 63 1 4
58 61 61 0 4
58 63 56 25 4
58 70 76 7 4
58 94 65 1 4
59 8 21 1 4
15 59 26 0 4
24 59 50 7 4
29 59 51 8 4
30 59 34 0 4
46 59 49 7 4
50 59 40 4 4
52 59 33 2 4
53 59 33 1 4
104 59 35 0 4
105 59 32 0 4
107 59 30 0 4
122 59 33 1 4
125 59 39 11 4
127 59 22 1 4
59 60 31 4 4
59 61 20 0 4
59 67 37 1 4
59 72 35 11 4
59 82 32 0 4
59 87 26 1 4
59 88 34 1 4
59 94 26 0 4
60 8 20 1 4
5 60 49 8 4
15 60 25 0 4
18 60 39 3 4
22 60 41 7 4
25 60 44 6 4
50 60 37 5 4
52 60 34 1 4
53 60 30 2 4
56 60 48 7 4
59 60 31 4 4
104 60 22 6 4
105 60 25 3 4
107 60 29 0 4
111 60 43 5 4
112 60 28 6 4
114 60 30 4 4
122 60 22 6 4
127 60 21 1 4
60 61 19 0 4
60 67 36 1 4
60 68 27 9 4
60 82 31 0 4
60 87 25 1 4
60 88 33 1 4
60 94 25 0 4
15 62 57 1 4
17 62 76 13 4
33 62 75 14 4
34 62 66 4 4
46 62 64 16 4
61 62 53 0 4
112 62 64 5 4
122 62 60 4 4
127 62 53 2 4
63 8 48 0 4
15 63 51 0 4
34 63 58 4 4
35 63 41 20 4
41 63 63 3 4
42 63 58 12 4
53 63 52 4 4
61 63 45 0 4
102 63 60 3 4
107 63 55 0 4
109 63 49 19 4
113 63 61 1 4
123 63 49 9 4
127 63 49 0 4
63 67 62 1 4
63 87 53 0 4
63 88 59 1 4
63 94 49 1 4
63 97 64 7 4
56 64 99 25 4
112 64 101 13 4
64 81 93 40 4
64 87 104 5 4
65 8 49 1 4
34 65 57 6 4
37 65 66 13 4
45 65 65 13 4
50 65 60 8 4
61 65 48 0 4
102 65 61 4 4
107 65 48 5 4
114 65 57 5 4
123 65 60 5 4
127 65 46 3 4
65 67 59 4 4
65 85 65 5 4
65 87 54 1 4
65 94 52 1 4
67 8 20 1 4
15 67 25 0 4
18 67 41 2 4
35 67 49 3 4
41 67 37 3 4
52 67 34 1 4
53 67 26 4 4
59 67 37 1 4
60 67 36 1 4
61 67 19 0 4
104 67 28 3 4
107 67 29 0 4
112 67 38 1 4
114 67 34 2 4
122 67 32 1 4
127 67 21 1 4
67 68 33 6 4
67 82 19 6 4
67 85 36 5 4
67 87 23 2 4
67 88 33 1 4
67 94 25 0 4
68 8 27 1 4
15 68 32 0 4
18 68 40 6 4
30 68 40 0 4
50 68 46 4 4
52 68 41 1 4
53 68 39 1 4
56 68 47 11 4
59 68 44 1 4
60 68 27 9 4
61 68 26 0 4
67 68 33 6 4
104 68 21 10 4
105 68 30 4 4
107 68 34 1 4
112 68 31 8 4
114 68 29 8 4
122 68 31 5 4
127 68 28 1 4
68 76 48 5 4
68 82 38 0 4
68 85 49 2 4
68 87 26 4 4
68 88 40 1 4
68 94 28 2 4
69 7 57 37 4
69 8 67 1 4
52 69 71 6 4
105 69 70 4 4
107 69 68 4 4
122 69 75 3 4
127 69 68 1 4
69 73 70 23 4
69 94 70 1 4
70 8 32 0 4
15 70 35 0 4
18 70 49 3 4
30 70 37 3 4
40 70 55 7 4
41 70 45 4 4
61 70 29 0 4
100 70 55 14 4
104 70 42 1 4
105 70 41 0 4
107 70 37 1 4
114 70 46 1 4
118 70 51 5 4
123 70 47 2 4
127 70 33 0 4
70 82 41 0 4
70 87 37 0 4
70 94 31 2 4
71 8 75 1 4
45 71 69 24 4
59 71 78 8 4
105 71 72 7 4
107 71 78 3 4
112 71 77 9 4
127 71 76 1 4
71 94 76 2 4
72 8 38 1 4
15 72 43 0 4
17 72 58 14 4
22 72 59 7 4
24 72 59 11 4
28 72 50 10 4
50 72 51 7 4
52 72 40 7 4
53 72 50 1 4
59 72 35 11 4
60 72 50 3 4
61 72 37 0 4
122 72 50 1 4
127 72 39 1 4
72 74 59 21 4
72 87 43 1 4
72 88 51 1 4
72 94 43 0 4
73 8 51 1 4
15 73 54 1 4
60 73 61 4 4
61 73 50 0 4
68 73 60 8 4
104 73 59 3 4
105 73 40 11 4
107 73 40 10 4
112 73 49 11 4
114 73 47 11 4
123 73 60 6 4
127 73 52 1 4
73 80 53 23 4
73 82 62 0 4
73 87 56 1 4
73 88 62 2 4
73 94 50 3 4
15 74 66 2 4
17 74 73 20 4
28 74 71 13 4
52 74 63 9 4
59 74 54 15 4
61 74 64 0 4
72 74 59 21 4
122 74 73 3 4
74 89 79 27 4
15 75 82 2 4
22 75 80 18 4
28 75 91 11 4
50 75 88 10 4
122 75 85 5 4
127 75 78 3 4
75 82 86 3 4
76 8 35 0 4
15 76 38 0 4
18 76 50 4 4
41 76 48 4 4
52 76 45 2 4
53 76 45 1 4
56 76 57 9 4
61 76 32 0 4
68 76 48 5 4
104 76 43 2 4
105 76 36 4 4
107 76 38 2 4
112 76 43 5 4
114 76 37 7 4
122 76 41 3 4
127 76 36 0 4
76 80 55 13 4
76 82 42 1 4
76 85 53 3 4
76 87 40 0 4
76 94 34 2 4
21 77 96 29 4
30 77 79 7 4
70 77 72 18 4
127 77 77 3 4
77 88 81 7 4
78 8 60 0 4
15 78 63 0 4
20 78 73 7 4
53 78 64 4 4
58 78 78 20 4
61 78 57 0 4
67 78 68 4 4
127 78 61 0 4
129 78 75 10 4
78 82 59 5 4
78 85 74 5 4
78 87 63 1 4
78 88 69 2 4
78 94 63 0 4
79 8 71 1 4
50 79 64 17 4
125 79 73 19 4
127 79 68 3 4
79 85 75 11 4
79 87 68 5 4
8 80 52 0 4
15 80 53 1 4
18 80 61 7 4
56 80 60 16 4
60 80 60 4 4
61 80 49 0 4
68 80 55 10 4
73 80 53 23 4
76 80 55 13 4
104 80 56 4 4
105 80 43 9 4
107 80 49 5 4
112 80 50 10 4
114 80 50 9 4
122 80 58 3 4
127 80 51 1 4
80 94 51 2 4
8 81 68 1 4
50 81 67 14 4
56 81 62 24 4
60 81 78 4 4
61 81 67 0 4
67 81 76 5 4
68 81 63 15 4
104 81 70 6 4
105 81 71 4 4
107 81 71 3 4
112 81 72 8 4
114 81 68 9 4
122 81 76 3 4
127 81 67 2 4
81 87 65 5 4
81 94 71 1 4
8 82 15 0 4
15 82 18 0 4
30 82 26 0 4
34 82 33 0 4
41 82 36 0 4
52 82 29 0 4
53 82 27 0 4
59 82 32 0 4
60 82 31 0 4
61 82 12 0 4
67 82 19 6 4
102 82 33 0 4
104 82 25 1 4
105 82 24 0 4
107 82 22 0 4
112 82 33 0 4
113 82 30 0 4
114 82 31 0 4
122 82 27 0 4
123 82 34 0 4
127 82 16 0 4
82 85 31 4 4
82 87 20 0 4
82 88 28 0 4
82 94 18 0 4
120 83 99 21 4
8 84 61 1 4
22 84 74 11 4
50 84 70 9 4
52 84 63 7 4
59 84 60 10 4
60 84 61 9 4
61 84 60 0 4
72 84 61 18 4
74 84 76 24 4
122 84 65 5 4
127 84 62 1 4
84 87 66 1 4
8 85 30 0 4
15 85 33 0 4
18 85 49 2 4
20 85 49 4 4
30 85 41 0 4
40 85 57 5 4
52 85 42 1 4
53 85 42 0 4
61 85 27 0 4
67 85 36 5 4
68 85 49 2 4
76 85 53 3 4
82 85 31 4 4
102 85 42 3 4
104 85 38 2 4
105 85 39 0 4
107 85 37 0 4
114 85 42 2 4
118 85 53 3 4
122 85 38 2 4
127 85 31 0 4
85 87 35 0 4
85 94 33 0 4
8 86 48 0 4
15 86 51 0 4
34 86 58 4 4
61 86 45 0 4
68 86 65 3 4
82 86 57 0 4
102 86 58 4 4
104 86 52 4 4
105 86 45 6 4
107 86 39 8 4
112 86 50 8 4
114 86 48 8 4
123 86 59 4 4
127 86 49 0 4
86 87 53 0 4
86 88 59 1 4
86 94 47 2 4
8 87 9 1 4
15 87 14 0 4
18 87 32 1 4
24 87 38 7 4
28 87 33 4 4
30 87 22 0 4
36 87 37 7 4
37 87 40 6 4
50 87 34 1 4
52 87 23 1 4
53 87 21 1 4
59 87 26 1 4
60 87 25 1 4
61 87 8 0 4
67 87 23 2 4
68 87 26 4 4
82 87 20 0 4
104 87 23 0 4
105 87 20 0 4
107 87 18 0 4
122 87 23 0 4
127 87 10 1 4
87 88 22 1 4
87 94 14 0 4
87 97 37 2 4
5 88 46 8 4
8 88 17 1 4
15 88 22 0 4
25 88 45 4 4
30 88 24 3 4
46 88 47 6 4
49 88 54 9 4
52 88 31 1 4
53 88 27 2 4
59 88 34 1 4
60 88 33 1 4
61 88 16 0 4
67 88 33 1 4
82 88 28 0 4
87 88 22 1 4
105 88 28 0 4
107 88 26 0 4
113 88 26 4 4
119 88 47 8 4
123 88 36 1 4
127 88 18 1 4
88 94 22 0 4
88 96 41 4 4
8 89 70 1 4
30 89 75 4 4
42 89 82 12 4
46 89 68 22 4
52 89 72 7 4
59 89 63 13 4
61 89 69 0 4
70 89 82 8 4
72 89 70 18 4
87 89 75 1 4
88 89 75 5 4
127 89 71 1 4
8 90 59 0 4
30 90 68 1 4
34 90 69 4 4
35 90 68 12 4
42 90 71 11 4
53 90 59 6 4
61 90 56 0 4
63 90 69 16 4
102 90 69 4 4
123 90 64 7 4
124 90 74 20 4
127 90 60 0 4
129 90 76 9 4
15 92 79 1 4
20 92 79 13 4
29 92 80 21 4
41 92 83 8 4
42 92 80 16 4
53 92 78 6 4
61 92 75 0 4
70 92 88 8 4
100 92 87 21 4
102 92 86 5 4
123 92 83 7 4
92 94 75 3 4
73 93 102 28 4
86 93 97 28 4
87 93 106 5 4
105 93 102 9 4
107 93 98 10 4
112 93 107 11 4
114 93 105 11 4
127 93 106 3 4
8 94 9 0 4
15 94 12 0 4
30 94 20 0 4
34 94 25 1 4
37 94 44 3 4
41 94 26 2 4
52 94 23 0 4
53 94 21 0 4
61 94 6 0 4
68 94 28 2 4
70 94 31 2 4
76 94 34 2 4
82 94 18 0 4
87 94 14 0 4
88 94 22 0 4
102 94 25 1 4
104 94 21 0 4
105 94 16 1 4
107 94 14 1 4
112 94 23 2 4
114 94 23 1 4
122 94 21 0 4
127 94 10 0 4
15 95 68 2 4
35 95 68 17 4
41 95 72 9 4
42 95 71 16 4
53 95 71 5 4
61 95 66 0 4
123 95 72 8 4
129 95 78 13 4
8 96 34 1 4
15 96 39 0 4
23 96 62 12 4
30 96 43 2 4
46 96 62 7 4
53 96 46 1 4
61 96 33 0 4
87 96 39 1 4
88 96 41 4 4
94 96 39 0 4
119 96 56 12 4
127 96 35 1 4
5 97 65 7 4
8 97 34 1 4
10 97 63 8 4
14 97 81 13 4
30 97 41 3 4
36 97 62 7 4
61 97 33 0 4
63 97 64 7 4
67 97 48 2 4
68 97 51 4 4
87 97 37 2 4
88 97 45 2 4
120 97 65 11 4
123 97 47 4 4
127 97 35 1 4
8 99 59 0 4
15 99 62 0 4
22 99 76 8 4
28 99 67 11 4
50 99 58 13 4
52 99 67 3 4
59 99 68 4 4
61 99 56 0 4
72 99 71 11 4
87 99 60 2 4
94 99 62 0 4
122 99 67 2 4
125 99 51 23 4
127 99 60 0 4
100 8 57 0 4
100 15 60 0 4
100 35 62 14 4
100 40 66 14 4
100 41 64 7 4
100 53 55 7 4
100 61 54 0 4
100 67 69 2 4
100 70 55 14 4
100 87 62 0 4
100 94 56 2 4
100 96 67 10 4
100 123 60 8 4
100 127 58 0 4
101 52 110 9 4
101 53 106 10 4
100 101 107 29 4
102 8 24 0 4
102 15 27 0 4
102 20 45 3 4
102 30 35 0 4
102 34 32 5 4
102 40 53 4 4
102 52 38 0 4
102 53 36 0 4
102 61 21 0 4
102 82 33 0 4
102 85 42 3 4
102 87 29 0 4
102 88 37 0 4
102 94 25 1 4
102 104 36 0 4
102 105 33 0 4
102 107 31 0 4
102 113 39 0 4
102 118 47 3 4
102 122 36 0 4
102 127 23 1 4
102 128 49 12 4
103 8 57 0 4
103 15 60 0 4
103 18 60 10 4
103 30 66 1 4
103 52 65 3 4
103 53 67 1 4
103 56 69 14 4
103 60 55 9 4
103 61 54 0 4
103 68 60 10 4
103 76 60 13 4
103 86 71 14 4
103 94 58 1 4
103 104 53 8 4
103 105 52 7 4
103 107 50 7 4
103 112 49 13 4
103 114 53 10 4
103 122 55 7 4
103 127 58 0 4
104 8 18 0 4
104 15 21 0 4
104 18 29 6 4
104 30 29 0 4
104 34 34 1 4
104 50 37 3 4
104 52 32 0 4
104 53 30 0 4
104 59 35 0 4
104 60 22 6 4
104 61 15 0 4
104 67 28 3 4
104 68 21 10 4
104 76 43 2 4
104 82 25 1 4
104 85 38 2 4
104 87 23 0 4
104 88 31 0 4
104 94 21 0 4
104 105 25 1 4
104 107 23 1 4
104 111 43 3 4
104 112 28 4 4
104 113 33 0 4
104 114 18 8 4
104 122 20 5 4
104 123 35 1 4
104 127 19 0 4
105 8 15 0 4
105 15 18 0 4
105 18 36 1 4
105 30 26 0 4
105 34 33 0 4
105 52 29 0 4
105 53 27 0 4
105 59 32 0 4
105 60 25 3 4
105 61 12 0 4
105 67 31 0 4
105 68 30 4 4
105 76 36 4 4
105 82 24 0 4
105 87 20 0 4
105 88 28 0 4
105 94 16 1 4
102 105 33 0 4
104 105 25 1 4
105 107 18 2 4
105 111 42 2 4
105 112 17 8 4
105 113 30 0 4
105 114 19 6 4
105 122 25 1 4
105 127 16 0 4
106 59 107 12 4
107 8 13 0 4
107 15 16 0 4
107 30 24 0 4
107 34 31 0 4
107 37 42 6 4
107 52 27 0 4
107 53 25 0 4
107 59 30 0 4
107 60 29 0 4
107 61 10 0 4
107 67 29 0 4
107 68 34 1 4
107 70 37 1 4
107 76 38 2 4
107 82 22 0 4
107 87 18 0 4
107 88 26 0 4
107 94 14 1 4
102 107 31 0 4
104 107 23 1 4
105 107 18 2 4
107 112 25 3 4
107 113 28 0 4
107 114 19 5 4
107 122 25 0 4
107 123 26 3 4
107 127 14 0 4
108 52 91 11 4
108 60 93 11 4
108 68 96 13 4
100 108 102 24 4
104 108 91 10 4
108 122 93 9 4
109 8 45 0 4
109 15 48 0 4
109 30 54 1 4
109 35 52 13 4
109 41 60 3 4
109 42 55 12 4
109 53 51 3 4
109 61 42 0 4
109 63 49 19 4
109 67 59 1 4
109 82 54 0 4
109 87 50 0 4
109 88 52 3 4
109 94 48 0 4
105 109 54 0 4
107 109 52 0 4
109 113 44 8 4
109 123 54 5 4
109 124 58 21 4
109 127 46 0 4
110 15 84 1 4
110 29 95 16 4
110 42 95 11 4
110 53 85 5 4
110 61 80 0 4
110 82 88 2 4
110 87 86 1 4
110 113 80 9 4
110 118 94 9 4
110 126 88 22 4
111 8 35 1 4
111 15 40 0 4
111 22 58 6 4
111 25 57 7 4
111 53 47 1 4
111 59 50 2 4
111 60 43 5 4
111 61 34 0 4
111 68 50 5 4
111 87 42 0 4
111 94 40 0 4
104 111 43 3 4
105 111 42 2 4
107 111 44 0 4
111 112 45 5 4
111 122 41 4 4
111 125 61 7 4
111 127 38 0 4
112 8 24 0 4
112 15 27 0 4
112 18 43 2 4
112 30 33 1 4
112 52 36 1 4
112 53 36 0 4
112 60 28 6 4
112 61 21 0 4
112 67 38 1 4
112 68 31 8 4
112 82 33 0 4
112 87 29 0 4
112 88 37 0 4
112 94 23 2 4
104 112 28 4 4
105 112 17 8 4
107 112 25 3 4
112 113 39 0 4
112 114 22 9 4
112 122 30 3 4
112 123 41 1 4
112 127 25 0 4
113 8 21 0 4
113 15 24 0 4
113 18 42 1 4
113 20 44 2 4
113 30 32 0 4
113 34 33 3 4
113 52 35 0 4
113 53 31 1 4
113 61 18 0 4
113 82 30 0 4
113 87 26 0 4
113 88 26 4 4
113 94 24 0 4
104 113 33 0 4
105 113 30 0 4
107 113 28 0 4
109 113 44 8 4
113 122 33 0 4
113 123 38 1 4
113 127 22 0 4
114 8 22 0 4
114 15 25 0 4
114 18 37 4 4
114 30 33 0 4
114 52 36 0 4
114 53 34 0 4
114 60 30 4 4
114 61 19 0 4
114 67 34 2 4
114 68 29 8 4
114 76 37 7 4
114 82 31 0 4
114 85 42 2 4
114 87 27 0 4
114 88 35 0 4
114 94 23 1 4
104 114 18 8 4
105 114 19 6 4
107 114 19 5 4
112 114 22 9 4
113 114 37 0 4
114 122 28 3 4
114 123 35 3 4
114 127 23 0 4
115 48 114 28 4
104 115 112 11 4
115 129 105 26 4
116 53 95 9 4
116 63 95 24 4
116 94 98 3 4
109 116 96 22 4
114 116 99 9 4
117 49 90 21 4
113 117 80 7 4
117 122 81 5 4
118 8 35 0 4
118 15 36 1 4
118 20 56 3 4
118 30 42 2 4
118 34 51 1 4
118 53 47 0 4
118 61 32 0 4
118 70 51 5 4
118 82 42 1 4
118 85 53 3 4
118 87 40 0 4
118 88 48 0 4
118 94 38 0 4
118 97 57 4 4
102 118 47 3 4
104 118 47 0 4
105 118 44 0 4
107 118 42 0 4
118 122 47 0 4
118 127 36 0 4
119 8 48 1 4
119 15 51 1 4
119 30 53 4 4
119 35 63 10 4
119 42 62 11 4
119 46 68 11 4
119 53 54 4 4
119 61 47 0 4
119 63 66 13 4
119 87 53 1 4
119 88 47 8 4
119 96 56 12 4
119 123 61 4 4
119 127 49 1 4
120 8 57 0 4
120 15 60 0 4
120 20 64 10 4
120 30 62 3 4
120 53 59 5 4
120 61 54 0 4
120 63 77 11 4
120 70 65 9 4
120 87 60 1 4
120 94 60 0 4
120 97 65 11 4
120 123 70 3 4
120 127 58 0 4
121 30 85 4 4
121 53 82 6 4
121 61 79 0 4
121 63 78 23 4
121 88 83 6 4
113 121 85 6 4
119 121 78 24 4
121 123 81 10 4
122 8 18 0 4
122 15 21 0 4
122 18 33 4 4
122 22 43 4 4
122 30 29 0 4
122 52 28 2 4
122 53 28 1 4
122 56 48 5 4
122 59 33 1 4
122 60 22 6 4
122 61 15 0 4
122 67 32 1 4
122 68 31 5 4
122 76 41 3 4
122 82 27 0 4
122 85 38 2 4
122 87 23 0 4
122 88 31 0 4
122 94 21 0 4
104 122 20 5 4
105 122 25 1 4
107 122 25 0 4
111 122 41 4 4
112 122 30 3 4
114 122 28 3 4
122 127 19 0 4
123 8 25 0 4
123 15 28 0 4
123 30 36 0 4
123 35 40 9 4
123 41 42 2 4
123 42 39 10 4
123 53 29 4 4
123 61 22 0 4
123 63 49 9 4
123 67 39 1 4
123 82 34 0 4
123 87 30 0 4
123 88 36 1 4
123 94 28 0 4
123 97 47 4 4
104 123 35 1 4
105 123 34 0 4
107 123 26 3 4
112 123 41 1 4
113 123 38 1 4
114 123 35 3 4
123 127 26 0 4
124 8 61 0 4
124 15 64 0 4
124 30 70 1 4
124 53 61 6 4
124 61 58 0 4
124 67 71 3 4
124 82 66 2 4
124 87 66 0 4
124 88 70 2 4
124 94 64 0 4
109 124 58 21 4
113 124 62 7 4
123 124 62 9 4
124 127 62 0 4
125 4 52 28 4
125 8 42 1 4
125 15 47 0 4
125 30 55 0 4
125 50 39 15 4
125 52 52 3 4
125 53 56 0 4
125 59 39 11 4
125 60 56 2 4
125 61 41 0 4
125 82 53 0 4
125 87 49 0 4
125 88 57 0 4
125 94 47 0 4
125 99 51 23 4
104 125 56 0 4
105 125 53 0 4
107 125 51 0 4
111 125 61 7 4
122 125 54 1 4
125 127 45 0 4
126 8 55 0 4
126 15 56 1 4
126 30 66 0 4
126 34 71 1 4
126 53 67 0 4
126 61 52 0 4
126 82 60 2 4
126 85 67 6 4
126 87 60 0 4
126 88 66 1 4
126 94 58 0 4
102 126 65 4 4
104 126 67 0 4
105 126 64 0 4
107 126 62 0 4
113 126 66 2 4
122 126 67 0 4
126 127 56 0 4
127 8 5 1 4
127 15 10 0 4
127 25 35 3 4
127 30 18 0 4
127 34 23 1 4
127 41 26 1 4
127 50 26 3 4
127 52 19 1 4
127 53 17 1 4
127 56 41 3 4
127 59 22 1 4
127 60 21 1 4
127 61 4 0 4
127 65 46 3 4
127 67 21 1 4
127 68 28 1 4
127 82 16 0 4
127 87 10 1 4
127 88 18 1 4
127 94 10 0 4
102 127 23 1 4
104 127 19 0 4
105 127 16 0 4
107 127 14 0 4
112 127 25 0 4
113 127 22 0 4
114 127 23 0 4
122 127 19 0 4
123 127 26 0 4
128 8 55 0 4
128 15 52 3 4
128 30 66 0 4
128 34 61 6 4
128 41 64 6 4
128 53 67 0 4
128 61 52 0 4
128 82 62 1 4
128 85 65 7 4
128 87 60 0 4
128 88 68 0 4
128 94 56 1 4
102 128 49 12 4
104 128 67 0 4
105 128 64 0 4
107 128 62 0 4
118 128 66 9 4
122 128 67 0 4
127 128 56 0 4
129 8 41 0 4
129 15 44 0 4
129 18 60 2 4
129 34 53 3 4
129 41 52 5 4
129 48 67 11 4
129 53 51 1 4
129 61 38 0 4
129 82 50 0 4
129 87 46 0 4
129 88 52 1 4
129 94 44 0 4
105 129 50 0 4
107 129 46 1 4
113 129 50 3 4
123 129 54 3 4
127 129 42 0 4
130 59 93 14 4
