Res1 Res2 NSingle NDouble Method
15 8 9 0 4
18 20 44 6 4
22 5 64 9 4
22 8 37 1 4
24 25 59 11 4
23 28 56 15 4
24 28 47 15 4
30 8 17 0 4
10 30 52 4 4
15 30 20 0 4
34 5 57 5 4
34 8 22 1 4
15 34 27 0 4
24 36 63 12 4
24 37 52 18 4
28 37 55 11 4
20 40 52 9 4
41 8 27 0 4
25 41 53 4 4
29 41 55 8 4
35 41 50 5 4
29 42 62 11 4
35 42 49 12 4
41 42 49 6 4
37 45 63 12 4
24 46 49 19 4
34 47 65 7 4
48 5 69 14 4
41 48 55 10 4
24 49 58 21 4
28 49 57 16 4
46 49 65 17 4
50 8 29 1 4
34 50 41 4 4
37 50 56 8 4
52 8 18 1 4
15 52 23 0 4
18 52 39 2 4
22 52 45 4 4
24 52 49 6 4
28 52 36 7 4
30 52 29 1 4
37 52 51 5 4
47 52 57 9 4
50 52 37 4 4
53 8 16 1 4
15 53 21 0 4
22 53 43 4 4
30 53 29 0 4
35 53 41 5 4
41 53 31 4 4
42 53 34 9 4
52 53 30 1 4
18 56 53 8 4
25 56 50 15 4
59 8 21 1 4
15 59 26 0 4
24 59 50 7 4
29 59 51 8 4
46 59 49 7 4
50 59 40 4 4
52 59 33 2 4
53 59 33 1 4
60 8 20 1 4
5 60 49 8 4
15 60 25 0 4
18 60 39 3 4
22 60 41 7 4
25 60 44 6 4
50 60 37 5 4
52 60 34 1 4
53 60 30 2 4
56 60 48 7 4
59 60 31 4 4
33 62 75 14 4
35 63 41 20 4
42 63 58 12 4
34 65 57 6 4
67 8 20 1 4
15 67 25 0 4
18 67 41 2 4
35 67 49 3 4
41 67 37 3 4
52 67 34 1 4
53 67 26 4 4
59 67 37 1 4
60 67 36 1 4
68 8 27 1 4
18 68 40 6 4
50 68 46 4 4
56 68 47 11 4
60 68 27 9 4
67 68 33 6 4
69 7 57 37 4
18 70 49 3 4
30 70 37 3 4
40 70 55 7 4
41 70 45 4 4
45 71 69 24 4
17 72 58 14 4
22 72 59 7 4
24 72 59 11 4
28 72 50 10 4
50 72 51 7 4
52 72 40 7 4
59 72 35 11 4
72 74 59 21 4
22 75 80 18 4
18 76 50 4 4
41 76 48 4 4
56 76 57 9 4
68 76 48 5 4
21 77 96 29 4
50 79 64 17 4
56 80 60 16 4
73 80 53 23 4
76 80 55 13 4
56 81 62 24 4
8 82 15 0 4
15 82 18 0 4
30 82 26 0 4
34 82 33 0 4
41 82 36 0 4
52 82 29 0 4
53 82 27 0 4
59 82 32 0 4
60 82 31 0 4
67 82 19 6 4
20 85 49 4 4
40 85 57 5 4
67 85 36 5 4
68 85 49 2 4
76 85 53 3 4
82 85 31 4 4
8 87 9 1 4
15 87 14 0 4
18 87 32 1 4
24 87 38 7 4
28 87 33 4 4
30 87 22 0 4
36 87 37 7 4
37 87 40 6 4
50 87 34 1 4
52 87 23 1 4
53 87 21 1 4
59 87 26 1 4
60 87 25 1 4
67 87 23 2 4
68 87 26 4 4
82 87 20 0 4
5 88 46 8 4
8 88 17 1 4
15 88 22 0 4
25 88 45 4 4
30 88 24 3 4
46 88 47 6 4
49 88 54 9 4
52 88 31 1 4
53 88 27 2 4
59 88 34 1 4
60 88 33 1 4
67 88 33 1 4
82 88 28 0 4
87 88 22 1 4
8 94 9 0 4
15 94 12 0 4
30 94 20 0 4
34 94 25 1 4
37 94 44 3 4
41 94 26 2 4
52 94 23 0 4
53 94 21 0 4
68 94 28 2 4
70 94 31 2 4
76 94 34 2 4
82 94 18 0 4
87 94 14 0 4
88 94 22 0 4
8 96 34 1 4
23 96 62 12 4
30 96 43 2 4
88 96 41 4 4
5 97 65 7 4
8 97 34 1 4
10 97 63 8 4
14 97 81 13 4
30 97 41 3 4
36 97 62 7 4
63 97 64 7 4
87 97 37 2 4
50 99 58 13 4
100 40 66 14 4
100 70 55 14 4
102 8 24 0 4
102 15 27 0 4
102 20 45 3 4
102 34 32 5 4
102 40 53 4 4
102 82 33 0 4
102 85 42 3 4
102 94 25 1 4
104 8 18 0 4
104 15 21 0 4
104 18 29 6 4
104 30 29 0 4
104 34 34 1 4
104 50 37 3 4
104 52 32 0 4
104 53 30 0 4
104 59 35 0 4
104 60 22 6 4
104 67 28 3 4
104 68 21 10 4
104 76 43 2 4
104 82 25 1 4
104 85 38 2 4
104 87 23 0 4
104 94 21 0 4
105 8 15 0 4
105 15 18 0 4
105 18 36 1 4
105 30 26 0 4
105 34 33 0 4
105 52 29 0 4
105 53 27 0 4
105 59 32 0 4
105 60 25 3 4
105 68 30 4 4
105 76 36 4 4
105 82 24 0 4
105 87 20 0 4
105 88 28 0 4
105 94 16 1 4
102 105 33 0 4
104 105 25 1 4
107 8 13 0 4
107 15 16 0 4
107 30 24 0 4
107 34 31 0 4
107 37 42 6 4
107 52 27 0 4
107 53 25 0 4
107 59 30 0 4
107 60 29 0 4
107 67 29 0 4
107 68 34 1 4
107 70 37 1 4
107 76 38 2 4
107 82 22 0 4
107 87 18 0 4
107 88 26 0 4
107 94 14 1 4
102 107 31 0 4
104 107 23 1 4
105 107 18 2 4
109 35 52 13 4
109 42 55 12 4
109 63 49 19 4
111 8 35 1 4
111 22 58 6 4
111 25 57 7 4
111 60 43 5 4
104 111 43 3 4
105 111 42 2 4
112 8 24 0 4
112 15 27 0 4
112 18 43 2 4
112 30 33 1 4
112 52 36 1 4
112 60 28 6 4
112 67 38 1 4
112 68 31 8 4
112 82 33 0 4
112 94 23 2 4
104 112 28 4 4
105 112 17 8 4
107 112 25 3 4
113 8 21 0 4
113 15 24 0 4
113 18 42 1 4
113 20 44 2 4
113 34 33 3 4
113 53 31 1 4
113 82 30 0 4
113 88 26 4 4
104 113 33 0 4
105 113 30 0 4
107 113 28 0 4
109 113 44 8 4
114 8 22 0 4
114 15 25 0 4
114 18 37 4 4
114 53 34 0 4
114 60 30 4 4
114 67 34 2 4
114 68 29 8 4
114 76 37 7 4
114 82 31 0 4
114 85 42 2 4
114 94 23 1 4
104 114 18 8 4
105 114 19 6 4
107 114 19 5 4
112 114 22 9 4
118 15 36 1 4
118 30 42 2 4
118 70 51 5 4
118 85 53 3 4
102 118 47 3 4
119 30 53 4 4
119 42 62 11 4
119 88 47 8 4
119 96 56 12 4
120 20 64 10 4
120 97 65 11 4
122 8 18 0 4
122 15 21 0 4
122 18 33 4 4
122 22 43 4 4
122 30 29 0 4
122 52 28 2 4
122 53 28 1 4
122 56 48 5 4
122 59 33 1 4
122 60 22 6 4
122 67 32 1 4
122 68 31 5 4
122 76 41 3 4
122 82 27 0 4
122 85 38 2 4
122 87 23 0 4
122 94 21 0 4
104 122 20 5 4
105 122 25 1 4
107 122 25 0 4
111 122 41 4 4
112 122 30 3 4
114 122 28 3 4
123 8 25 0 4
123 35 40 9 4
123 41 42 2 4
123 42 39 10 4
123 53 29 4 4
123 63 49 9 4
123 82 34 0 4
123 88 36 1 4
123 97 47 4 4
104 123 35 1 4
107 123 26 3 4
112 123 41 1 4
113 123 38 1 4
114 123 35 3 4
109 124 58 21 4
125 4 52 28 4
125 50 39 15 4
125 59 39 11 4
125 99 51 23 4
111 125 61 7 4
127 8 5 1 4
127 15 10 0 4
127 25 35 3 4
127 30 18 0 4
127 34 23 1 4
127 41 26 1 4
127 50 26 3 4
127 52 19 1 4
127 53 17 1 4
127 56 41 3 4
127 59 22 1 4
127 60 21 1 4
127 65 46 3 4
127 67 21 1 4
127 68 28 1 4
127 82 16 0 4
127 87 10 1 4
127 88 18 1 4
127 94 10 0 4
102 127 23 1 4
104 127 19 0 4
105 127 16 0 4
107 127 14 0 4
112 127 25 0 4
113 127 22 0 4
114 127 23 0 4
122 127 19 0 4
123 127 26 0 4
128 15 52 3 4
102 128 49 12 4
129 41 52 5 4
129 48 67 11 4
