Res1 Res2 NSingle NDouble Method
37 9 48 27 2
11 32 3 26 2
117 18 3 6 2
25 36 25 26 2
11 32 3 26 2
38 48 0 6 2
40 43 13 28 2
27 43 28 20 2
40 43 13 28 2
115 43 25 15 2
38 48 0 6 2
5 50 8 20 2
67 89 11 18 2
68 79 29 22 2
4 90 30 21 2
5 91 7 20 2
121 99 1 7 2
105 112 0 11 2
107 38 3 5 2
107 48 3 5 2
110 99 3 6 2
110 121 2 6 2
110 129 0 7 2
111 120 10 15 2
105 112 0 11 2
113 122 8 18 2
114 115 7 16 2
114 115 7 16 2
116 65 4 5 2
116 119 0 8 2
119 65 4 5 2
116 119 0 8 2
121 99 1 7 2
110 121 2 6 2
121 129 2 6 2
113 122 8 18 2
129 99 3 6 2
110 129 0 7 2
121 129 2 6 2
