Res1 Res2 NSingle NDouble Method
15 27 13 14 5
24 31 13 12 5
11 32 2 21 5
40 43 10 23 5
20 47 6 10 5
38 48 0 5 5
5 50 5 18 5
5 61 8 16 5
50 61 9 16 5
38 65 4 3 5
48 65 4 3 5
18 81 7 6 5
20 82 10 8 5
38 86 4 4 5
48 86 4 4 5
65 86 6 3 5
38 87 4 4 5
48 87 4 4 5
65 87 6 3 5
86 87 6 4 5
45 89 5 17 5
67 89 4 17 5
5 91 6 18 5
50 91 9 17 5
58 93 8 6 5
78 96 7 19 5
66 99 6 5 5
100 20 8 8 5
100 45 9 12 5
100 82 6 11 5
100 93 9 8 5
10 101 4 4 5
103 20 7 6 5
103 24 10 8 5
103 58 4 6 5
103 93 8 6 5
105 71 7 7 5
105 98 10 5 5
101 105 8 4 5
107 38 3 4 5
107 48 3 4 5
107 65 5 3 5
107 86 5 4 5
107 87 5 4 5
109 18 5 5 5
109 81 8 5 5
110 66 7 4 5
110 99 3 6 5
101 110 7 3 5
112 71 7 7 5
112 98 10 5 5
101 112 8 4 5
105 112 0 10 5
113 46 9 12 5
114 115 3 14 5
116 38 6 3 5
116 48 6 3 5
116 65 4 4 5
117 18 2 6 5
101 117 6 3 5
118 93 5 9 5
100 118 8 8 5
119 38 6 3 5
119 48 6 3 5
119 65 4 4 5
107 119 7 3 5
116 119 0 7 5
111 120 4 14 5
121 66 5 5 5
121 99 1 7 5
110 121 2 6 5
116 121 6 4 5
119 121 6 4 5
113 122 3 16 5
123 66 6 5 5
123 81 9 5 5
123 99 4 6 5
121 123 5 5 5
124 20 7 9 5
124 67 9 12 5
100 124 7 10 5
118 124 7 9 5
125 18 5 4 5
101 125 3 4 5
109 125 4 4 5
117 125 3 4 5
126 18 7 5 5
126 58 7 5 5
123 126 7 5 5
107 127 7 3 5
123 127 3 6 5
105 128 10 5 5
108 128 8 8 5
112 128 10 5 5
129 66 7 4 5
129 99 3 6 5
101 129 7 3 5
110 129 0 7 5
121 129 2 6 5
