Res1 Res2 NSingle NDouble Method
11 2 16 12 5
5 50 5 18 5
5 61 8 16 5
5 91 6 18 5
10 101 4 4 5
10 109 7 3 5
11 32 2 21 5
13 24 12 11 5
13 70 11 10 5
15 27 13 14 5
109 18 5 5 5
117 18 2 6 5
124 18 8 7 5
125 18 5 4 5
126 18 7 5 5
18 20 9 5 5
18 81 7 6 5
114 19 14 12 5
19 76 13 17 5
100 20 8 8 5
103 20 7 6 5
124 20 7 9 5
20 47 6 10 5
20 70 10 8 5
20 82 10 8 5
103 24 10 8 5
24 31 13 12 5
11 26 12 19 5
26 32 12 20 5
15 27 13 14 5
30 73 17 18 5
24 31 13 12 5
11 32 2 21 5
20 38 8 4 5
103 38 7 3 5
107 38 3 4 5
116 38 6 3 5
119 38 6 3 5
38 48 0 5 5
38 58 7 3 5
38 65 4 3 5
38 86 4 4 5
38 87 4 4 5
28 40 14 21 5
40 43 10 23 5
40 43 10 23 5
100 45 9 12 5
45 89 5 17 5
113 46 9 12 5
20 47 6 10 5
45 47 11 12 5
20 48 8 4 5
38 48 0 5 5
103 48 7 3 5
107 48 3 4 5
116 48 6 3 5
119 48 6 3 5
48 58 7 3 5
48 65 4 3 5
48 86 4 4 5
48 87 4 4 5
5 50 5 18 5
50 61 9 16 5
50 91 9 17 5
102 58 13 7 5
103 58 4 6 5
118 58 7 6 5
126 58 7 5 5
58 67 13 7 5
58 93 8 6 5
5 61 8 16 5
50 61 9 16 5
20 65 8 4 5
38 65 4 3 5
48 65 4 3 5
103 65 7 3 5
107 65 5 3 5
116 65 4 4 5
119 65 4 4 5
65 86 6 3 5
65 87 6 3 5
110 66 7 4 5
121 66 5 5 5
123 66 6 5 5
129 66 7 4 5
66 99 6 5 5
45 67 9 15 5
124 67 9 12 5
67 89 4 17 5
53 69 11 16 5
54 69 11 15 5
118 70 8 9 5
47 71 10 8 5
101 71 9 4 5
105 71 7 7 5
112 71 7 7 5
72 83 10 11 5
78 96 7 19 5
46 79 10 16 5
45 80 13 15 5
18 81 7 6 5
20 81 10 6 5
109 81 8 5 5
123 81 9 5 5
126 81 10 5 5
81 93 9 7 5
81 99 9 5 5
20 82 10 8 5
45 82 11 12 5
100 82 6 11 5
82 89 10 12 5
82 93 11 8 5
20 86 10 4 5
38 86 4 4 5
48 86 4 4 5
65 86 6 3 5
107 86 5 4 5
116 86 8 3 5
119 86 8 3 5
86 87 6 4 5
38 87 4 4 5
48 87 4 4 5
65 87 6 3 5
86 87 6 4 5
107 87 5 4 5
116 87 8 3 5
119 87 8 3 5
45 89 5 17 5
67 89 4 17 5
100 89 10 11 5
5 91 6 18 5
50 91 9 17 5
58 93 8 6 5
100 93 9 8 5
103 93 8 6 5
118 93 5 9 5
78 96 7 19 5
89 98 11 9 5
105 98 10 5 5
112 98 10 5 5
66 99 6 5 5
110 99 3 6 5
121 99 1 7 5
123 99 4 6 5
129 99 3 6 5
100 20 8 8 5
100 45 9 12 5
100 82 6 11 5
100 93 9 8 5
100 103 9 6 5
100 118 8 8 5
100 124 7 10 5
101 18 8 3 5
10 101 4 4 5
101 103 8 3 5
101 105 8 4 5
101 109 7 3 5
101 110 7 3 5
101 112 8 4 5
101 117 6 3 5
101 125 3 4 5
101 129 7 3 5
103 20 7 6 5
103 24 10 8 5
103 58 4 6 5
103 93 8 6 5
103 118 7 6 5
104 108 11 6 5
105 47 11 7 5
105 71 7 7 5
105 89 13 8 5
105 98 10 5 5
101 105 8 4 5
105 112 0 10 5
105 128 10 5 5
107 38 3 4 5
107 48 3 4 5
107 65 5 3 5
107 86 5 4 5
107 87 5 4 5
107 116 7 3 5
107 119 7 3 5
107 127 7 3 5
108 83 10 10 5
108 128 8 8 5
109 18 5 5 5
109 81 8 5 5
109 99 7 4 5
109 125 4 4 5
110 66 7 4 5
110 99 3 6 5
101 110 7 3 5
103 110 7 4 5
110 121 2 6 5
110 123 7 4 5
110 129 0 7 5
111 120 4 14 5
112 47 11 7 5
112 71 7 7 5
112 98 10 5 5
101 112 8 4 5
105 112 0 10 5
112 128 10 5 5
113 46 9 12 5
113 122 3 16 5
114 115 3 14 5
114 115 3 14 5
116 38 6 3 5
116 48 6 3 5
116 65 4 4 5
116 99 7 4 5
103 116 7 4 5
116 119 0 7 5
116 121 6 4 5
117 18 2 6 5
117 81 9 4 5
10 117 8 2 5
101 117 6 3 5
109 117 7 3 5
117 124 10 5 5
117 125 3 4 5
117 126 9 3 5
118 93 5 9 5
100 118 8 8 5
118 124 7 9 5
119 38 6 3 5
119 48 6 3 5
119 65 4 4 5
119 99 7 4 5
103 119 7 4 5
107 119 7 3 5
116 119 0 7 5
119 121 6 4 5
111 120 4 14 5
121 66 5 5 5
121 99 1 7 5
110 121 2 6 5
116 121 6 4 5
119 121 6 4 5
121 123 5 5 5
121 129 2 6 5
113 122 3 16 5
123 20 9 5 5
123 66 6 5 5
123 81 9 5 5
123 99 4 6 5
118 123 7 6 5
121 123 5 5 5
123 124 10 6 5
123 126 7 5 5
123 127 3 6 5
124 20 7 9 5
124 67 9 12 5
100 124 7 10 5
118 124 7 9 5
125 18 5 4 5
125 81 8 4 5
10 125 7 2 5
101 125 3 4 5
109 125 4 4 5
116 125 8 2 5
117 125 3 4 5
119 125 8 2 5
121 125 8 2 5
126 18 7 5 5
126 58 7 5 5
126 67 12 8 5
118 126 6 7 5
123 126 7 5 5
127 20 8 5 5
127 70 10 6 5
127 99 7 4 5
103 127 7 4 5
107 127 7 3 5
123 127 3 6 5
128 83 10 8 5
105 128 10 5 5
108 128 8 8 5
112 128 10 5 5
129 66 7 4 5
129 99 3 6 5
101 129 7 3 5
103 129 7 4 5
110 129 0 7 5
116 129 8 3 5
119 129 8 3 5
121 129 2 6 5
123 129 7 4 5
127 129 8 3 5
