Res1 Res2 NSingle NDouble Method
18 20 10 6 5
13 24 16 11 5
17 28 26 21 5
24 31 19 13 5
11 32 3 26 5
40 43 13 28 5
20 47 13 10 5
38 48 0 6 5
5 50 8 20 5
38 58 10 3 5
48 58 10 3 5
1 59 25 27 5
5 61 16 15 5
50 61 16 16 5
57 62 19 19 5
38 65 4 4 5
48 65 4 4 5
52 67 17 15 5
58 67 15 9 5
54 69 23 14 5
13 70 13 11 5
20 70 15 8 5
24 70 13 13 5
32 70 17 15 5
10 71 12 3 5
47 71 15 8 5
70 72 16 10 5
46 75 15 17 5
19 76 17 19 5
76 80 24 17 5
18 81 8 7 5
20 81 14 6 5
58 82 15 6 5
13 83 14 10 5
47 83 17 10 5
70 83 15 10 5
72 83 13 11 5
71 84 13 4 5
24 85 16 12 5
70 85 13 12 5
72 85 15 11 5
38 86 4 5 5
48 86 4 5 5
65 86 6 4 5
38 87 5 5 5
48 87 5 5 5
65 87 7 4 5
66 87 10 4 5
86 87 7 5 5
53 88 19 20 5
45 89 16 16 5
67 89 11 18 5
82 89 15 13 5
5 91 7 20 5
50 91 13 18 5
61 91 19 14 5
58 93 11 7 5
82 93 12 10 5
82 96 19 11 5
71 98 13 4 5
38 99 10 2 5
48 99 10 2 5
65 99 10 2 5
66 99 7 5 5
81 99 11 5 5
93 99 13 5 5
100 20 12 8 5
100 82 14 9 5
100 93 14 8 5
101 18 10 3 5
101 71 12 3 5
10 101 4 5 5
103 58 7 6 5
103 65 9 3 5
103 93 12 6 5
101 103 10 3 5
104 71 14 3 5
104 84 13 3 5
105 71 8 7 5
105 98 11 5 5
10 105 12 3 5
101 105 12 3 5
106 80 18 16 5
107 38 3 5 5
107 48 3 5 5
107 58 11 3 5
107 65 5 4 5
107 86 5 5 5
107 87 6 5 5
108 83 13 9 5
108 94 19 9 5
109 18 6 6 5
109 20 12 5 5
109 81 10 6 5
109 99 9 4 5
10 109 10 3 5
100 109 12 6 5
101 109 10 3 5
110 58 11 3 5
110 66 8 4 5
110 99 3 6 5
10 110 10 2 5
101 110 8 3 5
103 110 8 4 5
111 89 18 12 5
112 71 8 7 5
112 84 15 3 5
112 98 11 5 5
10 112 12 3 5
101 112 12 3 5
105 112 0 11 5
113 52 20 11 5
113 58 14 7 5
113 67 19 11 5
115 31 21 11 5
114 115 7 16 5
116 13 15 5 5
116 38 6 4 5
116 48 6 4 5
116 65 4 5 5
116 86 8 4 5
116 87 9 4 5
116 99 8 4 5
103 116 9 4 5
107 116 7 4 5
110 116 9 3 5
117 18 3 6 5
117 81 11 4 5
117 84 12 2 5
10 117 9 2 5
101 117 7 3 5
109 117 9 3 5
118 93 5 12 5
118 99 12 5 5
100 118 13 8 5
103 118 11 6 5
119 13 15 5 5
119 38 6 4 5
119 48 6 4 5
119 65 4 5 5
119 86 8 4 5
119 87 9 4 5
119 99 8 4 5
103 119 9 4 5
107 119 7 4 5
110 119 9 3 5
116 119 0 8 5
120 82 17 11 5
120 89 14 16 5
106 120 15 14 5
111 120 10 15 5
121 65 9 2 5
121 66 6 5 5
121 81 12 4 5
121 99 1 7 5
101 121 10 2 5
103 121 10 3 5
109 121 10 3 5
110 121 2 6 5
116 121 7 4 5
119 121 7 4 5
122 46 16 16 5
113 122 8 18 5
123 18 9 4 5
123 38 10 2 5
123 48 10 2 5
123 65 10 2 5
123 66 7 5 5
123 81 11 5 5
123 93 13 5 5
123 99 4 6 5
107 123 9 3 5
110 123 7 4 5
117 123 10 2 5
118 123 10 6 5
121 123 5 5 5
124 18 12 6 5
100 124 10 10 5
111 124 15 9 5
118 124 11 9 5
125 18 6 4 5
125 48 9 1 5
125 81 10 4 5
125 84 11 2 5
125 99 9 2 5
10 125 8 2 5
101 125 4 4 5
104 125 10 2 5
109 125 6 4 5
110 125 10 1 5
116 125 9 2 5
117 125 3 4 5
119 125 9 2 5
121 125 8 2 5
123 125 11 1 5
126 18 10 4 5
126 93 14 5 5
103 126 10 4 5
110 126 8 4 5
117 126 9 3 5
121 126 10 3 5
123 126 9 4 5
124 126 14 5 5
127 18 10 3 5
127 38 9 2 5
127 48 9 2 5
127 58 11 3 5
127 65 9 2 5
127 66 10 3 5
127 86 11 2 5
127 98 11 3 5
127 99 7 4 5
10 127 10 2 5
101 127 10 2 5
103 127 10 3 5
107 127 8 3 5
110 127 8 3 5
117 127 9 2 5
121 127 8 3 5
123 127 3 6 5
125 127 10 1 5
126 127 10 3 5
128 83 13 7 5
105 128 13 4 5
108 128 10 7 5
112 128 13 4 5
129 58 11 3 5
129 66 8 4 5
129 99 3 6 5
10 129 10 2 5
101 129 8 3 5
103 129 8 4 5
110 129 0 7 5
116 129 9 3 5
119 129 9 3 5
121 129 2 6 5
123 129 7 4 5
125 129 10 1 5
126 129 8 4 5
127 129 8 3 5
