Res1 Res2 NSingle NDouble Method
18 7 0 6 5
21 7 0 6 5
18 21 0 6 5
44 9 2 3 5
17 45 0 5 5
40 45 3 3 5
48 9 2 3 5
44 48 0 4 5
28 49 2 11 5
30 53 0 7 5
17 57 1 4 5
45 57 1 4 5
17 62 1 4 5
40 62 2 3 5
45 62 1 4 5
57 62 2 3 5
43 64 0 4 5
30 69 0 7 5
53 69 0 7 5
12 74 2 4 5
40 74 2 3 5
17 81 0 5 5
45 81 0 5 5
57 81 1 4 5
62 81 1 4 5
76 88 2 9 5
12 92 2 4 5
74 92 2 3 5
31 93 0 12 5
9 96 2 3 5
43 96 0 4 5
64 96 0 4 5
17 99 0 5 5
45 99 0 5 5
57 99 1 4 5
62 99 1 4 5
81 99 0 5 5
104 51 0 7 5
106 109 0 4 5
110 65 0 9 5
112 87 0 7 5
113 30 0 7 5
113 53 0 7 5
113 69 0 7 5
117 17 1 4 5
117 45 1 4 5
117 62 0 4 5
117 81 1 4 5
117 99 1 4 5
119 9 2 3 5
119 43 0 4 5
119 64 0 4 5
119 96 0 4 5
120 22 0 9 5
123 44 0 4 5
123 48 0 4 5
125 9 0 4 5
125 44 2 3 5
125 48 2 3 5
125 96 2 3 5
119 125 2 3 5
