Res1 Res2 NSingle NDouble Method
17 8 7 0 4
16 17 13 2 4
16 26 17 5 4
41 8 3 0 4
17 41 8 0 4
24 41 11 2 4
26 45 18 5 4
41 45 12 1 4
16 47 18 5 4
47 48 16 15 4
53 8 2 0 4
16 53 10 1 4
17 53 7 0 4
26 53 15 1 4
41 53 3 0 4
47 53 16 1 4
2 60 26 5 4
47 62 18 10 4
12 63 28 14 4
35 64 18 4 4
41 64 10 2 4
16 65 12 6 4
26 65 15 7 4
47 65 20 5 4
53 65 12 1 4
56 65 19 7 4
1 68 28 11 4
38 68 30 14 4
69 70 17 6 4
77 8 9 0 4
16 77 15 2 4
41 77 10 0 4
45 77 16 2 4
16 82 16 3 4
17 82 11 3 4
8 85 4 0 4
11 85 15 2 4
41 85 5 0 4
53 85 4 0 4
67 85 15 2 4
8 87 3 0 4
41 87 4 0 4
50 87 17 2 4
53 87 3 0 4
65 87 11 2 4
70 87 9 2 4
80 87 17 2 4
85 87 5 0 4
8 88 4 0 4
17 88 9 0 4
41 88 5 0 4
45 88 11 2 4
53 88 4 0 4
85 88 6 0 4
87 88 5 0 4
8 91 7 0 4
17 91 10 1 4
20 91 14 4 4
41 91 8 0 4
53 91 7 0 4
88 91 9 0 4
70 93 17 3 4
91 93 14 2 4
8 94 9 0 4
35 94 14 4 4
41 94 10 0 4
76 94 17 6 4
82 94 15 2 4
102 41 8 2 4
102 45 14 4 4
102 88 9 2 4
106 41 10 2 4
106 85 11 2 4
106 88 9 3 4
102 106 8 7 4
111 41 7 2 4
111 45 17 2 4
111 64 17 2 4
111 68 20 4 4
111 88 10 1 4
111 89 20 4 4
102 111 13 3 4
106 111 15 3 4
112 71 26 11 4
113 79 20 8 4
115 41 14 2 4
115 45 16 6 4
115 85 15 2 4
116 85 14 2 4
102 116 13 6 4
111 116 16 4 4
118 8 4 0 4
118 16 12 1 4
118 17 9 0 4
118 41 5 0 4
118 43 12 2 4
118 45 11 2 4
118 53 4 0 4
118 77 5 3 4
118 85 6 0 4
118 87 5 0 4
118 88 6 0 4
118 91 9 0 4
121 4 16 9 4
123 8 7 0 4
123 16 11 3 4
123 26 16 3 4
123 41 8 0 4
123 53 7 0 4
123 65 11 4 4
123 77 10 2 4
123 88 9 0 4
113 123 16 2 4
118 123 9 0 4
126 87 14 1 4
128 17 13 1 4
128 82 10 5 4
113 128 15 4 4
129 85 14 2 4
