Res1 Res2 NSingle NDouble Method
114 3 21 13 3
14 9 39 22 3
11 32 6 22 3
14 42 17 18 3
115 19 18 11 3
114 21 18 11 3
115 28 16 11 3
28 40 14 17 3
28 43 18 15 3
30 73 15 21 3
11 32 6 22 3
33 97 23 24 3
23 36 23 20 3
36 77 23 18 3
14 37 21 21 3
38 48 0 4 3
28 40 14 17 3
40 43 10 19 3
41 88 23 22 3
40 43 10 19 3
38 48 0 4 3
114 54 10 13 3
50 61 11 17 3
102 67 16 12 3
30 73 15 21 3
114 94 12 14 3
78 96 14 18 3
73 97 20 21 3
102 114 13 11 3
105 112 0 11 3
110 121 1 7 3
110 129 0 8 3
105 112 0 11 3
113 20 9 9 3
110 121 1 7 3
121 129 1 7 3
110 129 0 8 3
121 129 1 7 3
