Res1 Res2 NSingle NDouble Method
116 128 1 6 2
1 131 0 25 2
132 2 0 17 2
133 3 0 31 2
134 4 0 28 2
135 5 0 18 2
136 6 0 15 2
137 7 0 12 2
138 8 0 2 2
139 9 0 35 2
10 140 0 30 2
11 141 0 25 2
12 142 0 31 2
13 143 0 20 2
14 144 0 23 2
145 15 0 7 2
146 16 0 6 2
147 17 0 16 2
148 18 0 20 2
149 19 0 29 2
150 20 0 19 2
151 21 0 25 2
152 22 0 18 2
153 23 0 16 2
154 24 0 7 2
155 25 0 15 2
156 26 0 15 2
157 27 0 25 2
158 28 0 19 2
159 29 0 25 2
161 31 0 22 2
162 32 0 23 2
163 33 0 18 2
164 34 0 11 2
165 35 0 7 2
166 36 0 8 2
167 37 0 12 2
168 38 0 16 2
169 39 0 25 2
170 40 0 13 2
171 41 0 6 2
172 42 0 42 2
173 43 0 24 2
174 44 0 10 2
175 45 0 13 2
176 46 0 25 2
177 47 0 23 2
178 48 0 32 2
179 49 0 19 2
180 50 0 29 2
181 51 0 13 2
182 52 0 20 2
183 53 0 9 2
184 54 0 40 2
185 55 0 20 2
186 56 0 7 2
187 57 0 15 2
188 58 0 29 2
189 59 0 15 2
190 60 0 2 2
191 61 0 4 2
192 62 0 23 2
193 63 0 55 2
194 64 0 33 2
195 65 0 14 2
