Res1 Res2 NSingle NDouble Method
16 27 12 8 4
3 37 8 3 4
33 44 10 5 4
37 53 7 0 4
37 55 4 2 4
53 55 7 0 4
15 73 8 5 4
69 83 8 4 4
74 83 8 3 4
83 85 8 4 4
74 87 7 4 4
80 95 17 3 4
53 98 7 0 4
100 15 7 2 4
100 37 7 0 4
100 53 4 1 4
100 55 7 0 4
100 87 7 2 4
100 98 5 1 4
101 75 8 3 4
101 98 7 2 4
100 101 6 2 4
103 83 8 5 4
103 85 6 7 4
104 98 7 2 4
100 104 4 3 4
107 53 6 3 4
110 87 7 5 4
110 99 6 6 4
111 98 7 3 4
100 111 6 3 4
101 111 6 5 4
104 111 4 6 4
110 111 6 6 4
113 99 6 5 4
107 113 6 5 4
114 99 6 6 4
104 114 4 6 4
105 114 6 6 4
110 114 2 8 4
111 114 6 6 4
115 53 7 1 4
115 87 4 5 4
115 98 4 3 4
100 115 5 2 4
104 115 5 4 4
111 115 5 5 4
117 53 6 2 4
100 117 4 3 4
104 117 4 5 4
110 117 4 6 4
111 117 4 6 4
114 117 4 6 4
115 117 7 3 4
120 75 8 3 4
120 98 7 2 4
120 99 6 5 4
101 120 8 3 4
104 120 6 4 4
111 120 4 6 4
115 120 5 4 4
117 120 6 4 4
106 124 11 4 4
126 98 6 3 4
100 126 7 2 4
101 126 5 5 4
104 126 5 5 4
107 126 7 5 4
111 126 5 6 4
114 126 7 5 4
117 126 5 5 4
120 126 7 4 4
127 8 7 0 4
127 30 7 0 4
127 37 5 0 4
127 53 4 0 4
127 55 5 0 4
127 63 7 0 4
127 80 6 0 4
127 98 5 0 4
100 127 4 0 4
115 127 7 0 4
1 131 0 13 4
132 2 0 21 4
133 3 0 10 4
133 37 8 3 4
134 4 0 37 4
135 5 0 27 4
136 6 0 22 4
137 7 0 22 4
138 8 0 6 4
127 138 7 0 4
139 9 0 18 4
10 140 0 10 4
11 141 0 24 4
12 142 0 25 4
13 143 0 15 4
14 144 0 28 4
145 15 0 8 4
145 73 8 5 4
100 145 7 2 4
146 16 0 14 4
146 27 12 8 4
147 17 0 28 4
148 18 0 19 4
149 19 0 11 4
149 56 13 3 4
150 20 0 13 4
151 21 0 34 4
152 22 0 11 4
153 23 0 27 4
154 24 0 27 4
155 25 0 13 4
156 26 0 9 4
157 27 0 14 4
158 28 0 19 4
159 29 0 10 4
160 30 0 6 4
127 160 7 0 4
161 31 0 28 4
162 32 0 24 4
163 33 0 9 4
163 44 10 5 4
164 34 0 17 4
165 35 0 41 4
166 36 0 15 4
167 3 8 3 4
167 37 0 4 4
167 53 7 0 4
167 55 4 2 4
167 63 8 1 4
100 167 7 0 4
127 167 5 0 4
133 167 8 3 4
168 38 0 43 4
169 39 0 14 4
170 40 0 19 4
172 42 0 34 4
173 43 0 14 4
174 33 10 5 4
174 44 0 11 4
163 174 10 5 4
175 45 0 30 4
176 46 0 19 4
177 47 0 14 4
178 48 0 15 4
179 49 0 13 4
180 50 0 38 4
181 51 0 21 4
182 52 0 16 4
183 37 7 0 4
183 53 0 3 4
183 55 7 0 4
183 98 7 0 4
100 183 4 1 4
107 183 6 3 4
115 183 7 1 4
117 183 6 2 4
127 183 4 0 4
167 183 7 0 4
184 54 0 14 4
185 37 4 2 4
185 53 7 0 4
185 55 0 4 4
100 185 7 0 4
127 185 5 0 4
167 185 4 2 4
183 185 7 0 4
186 56 0 8 4
149 186 13 3 4
187 57 0 26 4
188 58 0 26 4
189 59 0 23 4
190 60 0 20 4
192 62 0 21 4
193 63 0 6 4
127 193 7 0 4
167 193 8 1 4
194 64 0 15 4
195 65 0 28 4
