Res1 Res2 NSingle NDouble Method
1 99 10 6 4
1 110 10 6 4
1 111 10 6 4
1 114 10 6 4
1 117 10 5 4
1 131 0 13 4
132 2 0 21 4
118 3 10 0 4
127 3 11 0 4
133 3 0 10 4
167 3 8 3 4
171 3 10 0 4
191 3 10 0 4
3 37 8 3 4
3 41 10 0 4
3 61 10 0 4
3 82 10 0 4
3 94 10 0 4
134 4 0 37 4
135 5 0 27 4
136 6 0 22 4
6 99 13 9 4
137 7 0 22 4
37 8 10 0 4
41 8 6 0 4
53 8 9 0 4
55 8 10 0 4
61 8 6 0 4
100 8 9 0 4
118 8 6 0 4
123 8 11 1 4
127 8 7 0 4
138 8 0 6 4
167 8 10 0 4
171 8 6 0 4
183 8 9 0 4
185 8 10 0 4
191 8 6 0 4
8 82 6 0 4
8 94 6 0 4
8 98 10 0 4
139 9 0 18 4
10 87 10 4 4
10 115 8 4 4
10 140 0 10 4
11 141 0 24 4
12 142 0 25 4
13 143 0 15 4
14 144 0 28 4
100 15 7 2 4
118 15 8 0 4
127 15 9 0 4
145 15 0 8 4
15 41 8 0 4
15 53 9 1 4
15 61 8 0 4
15 73 8 5 4
15 82 8 0 4
15 94 8 0 4
15 171 8 0 4
15 183 9 1 4
15 191 8 0 4
146 16 0 14 4
157 16 12 8 4
16 27 12 8 4
147 17 0 28 4
148 18 0 19 4
118 19 11 0 4
149 19 0 11 4
171 19 11 0 4
19 41 11 0 4
19 61 11 0 4
19 82 11 0 4
19 94 11 0 4
19 191 11 0 4
150 20 0 13 4
159 20 11 6 4
20 29 11 6 4
151 21 0 34 4
118 22 11 0 4
127 22 12 0 4
152 22 0 11 4
171 22 11 0 4
191 22 11 0 4
22 41 11 0 4
22 61 11 0 4
22 82 11 0 4
22 94 11 0 4
153 23 0 27 4
154 24 0 27 4
155 25 0 13 4
25 74 14 3 4
25 75 14 3 4
25 83 14 3 4
118 26 9 0 4
127 26 10 0 4
156 26 0 9 4
171 26 9 0 4
191 26 9 0 4
26 41 9 0 4
26 61 9 0 4
26 82 9 0 4
26 94 9 0 4
16 27 12 8 4
146 27 12 8 4
157 27 0 14 4
167 27 12 3 4
185 27 12 3 4
27 37 12 3 4
27 55 12 3 4
158 28 0 19 4
118 29 10 0 4
159 29 0 10 4
171 29 10 0 4
191 29 10 0 4
29 41 10 0 4
29 61 10 0 4
29 82 10 0 4
29 94 10 0 4
118 30 6 0 4
127 30 7 0 4
160 30 0 6 4
171 30 6 0 4
191 30 6 0 4
30 41 6 0 4
30 61 6 0 4
30 82 6 0 4
30 94 6 0 4
161 31 0 28 4
162 32 0 24 4
118 33 9 0 4
127 33 8 1 4
163 33 0 9 4
171 33 9 0 4
174 33 10 5 4
191 33 9 0 4
33 41 9 0 4
33 44 10 5 4
33 61 9 0 4
33 74 10 3 4
33 82 9 0 4
33 94 9 0 4
164 34 0 17 4
165 35 0 41 4
118 36 15 0 4
166 36 0 15 4
171 36 15 0 4
183 36 12 3 4
191 36 15 0 4
36 41 15 0 4
36 53 12 3 4
36 61 15 0 4
36 82 15 0 4
36 94 15 0 4
3 37 8 3 4
100 37 7 0 4
118 37 4 0 4
127 37 5 0 4
133 37 8 3 4
167 37 0 4 4
171 37 4 0 4
183 37 7 0 4
185 37 4 2 4
191 37 4 0 4
37 41 4 0 4
37 53 7 0 4
37 55 4 2 4
37 61 4 0 4
37 82 4 0 4
37 94 4 0 4
37 98 8 0 4
168 38 0 43 4
100 39 11 3 4
169 39 0 14 4
170 40 0 19 4
172 42 0 34 4
173 43 0 14 4
43 98 12 3 4
33 44 10 5 4
41 44 11 0 4
118 44 11 0 4
127 44 10 1 4
163 44 10 5 4
171 44 11 0 4
174 44 0 11 4
191 44 11 0 4
44 61 11 0 4
44 82 11 0 4
44 94 11 0 4
175 45 0 30 4
176 46 0 19 4
177 47 0 14 4
183 47 11 3 4
47 53 11 3 4
178 48 0 15 4
41 49 13 0 4
100 49 10 3 4
118 49 13 0 4
171 49 13 0 4
179 49 0 13 4
191 49 13 0 4
49 61 13 0 4
49 82 13 0 4
49 94 13 0 4
180 50 0 38 4
181 51 0 21 4
182 52 0 16 4
37 53 7 0 4
41 53 3 0 4
100 53 4 1 4
107 53 6 3 4
115 53 7 1 4
117 53 6 2 4
118 53 3 0 4
127 53 4 0 4
167 53 7 0 4
171 53 3 0 4
183 53 0 3 4
185 53 7 0 4
191 53 3 0 4
53 55 7 0 4
53 61 3 0 4
53 80 8 0 4
53 82 3 0 4
53 94 3 0 4
53 98 7 0 4
184 54 0 14 4
54 74 13 4 4
54 83 13 4 4
37 55 4 2 4
41 55 4 0 4
53 55 7 0 4
100 55 7 0 4
118 55 4 0 4
127 55 5 0 4
167 55 4 2 4
171 55 4 0 4
183 55 7 0 4
185 55 0 4 4
191 55 4 0 4
55 61 4 0 4
55 82 4 0 4
55 94 4 0 4
55 98 8 0 4
19 56 13 3 4
41 56 8 0 4
55 56 10 1 4
118 56 8 0 4
149 56 13 3 4
171 56 8 0 4
185 56 10 1 4
186 56 0 8 4
191 56 8 0 4
56 61 8 0 4
56 82 8 0 4
56 94 8 0 4
187 57 0 26 4
188 58 0 26 4
189 59 0 23 4
190 60 0 20 4
192 62 0 21 4
37 63 8 1 4
41 63 6 0 4
61 63 6 0 4
118 63 6 0 4
127 63 7 0 4
167 63 8 1 4
171 63 6 0 4
191 63 6 0 4
193 63 0 6 4
63 74 9 2 4
63 82 6 0 4
63 87 10 2 4
63 94 6 0 4
194 64 0 15 4
195 65 0 28 4
67 83 11 4 4
41 69 9 0 4
61 69 9 0 4
118 69 9 0 4
127 69 10 0 4
171 69 9 0 4
191 69 9 0 4
69 74 10 3 4
69 75 10 3 4
69 82 9 0 4
69 83 8 4 4
69 94 9 0 4
69 98 9 2 4
15 73 8 5 4
100 73 9 2 4
145 73 8 5 4
73 83 9 4 4
41 74 7 0 4
61 74 7 0 4
118 74 7 0 4
127 74 8 0 4
171 74 7 0 4
191 74 7 0 4
74 82 7 0 4
74 83 8 3 4
74 87 7 4 4
74 94 7 0 4
41 75 7 0 4
61 75 7 0 4
101 75 8 3 4
113 75 8 3 4
118 75 7 0 4
120 75 8 3 4
126 75 9 3 4
127 75 8 0 4
171 75 7 0 4
191 75 7 0 4
75 82 7 0 4
75 94 7 0 4
22 80 12 2 4
41 80 5 0 4
61 80 5 0 4
67 80 13 2 4
69 80 10 2 4
118 80 5 0 4
127 80 6 0 4
152 80 12 2 4
171 80 5 0 4
191 80 5 0 4
80 82 5 0 4
80 94 5 0 4
80 95 17 3 4
80 97 14 2 4
41 83 7 0 4
61 83 7 0 4
69 83 8 4 4
74 83 8 3 4
82 83 7 0 4
103 83 8 5 4
118 83 7 0 4
127 83 8 0 4
171 83 7 0 4
191 83 7 0 4
83 85 8 4 4
83 94 7 0 4
41 85 9 0 4
61 85 9 0 4
82 85 9 0 4
83 85 8 4 4
103 85 6 7 4
118 85 9 0 4
127 85 10 0 4
171 85 9 0 4
191 85 9 0 4
85 94 9 0 4
121 86 17 6 4
41 87 8 0 4
61 87 8 0 4
74 87 7 4 4
82 87 8 0 4
100 87 7 2 4
104 87 7 4 4
110 87 7 5 4
115 87 4 5 4
118 87 8 0 4
127 87 9 0 4
171 87 8 0 4
191 87 8 0 4
87 94 8 0 4
87 98 8 2 4
33 88 13 5 4
41 88 14 0 4
44 88 13 6 4
61 88 14 0 4
82 88 14 0 4
118 88 14 0 4
163 88 13 5 4
171 88 14 0 4
174 88 13 6 4
191 88 14 0 4
88 94 14 0 4
117 89 11 6 4
41 90 9 0 4
61 90 9 0 4
75 90 10 3 4
82 90 9 0 4
101 90 10 3 4
110 90 10 4 4
111 90 10 4 4
113 90 10 3 4
114 90 10 4 4
117 90 10 3 4
118 90 9 0 4
120 90 10 3 4
127 90 10 0 4
171 90 9 0 4
191 90 9 0 4
90 94 9 0 4
90 98 9 2 4
80 95 17 3 4
109 96 19 8 4
41 97 13 0 4
61 97 13 0 4
69 97 10 6 4
82 97 13 0 4
94 97 13 0 4
118 97 13 0 4
171 97 13 0 4
191 97 13 0 4
41 98 4 0 4
53 98 7 0 4
61 98 4 0 4
82 98 4 0 4
94 98 4 0 4
100 98 5 1 4
101 98 7 2 4
104 98 7 2 4
111 98 7 3 4
115 98 4 3 4
118 98 4 0 4
120 98 7 2 4
126 98 6 3 4
127 98 5 0 4
171 98 4 0 4
183 98 7 0 4
191 98 4 0 4
41 99 9 0 4
61 99 9 0 4
82 99 9 0 4
94 99 9 0 4
100 99 8 2 4
104 99 6 5 4
110 99 6 6 4
113 99 6 5 4
114 99 6 6 4
115 99 7 4 4
118 99 9 0 4
120 99 6 5 4
127 99 10 0 4
171 99 9 0 4
191 99 9 0 4
100 15 7 2 4
100 37 7 0 4
100 41 3 0 4
100 53 4 1 4
100 55 7 0 4
100 61 3 0 4
100 82 3 0 4
100 87 7 2 4
100 94 3 0 4
100 98 5 1 4
100 101 6 2 4
100 104 4 3 4
100 111 6 3 4
100 115 5 2 4
100 117 4 3 4
100 118 3 0 4
100 126 7 2 4
100 127 4 0 4
100 145 7 2 4
100 167 7 0 4
100 171 3 0 4
100 183 4 1 4
100 185 7 0 4
100 191 3 0 4
101 41 7 0 4
101 53 8 1 4
101 61 7 0 4
101 75 8 3 4
101 82 7 0 4
101 94 7 0 4
101 98 7 2 4
100 101 6 2 4
101 111 6 5 4
101 118 7 0 4
101 120 8 3 4
101 126 5 5 4
101 127 8 0 4
101 171 7 0 4
101 183 8 1 4
101 191 7 0 4
102 8 18 3 4
102 106 21 3 4
102 124 22 3 4
102 138 18 3 4
103 41 11 0 4
103 61 11 0 4
103 82 11 0 4
103 83 8 5 4
103 85 6 7 4
103 94 11 0 4
103 118 11 0 4
103 171 11 0 4
103 191 11 0 4
104 41 7 0 4
104 53 8 1 4
104 61 7 0 4
104 82 7 0 4
104 94 7 0 4
104 98 7 2 4
100 104 4 3 4
101 104 6 4 4
104 111 4 6 4
104 114 4 6 4
104 115 5 4 4
104 117 4 5 4
104 118 7 0 4
104 120 6 4 4
104 126 5 5 4
104 127 8 0 4
104 171 7 0 4
104 183 8 1 4
104 191 7 0 4
105 41 9 0 4
105 53 8 2 4
105 61 9 0 4
105 82 9 0 4
105 94 9 0 4
105 98 9 2 4
100 105 8 2 4
105 110 4 7 4
105 114 6 6 4
105 115 9 3 4
105 118 9 0 4
105 127 10 0 4
105 171 9 0 4
105 183 8 2 4
105 191 9 0 4
106 41 9 0 4
106 61 9 0 4
106 74 12 2 4
106 82 9 0 4
106 94 9 0 4
106 98 11 1 4
104 106 12 2 4
106 111 12 3 4
106 115 11 2 4
106 118 9 0 4
106 120 10 3 4
106 124 11 4 4
106 127 10 0 4
106 171 9 0 4
106 191 9 0 4
107 41 9 0 4
107 53 6 3 4
107 61 9 0 4
107 82 9 0 4
107 94 9 0 4
107 98 9 2 4
100 107 8 2 4
107 113 6 5 4
107 115 9 3 4
107 118 9 0 4
107 126 7 5 4
107 127 10 0 4
107 171 9 0 4
107 183 6 3 4
107 191 9 0 4
109 98 11 3 4
109 99 10 6 4
107 109 10 6 4
109 113 8 6 4
110 41 9 0 4
110 53 8 2 4
110 61 9 0 4
110 82 9 0 4
110 87 7 5 4
110 94 9 0 4
110 99 6 6 4
100 110 8 2 4
104 110 6 5 4
110 111 6 6 4
110 114 2 8 4
110 115 7 4 4
110 117 4 6 4
110 118 9 0 4
110 127 10 0 4
110 171 9 0 4
110 183 8 2 4
110 191 9 0 4
111 41 9 0 4
111 61 9 0 4
111 82 9 0 4
111 94 9 0 4
111 98 7 3 4
100 111 6 3 4
101 111 6 5 4
104 111 4 6 4
110 111 6 6 4
111 114 6 6 4
111 115 5 5 4
111 117 4 6 4
111 118 9 0 4
111 120 4 6 4
111 126 5 6 4
111 127 10 0 4
111 171 9 0 4
111 191 9 0 4
112 121 17 6 4
113 41 7 0 4
113 61 7 0 4
113 82 7 0 4
113 94 7 0 4
113 99 6 5 4
107 113 6 5 4
113 118 7 0 4
113 127 8 0 4
113 171 7 0 4
113 191 7 0 4
114 41 9 0 4
114 53 8 2 4
114 61 9 0 4
114 82 9 0 4
114 94 9 0 4
114 99 6 6 4
100 114 8 2 4
104 114 4 6 4
105 114 6 6 4
110 114 2 8 4
111 114 6 6 4
114 115 7 4 4
114 117 4 6 4
114 118 9 0 4
114 126 7 5 4
114 127 10 0 4
114 171 9 0 4
114 183 8 2 4
114 191 9 0 4
115 41 6 0 4
115 53 7 1 4
115 61 6 0 4
115 82 6 0 4
115 87 4 5 4
115 94 6 0 4
115 98 4 3 4
100 115 5 2 4
104 115 5 4 4
111 115 5 5 4
115 117 7 3 4
115 118 6 0 4
115 120 5 4 4
115 127 7 0 4
115 171 6 0 4
115 183 7 1 4
115 191 6 0 4
117 41 7 0 4
117 53 6 2 4
117 61 7 0 4
117 82 7 0 4
117 94 7 0 4
100 117 4 3 4
101 117 6 4 4
104 117 4 5 4
110 117 4 6 4
111 117 4 6 4
114 117 4 6 4
115 117 7 3 4
117 118 7 0 4
117 120 6 4 4
117 126 5 5 4
117 127 8 0 4
117 171 7 0 4
117 183 6 2 4
117 191 7 0 4
120 41 7 0 4
120 61 7 0 4
120 75 8 3 4
120 82 7 0 4
120 94 7 0 4
120 98 7 2 4
120 99 6 5 4
100 120 8 1 4
101 120 8 3 4
104 120 6 4 4
111 120 4 6 4
113 120 8 3 4
115 120 5 4 4
117 120 6 4 4
118 120 7 0 4
120 126 7 4 4
120 127 8 0 4
120 171 7 0 4
120 191 7 0 4
121 41 10 0 4
121 53 13 0 4
121 61 10 0 4
121 82 10 0 4
121 94 10 0 4
100 121 13 0 4
118 121 10 0 4
121 127 11 0 4
121 171 10 0 4
121 183 13 0 4
121 191 10 0 4
123 41 7 0 4
123 53 10 0 4
123 61 7 0 4
123 82 7 0 4
123 94 7 0 4
100 123 10 0 4
118 123 7 0 4
123 127 8 0 4
123 171 7 0 4
123 183 10 0 4
123 191 7 0 4
124 41 10 0 4
124 53 13 0 4
124 61 10 0 4
124 82 10 0 4
124 94 10 0 4
100 124 13 0 4
106 124 11 4 4
118 124 10 0 4
124 127 11 0 4
124 171 10 0 4
124 183 13 0 4
124 191 10 0 4
126 41 8 0 4
126 53 9 1 4
126 61 8 0 4
126 82 8 0 4
126 94 8 0 4
126 98 6 3 4
100 126 7 2 4
101 126 5 5 4
104 126 5 5 4
107 126 7 5 4
111 126 5 6 4
114 126 7 5 4
115 126 8 3 4
117 126 5 5 4
118 126 8 0 4
120 126 7 4 4
126 127 9 0 4
126 171 8 0 4
126 183 9 1 4
126 191 8 0 4
127 8 7 0 4
127 30 7 0 4
127 37 5 0 4
127 41 1 0 4
127 53 4 0 4
127 55 5 0 4
127 61 1 0 4
127 63 7 0 4
127 80 6 0 4
127 82 1 0 4
127 94 1 0 4
127 98 5 0 4
100 127 4 0 4
115 127 7 0 4
118 127 1 0 4
127 138 7 0 4
127 160 7 0 4
127 167 5 0 4
127 171 1 0 4
127 183 4 0 4
127 185 5 0 4
127 191 1 0 4
127 193 7 0 4
131 99 10 6 4
1 131 0 13 4
110 131 10 6 4
111 131 10 6 4
114 131 10 6 4
115 131 11 4 4
117 131 10 5 4
132 2 0 21 4
133 3 0 10 4
133 37 8 3 4
133 41 10 0 4
133 55 12 1 4
133 61 10 0 4
133 63 12 2 4
133 82 10 0 4
133 94 10 0 4
118 133 10 0 4
133 167 8 3 4
133 171 10 0 4
133 185 12 1 4
133 191 10 0 4
133 193 12 2 4
134 4 0 37 4
135 5 0 27 4
136 6 0 22 4
137 7 0 22 4
138 8 0 6 4
138 41 6 0 4
138 53 9 0 4
138 61 6 0 4
138 82 6 0 4
138 94 6 0 4
100 138 9 0 4
118 138 6 0 4
123 138 11 1 4
127 138 7 0 4
138 171 6 0 4
138 183 9 0 4
138 191 6 0 4
139 9 0 18 4
140 87 10 4 4
10 140 0 10 4
115 140 8 4 4
11 141 0 24 4
12 142 0 25 4
13 143 0 15 4
14 144 0 28 4
145 15 0 8 4
145 41 8 0 4
145 53 9 1 4
145 61 8 0 4
145 73 8 5 4
145 82 8 0 4
145 94 8 0 4
100 145 7 2 4
118 145 8 0 4
127 145 9 0 4
145 171 8 0 4
145 183 9 1 4
145 191 8 0 4
146 16 0 14 4
146 27 12 8 4
146 157 12 8 4
147 17 0 28 4
148 18 0 19 4
149 19 0 11 4
149 56 13 3 4
149 186 13 3 4
150 20 0 13 4
150 29 11 6 4
150 159 11 6 4
151 21 0 34 4
152 22 0 11 4
152 41 11 0 4
152 61 11 0 4
152 82 11 0 4
152 94 11 0 4
118 152 11 0 4
127 152 12 0 4
152 171 11 0 4
152 191 11 0 4
153 23 0 27 4
154 24 0 27 4
155 25 0 13 4
155 74 14 3 4
155 75 14 3 4
155 83 14 3 4
156 26 0 9 4
156 41 9 0 4
156 61 9 0 4
156 82 9 0 4
156 94 9 0 4
118 156 9 0 4
127 156 10 0 4
156 171 9 0 4
156 191 9 0 4
157 27 0 14 4
157 37 12 3 4
157 55 12 3 4
157 167 12 3 4
157 185 12 3 4
158 28 0 19 4
159 29 0 10 4
159 41 10 0 4
159 61 10 0 4
159 82 10 0 4
159 94 10 0 4
118 159 10 0 4
159 171 10 0 4
159 191 10 0 4
160 30 0 6 4
160 41 6 0 4
160 61 6 0 4
160 82 6 0 4
160 94 6 0 4
118 160 6 0 4
127 160 7 0 4
160 171 6 0 4
160 191 6 0 4
161 31 0 28 4
162 32 0 24 4
163 33 0 9 4
163 41 9 0 4
163 44 10 5 4
163 61 9 0 4
163 74 10 3 4
163 82 9 0 4
163 94 9 0 4
118 163 9 0 4
127 163 8 1 4
163 171 9 0 4
163 174 10 5 4
163 191 9 0 4
164 34 0 17 4
165 35 0 41 4
166 36 0 15 4
166 53 12 3 4
105 166 12 6 4
166 183 12 3 4
167 3 8 3 4
167 37 0 4 4
167 41 4 0 4
167 53 7 0 4
167 55 4 2 4
167 61 4 0 4
167 63 8 1 4
167 82 4 0 4
167 94 4 0 4
167 98 8 0 4
100 167 7 0 4
118 167 4 0 4
127 167 5 0 4
133 167 8 3 4
167 171 4 0 4
167 183 7 0 4
167 185 4 2 4
167 191 4 0 4
167 193 8 1 4
168 38 0 43 4
169 39 0 14 4
100 169 11 3 4
104 169 7 7 4
170 40 0 19 4
172 42 0 34 4
173 43 0 14 4
173 98 12 3 4
174 33 10 5 4
174 41 11 0 4
174 44 0 11 4
174 61 11 0 4
174 82 11 0 4
174 94 11 0 4
118 174 11 0 4
127 174 10 1 4
163 174 10 5 4
171 174 11 0 4
174 191 11 0 4
175 45 0 30 4
176 46 0 19 4
177 47 0 14 4
177 53 11 3 4
177 183 11 3 4
178 30 15 3 4
178 48 0 15 4
160 178 15 3 4
179 49 0 13 4
100 179 10 3 4
180 50 0 38 4
181 51 0 21 4
182 52 0 16 4
183 37 7 0 4
183 41 3 0 4
183 53 0 3 4
183 55 7 0 4
183 61 3 0 4
183 80 8 0 4
183 82 3 0 4
183 94 3 0 4
183 98 7 0 4
100 183 4 1 4
107 183 6 3 4
115 183 7 1 4
117 183 6 2 4
118 183 3 0 4
127 183 4 0 4
167 183 7 0 4
171 183 3 0 4
183 185 7 0 4
183 191 3 0 4
184 33 15 4 4
184 54 0 14 4
184 69 15 4 4
184 74 13 4 4
184 83 13 4 4
163 184 15 4 4
185 37 4 2 4
185 41 4 0 4
185 53 7 0 4
185 55 0 4 4
185 61 4 0 4
185 82 4 0 4
185 94 4 0 4
100 185 7 0 4
118 185 4 0 4
127 185 5 0 4
167 185 4 2 4
171 185 4 0 4
183 185 7 0 4
185 191 4 0 4
186 19 13 3 4
186 41 8 0 4
186 56 0 8 4
186 61 8 0 4
186 82 8 0 4
186 94 8 0 4
118 186 8 0 4
127 186 9 0 4
149 186 13 3 4
171 186 8 0 4
186 191 8 0 4
187 57 0 26 4
188 58 0 26 4
189 59 0 23 4
190 60 0 20 4
123 190 19 4 4
192 62 0 21 4
193 37 8 1 4
193 41 6 0 4
193 61 6 0 4
193 63 0 6 4
193 74 9 2 4
193 82 6 0 4
193 87 10 2 4
193 94 6 0 4
118 193 6 0 4
127 193 7 0 4
167 193 8 1 4
171 193 6 0 4
191 193 6 0 4
194 64 0 15 4
194 98 13 3 4
195 65 0 28 4
