Res1 Res2 NSingle NDouble Method
1 99 10 6 4
1 110 10 6 4
1 111 10 6 4
1 114 10 6 4
1 117 10 5 4
3 37 8 3 4
3 63 12 2 4
3 88 16 4 4
6 99 13 9 4
22 8 13 2 4
102 8 18 3 4
123 8 11 1 4
10 115 8 4 4
12 78 12 16 4
12 93 12 16 4
100 15 7 2 4
15 67 10 5 4
15 73 8 5 4
16 27 12 8 4
19 55 11 2 4
20 29 11 6 4
22 8 13 2 4
22 56 15 2 4
22 80 12 2 4
25 54 15 6 4
25 74 14 3 4
25 75 14 3 4
25 83 14 3 4
16 27 12 8 4
27 37 12 3 4
27 55 12 3 4
20 29 11 6 4
127 33 8 1 4
33 44 10 5 4
3 37 8 3 4
100 37 7 0 4
118 37 4 0 4
127 37 5 0 4
37 41 4 0 4
37 53 7 0 4
37 55 4 2 4
37 61 4 0 4
37 82 4 0 4
37 94 4 0 4
104 39 7 7 4
117 39 11 5 4
120 39 11 5 4
43 98 12 3 4
33 44 10 5 4
127 44 10 1 4
44 88 13 6 4
123 45 27 5 4
47 53 11 3 4
41 53 3 0 4
100 53 4 1 4
107 53 6 3 4
117 53 6 2 4
118 53 3 0 4
53 61 3 0 4
53 82 3 0 4
53 94 3 0 4
25 54 15 6 4
44 54 15 5 4
54 74 13 4 4
54 83 13 4 4
27 55 12 3 4
37 55 4 2 4
41 55 4 0 4
118 55 4 0 4
127 55 5 0 4
55 61 4 0 4
55 82 4 0 4
55 94 4 0 4
19 56 13 3 4
27 58 18 11 4
123 59 20 5 4
49 62 12 11 4
3 63 12 2 4
10 63 12 2 4
105 63 11 2 4
110 63 11 2 4
63 74 9 2 4
63 87 10 2 4
63 99 11 2 4
113 64 12 5 4
114 64 12 6 4
64 99 12 6 4
15 67 10 5 4
67 73 10 6 4
27 68 21 7 4
69 83 8 4 4
69 98 9 2 4
113 72 16 5 4
120 72 16 5 4
72 99 14 7 4
15 73 8 5 4
49 73 9 7 4
74 83 8 3 4
74 87 7 4 4
101 75 8 3 4
113 75 8 3 4
120 75 8 3 4
126 75 9 3 4
22 80 12 2 4
67 80 13 2 4
69 80 10 2 4
80 97 14 2 4
69 83 8 4 4
73 83 9 4 4
74 83 8 3 4
103 83 8 5 4
83 85 8 4 4
83 85 8 4 4
103 85 6 7 4
85 97 8 7 4
121 86 17 6 4
74 87 7 4 4
100 87 7 2 4
104 87 7 4 4
110 87 7 5 4
115 87 4 5 4
87 98 8 2 4
33 88 13 5 4
44 88 13 6 4
90 98 9 2 4
80 95 17 3 4
100 98 5 1 4
111 98 7 3 4
115 98 4 3 4
126 98 6 3 4
100 99 8 2 4
110 99 6 6 4
111 99 4 7 4
114 99 6 6 4
100 41 3 0 4
100 53 4 1 4
100 61 3 0 4
100 82 3 0 4
100 94 3 0 4
100 98 5 1 4
100 101 6 2 4
100 104 4 3 4
100 115 5 2 4
100 117 4 3 4
100 118 3 0 4
101 53 8 1 4
101 98 7 2 4
100 101 6 2 4
101 104 6 4 4
101 111 6 5 4
101 117 6 4 4
101 126 5 5 4
102 8 18 3 4
103 73 11 5 4
103 83 8 5 4
104 98 7 2 4
100 104 4 3 4
104 111 4 6 4
104 114 4 6 4
104 117 4 5 4
105 53 8 2 4
100 105 8 2 4
105 110 4 7 4
105 114 6 6 4
106 120 10 3 4
107 53 6 3 4
107 99 8 5 4
100 107 8 2 4
107 113 6 5 4
107 126 7 5 4
109 98 11 3 4
109 113 8 6 4
110 53 8 2 4
110 99 6 6 4
100 110 8 2 4
104 110 6 5 4
105 110 4 7 4
110 111 6 6 4
110 114 2 8 4
110 117 4 6 4
111 98 7 3 4
111 99 4 7 4
100 111 6 3 4
101 111 6 5 4
104 111 4 6 4
110 111 6 6 4
111 114 6 6 4
111 115 5 5 4
111 117 4 6 4
111 120 4 6 4
111 126 5 6 4
112 121 17 6 4
113 99 6 5 4
107 113 6 5 4
114 53 8 2 4
114 99 6 6 4
100 114 8 2 4
104 114 4 6 4
105 114 6 6 4
110 114 2 8 4
111 114 6 6 4
114 117 4 6 4
115 87 4 5 4
115 98 4 3 4
100 115 5 2 4
104 115 5 4 4
111 115 5 5 4
115 120 5 4 4
117 53 6 2 4
100 117 4 3 4
101 117 6 4 4
104 117 4 5 4
110 117 4 6 4
111 117 4 6 4
114 117 4 6 4
115 117 7 3 4
117 120 6 4 4
117 126 5 5 4
120 98 7 2 4
100 120 8 1 4
104 120 6 4 4
111 120 4 6 4
115 120 5 4 4
117 120 6 4 4
123 8 11 1 4
123 59 20 5 4
106 124 11 4 4
126 53 9 1 4
126 98 6 3 4
100 126 7 2 4
101 126 5 5 4
104 126 5 5 4
111 126 5 6 4
117 126 5 5 4
127 37 5 0 4
127 41 1 0 4
127 53 4 0 4
127 55 5 0 4
127 61 1 0 4
127 80 6 0 4
127 82 1 0 4
127 94 1 0 4
127 98 5 0 4
100 127 4 0 4
118 127 1 0 4
