Res1 Res2 NSingle NDouble Method
22 8 13 2 4
16 27 12 8 4
20 29 11 6 4
3 37 8 3 4
33 44 10 5 4
25 54 15 6 4
27 55 12 3 4
37 55 4 2 4
3 63 12 2 4
15 67 10 5 4
15 73 8 5 4
22 80 12 2 4
69 83 8 4 4
74 83 8 3 4
83 85 8 4 4
74 87 7 4 4
44 88 13 6 4
100 53 4 1 4
100 98 5 1 4
100 101 6 2 4
102 8 18 3 4
103 83 8 5 4
100 104 4 3 4
107 53 6 3 4
110 99 6 6 4
105 110 4 7 4
111 98 7 3 4
111 99 4 7 4
101 111 6 5 4
104 111 4 6 4
110 111 6 6 4
107 113 6 5 4
114 99 6 6 4
104 114 4 6 4
105 114 6 6 4
110 114 2 8 4
111 114 6 6 4
115 87 4 5 4
115 98 4 3 4
100 115 5 2 4
111 115 5 5 4
117 53 6 2 4
100 117 4 3 4
101 117 6 4 4
104 117 4 5 4
110 117 4 6 4
111 117 4 6 4
114 117 4 6 4
111 120 4 6 4
115 120 5 4 4
117 120 6 4 4
123 8 11 1 4
123 59 20 5 4
126 98 6 3 4
101 126 5 5 4
111 126 5 6 4
117 126 5 5 4
127 37 5 0 4
127 55 5 0 4
