Res1 Res2 NSingle NDouble Method
18 7 0 8 4
21 7 0 8 4
18 21 0 8 4
36 6 4 13 4
25 41 0 9 4
43 9 2 5 4
44 9 3 4 4
17 45 0 7 4
48 9 3 4 4
44 48 0 5 4
28 49 1 11 4
13 51 0 10 4
30 53 0 7 4
17 57 2 5 4
64 9 2 5 4
43 64 0 6 4
32 65 3 5 4
30 69 0 7 4
53 69 0 7 4
12 74 4 5 4
3 75 4 6 4
17 81 0 7 4
45 81 0 7 4
7 87 3 6 4
18 87 3 6 4
21 87 3 6 4
31 93 0 12 4
22 95 3 7 4
9 96 2 5 4
43 96 0 6 4
64 96 0 6 4
94 98 2 7 4
17 99 0 7 4
45 99 0 7 4
57 99 2 5 4
81 99 0 7 4
100 85 1 11 4
101 23 3 8 4
102 20 3 19 4
103 98 4 6 4
104 13 0 10 4
104 51 0 10 4
106 43 3 4 4
106 44 2 4 4
106 48 2 4 4
106 96 3 4 4
107 27 1 19 4
103 108 2 8 4
109 44 2 4 4
109 48 2 4 4
106 109 0 5 4
110 32 2 5 4
110 65 1 6 4
112 7 3 6 4
112 18 3 6 4
112 21 3 6 4
112 87 0 7 4
113 30 0 7 4
113 53 0 7 4
113 69 0 7 4
117 62 0 6 4
119 9 2 5 4
119 43 0 6 4
119 64 0 6 4
119 96 0 6 4
106 119 3 4 4
120 22 0 8 4
123 44 0 5 4
123 48 0 5 4
106 123 2 4 4
109 123 2 4 4
125 9 0 6 4
125 43 2 5 4
125 64 2 5 4
125 96 2 5 4
119 125 2 5 4
129 19 5 5 4
129 63 6 6 4
1 129 5 5 4
