Res1 Res2 NSingle NDouble Method
18 7 0 7 4
21 7 0 7 4
18 21 0 7 4
3 32 2 5 4
31 37 0 11 4
17 45 0 6 4
44 48 0 5 4
30 53 0 7 4
17 57 1 5 4
45 57 1 5 4
43 64 0 5 4
30 69 0 7 4
53 69 0 7 4
65 75 2 6 4
17 81 0 6 4
45 81 0 6 4
57 81 1 5 4
74 92 2 4 4
31 93 0 11 4
37 93 0 11 4
43 96 0 5 4
64 96 0 5 4
17 99 0 6 4
45 99 0 6 4
81 99 0 6 4
103 19 2 6 4
108 4 3 6 4
108 19 3 6 4
103 108 1 7 4
106 109 0 5 4
110 32 2 5 4
110 65 1 6 4
111 35 0 11 4
112 87 0 7 4
113 30 0 7 4
113 53 0 7 4
113 69 0 7 4
117 17 1 5 4
117 45 1 5 4
117 62 0 5 4
117 81 1 5 4
119 43 0 5 4
119 64 0 5 4
119 96 0 5 4
120 22 0 8 4
123 44 0 5 4
123 48 0 5 4
125 9 0 5 4
