Res1 Res2 NSingle NDouble Method
1 129 5 5 4
3 32 6 4 4
3 75 4 6 4
103 4 6 5 4
108 4 4 7 4
4 94 6 5 4
36 6 4 13 4
18 7 0 8 4
21 7 0 8 4
112 7 3 6 4
7 87 3 6 4
43 9 2 5 4
44 9 3 4 4
48 9 3 4 4
64 9 2 5 4
119 9 2 5 4
123 9 3 4 4
125 9 0 6 4
9 96 2 5 4
12 40 4 5 4
12 57 4 4 4
12 74 4 5 4
12 92 4 5 4
104 13 0 10 4
13 51 0 10 4
16 8 6 4 4
120 16 5 5 4
16 22 5 5 4
17 45 0 7 4
17 57 2 5 4
17 81 0 7 4
17 99 0 7 4
18 7 0 8 4
112 18 3 6 4
18 21 0 8 4
18 87 3 6 4
129 19 5 5 4
19 94 4 6 4
102 20 3 19 4
21 7 0 8 4
18 21 0 8 4
112 21 3 6 4
21 87 3 6 4
120 22 0 8 4
22 95 3 7 4
101 23 3 8 4
103 23 5 6 4
112 25 4 6 4
25 41 0 9 4
25 87 4 6 4
107 27 1 19 4
100 28 3 10 4
28 49 1 11 4
28 85 2 10 4
113 30 0 7 4
30 53 0 7 4
30 69 0 7 4
31 37 2 11 4
31 93 0 12 4
110 32 2 5 4
32 65 3 5 4
36 6 4 13 4
117 40 3 5 4
40 62 3 5 4
25 41 0 9 4
112 41 4 6 4
41 87 4 6 4
43 9 2 5 4
106 43 3 4 4
109 43 3 4 4
119 43 0 6 4
125 43 2 5 4
43 64 0 6 4
43 96 0 6 4
44 9 3 4 4
106 44 2 4 4
109 44 2 4 4
123 44 0 5 4
125 44 3 4 4
44 48 0 5 4
17 45 0 7 4
117 45 1 6 4
45 62 1 6 4
45 81 0 7 4
45 99 0 7 4
48 9 3 4 4
44 48 0 5 4
106 48 2 4 4
109 48 2 4 4
123 48 0 5 4
125 48 3 4 4
28 49 1 11 4
100 49 2 11 4
13 51 0 10 4
104 51 0 10 4
30 53 0 7 4
113 53 0 7 4
53 69 0 7 4
17 57 2 5 4
45 57 2 5 4
57 81 2 5 4
57 99 2 5 4
59 91 4 10 4
60 8 6 4 4
22 60 5 5 4
120 60 5 5 4
117 62 0 6 4
129 63 6 6 4
64 9 2 5 4
43 64 0 6 4
119 64 0 6 4
125 64 2 5 4
64 96 0 6 4
32 65 3 5 4
110 65 1 6 4
30 69 0 7 4
53 69 0 7 4
113 69 0 7 4
12 74 4 5 4
40 74 2 6 4
74 92 2 6 4
3 75 4 6 4
65 75 5 5 4
59 76 3 12 4
65 77 5 5 4
110 77 6 4 4
17 81 0 7 4
45 81 0 7 4
62 81 1 6 4
117 81 1 6 4
81 99 0 7 4
100 85 1 11 4
7 87 3 6 4
18 87 3 6 4
21 87 3 6 4
112 87 0 7 4
31 93 0 12 4
94 98 2 7 4
16 95 6 5 4
22 95 3 7 4
60 95 4 6 4
120 95 3 7 4
9 96 2 5 4
43 96 0 6 4
64 96 0 6 4
106 96 3 4 4
109 96 3 4 4
119 96 0 6 4
125 96 2 5 4
19 98 2 7 4
94 98 2 7 4
103 98 4 6 4
17 99 0 7 4
45 99 0 7 4
57 99 2 5 4
81 99 0 7 4
100 85 1 11 4
101 23 3 8 4
101 103 6 6 4
102 20 3 19 4
103 19 2 7 4
103 98 4 6 4
103 108 2 8 4
104 13 0 10 4
104 51 0 10 4
106 43 3 4 4
106 44 2 4 4
106 48 2 4 4
106 64 3 4 4
106 96 3 4 4
106 109 0 5 4
106 119 3 4 4
106 123 2 4 4
107 27 1 19 4
108 94 6 6 4
103 108 2 8 4
109 44 2 4 4
109 48 2 4 4
106 109 0 5 4
109 123 2 4 4
110 32 2 5 4
110 65 1 6 4
111 35 2 12 4
112 7 3 6 4
112 18 3 6 4
112 21 3 6 4
112 87 0 7 4
113 30 0 7 4
113 53 0 7 4
113 69 0 7 4
117 62 0 6 4
119 9 2 5 4
119 43 0 6 4
119 64 0 6 4
119 96 0 6 4
106 119 3 4 4
109 119 3 4 4
119 125 2 5 4
120 22 0 8 4
123 44 0 5 4
123 48 0 5 4
106 123 2 4 4
109 123 2 4 4
124 43 4 5 4
124 64 4 5 4
124 96 4 5 4
119 124 4 5 4
125 9 0 6 4
125 43 2 5 4
125 64 2 5 4
125 96 2 5 4
119 125 2 5 4
126 37 4 10 4
129 19 5 5 4
129 63 6 6 4
1 129 5 5 4
