Res1 Res2 NSingle NDouble Method
126 2 6 4 6
128 4 5 11 6
4 86 7 9 6
123 6 5 9 6
6 96 4 9 6
39 8 5 6 6
122 8 6 5 6
105 9 9 13 6
14 17 5 7 6
16 70 13 12 6
14 17 5 7 6
108 32 7 6 6
110 32 7 6 6
35 50 8 5 6
51 69 17 17 6
54 91 5 5 6
45 56 6 12 6
118 58 8 9 6
124 58 8 9 6
106 59 5 10 6
125 59 6 10 6
16 62 13 10 6
41 62 16 11 6
67 68 16 12 6
67 95 5 16 6
72 73 16 14 6
72 73 16 14 6
118 75 9 7 6
71 82 12 21 6
110 84 8 7 6
5 85 11 9 6
4 86 7 9 6
90 91 2 7 6
90 99 7 5 6
54 91 5 5 6
90 91 2 7 6
100 103 12 9 6
100 124 8 9 6
101 126 6 6 6
101 129 8 7 6
102 127 2 10 6
104 119 7 13 6
106 59 5 10 6
106 120 8 9 6
107 110 2 10 6
101 108 3 9 6
110 9 10 8 6
105 110 13 9 6
107 110 2 10 6
104 115 11 10 6
113 115 4 12 6
101 117 8 5 6
114 118 9 10 6
104 119 7 13 6
109 120 7 11 6
103 121 10 11 6
122 8 6 5 6
122 56 12 6 6
123 6 5 9 6
123 96 7 9 6
123 124 6 10 6
124 58 8 9 6
100 124 8 9 6
123 124 6 10 6
125 59 6 10 6
109 125 6 11 6
101 126 6 6 6
108 126 9 5 6
102 127 2 10 6
110 127 8 7 6
128 4 5 11 6
109 128 9 10 6
101 129 8 7 6
108 129 7 8 6
128 129 8 9 6
