Res1 Res2 NSingle NDouble Method
30 8 2 0 6
109 8 10 1 6
118 8 2 0 6
123 8 2 0 6
127 8 2 0 6
8 82 2 0 6
8 88 2 0 6
35 60 5 2 6
35 36 3 6 6
110 40 9 7 6
109 41 7 4 6
120 41 8 4 6
34 56 7 5 6
56 95 3 4 6
30 60 2 0 6
118 60 2 0 6
123 60 2 0 6
127 60 2 0 6
60 82 2 0 6
60 88 2 0 6
106 61 9 2 6
61 66 6 1 6
61 94 5 3 6
68 74 2 10 6
70 95 3 4 6
101 73 4 6 6
73 83 3 6 6
73 87 3 7 6
68 74 2 10 6
73 83 3 6 6
87 98 5 6 6
65 89 7 7 6
61 94 5 3 6
56 95 3 4 6
70 95 3 4 6
103 98 1 8 6
121 98 1 8 6
116 99 3 6 6
101 124 5 2 6
106 114 4 7 6
106 114 4 7 6
114 120 8 6 6
116 124 4 2 6
116 128 1 6 6
101 121 3 6 6
124 30 2 0 6
124 82 2 0 6
124 88 2 0 6
118 124 2 0 6
123 124 2 0 6
124 127 2 0 6
128 99 2 7 6
