Res1 Res2 NSingle NDouble Method
129 2 0 11 4
104 14 0 3 4
111 14 0 3 4
14 35 0 3 4
14 57 0 3 4
110 15 0 2 4
19 81 0 12 4
27 84 0 10 4
28 30 2 6 4
28 30 2 6 4
107 31 0 10 4
31 78 0 10 4
34 98 0 14 4
14 35 0 3 4
104 35 0 3 4
111 35 0 3 4
35 57 0 3 4
112 37 0 8 4
124 49 0 8 4
105 50 0 8 4
59 83 1 7 4
126 60 0 5 4
29 63 0 4 4
109 63 0 4 4
31 78 0 10 4
107 78 0 10 4
80 82 0 13 4
19 81 0 12 4
80 82 0 13 4
27 84 0 10 4
34 98 0 14 4
104 14 0 3 4
104 35 0 3 4
104 57 0 3 4
104 111 0 3 4
107 31 0 10 4
107 78 0 10 4
110 15 0 2 4
112 37 0 8 4
124 49 0 8 4
