Res1 Res2 NSingle NDouble Method
112 2 19 5 6
118 2 11 4 6
120 2 16 1 6
127 2 11 0 6
2 23 11 5 6
2 30 12 0 6
2 53 12 0 6
2 59 25 4 6
2 61 11 0 6
2 88 18 0 6
2 94 13 0 6
108 4 47 19 6
6 68 37 5 6
2 8 21 1 6
19 8 22 1 6
23 8 20 1 6
30 8 13 0 6
53 8 13 0 6
61 8 12 0 6
118 8 18 1 6
127 8 12 0 6
8 82 22 1 6
8 94 14 0 6
110 9 36 4 6
127 13 22 0 6
13 61 22 0 6
13 94 20 2 6
101 15 12 4 6
118 15 17 0 6
120 15 14 1 6
123 15 17 0 6
127 15 9 0 6
15 23 13 3 6
15 30 10 0 6
15 53 10 0 6
15 61 9 0 6
15 68 20 0 6
15 77 15 3 6
15 88 16 0 6
15 94 11 0 6
17 50 41 18 6
19 2 5 9 6
15 19 17 2 6
112 19 22 4 6
118 19 12 4 6
127 19 12 0 6
19 23 8 7 6
19 30 13 0 6
19 53 13 0 6
19 61 12 0 6
19 94 14 0 6
2 23 11 5 6
15 23 13 3 6
101 23 19 1 6
120 23 15 1 6
127 23 10 0 6
23 30 11 0 6
23 53 11 0 6
23 61 10 0 6
23 88 17 0 6
23 94 12 0 6
23 96 15 3 6
121 25 38 18 6
126 31 30 17 6
101 33 24 10 6
33 74 29 15 6
30 36 31 1 6
128 36 31 9 6
36 53 31 1 6
20 37 43 26 6
101 39 32 10 6
116 39 37 12 6
125 40 49 21 6
30 41 17 0 6
102 41 25 3 6
123 41 20 2 6
127 41 16 0 6
41 53 17 0 6
41 61 16 0 6
41 94 18 0 6
15 43 30 8 6
23 43 33 7 6
43 96 32 8 6
19 48 25 3 6
30 48 20 0 6
127 48 19 0 6
48 53 20 0 6
48 61 19 0 6
15 49 20 4 6
101 49 20 5 6
127 49 19 0 6
49 61 19 0 6
49 96 24 3 6
116 50 30 12 6
126 50 31 13 6
112 54 26 17 6
15 55 30 8 6
112 55 33 11 6
55 83 34 11 6
56 68 27 9 6
56 88 31 5 6
2 57 25 3 6
19 57 26 3 6
30 57 21 0 6
53 57 21 0 6
111 57 28 7 6
118 57 18 5 6
127 57 20 0 6
57 61 20 0 6
57 94 22 0 6
15 59 21 5 6
23 59 28 2 6
120 59 27 1 6
62 87 22 9 6
108 63 39 24 6
114 65 30 12 6
66 97 18 20 6
30 68 12 0 6
53 68 12 0 6
61 68 11 0 6
123 68 13 3 6
127 68 11 0 6
68 78 13 6 6
68 88 4 7 6
68 94 13 0 6
121 69 27 15 6
101 70 25 7 6
2 71 35 3 6
48 71 25 12 6
57 71 30 10 6
118 71 28 5 6
73 87 26 8 6
101 74 19 9 6
120 74 21 6 6
15 75 17 2 6
30 75 13 0 6
53 75 13 0 6
61 75 12 0 6
110 75 18 4 6
118 75 16 2 6
120 75 17 1 6
123 75 18 1 6
127 75 12 0 6
75 88 17 1 6
75 94 14 0 6
75 96 19 2 6
107 76 36 5 6
15 77 15 3 6
23 77 18 2 6
30 77 13 0 6
53 77 13 0 6
61 77 12 0 6
68 77 17 3 6
108 77 32 7 6
127 77 12 0 6
77 94 14 0 6
77 96 17 3 6
30 78 15 0 6
53 78 15 0 6
61 78 14 0 6
68 78 13 6 6
77 78 10 8 6
127 78 14 0 6
78 94 16 0 6
17 80 40 14 6
80 94 25 1 6
2 82 21 1 6
8 82 22 1 6
19 82 22 1 6
23 82 20 1 6
30 82 13 0 6
53 82 13 0 6
61 82 12 0 6
107 82 24 5 6
118 82 18 1 6
127 82 12 0 6
82 94 14 0 6
2 83 24 3 6
19 83 27 2 6
30 83 20 0 6
53 83 20 0 6
61 83 19 0 6
75 83 25 3 6
120 83 20 3 6
127 83 19 0 6
83 94 21 0 6
128 84 40 3 6
15 86 17 5 6
30 86 19 0 6
53 86 19 0 6
61 86 18 0 6
68 86 19 5 6
77 86 18 6 6
78 86 18 7 6
127 86 18 0 6
86 88 19 3 6
86 94 20 0 6
86 96 19 5 6
30 87 15 0 6
53 87 15 0 6
61 87 14 0 6
62 87 22 9 6
127 87 14 0 6
30 88 8 0 6
36 88 35 2 6
53 88 8 0 6
61 88 7 0 6
66 88 29 4 6
68 88 4 7 6
78 88 15 3 6
118 88 15 0 6
120 88 14 0 6
127 88 7 0 6
88 94 9 0 6
54 93 49 13 6
2 94 13 0 6
8 94 14 0 6
13 94 20 2 6
15 94 11 0 6
19 94 14 0 6
23 94 12 0 6
30 94 3 0 6
53 94 3 0 6
61 94 2 0 6
68 94 13 0 6
75 94 14 0 6
77 94 14 0 6
80 94 25 1 6
82 94 14 0 6
88 94 9 0 6
101 94 13 0 6
118 94 10 0 6
120 94 9 0 6
123 94 10 0 6
127 94 2 0 6
94 96 13 0 6
15 96 6 7 6
19 96 21 1 6
23 96 15 3 6
30 96 12 0 6
53 96 12 0 6
61 96 11 0 6
75 96 19 2 6
88 96 18 0 6
94 96 13 0 6
101 96 14 4 6
120 96 16 1 6
127 96 11 0 6
66 97 18 20 6
121 97 23 14 6
102 99 29 5 6
101 23 19 1 6
101 30 12 0 6
101 53 12 0 6
101 61 11 0 6
101 70 25 7 6
101 77 19 2 6
101 78 21 2 6
101 94 13 0 6
101 112 17 6 6
101 120 12 3 6
101 127 11 0 6
102 15 22 1 6
102 30 16 0 6
102 53 14 1 6
102 61 15 0 6
102 94 17 0 6
102 120 18 2 6
102 127 15 0 6
106 30 27 0 6
106 53 27 0 6
106 61 26 0 6
106 127 26 0 6
107 82 24 5 6
106 109 53 12 6
110 30 15 0 6
110 53 15 0 6
110 61 14 0 6
110 75 18 4 6
110 94 16 0 6
102 110 25 2 6
110 120 17 2 6
110 127 14 0 6
111 15 21 5 6
111 23 24 4 6
111 30 23 0 6
111 53 23 0 6
111 57 28 7 6
111 61 22 0 6
111 94 24 0 6
111 96 23 5 6
110 111 28 4 6
111 119 20 16 6
111 127 22 0 6
112 15 11 8 6
112 30 19 0 6
112 53 19 0 6
112 61 18 0 6
112 87 30 1 6
112 94 20 0 6
112 96 15 7 6
102 112 29 2 6
112 116 18 10 6
112 127 18 0 6
113 30 22 0 6
113 53 22 0 6
113 61 21 0 6
113 127 21 0 6
114 30 21 0 6
114 53 21 0 6
114 61 20 0 6
114 80 31 7 6
114 94 22 0 6
114 127 20 0 6
116 23 22 4 6
116 30 21 0 6
116 53 21 0 6
116 61 20 0 6
116 77 22 5 6
116 94 22 0 6
101 116 11 10 6
112 116 18 10 6
116 120 15 6 6
116 126 19 12 6
116 127 20 0 6
117 61 30 0 6
117 82 26 8 6
117 94 28 2 6
117 127 30 0 6
118 2 11 4 6
118 8 18 1 6
118 19 12 4 6
118 23 14 2 6
118 30 9 0 6
118 48 23 2 6
118 53 9 0 6
118 61 8 0 6
118 75 16 2 6
118 82 18 1 6
118 88 15 0 6
118 94 10 0 6
110 118 20 1 6
118 120 15 0 6
118 123 16 0 6
118 127 8 0 6
119 61 30 0 6
119 127 30 0 6
120 2 16 1 6
120 15 14 1 6
120 23 15 1 6
120 30 8 0 6
120 53 8 0 6
120 61 7 0 6
120 75 17 1 6
120 77 17 1 6
120 88 14 0 6
120 94 9 0 6
120 96 16 1 6
101 120 12 3 6
102 120 18 2 6
110 120 17 2 6
118 120 15 0 6
120 123 15 0 6
120 127 7 0 6
121 69 27 15 6
121 97 23 14 6
123 30 9 0 6
123 41 20 2 6
123 53 9 0 6
123 61 8 0 6
123 68 13 3 6
123 75 18 1 6
123 78 20 1 6
123 88 13 1 6
123 94 10 0 6
110 123 20 1 6
123 124 22 4 6
123 127 8 0 6
124 30 23 0 6
124 53 23 0 6
124 61 22 0 6
124 94 24 0 6
118 124 28 1 6
124 127 22 0 6
126 30 24 0 6
126 53 24 0 6
126 61 23 0 6
126 94 25 0 6
126 127 23 0 6
128 15 18 4 6
128 30 18 0 6
128 53 16 1 6
128 61 17 0 6
128 77 19 5 6
128 94 19 0 6
120 128 22 1 6
127 128 17 0 6
