Res1 Res2 NSingle NDouble Method
20 47 13 10 6
38 65 4 4 6
48 65 4 4 6
38 86 4 5 6
48 86 4 5 6
65 86 6 4 6
38 87 5 5 6
48 87 5 5 6
65 87 7 4 6
86 87 7 5 6
10 101 4 5 6
103 58 7 6 6
107 38 3 5 6
107 48 3 5 6
107 65 5 4 6
107 86 5 5 6
107 87 6 5 6
110 99 3 6 6
101 110 8 3 6
116 38 6 4 6
116 48 6 4 6
116 65 4 5 6
101 117 7 3 6
118 93 5 12 6
119 38 6 4 6
119 48 6 4 6
119 65 4 5 6
116 119 0 8 6
110 121 2 6 6
123 99 4 6 6
121 123 5 5 6
100 124 10 10 6
125 18 6 4 6
101 125 4 4 6
109 125 6 4 6
117 125 3 4 6
118 126 9 7 6
127 99 7 4 6
123 127 3 6 6
129 99 3 6 6
101 129 8 3 6
121 129 2 6 6
