Res1 Res2 NSingle NDouble Method
15 8 2 0 7
30 8 2 0 7
41 8 4 0 7
53 8 3 0 7
61 8 2 0 7
118 8 5 0 7
123 8 7 1 7
127 8 2 0 7
8 85 5 0 7
8 87 5 0 7
8 88 5 0 7
118 16 11 2 7
16 53 11 1 7
17 8 8 0 7
15 17 6 0 7
127 17 6 0 7
17 30 6 0 7
17 41 8 0 7
17 53 7 0 7
17 61 6 0 7
123 26 16 4 7
41 8 4 0 7
15 41 2 0 7
30 41 2 0 7
118 41 5 0 7
127 41 2 0 7
41 53 3 0 7
41 61 2 0 7
41 85 5 0 7
41 87 5 0 7
41 88 5 0 7
118 77 8 2 7
8 82 12 1 7
8 85 5 0 7
15 85 3 0 7
30 85 3 0 7
41 85 5 0 7
53 85 4 0 7
61 85 3 0 7
118 85 6 0 7
127 85 3 0 7
85 87 4 1 7
85 88 6 0 7
8 87 5 0 7
15 87 3 0 7
30 87 3 0 7
41 87 5 0 7
53 87 4 0 7
61 87 3 0 7
85 87 4 1 7
127 87 3 0 7
8 88 5 0 7
15 88 3 0 7
30 88 3 0 7
41 88 5 0 7
53 88 4 0 7
61 88 3 0 7
85 88 6 0 7
87 88 6 0 7
118 88 6 0 7
127 88 3 0 7
8 94 9 1 7
102 15 10 0 7
102 30 10 0 7
102 41 10 1 7
102 61 10 0 7
102 127 10 0 7
106 15 13 0 7
106 30 13 0 7
106 61 13 0 7
106 127 13 0 7
111 41 9 2 7
111 88 10 2 7
118 8 5 0 7
118 15 3 0 7
118 30 3 0 7
118 41 5 0 7
118 53 4 0 7
118 61 3 0 7
118 85 6 0 7
118 87 6 0 7
118 88 6 0 7
118 127 3 0 7
123 8 7 1 7
