Res1 Res2 NSingle NDouble Method
15 8 2 0 7
30 8 2 0 7
41 8 4 0 7
53 8 3 0 7
61 8 2 0 7
118 8 5 0 7
123 8 7 1 7
127 8 2 0 7
145 8 2 0 7
160 8 2 0 7
171 8 4 0 7
183 8 3 0 7
191 8 2 0 7
8 85 5 0 7
8 87 5 0 7
8 88 5 0 7
17 8 8 0 7
15 17 6 0 7
127 17 6 0 7
138 17 8 0 7
145 17 6 0 7
160 17 6 0 7
17 30 6 0 7
17 41 8 0 7
17 53 7 0 7
17 61 6 0 7
17 171 8 0 7
17 183 7 0 7
17 191 6 0 7
118 26 16 2 7
41 8 4 0 7
15 41 2 0 7
30 41 2 0 7
118 41 5 0 7
127 41 2 0 7
138 41 4 0 7
145 41 2 0 7
160 41 2 0 7
183 41 3 0 7
191 41 2 0 7
41 53 3 0 7
41 61 2 0 7
41 85 5 0 7
41 87 5 0 7
41 88 5 0 7
118 77 8 2 7
8 85 5 0 7
15 85 3 0 7
30 85 3 0 7
41 85 5 0 7
53 85 4 0 7
61 85 3 0 7
118 85 6 0 7
127 85 3 0 7
138 85 5 0 7
145 85 3 0 7
160 85 3 0 7
171 85 5 0 7
183 85 4 0 7
191 85 3 0 7
85 87 4 1 7
85 88 6 0 7
8 87 5 0 7
15 87 3 0 7
30 87 3 0 7
41 87 5 0 7
53 87 4 0 7
61 87 3 0 7
85 87 4 1 7
127 87 3 0 7
138 87 5 0 7
145 87 3 0 7
160 87 3 0 7
171 87 5 0 7
183 87 4 0 7
191 87 3 0 7
8 88 5 0 7
15 88 3 0 7
30 88 3 0 7
41 88 5 0 7
53 88 4 0 7
61 88 3 0 7
85 88 6 0 7
87 88 6 0 7
118 88 6 0 7
127 88 3 0 7
138 88 5 0 7
145 88 3 0 7
160 88 3 0 7
171 88 5 0 7
183 88 4 0 7
191 88 3 0 7
8 94 9 1 7
138 94 9 1 7
102 15 10 0 7
102 30 10 0 7
102 53 11 0 7
102 61 10 0 7
102 127 10 0 7
102 145 10 0 7
102 160 10 0 7
102 183 11 0 7
102 191 10 0 7
106 15 13 0 7
106 30 13 0 7
106 61 13 0 7
106 127 13 0 7
106 145 13 0 7
106 160 13 0 7
106 191 13 0 7
111 41 9 2 7
111 88 10 2 7
111 171 9 2 7
118 8 5 0 7
118 15 3 0 7
118 30 3 0 7
118 41 5 0 7
118 53 4 0 7
118 61 3 0 7
118 85 6 0 7
118 87 6 0 7
118 88 6 0 7
118 127 3 0 7
118 138 5 0 7
118 145 3 0 7
118 160 3 0 7
118 171 5 0 7
118 183 4 0 7
118 191 3 0 7
123 8 7 1 7
123 138 7 1 7
138 15 2 0 7
138 30 2 0 7
138 41 4 0 7
138 53 3 0 7
138 61 2 0 7
138 85 5 0 7
138 87 5 0 7
138 88 5 0 7
118 138 5 0 7
123 138 7 1 7
127 138 2 0 7
138 145 2 0 7
138 160 2 0 7
138 171 4 0 7
138 183 3 0 7
138 191 2 0 7
147 8 8 0 7
147 15 6 0 7
147 30 6 0 7
147 41 8 0 7
147 53 7 0 7
147 61 6 0 7
127 147 6 0 7
138 147 8 0 7
145 147 6 0 7
147 160 6 0 7
147 171 8 0 7
147 183 7 0 7
147 191 6 0 7
118 156 16 2 7
171 8 4 0 7
171 30 2 0 7
171 53 3 0 7
171 61 2 0 7
171 85 5 0 7
171 87 5 0 7
171 88 5 0 7
15 171 2 0 7
118 171 5 0 7
127 171 2 0 7
138 171 4 0 7
145 171 2 0 7
160 171 2 0 7
171 183 3 0 7
171 191 2 0 7
