Res1 Res2 NSingle NDouble Method
1 68 49 10 5
1 94 43 5 5
1 111 47 4 5
1 123 48 3 5
15 2 26 0 5
118 2 25 3 5
127 2 26 0 5
2 8 27 0 5
2 20 39 4 5
2 30 26 0 5
2 43 36 4 5
2 45 37 3 5
2 53 27 0 5
2 60 36 5 5
2 61 26 0 5
2 77 30 4 5
2 88 29 1 5
2 91 32 1 5
16 3 46 5 5
118 3 43 2 5
3 43 44 8 5
3 77 42 6 5
15 4 28 0 5
17 4 29 4 5
30 4 28 0 5
118 4 33 0 5
121 4 26 12 5
126 4 30 10 5
127 4 28 0 5
4 8 29 0 5
4 41 30 0 5
4 53 29 0 5
4 61 28 0 5
4 85 32 0 5
4 87 30 0 5
4 88 33 0 5
116 5 73 14 5
15 6 31 0 5
17 6 26 7 5
30 6 31 0 5
41 6 33 0 5
45 6 36 6 5
53 6 32 0 5
102 6 26 10 5
106 6 27 11 5
116 6 33 8 5
127 6 31 0 5
6 8 32 0 5
6 61 31 0 5
6 81 24 19 5
6 85 33 1 5
6 87 33 0 5
6 88 26 5 5
6 91 37 1 5
15 7 25 0 5
17 7 28 3 5
24 7 30 6 5
30 7 25 0 5
41 7 25 1 5
53 7 26 0 5
61 7 25 0 5
102 7 30 5 5
115 7 31 10 5
127 7 25 0 5
7 8 26 0 5
7 87 27 0 5
7 93 33 3 5
7 95 39 5 5
15 8 1 0 5
16 8 15 0 5
17 8 10 0 5
30 8 1 0 5
41 8 3 0 5
53 8 2 0 5
61 8 1 0 5
64 8 17 0 5
70 8 15 0 5
77 8 13 0 5
102 8 16 0 5
111 8 12 0 5
118 8 6 0 5
123 8 11 0 5
127 8 1 0 5
128 8 12 0 5
8 85 5 0 5
8 87 3 0 5
8 88 6 0 5
8 91 9 0 5
8 93 15 0 5
8 94 10 0 5
62 9 66 14 5
10 71 64 21 5
10 112 65 13 5
11 8 24 0 5
102 11 32 3 5
106 11 23 9 5
11 15 23 0 5
11 30 23 0 5
11 41 25 0 5
11 43 33 4 5
11 53 24 0 5
11 61 23 0 5
11 85 21 3 5
11 87 25 0 5
11 88 24 2 5
11 116 29 6 5
11 118 28 0 5
11 127 23 0 5
12 8 35 0 5
111 12 39 3 5
113 12 44 5 5
12 15 34 0 5
12 30 34 0 5
12 41 36 0 5
12 53 35 0 5
12 61 34 0 5
12 68 45 7 5
12 87 36 0 5
12 123 40 2 5
12 127 34 0 5
118 13 44 5 5
13 16 47 8 5
13 17 40 9 5
13 20 46 12 5
13 43 43 12 5
13 77 45 8 5
106 14 48 14 5
123 14 52 8 5
14 75 54 19 5
14 88 53 5 5
16 8 15 0 5
15 16 14 0 5
118 16 17 1 5
123 16 20 2 5
127 16 14 0 5
128 16 23 1 5
16 17 19 2 5
16 30 14 0 5
16 41 16 0 5
16 53 13 1 5
16 61 14 0 5
16 65 21 6 5
16 77 24 1 5
16 82 21 5 5
16 85 18 0 5
16 87 16 0 5
16 88 19 0 5
16 91 22 0 5
16 94 23 0 5
17 8 10 0 5
15 17 9 0 5
16 17 19 2 5
111 17 20 0 5
118 17 14 0 5
123 17 19 0 5
127 17 9 0 5
128 17 20 0 5
17 20 16 7 5
17 30 9 0 5
17 41 11 0 5
17 53 10 0 5
17 61 9 0 5
17 82 20 3 5
17 85 13 0 5
17 87 11 0 5
17 88 14 0 5
17 91 15 1 5
17 94 18 0 5
18 39 60 13 5
18 55 61 11 5
118 19 47 5 5
123 19 46 8 5
19 25 59 17 5
19 26 55 11 5
19 43 52 9 5
19 47 55 12 5
19 50 57 11 5
19 77 50 7 5
20 8 22 0 5
15 20 21 0 5
17 20 16 7 5
127 20 21 0 5
128 20 30 1 5
20 30 21 0 5
20 41 23 0 5
20 53 22 0 5
20 61 21 0 5
20 77 29 2 5
20 85 25 0 5
20 87 23 0 5
20 91 21 4 5
17 22 49 7 5
116 22 48 12 5
102 23 38 8 5
106 23 35 11 5
116 23 37 10 5
23 41 37 2 5
23 85 39 2 5
23 87 37 2 5
23 88 34 5 5
24 7 30 6 5
24 8 18 0 5
15 24 17 0 5
102 24 22 5 5
106 24 29 3 5
111 24 24 2 5
115 24 25 9 5
116 24 27 4 5
118 24 22 0 5
123 24 25 1 5
127 24 17 0 5
24 30 17 0 5
24 39 28 9 5
24 41 15 2 5
24 45 28 3 5
24 53 18 0 5
24 61 17 0 5
24 64 27 3 5
24 85 19 1 5
24 87 19 0 5
24 88 22 0 5
24 91 23 1 5
24 94 24 1 5
25 3 43 20 5
2 25 47 10 5
118 25 36 5 5
123 25 39 6 5
25 43 45 7 5
25 77 33 10 5
26 8 26 0 5
15 26 25 0 5
16 26 31 4 5
118 26 24 3 5
123 26 27 4 5
127 26 25 0 5
26 30 25 0 5
26 41 27 0 5
26 45 28 7 5
26 53 24 1 5
26 61 25 0 5
26 62 38 8 5
26 65 26 9 5
26 67 39 5 5
26 77 29 4 5
26 87 27 0 5
15 27 27 0 5
102 27 32 5 5
108 27 41 7 5
111 27 34 2 5
113 27 37 5 5
115 27 39 7 5
116 27 33 6 5
127 27 27 0 5
27 30 27 0 5
27 41 27 1 5
27 61 27 0 5
27 88 28 2 5
27 91 33 1 5
27 93 29 6 5
28 64 56 12 5
28 67 56 16 5
121 29 52 7 5
29 64 44 8 5
29 67 46 11 5
29 69 42 15 5
29 85 42 3 5
29 91 46 3 5
29 93 46 6 5
17 31 50 5 5
20 31 58 7 5
112 31 52 14 5
31 60 55 8 5
126 32 57 11 5
32 35 57 11 5
32 55 55 14 5
32 94 52 7 5
33 8 39 1 5
16 33 44 5 5
17 33 35 7 5
33 82 41 8 5
33 94 43 3 5
35 8 23 0 5
15 35 22 0 5
17 35 31 0 5
30 35 22 0 5
118 35 27 0 5
127 35 22 0 5
35 41 24 0 5
35 53 23 0 5
35 61 22 0 5
35 64 28 5 5
35 76 37 7 5
35 85 26 0 5
35 87 24 0 5
35 88 27 0 5
35 91 30 0 5
35 94 23 4 5
35 36 50 10 5
104 36 65 15 5
119 36 64 13 5
36 64 54 5 5
37 65 70 11 5
102 38 52 10 5
115 38 45 19 5
116 38 49 13 5
38 41 55 2 5
38 85 55 3 5
39 7 34 10 5
39 8 30 0 5
15 39 29 0 5
24 39 28 9 5
30 39 29 0 5
102 39 34 5 5
115 39 39 8 5
123 39 35 2 5
127 39 29 0 5
39 41 27 2 5
39 53 30 0 5
39 61 29 0 5
39 87 31 0 5
39 95 39 7 5
4 40 41 12 5
17 40 32 7 5
20 40 40 9 5
40 69 39 13 5
40 82 38 8 5
40 85 39 1 5
40 87 37 1 5
41 8 3 0 5
15 41 2 0 5
16 41 16 0 5
17 41 11 0 5
24 41 15 2 5
30 41 2 0 5
102 41 15 1 5
106 41 16 2 5
111 41 9 2 5
116 41 18 1 5
118 41 7 0 5
123 41 12 0 5
127 41 2 0 5
128 41 13 0 5
41 53 3 0 5
41 61 2 0 5
41 64 16 1 5
41 70 16 0 5
41 77 14 0 5
41 85 6 0 5
41 87 4 0 5
41 88 7 0 5
41 91 10 0 5
41 93 16 0 5
41 94 11 0 5
11 42 44 7 5
106 42 35 9 5
108 42 41 11 5
116 42 39 7 5
118 42 36 2 5
42 43 41 6 5
42 57 43 14 5
42 77 39 4 5
42 85 37 1 5
42 88 36 2 5
43 8 19 0 5
15 43 18 0 5
30 43 18 0 5
41 43 20 0 5
118 43 17 3 5
127 43 18 0 5
43 45 31 2 5
43 53 19 0 5
43 57 34 10 5
43 61 18 0 5
43 65 31 3 5
43 77 22 4 5
43 85 20 1 5
43 87 20 0 5
45 8 18 0 5
15 45 17 0 5
24 45 28 3 5
26 45 28 7 5
30 45 17 0 5
41 45 19 0 5
43 45 31 2 5
102 45 22 5 5
106 45 25 5 5
111 45 26 1 5
118 45 16 3 5
123 45 25 1 5
127 45 17 0 5
45 50 26 9 5
45 53 18 0 5
45 61 17 0 5
45 65 30 3 5
45 77 23 3 5
45 85 21 0 5
45 87 19 0 5
45 88 16 3 5
15 46 32 0 5
16 46 36 5 5
30 46 32 0 5
118 46 33 2 5
123 46 28 7 5
126 46 34 10 5
127 46 32 0 5
46 53 31 1 5
46 61 32 0 5
46 65 33 9 5
46 77 34 5 5
46 85 34 1 5
46 87 32 1 5
47 8 28 0 5
15 47 27 0 5
16 47 33 4 5
30 47 27 0 5
41 47 29 0 5
118 47 28 2 5
127 47 27 0 5
47 48 36 17 5
47 50 36 9 5
47 53 28 0 5
47 55 39 7 5
47 61 27 0 5
47 62 34 11 5
47 65 36 5 5
47 70 37 2 5
47 77 35 2 5
47 85 29 1 5
47 87 29 0 5
47 48 36 17 5
105 48 31 26 5
126 48 43 11 5
48 53 42 1 5
48 55 39 15 5
48 87 41 2 5
102 49 58 12 5
49 88 62 5 5
50 8 28 0 5
15 50 27 0 5
30 50 27 0 5
41 50 29 0 5
43 50 33 6 5
45 50 26 9 5
106 50 31 7 5
118 50 22 5 5
127 50 27 0 5
50 53 28 0 5
50 61 27 0 5
50 65 34 6 5
50 77 29 5 5
50 87 27 1 5
50 88 22 5 5
51 55 54 16 5
53 8 2 0 5
15 53 1 0 5
16 53 13 1 5
17 53 10 0 5
26 53 24 1 5
30 53 1 0 5
41 53 3 0 5
111 53 12 0 5
118 53 6 0 5
123 53 11 0 5
127 53 1 0 5
128 53 12 0 5
53 61 1 0 5
53 65 18 1 5
53 77 13 0 5
53 85 5 0 5
53 87 3 0 5
53 88 6 0 5
53 91 9 0 5
53 94 10 0 5
101 54 67 13 5
55 8 27 0 5
15 55 26 0 5
30 55 26 0 5
41 55 28 0 5
53 55 27 0 5
118 55 29 1 5
121 55 34 7 5
126 55 32 8 5
127 55 26 0 5
55 61 26 0 5
55 75 36 12 5
55 87 26 1 5
55 91 32 1 5
55 93 28 6 5
20 56 38 6 5
24 56 36 5 5
43 56 35 6 5
50 56 38 9 5
53 56 28 1 5
118 56 28 3 5
56 65 32 8 5
56 70 33 5 5
56 77 33 4 5
56 85 31 1 5
56 87 29 1 5
56 91 29 4 5
11 57 37 11 5
43 57 34 10 5
45 57 43 5 5
106 57 38 8 5
115 57 42 10 5
116 57 38 8 5
118 57 35 3 5
57 77 34 7 5
57 85 34 3 5
57 88 37 2 5
106 58 48 12 5
58 85 50 4 5
15 59 43 0 5
17 59 44 4 5
30 59 43 0 5
126 59 41 12 5
127 59 43 0 5
59 61 43 0 5
60 8 21 0 5
2 60 36 5 5
15 60 20 0 5
30 60 20 0 5
41 60 22 0 5
53 60 21 0 5
112 60 39 5 5
118 60 25 0 5
121 60 34 4 5
127 60 20 0 5
129 60 31 4 5
60 61 20 0 5
60 71 46 9 5
60 85 24 0 5
60 87 22 0 5
60 88 25 0 5
62 8 30 0 5
15 62 29 0 5
30 62 29 0 5
41 62 31 0 5
43 62 35 6 5
45 62 34 6 5
47 62 34 11 5
53 62 30 0 5
61 62 29 0 5
118 62 24 5 5
123 62 33 3 5
127 62 29 0 5
62 77 29 6 5
62 85 33 0 5
62 87 31 0 5
62 88 34 0 5
12 63 56 15 5
111 63 51 6 5
63 64 54 7 5
63 95 52 12 5
64 8 17 0 5
15 64 16 0 5
24 64 27 3 5
30 64 16 0 5
35 64 28 5 5
41 64 16 1 5
53 64 17 0 5
61 64 16 0 5
102 64 27 2 5
111 64 25 1 5
116 64 30 2 5
118 64 21 0 5
123 64 24 1 5
127 64 16 0 5
64 67 28 6 5
64 85 20 0 5
64 87 18 0 5
64 88 21 0 5
64 95 26 7 5
65 8 20 0 5
15 65 19 0 5
16 65 21 6 5
26 65 26 9 5
30 65 19 0 5
41 65 21 0 5
45 65 30 3 5
46 65 33 9 5
53 65 18 1 5
56 65 32 8 5
61 65 19 0 5
118 65 22 1 5
123 65 21 4 5
127 65 19 0 5
65 70 23 5 5
65 77 25 3 5
65 85 23 0 5
65 87 19 1 5
65 88 24 0 5
66 8 45 0 5
15 66 44 0 5
30 66 44 0 5
41 66 42 2 5
53 66 45 0 5
61 66 44 0 5
102 66 41 9 5
116 66 40 11 5
127 66 44 0 5
66 87 42 2 5
66 93 40 9 5
67 8 25 0 5
15 67 24 0 5
30 67 24 0 5
41 67 26 0 5
53 67 25 0 5
61 67 24 0 5
64 67 28 6 5
127 67 24 0 5
67 70 32 3 5
67 85 22 3 5
67 87 26 0 5
67 95 38 5 5
68 8 26 0 5
1 68 49 10 5
12 68 45 7 5
15 68 25 0 5
30 68 25 0 5
41 68 25 1 5
53 68 26 0 5
61 68 25 0 5
111 68 32 2 5
118 68 30 0 5
127 68 25 0 5
68 85 29 0 5
68 87 27 0 5
68 88 30 0 5
68 94 30 2 5
69 8 29 0 5
15 69 28 0 5
30 69 28 0 5
41 69 30 0 5
53 69 29 0 5
61 69 28 0 5
118 69 33 0 5
126 69 32 9 5
127 69 28 0 5
69 70 32 5 5
69 85 30 1 5
69 87 30 0 5
69 88 33 0 5
69 91 30 3 5
69 93 32 5 5
70 8 15 0 5
15 70 14 0 5
30 70 14 0 5
41 70 16 0 5
53 70 15 0 5
61 70 14 0 5
65 70 23 5 5
69 70 32 5 5
111 70 23 1 5
118 70 19 0 5
127 70 14 0 5
70 80 31 5 5
70 85 18 0 5
70 87 14 1 5
70 88 19 0 5
70 91 20 1 5
60 71 46 9 5
112 71 41 16 5
126 71 52 7 5
71 93 46 6 5
72 8 37 0 5
15 72 36 0 5
30 72 36 0 5
41 72 36 1 5
45 72 39 7 5
53 72 37 0 5
61 72 36 0 5
102 72 41 5 5
106 72 30 12 5
111 72 41 3 5
116 72 34 10 5
118 72 35 3 5
127 72 36 0 5
72 85 34 3 5
72 87 38 0 5
72 88 31 5 5
15 73 47 0 5
30 73 47 0 5
61 73 47 0 5
69 73 35 20 5
125 73 36 25 5
127 73 47 0 5
73 85 43 4 5
73 87 47 1 5
73 93 45 8 5
74 94 75 8 5
75 8 35 0 5
15 75 34 0 5
30 75 34 0 5
41 75 36 0 5
53 75 35 0 5
61 75 34 0 5
106 75 36 8 5
116 75 38 7 5
118 75 39 0 5
126 75 28 14 5
127 75 34 0 5
75 80 33 14 5
75 85 34 2 5
75 87 34 1 5
75 88 29 5 5
75 93 34 7 5
76 8 30 0 5
15 76 29 0 5
17 76 32 3 5
20 76 40 5 5
30 76 29 0 5
35 76 37 7 5
53 76 30 0 5
61 76 29 0 5
117 76 66 17 5
127 76 29 0 5
76 91 31 3 5
76 94 26 6 5
77 8 13 0 5
15 77 12 0 5
16 77 24 1 5
17 77 21 0 5
30 77 12 0 5
41 77 14 0 5
43 77 22 4 5
45 77 23 3 5
50 77 29 5 5
53 77 13 0 5
61 77 12 0 5
65 77 25 3 5
111 77 23 0 5
118 77 7 5 5
123 77 18 2 5
127 77 12 0 5
128 77 23 0 5
77 85 16 0 5
77 87 14 0 5
77 88 17 0 5
77 91 20 0 5
77 94 21 0 5
3 78 61 26 5
79 8 36 0 5
15 79 35 0 5
30 79 35 0 5
41 79 37 0 5
53 79 36 0 5
61 79 35 0 5
106 79 33 10 5
113 79 35 10 5
116 79 43 5 5
118 79 40 0 5
127 79 35 0 5
128 79 36 5 5
79 82 36 8 5
79 85 33 3 5
79 87 37 0 5
79 88 30 5 5
8 80 28 0 5
15 80 27 0 5
30 80 27 0 5
41 80 29 0 5
53 80 28 0 5
61 80 27 0 5
69 80 33 11 5
70 80 31 5 5
106 80 29 8 5
116 80 31 7 5
126 80 31 9 5
127 80 27 0 5
80 85 27 2 5
80 87 25 2 5
80 88 28 2 5
80 91 33 1 5
80 93 33 4 5
6 81 24 19 5
8 81 32 0 5
15 81 31 0 5
17 81 34 3 5
30 81 31 0 5
41 81 33 0 5
45 81 36 6 5
53 81 32 0 5
61 81 31 0 5
70 81 37 4 5
102 81 28 9 5
106 81 27 11 5
111 81 36 3 5
118 81 36 0 5
127 81 31 0 5
128 81 34 4 5
81 82 36 6 5
81 85 33 1 5
81 87 33 0 5
81 88 26 5 5
8 82 18 0 5
15 82 17 0 5
16 82 21 5 5
17 82 20 3 5
30 82 17 0 5
41 82 19 0 5
53 82 18 0 5
61 82 17 0 5
113 82 31 3 5
118 82 22 0 5
123 82 27 0 5
127 82 17 0 5
128 82 16 6 5
82 85 21 0 5
82 87 19 0 5
82 88 22 0 5
82 91 25 0 5
82 94 24 1 5
24 83 52 5 5
26 83 52 9 5
35 83 47 10 5
67 83 51 9 5
83 94 46 4 5
8 85 5 0 5
15 85 4 0 5
17 85 13 0 5
24 85 19 1 5
30 85 4 0 5
41 85 6 0 5
53 85 5 0 5
61 85 4 0 5
77 85 16 0 5
106 85 16 3 5
111 85 15 0 5
116 85 16 3 5
118 85 9 0 5
123 85 14 0 5
127 85 4 0 5
128 85 15 0 5
85 87 6 0 5
85 88 9 0 5
85 91 12 0 5
85 94 13 0 5
17 86 46 4 5
20 86 44 11 5
118 86 46 2 5
8 87 3 0 5
15 87 2 0 5
17 87 11 0 5
30 87 2 0 5
41 87 4 0 5
53 87 3 0 5
61 87 2 0 5
65 87 19 1 5
70 87 14 1 5
77 87 14 0 5
80 87 25 2 5
85 87 6 0 5
111 87 13 0 5
118 87 7 0 5
123 87 12 0 5
126 87 22 1 5
127 87 2 0 5
128 87 13 0 5
87 88 7 0 5
87 91 10 0 5
87 94 11 0 5
8 88 6 0 5
15 88 5 0 5
16 88 19 0 5
17 88 14 0 5
30 88 5 0 5
41 88 7 0 5
45 88 16 3 5
53 88 6 0 5
61 88 5 0 5
70 88 19 0 5
77 88 17 0 5
85 88 9 0 5
87 88 7 0 5
102 88 16 2 5
106 88 13 5 5
111 88 14 1 5
116 88 19 2 5
118 88 10 0 5
123 88 15 0 5
127 88 5 0 5
128 88 16 0 5
88 91 13 0 5
88 93 19 0 5
88 94 14 0 5
8 89 30 0 5
15 89 29 0 5
30 89 29 0 5
41 89 29 1 5
45 89 30 8 5
53 89 30 0 5
61 89 29 0 5
85 89 33 0 5
87 89 31 0 5
88 89 28 3 5
102 89 24 10 5
106 89 29 9 5
111 89 32 4 5
116 89 27 10 5
118 89 34 0 5
127 89 29 0 5
8 91 9 0 5
15 91 8 0 5
17 91 15 1 5
20 91 21 4 5
24 91 23 1 5
30 91 8 0 5
41 91 10 0 5
53 91 9 0 5
56 91 29 4 5
61 91 8 0 5
69 91 30 3 5
70 91 20 1 5
76 91 31 3 5
85 91 12 0 5
87 91 10 0 5
88 91 13 0 5
111 91 19 0 5
118 91 13 0 5
123 91 18 0 5
127 91 8 0 5
128 91 19 0 5
91 93 20 1 5
91 94 17 0 5
55 92 40 15 5
92 93 46 6 5
8 93 15 0 5
15 93 14 0 5
27 93 29 6 5
30 93 14 0 5
41 93 16 0 5
53 93 15 0 5
55 93 28 6 5
61 93 14 0 5
69 93 32 5 5
75 93 34 7 5
85 93 18 0 5
87 93 16 0 5
88 93 19 0 5
91 93 20 1 5
118 93 19 0 5
127 93 14 0 5
128 93 23 1 5
8 94 10 0 5
15 94 9 0 5
16 94 23 0 5
17 94 18 0 5
24 94 24 1 5
30 94 9 0 5
35 94 23 4 5
41 94 11 0 5
53 94 10 0 5
61 94 9 0 5
70 94 23 0 5
76 94 26 6 5
77 94 21 0 5
82 94 24 1 5
85 94 13 0 5
87 94 11 0 5
88 94 14 0 5
91 94 17 0 5
93 94 23 0 5
111 94 20 0 5
118 94 14 0 5
123 94 19 0 5
127 94 9 0 5
128 94 20 0 5
7 95 39 5 5
8 95 25 0 5
15 95 24 0 5
30 95 24 0 5
35 95 38 4 5
39 95 39 7 5
41 95 26 0 5
53 95 25 0 5
61 95 24 0 5
63 95 52 12 5
64 95 26 7 5
67 95 38 5 5
85 95 28 0 5
87 95 26 0 5
123 95 32 1 5
127 95 24 0 5
11 96 52 11 5
79 96 46 20 5
85 96 49 3 5
88 96 50 3 5
91 96 51 4 5
113 96 41 15 5
128 96 52 5 5
17 97 57 5 5
64 97 60 7 5
2 98 60 7 5
8 98 47 1 5
94 98 45 6 5
41 99 55 2 5
93 99 53 9 5
100 41 57 1 5
100 115 49 17 5
100 116 51 12 5
101 3 49 17 5
101 16 45 5 5
101 17 44 3 5
101 20 46 8 5
101 82 38 10 5
101 113 47 7 5
101 123 45 3 5
101 128 42 5 5
102 8 16 0 5
102 15 15 0 5
102 17 24 0 5
102 24 22 5 5
102 30 15 0 5
102 41 15 1 5
102 45 22 5 5
102 53 16 0 5
102 61 15 0 5
102 64 27 2 5
102 70 27 1 5
102 77 27 0 5
102 85 19 0 5
102 87 17 0 5
102 88 16 2 5
102 91 23 0 5
102 94 24 0 5
102 106 17 8 5
102 111 22 2 5
102 116 23 5 5
102 118 20 0 5
102 123 25 0 5
102 127 15 0 5
102 128 26 0 5
103 55 70 19 5
103 77 72 11 5
104 20 50 9 5
104 64 49 7 5
104 91 47 4 5
105 8 41 0 5
105 15 40 0 5
105 30 40 0 5
105 46 38 17 5
105 48 31 26 5
105 53 41 0 5
105 61 40 0 5
105 85 42 1 5
105 87 40 1 5
105 91 42 3 5
105 123 36 7 5
105 126 38 12 5
105 127 40 0 5
106 8 19 0 5
106 11 23 9 5
106 15 18 0 5
106 17 27 0 5
106 30 18 0 5
106 41 16 2 5
106 45 25 5 5
106 53 19 0 5
106 61 18 0 5
106 70 28 2 5
106 77 30 0 5
106 85 16 3 5
106 87 20 0 5
106 88 13 5 5
106 91 26 0 5
106 94 27 0 5
102 106 17 8 5
106 111 23 3 5
106 116 22 7 5
106 118 23 0 5
106 123 28 0 5
106 127 18 0 5
106 128 29 0 5
108 8 29 0 5
108 11 37 7 5
108 15 28 0 5
108 30 28 0 5
108 41 30 0 5
108 45 35 5 5
108 53 29 0 5
108 61 28 0 5
108 70 34 4 5
108 85 30 1 5
108 87 30 0 5
108 88 27 3 5
102 108 31 6 5
106 108 24 11 5
108 111 35 2 5
108 116 32 7 5
108 127 28 0 5
109 94 54 5 5
109 129 50 12 5
111 8 12 0 5
111 15 11 0 5
111 24 24 2 5
111 30 11 0 5
111 41 9 2 5
111 53 12 0 5
111 61 11 0 5
111 64 25 1 5
111 70 23 1 5
111 85 15 0 5
111 87 13 0 5
111 88 14 1 5
111 89 32 4 5
102 111 22 2 5
106 111 23 3 5
111 115 29 4 5
111 116 23 3 5
111 118 16 0 5
111 127 11 0 5
112 8 30 0 5
112 15 29 0 5
112 30 29 0 5
112 31 52 14 5
112 41 31 0 5
112 53 30 0 5
112 60 39 5 5
112 61 29 0 5
112 71 41 16 5
112 85 33 0 5
112 87 31 0 5
112 127 29 0 5
113 8 21 0 5
113 15 20 0 5
113 27 37 5 5
113 30 20 0 5
113 41 22 0 5
113 53 21 0 5
113 61 20 0 5
113 82 31 3 5
113 85 24 0 5
113 87 22 0 5
113 88 25 0 5
113 91 28 0 5
113 118 25 0 5
113 123 24 3 5
113 127 20 0 5
113 128 23 4 5
114 17 50 9 5
114 128 60 5 5
115 8 27 0 5
115 15 26 0 5
115 17 35 0 5
115 24 25 9 5
115 30 26 0 5
115 41 24 2 5
115 45 31 6 5
115 53 27 0 5
115 61 26 0 5
115 70 34 3 5
115 85 24 3 5
115 87 28 0 5
115 88 25 3 5
115 91 34 0 5
115 94 35 0 5
102 115 25 8 5
106 115 18 13 5
111 115 29 4 5
115 116 22 11 5
115 118 31 0 5
115 123 36 0 5
115 127 26 0 5
115 128 35 1 5
116 8 19 0 5
116 15 18 0 5
116 17 27 0 5
116 24 27 4 5
116 30 18 0 5
116 41 18 1 5
116 53 19 0 5
116 61 18 0 5
116 64 30 2 5
116 70 30 1 5
116 85 16 3 5
116 87 20 0 5
116 88 19 2 5
116 91 26 0 5
116 93 30 1 5
116 94 27 0 5
102 116 23 5 5
106 116 22 7 5
111 116 23 3 5
115 116 22 11 5
116 118 23 0 5
116 123 28 0 5
116 127 18 0 5
116 128 29 0 5
117 76 66 17 5
118 8 6 0 5
118 15 5 0 5
118 16 17 1 5
118 17 14 0 5
118 30 5 0 5
118 41 7 0 5
118 43 17 3 5
118 45 16 3 5
118 53 6 0 5
118 61 5 0 5
118 65 22 1 5
118 70 19 0 5
118 77 7 5 5
118 85 9 0 5
118 87 7 0 5
118 88 10 0 5
118 91 13 0 5
118 93 19 0 5
118 94 14 0 5
102 118 20 0 5
111 118 16 0 5
118 123 15 0 5
118 127 5 0 5
118 128 16 0 5
119 35 38 13 5
119 64 44 7 5
119 83 53 17 5
119 94 47 2 5
119 129 47 7 5
116 120 56 14 5
121 4 26 12 5
121 8 23 0 5
121 15 22 0 5
121 30 22 0 5
121 41 24 0 5
121 53 23 0 5
121 55 34 7 5
121 61 22 0 5
121 69 34 8 5
121 70 32 2 5
121 85 26 0 5
121 87 24 0 5
121 88 27 0 5
121 93 32 2 5
118 121 27 0 5
121 126 30 7 5
121 127 22 0 5
112 122 53 15 5
123 8 11 0 5
123 15 10 0 5
123 16 20 2 5
123 17 19 0 5
123 26 27 4 5
123 30 10 0 5
123 41 12 0 5
123 46 28 7 5
123 53 11 0 5
123 61 10 0 5
123 65 21 4 5
123 77 18 2 5
123 85 14 0 5
123 87 12 0 5
123 88 15 0 5
123 91 18 0 5
123 94 19 0 5
113 123 24 3 5
118 123 15 0 5
123 127 10 0 5
12 124 85 27 5
125 8 40 0 5
125 15 39 0 5
125 24 34 11 5
125 30 39 0 5
125 41 37 2 5
125 45 42 7 5
125 53 40 0 5
125 61 39 0 5
125 85 37 3 5
125 87 39 1 5
125 88 38 3 5
125 91 41 3 5
125 93 43 5 5
102 125 40 7 5
106 125 39 9 5
116 125 43 7 5
125 127 39 0 5
126 8 23 0 5
126 15 22 0 5
126 30 22 0 5
126 41 24 0 5
126 53 23 0 5
126 61 22 0 5
126 70 30 3 5
126 75 28 14 5
126 85 24 1 5
126 87 22 1 5
126 88 27 0 5
126 93 30 3 5
118 126 27 0 5
121 126 30 7 5
126 127 22 0 5
128 8 12 0 5
128 15 11 0 5
128 16 23 1 5
128 17 20 0 5
128 30 11 0 5
128 41 13 0 5
128 53 12 0 5
128 61 11 0 5
128 82 16 6 5
128 85 15 0 5
128 87 13 0 5
128 88 16 0 5
128 91 19 0 5
128 93 23 1 5
128 94 20 0 5
113 128 23 4 5
118 128 16 0 5
127 128 11 0 5
129 8 20 0 5
129 15 19 0 5
129 30 19 0 5
129 41 21 0 5
129 53 20 0 5
129 60 31 4 5
129 61 19 0 5
129 64 31 2 5
129 85 21 1 5
129 87 21 0 5
129 88 22 1 5
11 129 34 4 5
106 129 31 3 5
109 129 50 12 5
121 129 33 4 5
127 129 19 0 5
130 27 42 8 5
130 29 57 9 5
130 40 54 7 5
130 82 36 6 5
130 94 34 3 5
113 130 41 5 5
126 130 39 7 5
128 130 34 4 5
