Res1 Res2 NSingle NDouble Method
16 8 15 0 5
17 8 10 0 5
16 17 19 2 5
17 20 16 7 5
24 7 30 6 5
24 39 28 9 5
41 8 3 0 5
16 41 16 0 5
17 41 11 0 5
24 41 15 2 5
24 45 28 3 5
26 45 28 7 5
43 45 31 2 5
47 48 36 17 5
45 50 26 9 5
53 8 2 0 5
16 53 13 1 5
17 53 10 0 5
26 53 24 1 5
41 53 3 0 5
43 57 34 10 5
2 60 36 5 5
47 62 34 11 5
64 8 17 0 5
24 64 27 3 5
35 64 28 5 5
41 64 16 1 5
16 65 21 6 5
26 65 26 9 5
45 65 30 3 5
46 65 33 9 5
53 65 18 1 5
56 65 32 8 5
64 67 28 6 5
1 68 49 10 5
12 68 45 7 5
70 8 15 0 5
41 70 16 0 5
65 70 23 5 5
69 70 32 5 5
60 71 46 9 5
35 76 37 7 5
77 8 13 0 5
16 77 24 1 5
41 77 14 0 5
43 77 22 4 5
45 77 23 3 5
50 77 29 5 5
53 77 13 0 5
65 77 25 3 5
70 80 31 5 5
6 81 24 19 5
16 82 21 5 5
17 82 20 3 5
8 85 5 0 5
17 85 13 0 5
24 85 19 1 5
41 85 6 0 5
53 85 5 0 5
77 85 16 0 5
8 87 3 0 5
17 87 11 0 5
41 87 4 0 5
53 87 3 0 5
65 87 19 1 5
70 87 14 1 5
77 87 14 0 5
80 87 25 2 5
85 87 6 0 5
8 88 6 0 5
16 88 19 0 5
17 88 14 0 5
41 88 7 0 5
45 88 16 3 5
53 88 6 0 5
70 88 19 0 5
77 88 17 0 5
85 88 9 0 5
87 88 7 0 5
8 91 9 0 5
17 91 15 1 5
20 91 21 4 5
24 91 23 1 5
41 91 10 0 5
53 91 9 0 5
56 91 29 4 5
69 91 30 3 5
70 91 20 1 5
76 91 31 3 5
85 91 12 0 5
87 91 10 0 5
88 91 13 0 5
8 93 15 0 5
27 93 29 6 5
41 93 16 0 5
55 93 28 6 5
69 93 32 5 5
75 93 34 7 5
88 93 19 0 5
91 93 20 1 5
8 94 10 0 5
16 94 23 0 5
17 94 18 0 5
24 94 24 1 5
35 94 23 4 5
41 94 11 0 5
53 94 10 0 5
76 94 26 6 5
77 94 21 0 5
82 94 24 1 5
85 94 13 0 5
87 94 11 0 5
88 94 14 0 5
91 94 17 0 5
7 95 39 5 5
39 95 39 7 5
63 95 52 12 5
64 95 26 7 5
67 95 38 5 5
102 8 16 0 5
102 24 22 5 5
102 41 15 1 5
102 45 22 5 5
102 64 27 2 5
102 88 16 2 5
105 48 31 26 5
106 11 23 9 5
106 41 16 2 5
106 45 25 5 5
106 85 16 3 5
106 88 13 5 5
102 106 17 8 5
111 8 12 0 5
111 24 24 2 5
111 41 9 2 5
111 53 12 0 5
111 64 25 1 5
111 70 23 1 5
111 85 15 0 5
111 87 13 0 5
111 88 14 1 5
111 89 32 4 5
102 111 22 2 5
106 111 23 3 5
112 31 52 14 5
112 60 39 5 5
112 71 41 16 5
113 27 37 5 5
113 82 31 3 5
115 24 25 9 5
111 115 29 4 5
116 24 27 4 5
116 41 18 1 5
116 64 30 2 5
116 85 16 3 5
116 88 19 2 5
102 116 23 5 5
106 116 22 7 5
111 116 23 3 5
115 116 22 11 5
117 76 66 17 5
118 8 6 0 5
118 16 17 1 5
118 17 14 0 5
118 41 7 0 5
118 43 17 3 5
118 45 16 3 5
118 53 6 0 5
118 65 22 1 5
118 70 19 0 5
118 77 7 5 5
118 85 9 0 5
118 87 7 0 5
118 88 10 0 5
118 91 13 0 5
118 93 19 0 5
118 94 14 0 5
102 118 20 0 5
111 118 16 0 5
121 4 26 12 5
121 55 34 7 5
123 8 11 0 5
123 16 20 2 5
123 17 19 0 5
123 26 27 4 5
123 41 12 0 5
123 46 28 7 5
123 53 11 0 5
123 65 21 4 5
123 77 18 2 5
123 85 14 0 5
123 87 12 0 5
123 88 15 0 5
123 91 18 0 5
123 94 19 0 5
113 123 24 3 5
118 123 15 0 5
126 75 28 14 5
126 87 22 1 5
121 126 30 7 5
128 8 12 0 5
128 16 23 1 5
128 17 20 0 5
128 41 13 0 5
128 53 12 0 5
128 82 16 6 5
128 85 15 0 5
128 87 13 0 5
128 88 16 0 5
128 91 19 0 5
128 93 23 1 5
128 94 20 0 5
113 128 23 4 5
118 128 16 0 5
129 60 31 4 5
109 129 50 12 5
