Res1 Res2 NSingle NDouble Method
6 7 74 99 2
19 65 77 82 2
26 27 68 103 2
26 27 68 103 2
34 35 66 115 2
34 35 66 115 2
142 45 49 158 2
45 97 58 147 2
122 49 34 183 2
123 49 25 189 2
151 49 21 198 2
191 49 31 184 2
53 68 33 181 2
123 55 25 190 2
112 58 20 219 2
184 58 15 228 2
58 66 21 221 2
58 66 21 221 2
112 66 23 216 2
151 66 19 214 2
184 66 16 226 2
187 66 24 215 2
53 68 33 181 2
146 76 56 118 2
123 79 29 185 2
58 96 29 212 2
184 96 28 215 2
104 112 23 213 2
104 184 24 219 2
112 58 20 219 2
104 112 23 213 2
112 151 24 209 2
112 187 11 219 2
114 55 30 189 2
115 58 29 211 2
115 66 26 211 2
104 120 30 202 2
122 49 34 183 2
122 123 21 191 2
122 128 29 189 2
123 49 25 189 2
123 55 25 190 2
123 79 29 185 2
122 123 21 191 2
123 128 26 192 2
112 124 33 197 2
122 128 29 189 2
123 128 26 192 2
133 55 32 183 2
142 45 49 158 2
143 171 41 167 2
146 76 56 118 2
151 49 21 198 2
151 66 19 214 2
112 151 24 209 2
151 191 26 195 2
153 64 54 150 2
124 157 42 178 2
184 58 15 228 2
184 66 16 226 2
104 184 24 219 2
112 184 23 220 2
187 66 24 215 2
112 187 11 219 2
151 187 29 206 2
188 79 42 175 2
191 49 31 184 2
151 191 26 195 2
135 195 54 151 2
146 200 68 104 2
