Res1 Res2 NSingle NDouble Method
18 7 0 6 2
21 7 0 6 2
18 21 0 6 2
31 37 2 11 2
25 41 2 7 2
17 45 0 5 2
44 48 0 4 2
28 49 2 11 2
13 51 2 6 2
30 53 0 7 2
55 56 2 20 2
17 57 1 4 2
45 57 1 4 2
17 62 1 4 2
45 62 1 4 2
43 64 0 4 2
32 65 2 8 2
30 69 0 7 2
53 69 0 7 2
12 74 2 4 2
32 77 3 8 2
65 77 3 8 2
72 78 2 9 2
17 81 0 5 2
45 81 0 5 2
57 81 1 4 2
62 81 1 4 2
76 88 2 9 2
31 93 0 12 2
37 93 2 11 2
19 94 4 6 2
60 95 4 6 2
43 96 0 4 2
64 96 0 4 2
19 98 4 6 2
94 98 4 6 2
17 99 0 5 2
45 99 0 5 2
57 99 1 4 2
62 99 1 4 2
81 99 0 5 2
102 20 5 15 2
104 13 2 6 2
104 51 0 7 2
108 19 3 7 2
108 94 5 6 2
108 98 5 6 2
106 109 0 4 2
110 32 2 8 2
110 65 0 9 2
110 77 3 8 2
112 87 0 7 2
113 30 0 7 2
113 53 0 7 2
113 69 0 7 2
116 72 2 9 2
116 78 2 9 2
117 17 1 4 2
117 45 1 4 2
117 62 0 4 2
117 81 1 4 2
117 99 1 4 2
118 24 5 14 2
119 43 0 4 2
119 64 0 4 2
119 96 0 4 2
120 22 0 9 2
123 44 0 4 2
123 48 0 4 2
125 9 0 4 2
126 37 3 11 2
