Res1 Res2 NSingle NDouble Method
1 126 8 6 5
16 3 12 6 5
27 3 12 6 5
3 37 8 3 5
3 55 8 3 5
3 63 10 3 5
3 88 12 6 5
107 6 10 9 5
114 6 10 9 5
60 8 17 4 5
123 8 10 1 5
8 80 10 1 5
10 26 8 5 5
10 113 7 5 5
10 126 7 5 5
100 15 7 2 5
15 73 6 6 5
16 19 11 7 5
10 19 11 5 5
19 37 9 3 5
19 56 9 5 5
22 8 13 2 5
22 80 9 4 5
25 54 11 7 5
25 74 11 4 5
25 83 11 4 5
10 26 8 5 5
118 26 8 0 5
26 41 8 0 5
26 61 8 0 5
26 82 8 0 5
26 94 8 0 5
16 27 8 10 5
19 27 11 7 5
27 37 10 4 5
27 55 10 4 5
15 29 8 5 5
33 37 7 3 5
33 37 7 3 5
127 37 3 1 5
37 55 2 3 5
104 39 7 7 5
107 39 7 8 5
114 39 7 8 5
115 39 8 6 5
43 69 13 5 5
43 85 13 5 5
33 44 9 5 5
44 54 9 7 5
44 88 8 8 5
26 48 11 6 5
41 53 3 0 5
100 53 2 2 5
105 53 6 3 5
107 53 6 3 5
111 53 5 3 5
114 53 6 3 5
117 53 3 3 5
118 53 3 0 5
127 53 4 0 5
53 61 3 0 5
53 82 3 0 5
53 94 3 0 5
25 54 11 7 5
33 54 12 5 5
44 54 9 7 5
37 55 2 3 5
41 55 4 0 5
118 55 4 0 5
127 55 3 1 5
55 61 4 0 5
55 63 6 2 5
55 82 4 0 5
55 94 4 0 5
19 56 9 5 5
56 90 9 3 5
44 59 16 8 5
123 60 15 5 5
55 63 6 2 5
115 64 10 5 5
120 64 10 5 5
15 67 8 6 5
103 67 8 7 5
67 73 8 7 5
67 83 9 5 5
69 75 6 5 5
69 83 4 6 5
69 85 6 6 5
117 72 13 5 5
15 73 6 6 5
73 83 7 5 5
115 74 7 3 5
120 74 7 3 5
74 75 6 4 5
74 83 6 4 5
74 87 5 5 5
69 75 6 5 5
74 75 6 4 5
101 75 6 4 5
117 75 7 3 5
120 75 7 3 5
75 98 7 2 5
15 80 10 2 5
22 80 9 4 5
80 83 9 2 5
69 83 4 6 5
74 83 6 4 5
103 83 5 6 5
83 85 4 6 5
84 91 3 16 5
69 85 6 6 5
83 85 4 6 5
103 85 7 6 5
121 86 14 7 5
74 87 5 5 5
104 87 5 5 5
107 87 5 6 5
110 87 5 6 5
114 87 5 6 5
115 87 2 6 5
120 87 4 5 5
87 98 6 3 5
87 99 5 6 5
33 88 11 6 5
44 88 8 8 5
113 90 8 3 5
117 90 7 3 5
126 90 8 3 5
84 91 3 16 5
91 93 4 16 5
69 97 6 8 5
75 97 8 6 5
113 97 8 6 5
100 98 5 1 5
105 98 5 4 5
110 98 5 4 5
120 98 2 4 5
98 99 5 4 5
87 99 5 6 5
98 99 5 4 5
101 99 4 6 5
104 99 4 6 5
105 99 2 8 5
107 99 2 8 5
110 99 0 9 5
111 99 3 7 5
113 99 4 6 5
114 99 2 8 5
115 99 3 6 5
120 99 3 6 5
126 99 4 6 5
100 41 3 0 5
100 53 2 2 5
100 61 3 0 5
100 82 3 0 5
100 94 3 0 5
100 98 5 1 5
100 101 4 3 5
100 104 4 3 5
100 115 5 2 5
100 117 5 2 5
100 118 3 0 5
100 127 4 0 5
101 53 6 2 5
101 75 6 4 5
101 98 5 3 5
101 99 4 6 5
100 101 4 3 5
101 104 4 5 5
101 105 4 6 5
101 107 4 6 5
101 110 4 6 5
101 111 5 5 5
101 114 4 6 5
101 115 5 4 5
101 117 3 5 5
101 120 5 4 5
101 126 6 4 5
102 124 18 5 5
103 83 5 6 5
103 85 7 6 5
104 53 6 2 5
104 87 5 5 5
100 104 4 3 5
101 104 4 5 5
104 107 2 7 5
104 111 3 6 5
104 114 2 7 5
104 115 3 5 5
104 117 5 4 5
104 120 5 4 5
104 126 4 5 5
105 53 6 3 5
105 98 5 4 5
105 99 2 8 5
100 105 6 3 5
101 105 4 6 5
104 105 4 6 5
105 107 2 8 5
105 110 2 8 5
105 111 3 7 5
105 113 6 5 5
105 114 2 8 5
105 115 5 5 5
105 117 5 5 5
105 120 5 5 5
105 126 4 6 5
104 106 10 3 5
106 113 10 3 5
106 124 9 5 5
106 126 10 3 5
107 53 6 3 5
107 98 7 3 5
107 99 2 8 5
100 107 6 3 5
101 107 4 6 5
104 107 2 7 5
105 107 2 8 5
107 110 2 8 5
107 111 3 7 5
107 113 4 6 5
107 114 0 9 5
107 115 3 6 5
107 117 5 5 5
107 120 5 5 5
107 126 2 7 5
109 99 6 8 5
105 109 6 8 5
107 109 6 8 5
109 110 6 8 5
109 114 6 8 5
109 120 7 6 5
110 87 5 6 5
110 98 5 4 5
110 99 0 9 5
101 110 4 6 5
104 110 4 6 5
105 110 2 8 5
107 110 2 8 5
110 111 3 7 5
110 113 4 6 5
110 114 2 8 5
110 115 3 6 5
110 117 5 5 5
110 120 3 6 5
110 126 4 6 5
111 53 5 3 5
100 111 7 2 5
101 111 5 5 5
104 111 3 6 5
111 113 5 5 5
111 117 2 6 5
111 126 3 6 5
102 112 16 10 5
113 99 4 6 5
107 113 4 6 5
110 113 4 6 5
111 113 5 5 5
113 114 4 6 5
113 126 2 6 5
114 53 6 3 5
114 87 5 6 5
114 99 2 8 5
100 114 6 3 5
101 114 4 6 5
105 114 2 8 5
107 114 0 9 5
110 114 2 8 5
113 114 4 6 5
114 115 3 6 5
114 117 5 5 5
114 120 5 5 5
115 87 2 6 5
115 98 4 3 5
115 99 3 6 5
100 115 5 2 5
101 115 5 4 5
104 115 3 5 5
107 115 3 6 5
110 115 3 6 5
111 115 6 4 5
113 115 5 4 5
114 115 3 6 5
115 120 2 5 5
115 126 5 4 5
117 53 3 3 5
100 117 5 2 5
101 117 3 5 5
104 117 5 4 5
111 117 2 6 5
117 126 5 4 5
120 41 6 0 5
120 61 6 0 5
120 82 6 0 5
120 87 4 5 5
120 94 6 0 5
120 98 2 4 5
120 99 3 6 5
100 120 7 1 5
101 120 5 4 5
104 120 5 4 5
105 120 5 5 5
107 120 5 5 5
110 120 3 6 5
113 120 5 4 5
114 120 5 5 5
115 120 2 5 5
118 120 6 0 5
120 126 5 4 5
120 127 7 0 5
122 124 18 7 5
106 124 9 5 5
126 41 7 0 5
126 53 6 2 5
126 61 7 0 5
126 82 7 0 5
126 94 7 0 5
126 98 7 2 5
126 99 4 6 5
100 126 8 1 5
104 126 4 5 5
105 126 4 6 5
107 126 2 7 5
110 126 4 6 5
111 126 3 6 5
113 126 2 6 5
114 126 2 7 5
115 126 5 4 5
117 126 5 4 5
118 126 7 0 5
120 126 5 4 5
127 33 8 1 5
127 37 3 1 5
127 41 1 0 5
127 53 4 0 5
127 55 3 1 5
127 61 1 0 5
127 82 1 0 5
127 94 1 0 5
127 98 5 0 5
100 127 4 0 5
118 127 1 0 5
