Res1 Res2 NSingle NDouble Method
1 53 13 3 5
1 90 14 6 5
1 99 15 6 5
1 101 16 5 5
1 107 16 6 5
1 110 14 6 5
1 111 14 5 5
1 113 15 4 5
1 114 17 6 5
1 115 14 4 5
1 117 15 4 5
1 126 16 5 5
114 2 21 11 5
16 3 18 8 5
127 3 15 1 5
3 37 14 3 5
3 55 12 5 5
3 63 14 5 5
3 88 19 10 5
100 6 26 5 5
107 6 21 11 5
114 6 20 12 5
25 8 17 3 5
41 8 7 0 5
60 8 22 4 5
61 8 7 0 5
102 8 24 3 5
118 8 7 0 5
123 8 12 1 5
127 8 8 0 5
8 80 13 1 5
8 82 7 0 5
8 94 7 0 5
20 9 19 11 5
113 9 22 5 5
9 99 22 7 5
10 99 15 6 5
10 104 14 7 5
10 115 14 4 5
10 120 13 5 5
10 126 12 7 5
11 110 19 6 5
11 111 19 5 5
11 114 20 7 5
110 12 22 8 5
13 75 19 10 5
13 87 22 7 5
100 15 14 2 5
115 15 15 2 5
15 29 12 8 5
15 49 15 11 5
15 73 13 7 5
16 3 18 8 5
16 19 20 6 5
16 37 16 3 5
16 55 12 6 5
16 63 16 5 5
101 18 20 6 5
117 18 19 5 5
126 18 18 7 5
1 19 18 6 5
10 19 20 5 5
19 26 16 5 5
19 30 14 3 5
19 55 16 2 5
19 56 14 5 5
19 90 14 5 5
20 9 19 11 5
10 20 18 7 5
20 26 16 6 5
20 29 17 7 5
22 8 22 2 5
22 28 30 9 5
22 56 23 3 5
22 80 15 6 5
25 8 17 3 5
12 25 28 8 5
25 54 23 5 5
10 26 16 6 5
19 26 16 5 5
20 26 16 6 5
26 27 18 7 5
26 30 14 2 5
26 48 20 9 5
26 56 14 4 5
26 90 16 3 5
26 27 18 7 5
27 44 20 5 5
22 28 30 9 5
28 80 25 6 5
15 29 12 8 5
20 29 17 7 5
29 73 17 6 5
26 30 14 2 5
118 30 6 0 5
30 41 6 0 5
30 44 12 2 5
30 61 6 0 5
30 82 6 0 5
30 94 6 0 5
120 33 12 3 5
127 33 10 1 5
33 37 11 2 5
33 44 13 4 5
33 55 13 2 5
33 74 15 4 5
100 36 18 5 5
101 36 17 8 5
3 37 14 3 5
16 37 16 3 5
33 37 11 2 5
118 37 4 0 5
127 37 5 0 5
37 41 4 0 5
37 55 6 2 5
37 61 4 0 5
37 63 10 1 5
37 76 22 4 5
37 82 4 0 5
37 94 4 0 5
100 39 19 5 5
104 39 12 12 5
111 39 20 6 5
115 39 18 6 5
120 39 19 6 5
117 40 21 5 5
43 98 20 4 5
30 44 12 2 5
33 44 13 4 5
37 44 12 1 5
127 44 9 1 5
44 54 15 6 5
44 55 12 2 5
44 63 14 2 5
128 45 39 28 5
46 67 19 12 5
100 47 17 5 5
26 48 20 9 5
15 49 15 11 5
100 49 19 5 5
49 52 16 16 5
37 53 7 0 5
41 53 3 0 5
100 53 4 2 5
101 53 9 2 5
107 53 9 3 5
110 53 9 2 5
111 53 5 3 5
114 53 10 3 5
115 53 7 1 5
117 53 4 3 5
118 53 3 0 5
127 53 4 0 5
53 61 3 0 5
53 82 3 0 5
53 87 10 1 5
53 94 3 0 5
53 99 10 2 5
33 54 18 5 5
44 54 15 6 5
54 69 17 7 5
54 73 21 5 5
54 74 15 7 5
54 75 19 5 5
54 83 15 7 5
3 55 12 5 5
16 55 12 6 5
37 55 6 2 5
41 55 6 0 5
44 55 12 2 5
118 55 6 0 5
127 55 5 1 5
55 61 6 0 5
55 63 8 3 5
55 82 6 0 5
55 88 19 5 5
55 94 6 0 5
19 56 14 5 5
26 56 14 4 5
44 56 16 2 5
116 56 27 7 5
56 90 14 3 5
104 57 33 7 5
112 57 31 15 5
126 57 31 7 5
27 58 23 19 5
44 59 25 7 5
59 88 30 11 5
60 8 22 4 5
123 60 20 5 5
3 63 14 5 5
16 63 16 5 5
37 63 10 1 5
44 63 14 2 5
55 63 8 3 5
111 63 12 2 5
126 63 14 2 5
63 87 13 2 5
104 64 18 8 5
110 64 20 6 5
120 64 17 6 5
126 64 18 7 5
64 99 19 7 5
53 66 18 3 5
101 66 17 7 5
117 66 16 6 5
15 67 14 10 5
49 67 15 15 5
103 67 18 8 5
67 83 17 8 5
19 68 29 6 5
41 69 14 0 5
61 69 14 0 5
118 69 14 0 5
69 74 12 7 5
69 75 10 8 5
69 82 14 0 5
69 83 10 8 5
69 85 14 5 5
69 94 14 0 5
69 97 12 10 5
69 98 13 3 5
19 70 27 6 5
105 72 18 8 5
107 72 17 7 5
109 72 19 10 5
110 72 19 5 5
111 72 15 6 5
113 72 18 4 5
114 72 20 6 5
72 97 21 8 5
72 99 20 5 5
15 73 13 7 5
100 73 15 2 5
73 74 16 5 5
73 75 16 5 5
73 83 12 7 5
73 87 13 5 5
41 74 12 0 5
61 74 12 0 5
69 74 12 7 5
104 74 14 5 5
113 74 15 2 5
115 74 14 2 5
118 74 12 0 5
126 74 12 5 5
74 75 12 6 5
74 82 12 0 5
74 83 10 7 5
74 87 11 5 5
74 94 12 0 5
74 99 13 5 5
69 75 10 8 5
74 75 12 6 5
101 75 14 4 5
113 75 13 3 5
115 75 14 2 5
117 75 11 4 5
126 75 14 4 5
75 83 14 5 5
75 85 12 5 5
75 87 11 5 5
75 98 11 3 5
100 76 21 5 5
101 76 20 8 5
104 76 18 10 5
53 77 18 2 5
100 77 14 5 5
101 77 17 6 5
104 77 15 8 5
115 77 13 6 5
77 87 18 5 5
53 78 17 3 5
111 78 14 7 5
117 78 17 5 5
78 87 17 6 5
102 79 57 21 5
8 80 13 1 5
15 80 17 2 5
22 80 15 6 5
28 80 25 6 5
41 80 8 0 5
61 80 8 0 5
69 80 18 2 5
103 80 17 2 5
118 80 8 0 5
127 80 9 0 5
80 82 8 0 5
80 94 8 0 5
117 81 22 6 5
69 83 10 8 5
73 83 12 7 5
74 83 10 7 5
75 83 14 5 5
103 83 11 7 5
83 85 12 5 5
69 85 14 5 5
75 85 12 5 5
83 85 12 5 5
103 85 13 5 5
121 86 26 13 5
53 87 10 1 5
73 87 13 5 5
74 87 11 5 5
75 87 11 5 5
100 87 10 2 5
104 87 11 5 5
107 87 11 5 5
110 87 11 4 5
111 87 9 4 5
113 87 12 2 5
115 87 5 5 5
117 87 12 2 5
120 87 8 4 5
87 98 10 2 5
87 99 12 4 5
3 88 19 10 5
33 88 20 7 5
44 88 19 7 5
55 88 19 5 5
127 88 22 1 5
100 89 21 5 5
105 89 15 13 5
1 90 14 6 5
10 90 16 5 5
19 90 14 5 5
113 90 13 2 5
117 90 11 3 5
78 91 14 15 5
91 93 10 21 5
91 93 10 21 5
74 95 25 5 5
83 95 23 6 5
75 97 12 9 5
85 97 14 7 5
101 97 16 6 5
107 97 16 7 5
110 97 16 6 5
111 97 16 5 5
117 97 15 5 5
126 97 16 6 5
97 98 17 3 5
41 98 5 0 5
61 98 5 0 5
75 98 11 3 5
82 98 5 0 5
94 98 5 0 5
100 98 8 1 5
110 98 9 3 5
111 98 11 1 5
113 98 8 2 5
115 98 5 3 5
117 98 10 1 5
118 98 5 0 5
120 98 6 3 5
127 98 6 0 5
98 99 10 3 5
53 99 10 2 5
98 99 10 3 5
100 99 12 2 5
101 99 11 5 5
110 99 3 9 5
111 99 9 5 5
113 99 10 4 5
114 99 8 8 5
115 99 9 4 5
117 99 12 3 5
120 99 8 5 5
100 41 5 0 5
100 53 4 2 5
100 61 5 0 5
100 82 5 0 5
100 87 10 2 5
100 94 5 0 5
100 98 8 1 5
100 101 5 5 5
100 111 9 2 5
100 115 7 2 5
100 117 8 2 5
100 118 5 0 5
100 120 10 1 5
100 127 6 0 5
101 53 9 2 5
101 87 13 3 5
101 98 11 2 5
101 99 11 5 5
100 101 5 5 5
101 104 6 8 5
101 105 9 8 5
101 107 8 7 5
101 110 10 5 5
101 111 12 3 5
101 113 13 2 5
101 114 9 7 5
101 115 10 3 5
101 117 7 5 5
101 120 11 3 5
101 126 10 5 5
102 8 24 3 5
102 124 26 5 5
103 69 15 6 5
103 73 15 6 5
103 83 11 7 5
103 85 13 5 5
103 87 16 3 5
104 53 11 2 5
104 98 13 2 5
104 99 9 7 5
100 104 7 5 5
101 104 6 8 5
104 107 8 8 5
104 110 10 6 5
104 113 13 3 5
104 114 7 9 5
104 115 8 5 5
104 117 9 5 5
104 120 9 5 5
104 126 6 8 5
105 53 12 3 5
105 98 12 4 5
105 99 10 8 5
100 105 10 5 5
101 105 9 8 5
104 105 11 8 5
105 107 5 11 5
105 110 11 7 5
105 111 9 7 5
105 113 14 4 5
105 114 8 10 5
105 115 13 4 5
105 120 14 4 5
105 126 13 6 5
106 98 14 1 5
104 106 17 3 5
106 113 14 2 5
106 115 13 2 5
106 124 12 6 5
106 126 15 3 5
107 53 9 3 5
107 98 13 2 5
107 99 9 7 5
100 107 7 5 5
101 107 8 7 5
104 107 8 8 5
105 107 5 11 5
107 110 8 7 5
107 111 6 7 5
107 113 9 5 5
107 114 3 11 5
107 115 10 4 5
107 117 11 4 5
107 120 13 3 5
107 126 10 6 5
109 87 19 5 5
109 98 15 5 5
109 99 13 9 5
100 109 19 3 5
101 109 14 8 5
104 109 12 10 5
107 109 14 9 5
109 110 14 8 5
109 111 16 6 5
109 113 15 6 5
109 114 13 10 5
109 115 16 5 5
109 117 17 5 5
109 126 12 9 5
110 41 10 0 5
110 53 9 2 5
110 61 10 0 5
110 82 10 0 5
110 87 11 4 5
110 94 10 0 5
110 98 9 3 5
110 99 3 9 5
100 110 11 2 5
101 110 10 5 5
105 110 11 7 5
107 110 8 7 5
110 111 8 5 5
110 113 9 4 5
110 114 5 9 5
110 115 8 4 5
110 117 11 3 5
110 118 10 0 5
110 120 5 6 5
110 126 8 6 5
111 41 8 0 5
111 53 5 3 5
111 61 8 0 5
111 63 12 2 5
111 82 8 0 5
111 87 9 4 5
111 94 8 0 5
111 98 11 1 5
111 99 9 5 5
100 111 9 2 5
104 111 10 5 5
105 111 9 7 5
107 111 6 7 5
110 111 8 5 5
111 113 9 3 5
111 114 9 6 5
111 115 8 3 5
111 117 5 5 5
111 118 8 0 5
111 120 11 2 5
111 126 10 4 5
111 127 9 0 5
113 41 7 0 5
113 61 7 0 5
113 82 7 0 5
113 94 7 0 5
113 98 8 2 5
113 99 10 4 5
107 113 9 5 5
110 113 9 4 5
111 113 9 3 5
113 114 10 5 5
113 115 7 3 5
113 118 7 0 5
113 120 10 2 5
113 126 9 4 5
113 127 8 0 5
114 53 10 3 5
114 98 12 3 5
114 99 8 8 5
100 114 8 5 5
104 114 7 9 5
105 114 8 10 5
107 114 3 11 5
110 114 5 9 5
111 114 9 6 5
113 114 10 5 5
114 115 11 4 5
114 117 12 4 5
114 120 10 5 5
115 41 6 0 5
115 53 7 1 5
115 61 6 0 5
115 82 6 0 5
115 87 5 5 5
115 94 6 0 5
115 98 5 3 5
115 99 9 4 5
100 115 7 2 5
101 115 10 3 5
104 115 8 5 5
110 115 8 4 5
111 115 8 3 5
113 115 7 3 5
115 117 9 2 5
115 118 6 0 5
115 120 5 4 5
115 126 10 3 5
115 127 7 0 5
116 19 29 8 5
116 26 27 8 5
116 56 27 7 5
117 41 7 0 5
117 53 4 3 5
117 61 7 0 5
117 82 7 0 5
117 90 11 3 5
117 94 7 0 5
117 98 10 1 5
100 117 8 2 5
101 117 7 5 5
104 117 9 5 5
110 117 11 3 5
111 117 5 5 5
113 117 12 1 5
115 117 9 2 5
117 118 7 0 5
117 120 12 1 5
117 126 9 4 5
117 127 8 0 5
120 41 7 0 5
120 61 7 0 5
120 82 7 0 5
120 87 8 4 5
120 94 7 0 5
120 98 6 3 5
120 99 8 5 5
100 120 10 1 5
101 120 11 3 5
104 120 9 5 5
110 120 5 6 5
111 120 11 2 5
113 120 10 2 5
114 120 10 5 5
115 120 5 4 5
117 120 12 1 5
118 120 7 0 5
120 126 9 4 5
120 127 8 0 5
102 122 34 12 5
122 124 32 8 5
123 8 12 1 5
123 41 7 0 5
123 60 20 5 5
123 61 7 0 5
123 82 7 0 5
123 94 7 0 5
118 123 7 0 5
106 124 12 6 5
126 41 10 0 5
126 53 11 1 5
126 61 10 0 5
126 82 10 0 5
126 94 10 0 5
126 98 11 2 5
126 99 7 7 5
100 126 13 1 5
101 126 10 5 5
104 126 6 8 5
107 126 10 6 5
110 126 8 6 5
111 126 10 4 5
113 126 9 4 5
114 126 9 7 5
115 126 10 3 5
117 126 9 4 5
118 126 10 0 5
120 126 9 4 5
127 33 10 1 5
127 37 5 0 5
127 41 1 0 5
127 44 9 1 5
127 53 4 0 5
127 55 5 1 5
127 61 1 0 5
127 82 1 0 5
127 94 1 0 5
118 127 1 0 5
