Res1 Res2 NSingle NDouble Method
10 26 8 5 5
33 37 7 3 5
25 54 11 7 5
44 54 9 7 5
37 55 2 3 5
19 56 9 5 5
55 63 6 2 5
15 73 6 6 5
69 75 6 5 5
74 75 6 4 5
22 80 9 4 5
69 83 4 6 5
74 83 6 4 5
69 85 6 6 5
83 85 4 6 5
74 87 5 5 5
44 88 8 8 5
84 91 3 16 5
87 99 5 6 5
98 99 5 4 5
100 53 2 2 5
100 98 5 1 5
101 75 6 4 5
101 99 4 6 5
100 101 4 3 5
103 83 5 6 5
103 85 7 6 5
104 87 5 5 5
100 104 4 3 5
101 104 4 5 5
105 53 6 3 5
105 98 5 4 5
105 99 2 8 5
101 105 4 6 5
107 53 6 3 5
107 99 2 8 5
101 107 4 6 5
104 107 2 7 5
105 107 2 8 5
110 87 5 6 5
110 98 5 4 5
110 99 0 9 5
101 110 4 6 5
105 110 2 8 5
107 110 2 8 5
111 53 5 3 5
101 111 5 5 5
104 111 3 6 5
113 99 4 6 5
107 113 4 6 5
110 113 4 6 5
111 113 5 5 5
114 53 6 3 5
114 87 5 6 5
114 99 2 8 5
101 114 4 6 5
105 114 2 8 5
107 114 0 9 5
110 114 2 8 5
113 114 4 6 5
115 87 2 6 5
115 99 3 6 5
100 115 5 2 5
101 115 5 4 5
104 115 3 5 5
107 115 3 6 5
110 115 3 6 5
114 115 3 6 5
117 53 3 3 5
100 117 5 2 5
101 117 3 5 5
104 117 5 4 5
111 117 2 6 5
120 87 4 5 5
120 98 2 4 5
120 99 3 6 5
101 120 5 4 5
104 120 5 4 5
105 120 5 5 5
107 120 5 5 5
110 120 3 6 5
114 120 5 5 5
115 120 2 5 5
106 124 9 5 5
126 99 4 6 5
104 126 4 5 5
105 126 4 6 5
107 126 2 7 5
110 126 4 6 5
111 126 3 6 5
113 126 2 6 5
115 126 5 4 5
117 126 5 4 5
120 126 5 4 5
127 37 3 1 5
127 53 4 0 5
127 55 3 1 5
100 127 4 0 5
