Res1 Res2 NSingle NDouble Method
3 74 7 9 5
3 77 11 9 5
107 4 6 3 5
4 71 2 7 5
4 80 8 1 5
19 7 6 3 5
107 7 4 4 5
7 90 1 7 5
80 9 8 1 5
10 7 3 7 5
10 79 3 7 5
10 121 3 7 5
12 86 18 6 5
12 88 17 5 5
12 97 18 8 5
13 80 6 1 5
13 89 3 4 5
108 14 8 5 5
109 14 7 5 5
14 92 8 5 5
16 58 1 9 5
17 80 9 1 5
107 19 6 1 5
19 80 4 1 5
19 99 6 1 5
130 20 21 8 5
20 41 19 4 5
107 21 6 4 5
22 74 13 7 5
24 33 11 4 5
122 26 16 6 5
26 30 10 4 5
26 48 14 5 5
27 86 11 10 5
28 6 14 2 5
126 29 5 5 5
29 80 6 2 5
29 90 5 5 5
26 30 10 4 5
30 88 12 3 5
31 80 8 1 5
32 80 9 1 5
24 33 11 4 5
33 99 9 2 5
36 73 29 5 5
36 82 9 1 5
101 38 13 8 5
38 80 9 1 5
38 94 10 1 5
33 39 28 7 5
40 7 3 7 5
105 40 3 7 5
107 40 5 4 5
40 58 1 9 5
43 80 9 1 5
107 45 6 4 5
45 80 8 2 5
32 46 8 4 5
40 46 8 4 5
46 80 7 1 5
47 80 9 1 5
26 48 14 5 5
122 48 16 7 5
48 88 12 6 5
19 49 7 2 5
107 49 7 2 5
49 80 7 1 5
33 52 17 4 5
41 52 15 5 5
44 52 22 7 5
55 78 2 8 5
55 80 7 2 5
19 56 6 3 5
107 56 6 3 5
56 80 6 2 5
3 57 14 8 5
57 61 15 1 5
57 74 13 7 5
57 77 13 9 5
107 58 6 4 5
58 80 8 2 5
59 71 4 6 5
61 8 1 0 5
15 61 1 0 5
53 61 1 0 5
123 61 1 0 5
127 61 1 0 5
61 80 3 0 5
64 84 4 5 5
19 66 6 3 5
107 66 6 3 5
66 78 1 8 5
66 80 6 2 5
57 69 25 12 5
7 70 2 8 5
70 71 2 8 5
70 80 8 2 5
107 71 6 3 5
71 90 3 6 5
107 72 6 3 5
72 80 8 1 5
72 84 4 5 5
3 74 7 9 5
61 74 10 1 5
74 77 10 8 5
76 80 8 2 5
74 77 10 8 5
55 78 2 8 5
66 78 1 8 5
78 80 7 2 5
11 79 5 5 5
79 89 5 4 5
8 80 2 0 5
15 80 2 0 5
19 80 4 1 5
53 80 2 0 5
61 80 3 0 5
107 80 2 2 5
123 80 2 0 5
127 80 2 0 5
80 82 5 0 5
80 94 5 0 5
80 99 6 0 5
116 81 22 16 5
8 82 3 0 5
15 82 3 0 5
36 82 9 1 5
53 82 3 0 5
118 82 7 2 5
123 82 3 0 5
127 82 3 0 5
8 84 6 0 5
15 84 6 0 5
53 84 6 0 5
61 84 7 0 5
80 84 6 1 5
107 84 4 3 5
123 84 6 0 5
127 84 6 0 5
7 85 10 7 5
40 85 9 8 5
58 85 10 8 5
70 85 10 8 5
126 85 11 6 5
85 90 11 6 5
27 86 11 10 5
86 97 14 9 5
48 88 12 6 5
122 88 16 6 5
8 89 5 0 5
13 89 3 4 5
15 89 5 0 5
19 89 5 2 5
53 89 5 0 5
123 89 5 0 5
127 89 5 0 5
7 90 1 7 5
80 90 5 2 5
107 90 3 4 5
31 92 1 8 5
71 93 2 8 5
8 94 3 0 5
15 94 3 0 5
53 94 3 0 5
87 94 9 2 5
123 94 3 0 5
127 94 3 0 5
19 95 7 2 5
80 95 7 1 5
107 95 7 2 5
86 97 14 9 5
46 98 9 4 5
8 99 4 0 5
15 99 4 0 5
53 99 4 0 5
123 99 4 0 5
127 99 4 0 5
100 33 18 6 5
101 38 13 8 5
102 8 6 0 5
102 15 6 0 5
102 19 4 3 5
102 53 6 0 5
102 61 7 0 5
102 80 6 1 5
102 89 5 3 5
102 123 6 0 5
102 127 6 0 5
103 11 6 4 5
103 79 7 4 5
105 13 6 4 5
105 19 6 3 5
105 80 6 2 5
102 105 6 4 5
106 80 6 1 5
107 8 4 0 5
107 15 4 0 5
107 53 4 0 5
107 61 5 0 5
107 80 2 2 5
107 82 7 0 5
107 84 4 3 5
107 90 3 4 5
107 94 7 0 5
107 123 4 0 5
107 127 4 0 5
108 14 8 5 5
108 37 9 4 5
108 79 9 4 5
109 80 6 2 5
107 109 4 4 5
107 110 6 3 5
113 67 21 7 5
107 114 4 4 5
116 125 19 16 5
118 61 7 1 5
118 82 7 2 5
121 80 8 1 5
121 89 5 4 5
107 121 6 3 5
122 26 16 6 5
122 88 16 6 5
122 125 21 11 5
122 125 21 11 5
126 80 5 2 5
128 22 24 10 5
129 19 8 3 5
129 80 10 1 5
106 129 8 4 5
