Res1 Res2 NSingle NDouble Method
1 131 0 41 5
132 2 0 16 5
133 3 0 14 5
3 74 7 9 5
13 4 6 4 5
15 4 8 0 5
31 4 4 6 5
109 4 4 6 5
123 4 8 0 5
127 4 8 0 5
134 4 0 8 5
137 4 4 6 5
138 4 8 0 5
143 4 6 4 5
145 4 8 0 5
161 4 4 6 5
183 4 8 0 5
191 4 9 0 5
4 7 4 6 5
4 8 8 0 5
4 53 8 0 5
4 61 9 0 5
4 76 2 8 5
4 84 6 4 5
4 90 3 6 5
135 5 0 32 5
136 6 0 12 5
15 7 8 0 5
19 7 6 3 5
53 7 8 0 5
107 7 4 4 5
123 7 8 0 5
127 7 8 0 5
137 7 0 8 5
138 7 8 0 5
145 7 8 0 5
149 7 6 3 5
183 7 8 0 5
7 8 8 0 5
7 70 2 8 5
7 80 6 2 5
7 89 5 4 5
7 90 1 7 5
8 9 8 0 5
15 9 8 0 5
53 9 8 0 5
84 9 8 3 5
104 9 10 4 5
123 9 8 0 5
127 9 8 0 5
138 9 8 0 5
139 9 0 8 5
145 9 8 0 5
183 9 8 0 5
10 8 9 0 5
10 15 9 0 5
10 19 7 3 5
10 43 2 8 5
10 53 9 0 5
10 58 3 8 5
10 61 10 0 5
10 70 3 8 5
10 90 4 6 5
10 107 7 3 5
10 123 9 0 5
10 127 9 0 5
10 138 9 0 5
10 140 0 9 5
10 145 9 0 5
10 149 7 3 5
10 173 2 8 5
10 183 9 0 5
10 188 3 8 5
10 191 10 0 5
11 8 7 0 5
11 15 7 0 5
11 53 7 0 5
11 61 8 0 5
11 80 9 0 5
11 82 10 0 5
11 94 10 0 5
11 123 7 0 5
11 127 7 0 5
11 138 7 0 5
11 141 0 7 5
11 145 7 0 5
11 183 7 0 5
11 191 8 0 5
12 97 18 8 5
12 142 0 16 5
13 8 6 0 5
102 13 6 3 5
107 13 6 2 5
123 13 6 0 5
127 13 6 0 5
13 15 6 0 5
13 53 6 0 5
13 61 7 0 5
13 80 6 1 5
13 84 6 3 5
13 89 3 4 5
13 138 6 0 5
13 143 0 6 5
13 145 6 0 5
13 183 6 0 5
13 191 7 0 5
108 14 8 5 5
109 14 7 5 5
14 76 9 5 5
14 92 8 5 5
14 144 0 9 5
16 7 5 6 5
105 16 3 7 5
107 16 7 3 5
109 16 5 6 5
121 16 5 6 5
126 16 4 6 5
137 16 5 6 5
146 16 0 9 5
159 16 5 6 5
16 29 5 6 5
16 31 5 6 5
16 40 2 8 5
16 58 1 9 5
16 70 3 8 5
16 71 5 6 5
16 79 5 6 5
16 80 7 2 5
16 161 5 6 5
16 170 2 8 5
16 188 1 9 5
17 8 9 0 5
15 17 9 0 5
107 17 7 3 5
123 17 9 0 5
127 17 9 0 5
138 17 9 0 5
145 17 9 0 5
147 17 0 9 5
17 53 9 0 5
17 61 10 0 5
17 63 5 6 5
17 64 5 6 5
17 72 5 6 5
17 84 5 5 5
17 95 6 5 5
17 183 9 0 5
17 191 10 0 5
17 193 5 6 5
17 194 5 6 5
148 18 0 55 5
19 8 4 0 5
15 19 4 0 5
102 19 4 3 5
107 19 6 1 5
123 19 4 0 5
127 19 4 0 5
138 19 4 0 5
145 19 4 0 5
149 19 0 4 5
183 19 4 0 5
19 53 4 0 5
19 61 5 0 5
19 80 4 1 5
19 82 7 0 5
19 89 5 2 5
19 94 7 0 5
19 99 6 1 5
19 191 5 0 5
130 20 21 8 5
150 20 0 18 5
171 20 19 4 5
20 41 19 4 5
21 4 6 6 5
104 21 2 9 5
105 21 6 6 5
110 21 6 6 5
121 21 6 6 5
134 21 6 6 5
151 21 0 10 5
159 21 6 6 5
161 21 6 6 5
175 21 2 9 5
188 21 4 8 5
21 29 6 6 5
21 31 6 6 5
21 45 2 9 5
21 58 4 8 5
21 70 2 9 5
21 72 6 6 5
21 76 4 8 5
21 90 5 6 5
152 22 0 16 5
191 22 15 1 5
22 61 15 1 5
153 23 0 38 5
24 8 10 0 5
15 24 10 0 5
123 24 10 0 5
127 24 10 0 5
138 24 10 0 5
145 24 10 0 5
154 24 0 10 5
183 24 10 0 5
191 24 11 0 5
24 53 10 0 5
24 61 11 0 5
155 25 0 58 5
122 26 16 6 5
156 26 0 11 5
160 26 10 4 5
178 26 14 5 5
26 30 10 4 5
26 48 14 5 5
157 27 0 17 5
27 86 11 10 5
28 8 6 0 5
15 28 6 0 5
123 28 6 0 5
127 28 6 0 5
138 28 6 0 5
145 28 6 0 5
158 28 0 6 5
183 28 6 0 5
191 28 7 0 5
28 53 6 0 5
28 61 7 0 5
105 29 4 6 5
107 29 6 3 5
110 29 4 6 5
159 29 0 8 5
161 29 4 6 5
29 31 4 6 5
29 80 6 2 5
30 8 7 0 5
15 30 7 0 5
26 30 10 4 5
123 30 7 0 5
127 30 7 0 5
138 30 7 0 5
145 30 7 0 5
156 30 10 4 5
160 30 0 7 5
183 30 7 0 5
30 53 7 0 5
30 88 12 3 5
31 4 4 6 5
31 8 8 0 5
13 31 6 4 5
15 31 8 0 5
29 31 4 6 5
105 31 4 6 5
123 31 8 0 5
127 31 8 0 5
134 31 4 6 5
138 31 8 0 5
143 31 6 4 5
145 31 8 0 5
159 31 4 6 5
161 31 0 8 5
183 31 8 0 5
191 31 9 0 5
31 53 8 0 5
31 61 9 0 5
31 80 8 1 5
31 92 1 8 5
32 8 9 0 5
11 32 6 5 5
15 32 9 0 5
107 32 7 3 5
123 32 9 0 5
127 32 9 0 5
138 32 9 0 5
141 32 6 5 5
145 32 9 0 5
162 32 0 9 5
183 32 9 0 5
191 32 10 0 5
32 53 9 0 5
32 61 10 0 5
32 90 6 5 5
33 8 9 0 5
15 33 9 0 5
123 33 9 0 5
127 33 9 0 5
138 33 9 0 5
145 33 9 0 5
163 33 0 9 5
183 33 9 0 5
191 33 10 0 5
33 53 9 0 5
33 61 10 0 5
33 80 11 0 5
33 99 9 2 5
164 34 0 49 5
165 35 0 49 5
36 8 8 0 5
15 36 8 0 5
123 36 8 0 5
127 36 8 0 5
138 36 8 0 5
145 36 8 0 5
166 36 0 8 5
183 36 8 0 5
36 53 8 0 5
36 82 9 1 5
37 8 8 0 5
15 37 8 0 5
123 37 8 0 5
127 37 8 0 5
138 37 8 0 5
145 37 8 0 5
167 37 0 8 5
183 37 8 0 5
191 37 9 0 5
37 53 8 0 5
37 61 9 0 5
37 80 10 0 5
101 38 13 8 5
168 38 0 9 5
38 80 9 1 5
38 87 13 3 5
169 39 0 33 5
40 8 9 0 5
13 40 5 5 5
15 40 9 0 5
16 40 2 8 5
107 40 5 4 5
117 40 3 8 5
123 40 9 0 5
126 40 4 6 5
127 40 9 0 5
138 40 9 0 5
143 40 5 5 5
145 40 9 0 5
146 40 2 8 5
170 40 0 9 5
183 40 9 0 5
188 40 1 9 5
40 53 9 0 5
40 58 1 9 5
40 70 3 8 5
40 90 4 6 5
41 8 9 0 5
15 41 9 0 5
123 41 9 0 5
127 41 9 0 5
138 41 9 0 5
145 41 9 0 5
171 41 0 9 5
183 41 9 0 5
191 41 10 0 5
41 53 9 0 5
41 61 10 0 5
41 80 11 0 5
41 82 12 0 5
41 94 12 0 5
125 42 20 18 5
172 42 0 30 5
42 97 22 13 5
43 8 9 0 5
10 43 2 8 5
15 43 9 0 5
107 43 7 3 5
123 43 9 0 5
127 43 9 0 5
138 43 9 0 5
140 43 2 8 5
145 43 9 0 5
173 43 0 9 5
183 43 9 0 5
188 43 3 8 5
191 43 10 0 5
43 53 9 0 5
43 58 3 8 5
43 61 10 0 5
174 44 0 20 5
45 8 10 0 5
15 45 10 0 5
21 45 2 9 5
104 45 2 9 5
107 45 6 4 5
123 45 10 0 5
127 45 10 0 5
138 45 10 0 5
145 45 10 0 5
151 45 2 9 5
175 45 0 10 5
183 45 10 0 5
45 53 10 0 5
45 70 2 9 5
45 80 8 2 5
45 90 5 6 5
46 8 7 0 5
15 46 7 0 5
32 46 8 4 5
40 46 8 4 5
107 46 7 2 5
123 46 7 0 5
126 46 8 3 5
127 46 7 0 5
138 46 7 0 5
145 46 7 0 5
162 46 8 4 5
170 46 8 4 5
176 46 0 7 5
179 46 8 3 5
183 46 7 0 5
46 49 8 3 5
46 53 7 0 5
46 84 7 3 5
46 90 8 3 5
47 8 9 0 5
15 47 9 0 5
123 47 9 0 5
127 47 9 0 5
138 47 9 0 5
145 47 9 0 5
177 47 0 9 5
183 47 9 0 5
191 47 10 0 5
47 53 9 0 5
47 61 10 0 5
26 48 14 5 5
156 48 14 5 5
178 48 0 13 5
48 88 12 6 5
49 8 7 0 5
15 49 7 0 5
110 49 5 5 5
123 49 7 0 5
126 49 6 4 5
127 49 7 0 5
138 49 7 0 5
145 49 7 0 5
179 49 0 7 5
183 49 7 0 5
191 49 8 0 5
49 53 7 0 5
49 61 8 0 5
49 80 7 1 5
180 50 0 42 5
181 51 0 47 5
41 52 15 5 5
171 52 15 5 5
182 52 0 16 5
184 54 0 79 5
55 8 9 0 5
15 55 9 0 5
19 55 7 3 5
53 55 9 0 5
107 55 7 3 5
123 55 9 0 5
127 55 9 0 5
138 55 9 0 5
145 55 9 0 5
149 55 7 3 5
183 55 9 0 5
185 55 0 9 5
55 78 2 8 5
55 80 7 2 5
56 8 8 0 5
15 56 8 0 5
19 56 6 3 5
53 56 8 0 5
107 56 6 3 5
123 56 8 0 5
127 56 8 0 5
138 56 8 0 5
145 56 8 0 5
149 56 6 3 5
183 56 8 0 5
186 56 0 8 5
191 56 9 0 5
56 61 9 0 5
56 80 6 2 5
56 89 7 3 5
57 8 16 0 5
3 57 14 8 5
15 57 16 0 5
53 57 16 0 5
123 57 16 0 5
127 57 16 0 5
133 57 14 8 5
138 57 16 0 5
145 57 16 0 5
183 57 16 0 5
187 57 0 16 5
191 57 15 1 5
57 61 15 1 5
57 77 13 9 5
10 58 3 8 5
16 58 1 9 5
21 58 4 8 5
40 58 1 9 5
43 58 3 8 5
45 58 4 8 5
104 58 4 8 5
107 58 6 4 5
117 58 4 8 5
126 58 5 6 5
140 58 3 8 5
146 58 1 9 5
151 58 4 8 5
170 58 1 9 5
173 58 3 8 5
175 58 4 8 5
188 58 0 10 5
58 70 2 9 5
58 76 4 8 5
58 90 5 6 5
58 93 4 8 5
59 8 8 0 5
4 59 6 5 5
15 59 8 0 5
37 59 6 5 5
53 59 8 0 5
102 59 6 4 5
110 59 6 5 5
123 59 8 0 5
127 59 8 0 5
134 59 6 5 5
138 59 8 0 5
145 59 8 0 5
167 59 6 5 5
183 59 8 0 5
189 59 0 8 5
59 71 4 6 5
190 60 0 26 5
61 8 1 0 5
15 61 1 0 5
19 61 5 0 5
53 61 1 0 5
107 61 5 0 5
118 61 7 1 5
123 61 1 0 5
127 61 1 0 5
138 61 1 0 5
145 61 1 0 5
149 61 5 0 5
183 61 1 0 5
191 61 0 1 5
61 74 10 1 5
61 80 3 0 5
61 82 4 0 5
61 94 4 0 5
61 98 9 1 5
61 99 5 0 5
192 62 0 22 5
63 8 8 0 5
15 63 8 0 5
53 63 8 0 5
61 63 9 0 5
123 63 8 0 5
127 63 8 0 5
138 63 8 0 5
145 63 8 0 5
183 63 8 0 5
191 63 9 0 5
193 63 0 8 5
63 80 10 0 5
63 89 5 4 5
64 8 8 0 5
13 64 6 4 5
15 64 8 0 5
53 64 8 0 5
61 64 9 0 5
63 64 4 6 5
121 64 4 6 5
123 64 8 0 5
127 64 8 0 5
138 64 8 0 5
143 64 6 4 5
145 64 8 0 5
183 64 8 0 5
191 64 9 0 5
193 64 4 6 5
194 64 0 8 5
64 80 10 0 5
64 84 4 5 5
64 89 5 4 5
195 65 0 35 5
66 8 8 0 5
10 66 5 6 5
15 66 8 0 5
19 66 6 3 5
43 66 5 6 5
53 66 8 0 5
56 66 4 6 5
61 66 9 0 5
102 66 6 4 5
106 66 6 4 5
107 66 6 3 5
119 66 5 6 5
123 66 8 0 5
127 66 8 0 5
138 66 8 0 5
140 66 5 6 5
145 66 8 0 5
149 66 6 3 5
173 66 5 6 5
183 66 8 0 5
186 66 4 6 5
191 66 9 0 5
66 78 1 8 5
66 80 6 2 5
66 90 5 5 5
3 69 29 9 5
57 69 25 12 5
133 69 29 9 5
187 69 25 12 5
69 77 28 10 5
70 8 10 0 5
7 70 2 8 5
10 70 3 8 5
15 70 10 0 5
16 70 3 8 5
19 70 8 3 5
21 70 2 9 5
40 70 3 8 5
45 70 2 9 5
53 70 10 0 5
58 70 2 9 5
104 70 2 9 5
107 70 6 4 5
123 70 10 0 5
127 70 10 0 5
137 70 2 8 5
138 70 10 0 5
140 70 3 8 5
145 70 10 0 5
146 70 3 8 5
149 70 8 3 5
151 70 2 9 5
170 70 3 8 5
175 70 2 9 5
183 70 10 0 5
188 70 2 9 5
70 71 2 8 5
70 76 2 9 5
70 93 4 8 5
71 8 8 0 5
7 71 4 6 5
15 71 8 0 5
53 71 8 0 5
59 71 4 6 5
70 71 2 8 5
107 71 6 3 5
109 71 4 6 5
123 71 8 0 5
127 71 8 0 5
137 71 4 6 5
138 71 8 0 5
145 71 8 0 5
183 71 8 0 5
189 71 4 6 5
71 76 2 8 5
71 90 3 6 5
71 93 2 8 5
72 8 8 0 5
7 72 4 6 5
15 72 8 0 5
53 72 8 0 5
61 72 9 0 5
107 72 6 3 5
123 72 8 0 5
127 72 8 0 5
137 72 4 6 5
138 72 8 0 5
145 72 8 0 5
183 72 8 0 5
191 72 9 0 5
72 80 8 1 5
72 89 7 3 5
74 8 11 0 5
3 74 7 9 5
15 74 11 0 5
53 74 11 0 5
61 74 10 1 5
123 74 11 0 5
127 74 11 0 5
133 74 7 9 5
138 74 11 0 5
145 74 11 0 5
183 74 11 0 5
191 74 10 1 5
76 8 10 0 5
4 76 2 8 5
15 76 10 0 5
19 76 8 3 5
21 76 4 8 5
45 76 4 8 5
53 76 10 0 5
58 76 4 8 5
70 76 2 9 5
71 76 2 8 5
104 76 4 8 5
107 76 6 4 5
109 76 2 8 5
123 76 10 0 5
127 76 10 0 5
134 76 2 8 5
138 76 10 0 5
145 76 10 0 5
149 76 8 3 5
151 76 4 8 5
175 76 4 8 5
183 76 10 0 5
188 76 4 8 5
76 80 8 2 5
76 93 4 8 5
77 8 15 0 5
3 77 11 9 5
15 77 15 0 5
53 77 15 0 5
57 77 13 9 5
61 77 14 1 5
74 77 10 8 5
123 77 15 0 5
127 77 15 0 5
133 77 11 9 5
138 77 15 0 5
145 77 15 0 5
183 77 15 0 5
187 77 13 9 5
191 77 14 1 5
78 8 9 0 5
15 78 9 0 5
19 78 7 3 5
53 78 9 0 5
55 78 2 8 5
66 78 1 8 5
107 78 7 3 5
123 78 9 0 5
127 78 9 0 5
138 78 9 0 5
145 78 9 0 5
149 78 7 3 5
183 78 9 0 5
185 78 2 8 5
78 80 7 2 5
78 89 8 3 5
79 8 8 0 5
11 79 5 5 5
15 79 8 0 5
53 79 8 0 5
61 79 9 0 5
106 79 6 4 5
123 79 8 0 5
127 79 8 0 5
138 79 8 0 5
141 79 5 5 5
145 79 8 0 5
183 79 8 0 5
191 79 9 0 5
79 89 5 4 5
8 80 2 0 5
15 80 2 0 5
19 80 4 1 5
53 80 2 0 5
61 80 3 0 5
107 80 2 2 5
123 80 2 0 5
126 80 5 2 5
127 80 2 0 5
138 80 2 0 5
145 80 2 0 5
149 80 4 1 5
183 80 2 0 5
191 80 3 0 5
80 82 5 0 5
80 90 5 2 5
80 94 5 0 5
116 81 22 16 5
8 82 3 0 5
15 82 3 0 5
36 82 9 1 5
53 82 3 0 5
61 82 4 0 5
80 82 5 0 5
118 82 7 2 5
123 82 3 0 5
127 82 3 0 5
138 82 3 0 5
145 82 3 0 5
166 82 9 1 5
183 82 3 0 5
191 82 4 0 5
8 84 6 0 5
13 84 6 3 5
15 84 6 0 5
53 84 6 0 5
61 84 7 0 5
80 84 6 1 5
82 84 9 0 5
107 84 4 3 5
123 84 6 0 5
127 84 6 0 5
138 84 6 0 5
143 84 6 3 5
145 84 6 0 5
183 84 6 0 5
191 84 7 0 5
84 94 9 0 5
84 99 8 1 5
40 85 9 8 5
170 85 9 8 5
27 86 11 10 5
108 86 15 4 5
157 86 11 10 5
86 97 14 9 5
46 87 9 4 5
176 87 9 4 5
30 88 12 3 5
48 88 12 6 5
122 88 16 6 5
160 88 12 3 5
178 88 12 6 5
8 89 5 0 5
13 89 3 4 5
15 89 5 0 5
19 89 5 2 5
53 89 5 0 5
61 89 6 0 5
80 89 7 0 5
102 89 5 3 5
123 89 5 0 5
127 89 5 0 5
138 89 5 0 5
143 89 3 4 5
145 89 5 0 5
149 89 5 2 5
183 89 5 0 5
191 89 6 0 5
89 95 4 4 5
4 90 3 6 5
8 90 7 0 5
10 90 4 6 5
15 90 7 0 5
19 90 5 3 5
40 90 4 6 5
53 90 7 0 5
71 90 3 6 5
80 90 5 2 5
84 90 5 4 5
89 90 6 3 5
107 90 3 4 5
123 90 7 0 5
127 90 7 0 5
134 90 3 6 5
138 90 7 0 5
140 90 4 6 5
145 90 7 0 5
149 90 5 3 5
170 90 4 6 5
183 90 7 0 5
8 92 9 0 5
15 92 9 0 5
31 92 1 8 5
53 92 9 0 5
123 92 9 0 5
127 92 9 0 5
138 92 9 0 5
145 92 9 0 5
161 92 1 8 5
183 92 9 0 5
8 93 10 0 5
15 93 10 0 5
53 93 10 0 5
71 93 2 8 5
90 93 5 6 5
123 93 10 0 5
127 93 10 0 5
138 93 10 0 5
145 93 10 0 5
183 93 10 0 5
8 94 3 0 5
15 94 3 0 5
53 94 3 0 5
61 94 4 0 5
62 94 19 3 5
80 94 5 0 5
87 94 9 2 5
112 94 15 2 5
123 94 3 0 5
127 94 3 0 5
138 94 3 0 5
145 94 3 0 5
183 94 3 0 5
191 94 4 0 5
192 94 19 3 5
4 95 7 4 5
8 95 7 0 5
13 95 5 4 5
15 95 7 0 5
53 95 7 0 5
61 95 8 0 5
63 95 7 4 5
64 95 7 4 5
66 95 7 4 5
71 95 7 4 5
72 95 7 4 5
89 95 4 4 5
90 95 6 4 5
105 95 7 4 5
121 95 7 4 5
123 95 7 0 5
127 95 7 0 5
134 95 7 4 5
138 95 7 0 5
143 95 5 4 5
145 95 7 0 5
183 95 7 0 5
191 95 8 0 5
193 95 7 4 5
194 95 7 4 5
12 97 18 8 5
86 97 14 9 5
142 97 18 8 5
46 98 9 4 5
176 98 9 4 5
8 99 4 0 5
15 99 4 0 5
19 99 6 1 5
53 99 4 0 5
61 99 5 0 5
80 99 6 0 5
123 99 4 0 5
127 99 4 0 5
138 99 4 0 5
145 99 4 0 5
149 99 6 1 5
183 99 4 0 5
191 99 5 0 5
100 33 18 6 5
100 163 18 6 5
101 38 13 8 5
101 168 13 8 5
102 8 6 0 5
102 13 6 3 5
102 15 6 0 5
102 19 4 3 5
102 53 6 0 5
102 61 7 0 5
102 80 6 1 5
102 89 5 3 5
102 90 7 3 5
102 95 7 3 5
102 106 6 3 5
102 123 6 0 5
102 127 6 0 5
102 138 6 0 5
102 143 6 3 5
102 145 6 0 5
102 149 4 3 5
102 183 6 0 5
102 191 7 0 5
103 8 7 0 5
103 11 6 4 5
103 15 7 0 5
103 53 7 0 5
103 123 7 0 5
103 126 8 3 5
103 127 7 0 5
103 138 7 0 5
103 141 6 4 5
103 145 7 0 5
103 183 7 0 5
104 8 10 0 5
104 15 10 0 5
104 53 10 0 5
104 90 5 6 5
104 107 6 4 5
104 123 10 0 5
104 127 10 0 5
104 138 10 0 5
104 145 10 0 5
104 183 10 0 5
105 7 4 6 5
105 8 8 0 5
105 15 8 0 5
105 16 3 7 5
105 19 6 3 5
105 29 4 6 5
105 31 4 6 5
105 40 3 7 5
105 53 8 0 5
105 61 9 0 5
105 80 6 2 5
105 90 5 5 5
105 123 8 0 5
105 126 3 6 5
105 127 8 0 5
105 137 4 6 5
105 138 8 0 5
105 145 8 0 5
105 146 3 7 5
105 149 6 3 5
105 159 4 6 5
105 161 4 6 5
105 170 3 7 5
105 183 8 0 5
105 191 9 0 5
106 8 6 0 5
106 15 6 0 5
106 19 6 2 5
106 53 6 0 5
106 61 7 0 5
106 80 6 1 5
102 106 6 3 5
106 107 6 2 5
106 123 6 0 5
106 127 6 0 5
106 138 6 0 5
106 145 6 0 5
106 149 6 2 5
106 183 6 0 5
106 191 7 0 5
107 8 4 0 5
107 15 4 0 5
107 53 4 0 5
107 61 5 0 5
107 80 2 2 5
107 82 7 0 5
107 84 4 3 5
107 94 7 0 5
107 123 4 0 5
107 127 4 0 5
107 138 4 0 5
107 145 4 0 5
107 183 4 0 5
107 191 5 0 5
108 11 10 3 5
108 14 8 5 5
108 37 9 4 5
108 79 9 4 5
103 108 10 3 5
108 141 10 3 5
108 144 8 5 5
108 167 9 4 5
109 4 4 6 5
109 8 8 0 5
109 15 8 0 5
109 53 8 0 5
109 61 9 0 5
109 71 4 6 5
109 80 6 2 5
107 109 4 4 5
109 123 8 0 5
109 127 8 0 5
109 134 4 6 5
109 138 8 0 5
109 145 8 0 5
109 183 8 0 5
109 191 9 0 5
110 8 8 0 5
110 15 8 0 5
110 49 5 5 5
110 53 8 0 5
110 61 9 0 5
110 84 6 4 5
110 90 5 5 5
107 110 6 3 5
110 123 8 0 5
110 127 8 0 5
110 138 8 0 5
110 145 8 0 5
110 179 5 5 5
110 183 8 0 5
110 191 9 0 5
111 8 9 0 5
111 15 9 0 5
111 53 9 0 5
111 61 10 0 5
107 111 7 3 5
111 123 9 0 5
111 127 9 0 5
111 138 9 0 5
111 145 9 0 5
111 183 9 0 5
111 191 10 0 5
113 48 18 4 5
113 67 21 7 5
113 178 18 4 5
114 8 8 0 5
114 15 8 0 5
114 53 8 0 5
114 61 9 0 5
114 80 6 2 5
106 114 6 4 5
107 114 4 4 5
114 123 8 0 5
114 127 8 0 5
114 138 8 0 5
114 145 8 0 5
114 183 8 0 5
114 191 9 0 5
115 8 9 0 5
115 15 9 0 5
115 53 9 0 5
115 61 10 0 5
115 89 6 4 5
115 123 9 0 5
115 127 9 0 5
115 138 9 0 5
115 145 9 0 5
115 183 9 0 5
115 191 10 0 5
116 81 22 16 5
116 125 19 16 5
117 8 10 0 5
117 15 10 0 5
117 40 3 8 5
117 53 10 0 5
117 58 4 8 5
117 61 11 0 5
117 93 4 8 5
107 117 8 3 5
117 123 10 0 5
117 127 10 0 5
117 138 10 0 5
117 145 10 0 5
117 170 3 8 5
117 183 10 0 5
117 188 4 8 5
117 191 11 0 5
118 8 8 0 5
118 15 8 0 5
118 27 19 3 5
118 53 8 0 5
118 61 7 1 5
118 82 7 2 5
118 123 8 0 5
118 127 8 0 5
118 138 8 0 5
118 145 8 0 5
118 157 19 3 5
118 183 8 0 5
118 191 7 1 5
119 8 9 0 5
119 15 9 0 5
119 53 9 0 5
119 61 10 0 5
119 89 6 4 5
107 119 7 3 5
119 123 9 0 5
119 127 9 0 5
119 138 9 0 5
119 145 9 0 5
119 183 9 0 5
119 191 10 0 5
121 7 4 6 5
121 8 8 0 5
121 15 8 0 5
121 53 8 0 5
121 61 9 0 5
121 64 4 6 5
121 80 8 1 5
121 89 5 4 5
107 121 6 3 5
121 123 8 0 5
121 127 8 0 5
121 137 4 6 5
121 138 8 0 5
121 145 8 0 5
121 183 8 0 5
121 191 9 0 5
121 194 4 6 5
122 26 16 6 5
122 88 16 6 5
122 125 21 11 5
122 156 16 6 5
116 125 19 16 5
126 8 7 0 5
126 13 7 3 5
126 15 7 0 5
126 16 4 6 5
126 40 4 6 5
126 53 7 0 5
126 61 8 0 5
126 80 5 2 5
105 126 3 6 5
123 126 7 0 5
126 127 7 0 5
126 138 7 0 5
126 143 7 3 5
126 145 7 0 5
126 146 4 6 5
126 170 4 6 5
126 183 7 0 5
126 191 8 0 5
128 22 24 10 5
128 152 24 10 5
129 8 10 0 5
129 15 10 0 5
129 19 8 3 5
129 53 10 0 5
129 66 8 5 5
129 89 9 3 5
102 129 6 5 5
106 129 8 4 5
123 129 10 0 5
127 129 10 0 5
129 138 10 0 5
129 145 10 0 5
129 149 8 3 5
129 183 10 0 5
130 20 21 8 5
130 150 21 8 5
1 131 0 41 5
132 2 0 16 5
133 3 0 14 5
133 8 14 0 5
133 15 14 0 5
133 53 14 0 5
133 74 7 9 5
123 133 14 0 5
127 133 14 0 5
133 138 14 0 5
133 145 14 0 5
133 183 14 0 5
134 4 0 8 5
134 8 8 0 5
134 15 8 0 5
134 53 8 0 5
134 71 2 7 5
134 76 2 8 5
134 80 8 1 5
134 90 3 6 5
107 134 6 3 5
123 134 8 0 5
127 134 8 0 5
134 138 8 0 5
134 145 8 0 5
134 183 8 0 5
135 5 0 32 5
136 6 0 12 5
136 8 12 0 5
136 15 12 0 5
136 53 12 0 5
123 136 12 0 5
127 136 12 0 5
136 138 12 0 5
136 145 12 0 5
136 183 12 0 5
137 4 4 6 5
137 7 0 8 5
137 8 8 0 5
137 15 8 0 5
137 19 6 3 5
137 40 3 7 5
137 53 8 0 5
137 56 4 6 5
137 70 2 8 5
137 71 4 6 5
137 72 4 6 5
137 80 6 2 5
137 89 5 4 5
137 90 1 7 5
10 137 3 7 5
105 137 4 6 5
107 137 4 4 5
121 137 4 6 5
123 137 8 0 5
127 137 8 0 5
134 137 4 6 5
137 138 8 0 5
137 140 3 7 5
137 145 8 0 5
137 149 6 3 5
137 170 3 7 5
137 183 8 0 5
137 186 4 6 5
139 8 8 0 5
139 9 0 8 5
139 15 8 0 5
139 53 8 0 5
139 80 8 1 5
139 84 8 3 5
104 139 10 4 5
123 139 8 0 5
127 139 8 0 5
138 139 8 0 5
139 145 8 0 5
139 183 8 0 5
140 8 9 0 5
140 15 9 0 5
140 19 7 3 5
140 43 2 8 5
140 53 9 0 5
140 58 3 8 5
140 61 10 0 5
140 70 3 8 5
10 140 0 9 5
107 140 7 3 5
123 140 9 0 5
127 140 9 0 5
138 140 9 0 5
140 145 9 0 5
140 149 7 3 5
140 173 2 8 5
140 183 9 0 5
140 188 3 8 5
140 191 10 0 5
141 8 7 0 5
141 15 7 0 5
141 53 7 0 5
141 61 8 0 5
141 80 9 0 5
141 82 10 0 5
141 94 10 0 5
11 141 0 7 5
123 141 7 0 5
127 141 7 0 5
138 141 7 0 5
141 145 7 0 5
141 183 7 0 5
141 191 8 0 5
142 97 18 8 5
12 142 0 16 5
143 8 6 0 5
143 15 6 0 5
143 53 6 0 5
143 61 7 0 5
143 80 6 1 5
143 84 6 3 5
13 143 0 6 5
102 143 6 3 5
123 143 6 0 5
127 143 6 0 5
138 143 6 0 5
143 145 6 0 5
143 183 6 0 5
143 191 7 0 5
144 76 9 5 5
144 92 8 5 5
14 144 0 9 5
108 144 8 5 5
109 144 7 5 5
146 8 9 0 5
146 15 9 0 5
146 16 0 9 5
146 40 2 8 5
146 53 9 0 5
146 58 1 9 5
146 70 3 8 5
13 146 5 5 5
107 146 7 3 5
123 146 9 0 5
127 146 9 0 5
138 146 9 0 5
143 146 5 5 5
145 146 9 0 5
146 170 2 8 5
146 183 9 0 5
146 188 1 9 5
147 8 9 0 5
147 15 9 0 5
147 17 0 9 5
147 53 9 0 5
147 61 10 0 5
107 147 7 3 5
123 147 9 0 5
127 147 9 0 5
138 147 9 0 5
145 147 9 0 5
147 183 9 0 5
147 191 10 0 5
148 18 0 55 5
149 7 6 3 5
149 8 4 0 5
149 15 4 0 5
149 19 0 4 5
149 53 4 0 5
149 56 6 3 5
149 61 5 0 5
149 66 6 3 5
149 80 4 1 5
149 82 7 0 5
149 89 5 2 5
149 90 5 3 5
149 94 7 0 5
149 99 6 1 5
102 149 4 3 5
105 149 6 3 5
106 149 6 2 5
107 149 6 1 5
123 149 4 0 5
127 149 4 0 5
137 149 6 3 5
138 149 4 0 5
145 149 4 0 5
149 183 4 0 5
149 186 6 3 5
149 191 5 0 5
150 20 0 18 5
151 4 6 6 5
151 21 0 10 5
151 29 6 6 5
151 31 6 6 5
151 45 2 9 5
151 58 4 8 5
151 70 2 9 5
151 72 6 6 5
151 76 4 8 5
151 90 5 6 5
104 151 2 9 5
105 151 6 6 5
107 151 6 4 5
110 151 6 6 5
121 151 6 6 5
134 151 6 6 5
151 159 6 6 5
151 161 6 6 5
151 175 2 9 5
151 188 4 8 5
152 22 0 16 5
152 61 15 1 5
152 191 15 1 5
153 23 0 38 5
154 8 10 0 5
154 24 0 10 5
154 53 10 0 5
154 61 11 0 5
154 80 12 0 5
15 154 10 0 5
123 154 10 0 5
127 154 10 0 5
138 154 10 0 5
145 154 10 0 5
154 183 10 0 5
154 191 11 0 5
155 25 0 58 5
156 26 0 11 5
156 30 10 4 5
156 48 14 5 5
122 156 16 6 5
156 160 10 4 5
156 178 14 5 5
157 27 0 17 5
157 86 11 10 5
158 6 14 2 5
158 8 6 0 5
158 28 0 6 5
158 53 6 0 5
158 61 7 0 5
15 158 6 0 5
123 158 6 0 5
127 158 6 0 5
136 158 14 2 5
138 158 6 0 5
145 158 6 0 5
158 183 6 0 5
158 191 7 0 5
159 8 8 0 5
159 16 5 6 5
159 29 0 8 5
159 31 4 6 5
159 40 5 6 5
159 53 8 0 5
159 80 6 2 5
159 90 5 5 5
159 92 5 6 5
15 159 8 0 5
105 159 4 6 5
107 159 6 3 5
110 159 4 6 5
123 159 8 0 5
126 159 5 5 5
127 159 8 0 5
138 159 8 0 5
145 159 8 0 5
146 159 5 6 5
159 161 4 6 5
159 170 5 6 5
159 183 8 0 5
160 8 7 0 5
160 26 10 4 5
160 30 0 7 5
160 53 7 0 5
160 88 12 3 5
15 160 7 0 5
123 160 7 0 5
127 160 7 0 5
138 160 7 0 5
145 160 7 0 5
156 160 10 4 5
160 183 7 0 5
161 4 4 6 5
161 29 4 6 5
161 31 0 8 5
161 32 5 6 5
161 40 5 6 5
161 80 8 1 5
161 89 7 3 5
161 92 1 8 5
16 161 5 6 5
105 161 4 6 5
119 161 5 6 5
134 161 4 6 5
146 161 5 6 5
159 161 4 6 5
161 162 5 6 5
161 170 5 6 5
162 4 5 6 5
162 7 5 6 5
162 8 9 0 5
162 31 5 6 5
162 32 0 9 5
162 53 9 0 5
162 64 5 6 5
162 80 9 1 5
15 162 9 0 5
107 162 7 3 5
123 162 9 0 5
127 162 9 0 5
134 162 5 6 5
137 162 5 6 5
138 162 9 0 5
145 162 9 0 5
161 162 5 6 5
162 183 9 0 5
162 194 5 6 5
163 8 9 0 5
163 33 0 9 5
163 53 9 0 5
163 61 10 0 5
163 99 9 2 5
15 163 9 0 5
123 163 9 0 5
127 163 9 0 5
138 163 9 0 5
145 163 9 0 5
163 183 9 0 5
163 191 10 0 5
164 34 0 49 5
165 35 0 49 5
166 8 8 0 5
166 36 0 8 5
166 53 8 0 5
166 82 9 1 5
15 166 8 0 5
123 166 8 0 5
127 166 8 0 5
138 166 8 0 5
145 166 8 0 5
166 183 8 0 5
167 8 8 0 5
167 37 0 8 5
167 53 8 0 5
15 167 8 0 5
123 167 8 0 5
127 167 8 0 5
138 167 8 0 5
145 167 8 0 5
167 183 8 0 5
168 38 0 9 5
168 80 9 1 5
168 87 13 3 5
101 168 13 8 5
169 39 0 33 5
170 8 9 0 5
170 40 0 9 5
170 53 9 0 5
170 58 1 9 5
13 170 5 5 5
15 170 9 0 5
107 170 5 4 5
123 170 9 0 5
127 170 9 0 5
138 170 9 0 5
143 170 5 5 5
145 170 9 0 5
170 183 9 0 5
170 188 1 9 5
171 8 9 0 5
171 19 13 0 5
171 41 0 9 5
171 53 9 0 5
171 61 10 0 5
171 80 11 0 5
171 82 12 0 5
171 94 12 0 5
171 99 13 0 5
15 171 9 0 5
107 171 13 0 5
123 171 9 0 5
127 171 9 0 5
138 171 9 0 5
145 171 9 0 5
149 171 13 0 5
171 183 9 0 5
171 191 10 0 5
172 42 0 30 5
173 8 9 0 5
173 43 0 9 5
173 53 9 0 5
173 58 3 8 5
10 173 2 8 5
15 173 9 0 5
106 173 5 5 5
123 173 9 0 5
127 173 9 0 5
138 173 9 0 5
140 173 2 8 5
145 173 9 0 5
173 183 9 0 5
173 188 3 8 5
174 44 0 20 5
174 61 19 1 5
174 191 19 1 5
175 8 10 0 5
175 45 0 10 5
175 53 10 0 5
175 58 4 8 5
175 76 4 8 5
175 93 4 8 5
15 175 10 0 5
107 175 6 4 5
123 175 10 0 5
127 175 10 0 5
138 175 10 0 5
145 175 10 0 5
175 183 10 0 5
175 188 4 8 5
176 46 0 7 5
176 84 7 3 5
177 8 9 0 5
177 47 0 9 5
177 53 9 0 5
177 61 10 0 5
177 80 9 1 5
15 177 9 0 5
123 177 9 0 5
127 177 9 0 5
138 177 9 0 5
145 177 9 0 5
177 183 9 0 5
177 191 10 0 5
178 26 14 5 5
178 48 0 13 5
178 88 12 6 5
122 178 16 7 5
156 178 14 5 5
179 8 7 0 5
179 49 0 7 5
179 53 7 0 5
179 80 7 1 5
15 179 7 0 5
110 179 5 5 5
123 179 7 0 5
127 179 7 0 5
138 179 7 0 5
145 179 7 0 5
179 183 7 0 5
180 50 0 42 5
181 51 0 47 5
182 33 17 4 5
182 41 15 5 5
182 52 0 16 5
163 182 17 4 5
171 182 15 5 5
184 54 0 79 5
185 8 9 0 5
185 19 7 3 5
185 53 9 0 5
185 55 0 9 5
185 78 2 8 5
185 80 7 2 5
185 90 6 5 5
185 95 6 5 5
15 185 9 0 5
107 185 7 3 5
123 185 9 0 5
127 185 9 0 5
138 185 9 0 5
145 185 9 0 5
149 185 7 3 5
183 185 9 0 5
186 8 8 0 5
186 19 6 3 5
186 53 8 0 5
186 56 0 8 5
186 61 9 0 5
186 80 6 2 5
186 89 7 3 5
186 90 5 5 5
186 95 5 5 5
15 186 8 0 5
107 186 6 3 5
123 186 8 0 5
127 186 8 0 5
138 186 8 0 5
145 186 8 0 5
149 186 6 3 5
183 186 8 0 5
186 191 9 0 5
187 57 0 16 5
187 77 13 9 5
188 40 1 9 5
188 43 3 8 5
188 70 2 9 5
10 188 3 8 5
16 188 1 9 5
107 188 6 4 5
140 188 3 8 5
146 188 1 9 5
170 188 1 9 5
173 188 3 8 5
189 59 0 8 5
189 71 4 6 5
102 189 6 4 5
190 60 0 26 5
191 8 1 0 5
191 53 1 0 5
191 61 0 1 5
191 80 3 0 5
191 82 4 0 5
191 89 6 0 5
191 94 4 0 5
191 99 5 0 5
15 191 1 0 5
19 191 5 0 5
107 191 5 0 5
118 191 7 1 5
123 191 1 0 5
127 191 1 0 5
138 191 1 0 5
145 191 1 0 5
149 191 5 0 5
183 191 1 0 5
192 62 0 22 5
193 8 8 0 5
193 53 8 0 5
193 61 9 0 5
193 63 0 8 5
193 64 4 6 5
193 89 5 4 5
15 193 8 0 5
123 193 8 0 5
127 193 8 0 5
138 193 8 0 5
145 193 8 0 5
183 193 8 0 5
191 193 9 0 5
193 194 4 6 5
194 8 8 0 5
194 53 8 0 5
194 61 9 0 5
194 64 0 8 5
194 89 5 4 5
15 194 8 0 5
123 194 8 0 5
127 194 8 0 5
138 194 8 0 5
145 194 8 0 5
183 194 8 0 5
191 194 9 0 5
195 65 0 35 5
