Res1 Res2 NSingle NDouble Method
26 30 10 4 5
31 4 4 6 5
29 31 4 6 5
16 40 2 8 5
10 43 2 8 5
21 45 2 9 5
26 48 14 5 5
10 58 3 8 5
16 58 1 9 5
21 58 4 8 5
40 58 1 9 5
43 58 3 8 5
19 61 5 0 5
7 70 2 8 5
10 70 3 8 5
16 70 3 8 5
21 70 2 9 5
40 70 3 8 5
45 70 2 9 5
58 70 2 9 5
59 71 4 6 5
70 71 2 8 5
3 74 7 9 5
61 74 10 1 5
4 76 2 8 5
21 76 4 8 5
58 76 4 8 5
70 76 2 9 5
71 76 2 8 5
57 77 13 9 5
55 78 2 8 5
66 78 1 8 5
19 80 4 1 5
61 80 3 0 5
36 82 9 1 5
61 82 4 0 5
80 82 5 0 5
13 84 6 3 5
27 86 11 10 5
30 88 12 3 5
48 88 12 6 5
13 89 3 4 5
19 89 5 2 5
4 90 3 6 5
10 90 4 6 5
40 90 4 6 5
71 90 3 6 5
80 90 5 2 5
31 92 1 8 5
71 93 2 8 5
61 94 4 0 5
80 94 5 0 5
89 95 4 4 5
12 97 18 8 5
86 97 14 9 5
19 99 6 1 5
61 99 5 0 5
101 38 13 8 5
102 13 6 3 5
102 19 4 3 5
102 89 5 3 5
105 16 3 7 5
105 29 4 6 5
105 31 4 6 5
102 106 6 3 5
107 61 5 0 5
107 80 2 2 5
107 84 4 3 5
108 14 8 5 5
109 4 4 6 5
109 71 4 6 5
110 49 5 5 5
116 81 22 16 5
117 40 3 8 5
117 58 4 8 5
118 61 7 1 5
118 82 7 2 5
121 64 4 6 5
122 26 16 6 5
122 88 16 6 5
116 125 19 16 5
126 16 4 6 5
126 40 4 6 5
126 80 5 2 5
105 126 3 6 5
130 20 21 8 5
1 131 0 41 5
132 2 0 16 5
133 3 0 14 5
133 74 7 9 5
134 4 0 8 5
134 76 2 8 5
134 90 3 6 5
135 5 0 32 5
136 6 0 12 5
137 4 4 6 5
137 7 0 8 5
137 70 2 8 5
137 71 4 6 5
137 72 4 6 5
105 137 4 6 5
121 137 4 6 5
139 9 0 8 5
140 43 2 8 5
140 58 3 8 5
140 70 3 8 5
10 140 0 9 5
11 141 0 7 5
142 97 18 8 5
12 142 0 16 5
143 84 6 3 5
13 143 0 6 5
102 143 6 3 5
14 144 0 9 5
108 144 8 5 5
146 16 0 9 5
146 40 2 8 5
146 58 1 9 5
146 70 3 8 5
147 17 0 9 5
148 18 0 55 5
149 7 6 3 5
149 19 0 4 5
149 56 6 3 5
149 61 5 0 5
149 66 6 3 5
149 80 4 1 5
149 89 5 2 5
149 90 5 3 5
149 99 6 1 5
102 149 4 3 5
105 149 6 3 5
106 149 6 2 5
137 149 6 3 5
150 20 0 18 5
151 21 0 10 5
151 45 2 9 5
151 58 4 8 5
151 70 2 9 5
151 76 4 8 5
152 22 0 16 5
153 23 0 38 5
154 24 0 10 5
155 25 0 58 5
156 26 0 11 5
156 30 10 4 5
156 48 14 5 5
122 156 16 6 5
157 27 0 17 5
157 86 11 10 5
158 28 0 6 5
159 16 5 6 5
159 29 0 8 5
159 31 4 6 5
105 159 4 6 5
160 26 10 4 5
160 30 0 7 5
160 88 12 3 5
156 160 10 4 5
161 4 4 6 5
161 29 4 6 5
161 31 0 8 5
161 92 1 8 5
16 161 5 6 5
105 161 4 6 5
159 161 4 6 5
162 32 0 9 5
161 162 5 6 5
163 33 0 9 5
164 34 0 49 5
165 35 0 49 5
166 36 0 8 5
166 82 9 1 5
167 37 0 8 5
168 38 0 9 5
101 168 13 8 5
169 39 0 33 5
170 40 0 9 5
170 58 1 9 5
171 41 0 9 5
172 42 0 30 5
173 43 0 9 5
173 58 3 8 5
10 173 2 8 5
140 173 2 8 5
174 44 0 20 5
175 45 0 10 5
175 58 4 8 5
175 76 4 8 5
176 46 0 7 5
177 47 0 9 5
178 26 14 5 5
178 48 0 13 5
178 88 12 6 5
156 178 14 5 5
179 49 0 7 5
110 179 5 5 5
180 50 0 42 5
181 51 0 47 5
182 52 0 16 5
184 54 0 79 5
185 55 0 9 5
185 78 2 8 5
186 56 0 8 5
149 186 6 3 5
187 57 0 16 5
187 77 13 9 5
188 40 1 9 5
188 43 3 8 5
188 70 2 9 5
10 188 3 8 5
16 188 1 9 5
140 188 3 8 5
146 188 1 9 5
170 188 1 9 5
173 188 3 8 5
189 59 0 8 5
189 71 4 6 5
190 60 0 26 5
191 61 0 1 5
191 80 3 0 5
191 82 4 0 5
191 89 6 0 5
191 94 4 0 5
191 99 5 0 5
19 191 5 0 5
107 191 5 0 5
118 191 7 1 5
149 191 5 0 5
192 62 0 22 5
193 63 0 8 5
193 64 4 6 5
194 64 0 8 5
195 65 0 35 5
