Res1 Res2 NSingle NDouble Method
10 12 6 1 7
10 22 6 1 7
10 115 7 1 7
108 11 10 2 7
11 12 6 1 7
11 22 6 1 7
11 56 10 2 7
11 115 7 1 7
113 12 5 1 7
115 12 3 1 7
12 22 2 1 7
12 24 2 0 7
12 54 3 0 7
12 65 2 0 7
12 80 5 1 7
12 86 3 0 7
12 93 3 0 7
12 95 2 0 7
12 125 3 0 7
10 22 6 1 7
11 22 6 1 7
12 22 2 1 7
113 22 5 1 7
115 22 3 1 7
125 22 3 0 7
22 24 2 0 7
22 50 6 1 7
22 54 3 0 7
22 65 2 0 7
22 80 5 1 7
22 86 3 0 7
22 93 3 0 7
22 95 2 0 7
107 23 6 1 7
23 24 6 0 7
23 65 6 0 7
23 95 6 0 7
23 29 22 6 7
108 50 6 4 7
24 52 2 0 7
102 52 5 1 7
125 52 3 0 7
52 54 3 0 7
52 65 2 0 7
52 86 3 0 7
52 93 3 0 7
52 95 2 0 7
17 55 10 5 7
12 56 8 1 7
22 56 8 1 7
12 58 4 0 7
22 58 4 0 7
24 58 2 0 7
52 58 4 0 7
54 58 3 0 7
107 58 4 0 7
125 58 1 1 7
58 65 2 0 7
58 86 3 0 7
58 93 3 0 7
58 95 2 0 7
50 75 10 5 7
116 79 14 9 7
12 80 5 1 7
22 80 5 1 7
115 80 6 1 7
102 24 5 0 7
102 52 5 1 7
102 65 5 0 7
102 86 4 1 7
102 95 5 0 7
103 129 5 14 7
104 113 10 3 7
104 115 10 2 7
107 23 6 1 7
107 24 2 0 7
107 54 3 0 7
107 65 2 0 7
107 86 3 0 7
107 93 3 0 7
107 95 2 0 7
107 125 3 0 7
108 50 6 4 7
115 12 3 1 7
115 22 3 1 7
115 24 3 0 7
115 54 4 0 7
115 65 3 0 7
115 80 6 1 7
115 86 4 0 7
115 93 4 0 7
115 95 3 0 7
113 115 6 1 7
115 125 4 0 7
116 79 14 9 7
103 129 5 14 7
