Res1 Res2 NSingle NDouble Method
10 11 14 1 7
10 12 9 1 7
11 12 7 1 7
10 22 10 1 7
11 22 8 1 7
12 22 3 1 7
22 50 11 1 7
12 52 4 0 7
22 52 5 0 7
11 56 12 2 7
12 56 9 1 7
22 56 10 1 7
12 58 5 0 7
22 58 6 0 7
52 58 5 0 7
11 80 11 1 7
12 80 6 1 7
22 80 7 1 7
52 80 8 0 7
102 12 7 0 7
102 52 5 1 7
102 58 8 0 7
102 80 9 1 7
107 12 4 0 7
107 22 5 0 7
107 23 10 1 7
107 52 4 0 7
107 58 5 0 7
107 80 8 0 7
102 107 7 0 7
108 50 9 6 7
113 12 8 1 7
113 22 9 1 7
113 80 12 1 7
11 113 13 1 7
104 113 15 5 7
115 12 4 1 7
115 22 5 1 7
115 52 6 0 7
115 56 11 1 7
115 58 7 0 7
115 80 8 1 7
10 115 11 1 7
11 115 9 1 7
107 115 6 0 7
113 115 10 1 7
116 79 22 11 7
