Res1 Res2 NSingle NDouble Method
11 5 26 3 7
10 11 14 1 7
10 12 9 1 7
10 22 10 1 7
10 24 9 0 7
10 52 11 0 7
10 54 10 0 7
10 65 9 0 7
10 80 13 1 7
10 86 10 0 7
10 93 10 0 7
10 95 9 0 7
10 107 11 0 7
10 115 11 1 7
10 125 10 0 7
10 11 14 1 7
11 12 7 1 7
11 22 8 1 7
11 24 7 0 7
11 56 12 2 7
11 65 7 0 7
11 80 11 1 7
11 95 7 0 7
11 113 13 1 7
11 115 9 1 7
10 12 9 1 7
11 12 7 1 7
102 12 7 0 7
107 12 4 0 7
113 12 8 1 7
115 12 4 1 7
12 22 3 1 7
12 24 2 0 7
12 52 4 0 7
12 54 3 0 7
12 56 9 1 7
12 58 5 0 7
12 65 2 0 7
12 80 6 1 7
12 86 3 0 7
12 93 3 0 7
12 95 2 0 7
12 125 3 0 7
14 58 23 3 7
15 22 19 2 7
15 58 17 3 7
15 96 21 9 7
12 17 11 0 7
107 17 11 0 7
125 17 10 0 7
17 24 9 0 7
17 52 11 0 7
17 54 10 0 7
17 65 9 0 7
17 86 10 0 7
17 93 10 0 7
17 95 9 0 7
10 22 10 1 7
11 22 8 1 7
12 22 3 1 7
107 22 5 0 7
113 22 9 1 7
115 22 5 1 7
125 22 4 0 7
22 24 3 0 7
22 50 11 1 7
22 52 5 0 7
22 54 4 0 7
22 56 10 1 7
22 58 6 0 7
22 65 3 0 7
22 80 7 1 7
22 86 4 0 7
22 93 4 0 7
22 95 3 0 7
12 23 12 0 7
22 23 13 0 7
107 23 10 1 7
125 23 11 0 7
23 24 10 0 7
23 52 12 0 7
23 54 11 0 7
23 58 13 0 7
23 65 10 0 7
23 86 11 0 7
23 93 11 0 7
23 95 10 0 7
115 25 22 4 7
23 29 37 6 7
102 30 14 2 7
30 86 12 1 7
24 48 12 0 7
125 48 13 0 7
48 54 13 0 7
48 65 12 0 7
48 86 11 1 7
48 93 13 0 7
48 95 12 0 7
12 50 8 2 7
22 50 11 1 7
24 50 10 0 7
107 50 12 0 7
108 50 9 6 7
115 50 12 1 7
125 50 11 0 7
50 52 12 0 7
50 54 11 0 7
50 65 10 0 7
50 80 14 1 7
50 86 11 0 7
50 93 11 0 7
50 95 10 0 7
12 52 4 0 7
22 52 5 0 7
24 52 2 0 7
102 52 5 1 7
107 52 4 0 7
115 52 6 0 7
125 52 3 0 7
52 54 3 0 7
52 58 5 0 7
52 65 2 0 7
52 80 8 0 7
52 86 3 0 7
52 93 3 0 7
52 95 2 0 7
17 55 18 6 7
11 56 12 2 7
12 56 9 1 7
22 56 10 1 7
24 56 9 0 7
54 56 10 0 7
115 56 11 1 7
125 56 10 0 7
56 65 9 0 7
56 80 13 1 7
56 86 10 0 7
56 93 10 0 7
56 95 9 0 7
12 58 5 0 7
22 58 6 0 7
24 58 3 0 7
52 58 5 0 7
54 58 4 0 7
102 58 8 0 7
107 58 5 0 7
115 58 7 0 7
125 58 4 0 7
58 65 3 0 7
58 80 9 0 7
58 86 4 0 7
58 93 4 0 7
58 95 3 0 7
60 82 28 12 7
23 62 44 9 7
63 80 17 3 7
115 67 24 3 7
12 75 17 2 7
50 75 17 6 7
30 77 18 7 7
102 77 16 4 7
56 79 17 3 7
116 79 22 11 7
11 80 11 1 7
12 80 6 1 7
22 80 7 1 7
24 80 6 0 7
52 80 8 0 7
54 80 7 0 7
65 80 6 0 7
102 80 9 1 7
107 80 8 0 7
113 80 12 1 7
115 80 8 1 7
125 80 7 0 7
80 86 7 0 7
80 93 7 0 7
80 95 6 0 7
56 82 18 3 7
77 84 26 13 7
10 91 23 4 7
11 91 23 3 7
22 91 21 2 7
54 96 18 1 7
125 96 18 1 7
100 120 43 18 7
102 12 7 0 7
102 22 8 0 7
102 24 5 0 7
102 52 5 1 7
102 54 6 0 7
102 58 8 0 7
102 65 5 0 7
102 80 9 1 7
102 86 4 1 7
102 93 6 0 7
102 95 5 0 7
102 107 7 0 7
102 115 9 0 7
102 125 6 0 7
104 113 15 5 7
104 115 15 3 7
105 86 12 1 7
102 105 14 2 7
106 113 29 5 7
107 12 4 0 7
107 22 5 0 7
107 23 10 1 7
107 24 2 0 7
107 52 4 0 7
107 54 3 0 7
107 58 5 0 7
107 65 2 0 7
107 80 8 0 7
107 86 3 0 7
107 93 3 0 7
107 95 2 0 7
102 107 7 0 7
107 115 6 0 7
107 125 3 0 7
108 11 12 3 7
108 12 11 1 7
108 24 11 0 7
108 50 9 6 7
108 65 11 0 7
108 95 11 0 7
113 12 8 1 7
113 22 9 1 7
113 24 8 0 7
113 52 10 0 7
113 54 9 0 7
113 65 8 0 7
113 80 12 1 7
113 86 9 0 7
113 93 9 0 7
113 95 8 0 7
11 113 13 1 7
104 113 15 5 7
107 113 10 0 7
113 115 10 1 7
113 125 9 0 7
115 12 4 1 7
115 22 5 1 7
115 24 4 0 7
115 52 6 0 7
115 54 5 0 7
115 56 11 1 7
115 58 7 0 7
115 65 4 0 7
115 80 8 1 7
115 86 5 0 7
115 93 5 0 7
115 95 4 0 7
10 115 11 1 7
11 115 9 1 7
107 115 6 0 7
113 115 10 1 7
115 125 5 0 7
116 79 22 11 7
121 24 9 0 7
121 30 16 3 7
121 65 9 0 7
121 95 9 0 7
126 17 20 5 7
128 17 29 7 7
103 129 12 19 7
