Res1 Res2 NSingle NDouble Method
127 2 8 0 7
191 2 8 0 7
2 61 8 0 7
61 8 7 0 7
127 8 7 0 7
191 8 7 0 7
13 94 15 2 7
127 15 7 0 7
145 15 0 7 7
15 53 8 0 7
15 61 7 0 7
15 183 8 0 7
15 191 7 0 7
127 19 8 0 7
19 61 8 0 7
19 191 8 0 7
127 23 7 0 7
183 23 8 0 7
191 23 7 0 7
23 53 8 0 7
23 61 7 0 7
127 30 2 0 7
160 30 0 2 7
183 30 3 0 7
191 30 2 0 7
30 53 3 0 7
30 61 2 0 7
30 88 6 0 7
30 94 4 0 7
123 41 14 2 7
121 62 17 8 7
61 68 7 0 7
127 68 7 0 7
191 68 7 0 7
68 77 10 2 7
68 88 7 2 7
61 75 9 0 7
118 75 10 2 7
127 75 9 0 7
191 75 9 0 7
61 77 7 0 7
127 77 7 0 7
191 77 7 0 7
61 82 8 0 7
127 82 8 0 7
191 82 8 0 7
15 83 5 7 7
145 83 5 7 7
68 86 12 4 7
30 88 6 0 7
53 88 5 0 7
61 88 4 0 7
68 88 7 2 7
127 88 4 0 7
160 88 6 0 7
183 88 5 0 7
191 88 4 0 7
88 94 6 0 7
30 94 4 0 7
53 94 3 0 7
61 94 2 0 7
88 94 6 0 7
127 94 2 0 7
160 94 4 0 7
183 94 3 0 7
191 94 2 0 7
61 96 9 0 7
127 96 9 0 7
191 96 9 0 7
101 15 6 5 7
101 61 9 0 7
101 120 5 6 7
101 127 9 0 7
101 145 6 5 7
101 191 9 0 7
102 53 9 1 7
102 183 9 1 7
112 61 10 0 7
112 127 10 0 7
112 191 10 0 7
117 94 17 2 7
118 30 7 0 7
118 53 6 0 7
118 61 5 0 7
118 94 7 0 7
118 127 5 0 7
118 160 7 0 7
118 183 6 0 7
118 191 5 0 7
120 15 9 3 7
120 61 8 0 7
101 120 5 6 7
120 127 8 0 7
120 145 9 3 7
120 191 8 0 7
132 61 8 0 7
127 132 8 0 7
132 191 8 0 7
138 61 7 0 7
127 138 7 0 7
138 191 7 0 7
143 94 15 2 7
145 15 0 7 7
145 53 8 0 7
145 61 7 0 7
127 145 7 0 7
145 183 8 0 7
145 191 7 0 7
149 61 8 0 7
127 149 8 0 7
149 191 8 0 7
153 53 8 0 7
153 61 7 0 7
127 153 7 0 7
153 183 8 0 7
153 191 7 0 7
160 30 0 2 7
160 53 3 0 7
160 61 2 0 7
160 88 6 0 7
160 94 4 0 7
127 160 2 0 7
160 183 3 0 7
160 191 2 0 7
123 171 14 2 7
121 192 17 8 7
