10	101
10	117
10	125
100	118
100	124
100	20
100	82
100	93
101	105
101	112
101	117
101	125
101	129
103	58
103	93
105	112
105	128
105	71
105	98
107	127
107	38
107	48
107	65
107	86
107	87
108	128
109	125
109	18
109	81
11	32
110	121
110	129
110	66
110	99
111	120
112	128
112	71
112	98
113	122
114	115
116	119
116	121
116	38
116	48
116	65
117	125
117	18
118	124
118	93
119	121
119	38
119	48
119	65
121	123
121	129
121	66
121	99
123	126
123	127
123	66
123	81
123	99
125	18
126	18
129	66
129	99
18	81
20	47
24	31
38	48
38	65
38	86
38	87
40	43
45	89
48	65
48	86
48	87
5	50
5	91
50	61
50	91
58	93
65	86
65	87
66	99
67	89
86	87
