Res1 Res2 NSingle NDouble Method
15 27 13 14 4
24 31 13 12 4
11 32 2 21 4
40 43 10 23 4
20 47 6 10 4
38 48 0 5 4
5 50 5 18 4
5 61 8 16 4
50 61 9 16 4
38 65 4 3 4
48 65 4 3 4
18 81 7 6 4
20 82 10 8 4
38 86 4 4 4
48 86 4 4 4
65 86 6 3 4
38 87 4 4 4
48 87 4 4 4
65 87 6 3 4
86 87 6 4 4
45 89 5 17 4
67 89 4 17 4
5 91 6 18 4
50 91 9 17 4
58 93 8 6 4
78 96 7 19 4
66 99 6 5 4
100 20 8 8 4
100 45 9 12 4
100 82 6 11 4
100 93 9 8 4
10 101 4 4 4
103 20 7 6 4
103 24 10 8 4
103 58 4 6 4
103 93 8 6 4
105 71 7 7 4
105 98 10 5 4
101 105 8 4 4
107 38 3 4 4
107 48 3 4 4
107 65 5 3 4
107 86 5 4 4
107 87 5 4 4
109 18 5 5 4
109 81 8 5 4
110 66 7 4 4
110 99 3 6 4
112 71 7 7 4
112 98 10 5 4
101 112 8 4 4
105 112 0 10 4
113 46 9 12 4
114 115 3 14 4
116 38 6 3 4
116 48 6 3 4
116 65 4 4 4
117 18 2 6 4
10 117 8 2 4
101 117 6 3 4
118 70 8 9 4
118 93 5 9 4
100 118 8 8 4
119 38 6 3 4
119 48 6 3 4
119 65 4 4 4
116 119 0 7 4
111 120 4 14 4
121 66 5 5 4
121 99 1 7 4
110 121 2 6 4
116 121 6 4 4
119 121 6 4 4
113 122 3 16 4
123 66 6 5 4
123 81 9 5 4
123 99 4 6 4
121 123 5 5 4
124 20 7 9 4
124 67 9 12 4
100 124 7 10 4
118 124 7 9 4
125 18 5 4 4
10 125 7 2 4
101 125 3 4 4
109 125 4 4 4
117 125 3 4 4
126 18 7 5 4
126 58 7 5 4
123 126 7 5 4
107 127 7 3 4
123 127 3 6 4
105 128 10 5 4
108 128 8 8 4
112 128 10 5 4
129 66 7 4 4
129 99 3 6 4
101 129 7 3 4
110 129 0 7 4
121 129 2 6 4
