Res1 Res2 NSingle NDouble Method
11 2 16 12 4
5 50 5 18 4
5 61 8 16 4
5 91 6 18 4
10 101 4 4 4
10 109 7 3 4
10 117 8 2 4
10 125 7 2 4
11 32 2 21 4
13 24 12 11 4
13 70 11 10 4
15 27 13 14 4
109 18 5 5 4
117 18 2 6 4
124 18 8 7 4
125 18 5 4 4
126 18 7 5 4
18 20 9 5 4
18 81 7 6 4
114 19 14 12 4
19 76 13 17 4
100 20 8 8 4
103 20 7 6 4
124 20 7 9 4
20 47 6 10 4
20 70 10 8 4
20 82 10 8 4
103 24 10 8 4
24 31 13 12 4
25 36 12 26 4
11 26 12 19 4
26 32 12 20 4
15 27 13 14 4
30 73 17 18 4
24 31 13 12 4
11 32 2 21 4
20 38 8 4 4
103 38 7 3 4
107 38 3 4 4
116 38 6 3 4
119 38 6 3 4
38 48 0 5 4
38 58 7 3 4
38 65 4 3 4
38 86 4 4 4
38 87 4 4 4
28 40 14 21 4
40 43 10 23 4
40 43 10 23 4
100 45 9 12 4
45 89 5 17 4
113 46 9 12 4
20 47 6 10 4
45 47 11 12 4
20 48 8 4 4
38 48 0 5 4
103 48 7 3 4
107 48 3 4 4
116 48 6 3 4
119 48 6 3 4
48 58 7 3 4
48 65 4 3 4
48 86 4 4 4
48 87 4 4 4
5 50 5 18 4
50 61 9 16 4
50 91 9 17 4
54 69 11 15 4
102 58 13 7 4
103 58 4 6 4
118 58 7 6 4
126 58 7 5 4
58 67 13 7 4
58 93 8 6 4
5 61 8 16 4
50 61 9 16 4
20 65 8 4 4
38 65 4 3 4
48 65 4 3 4
103 65 7 3 4
107 65 5 3 4
116 65 4 4 4
119 65 4 4 4
65 86 6 3 4
65 87 6 3 4
110 66 7 4 4
121 66 5 5 4
123 66 6 5 4
129 66 7 4 4
66 99 6 5 4
45 67 9 15 4
124 67 9 12 4
67 89 4 17 4
53 69 11 16 4
118 70 8 9 4
47 71 10 8 4
101 71 9 4 4
105 71 7 7 4
112 71 7 7 4
72 83 10 11 4
78 96 7 19 4
46 79 10 16 4
45 80 13 15 4
18 81 7 6 4
20 81 10 6 4
109 81 8 5 4
123 81 9 5 4
126 81 10 5 4
81 93 9 7 4
81 99 9 5 4
20 82 10 8 4
45 82 11 12 4
67 82 12 11 4
100 82 6 11 4
82 89 10 12 4
82 93 11 8 4
20 86 10 4 4
38 86 4 4 4
48 86 4 4 4
65 86 6 3 4
107 86 5 4 4
116 86 8 3 4
119 86 8 3 4
86 87 6 4 4
38 87 4 4 4
48 87 4 4 4
65 87 6 3 4
86 87 6 4 4
107 87 5 4 4
116 87 8 3 4
119 87 8 3 4
45 89 5 17 4
67 89 4 17 4
100 89 10 11 4
5 91 6 18 4
50 91 9 17 4
58 93 8 6 4
100 93 9 8 4
103 93 8 6 4
118 93 5 9 4
78 96 7 19 4
67 98 13 8 4
89 98 11 9 4
105 98 10 5 4
112 98 10 5 4
66 99 6 5 4
110 99 3 6 4
121 99 1 7 4
123 99 4 6 4
129 99 3 6 4
100 20 8 8 4
100 45 9 12 4
100 82 6 11 4
100 93 9 8 4
100 103 9 6 4
100 118 8 8 4
100 124 7 10 4
101 18 8 3 4
10 101 4 4 4
101 103 8 3 4
101 105 8 4 4
101 109 7 3 4
101 110 7 3 4
101 112 8 4 4
101 117 6 3 4
101 125 3 4 4
101 129 7 3 4
103 20 7 6 4
103 24 10 8 4
103 58 4 6 4
103 93 8 6 4
103 118 7 6 4
104 108 11 6 4
105 47 11 7 4
105 71 7 7 4
105 89 13 8 4
105 98 10 5 4
101 105 8 4 4
105 112 0 10 4
105 128 10 5 4
106 47 10 11 4
106 83 11 11 4
107 38 3 4 4
107 48 3 4 4
107 65 5 3 4
107 86 5 4 4
107 87 5 4 4
107 116 7 3 4
107 119 7 3 4
107 127 7 3 4
108 83 10 10 4
108 94 13 11 4
108 128 8 8 4
109 18 5 5 4
109 81 8 5 4
109 99 7 4 4
109 125 4 4 4
110 66 7 4 4
110 99 3 6 4
103 110 7 4 4
110 121 2 6 4
110 123 7 4 4
110 129 0 7 4
111 120 4 14 4
112 47 11 7 4
112 71 7 7 4
112 98 10 5 4
101 112 8 4 4
105 112 0 10 4
112 128 10 5 4
113 46 9 12 4
113 122 3 16 4
114 115 3 14 4
114 115 3 14 4
116 38 6 3 4
116 48 6 3 4
116 65 4 4 4
116 99 7 4 4
103 116 7 4 4
116 119 0 7 4
116 121 6 4 4
117 18 2 6 4
117 81 9 4 4
10 117 8 2 4
101 117 6 3 4
109 117 7 3 4
117 124 10 5 4
117 125 3 4 4
117 126 9 3 4
118 70 8 9 4
118 93 5 9 4
100 118 8 8 4
118 124 7 9 4
119 38 6 3 4
119 48 6 3 4
119 65 4 4 4
119 99 7 4 4
103 119 7 4 4
116 119 0 7 4
119 121 6 4 4
111 120 4 14 4
121 66 5 5 4
121 99 1 7 4
110 121 2 6 4
116 121 6 4 4
119 121 6 4 4
121 123 5 5 4
121 129 2 6 4
113 122 3 16 4
123 20 9 5 4
123 66 6 5 4
123 81 9 5 4
123 99 4 6 4
118 123 7 6 4
121 123 5 5 4
123 124 10 6 4
123 126 7 5 4
123 127 3 6 4
124 20 7 9 4
124 67 9 12 4
100 124 7 10 4
118 124 7 9 4
125 18 5 4 4
125 81 8 4 4
10 125 7 2 4
101 125 3 4 4
109 125 4 4 4
116 125 8 2 4
117 125 3 4 4
119 125 8 2 4
121 125 8 2 4
126 18 7 5 4
126 58 7 5 4
126 67 12 8 4
118 126 6 7 4
123 126 7 5 4
127 20 8 5 4
127 70 10 6 4
127 99 7 4 4
103 127 7 4 4
107 127 7 3 4
123 127 3 6 4
128 83 10 8 4
105 128 10 5 4
108 128 8 8 4
112 128 10 5 4
129 58 9 3 4
129 66 7 4 4
129 99 3 6 4
101 129 7 3 4
103 129 7 4 4
110 129 0 7 4
116 129 8 3 4
119 129 8 3 4
121 129 2 6 4
123 129 7 4 4
127 129 8 3 4
