Res1 Res2 NSingle NDouble Method
18 20 10 6 4
13 24 16 11 4
17 28 26 21 4
24 31 19 13 4
11 32 3 26 4
40 43 13 28 4
20 47 13 10 4
38 48 0 6 4
5 50 8 20 4
1 59 25 27 4
50 61 16 16 4
57 62 19 19 4
38 65 4 4 4
48 65 4 4 4
52 67 17 15 4
58 67 15 9 4
53 69 18 18 4
13 70 13 11 4
24 70 13 13 4
32 70 17 15 4
10 71 12 3 4
47 71 15 8 4
70 72 16 10 4
46 75 15 17 4
19 76 17 19 4
76 80 24 17 4
18 81 8 7 4
20 81 14 6 4
58 82 15 6 4
13 83 14 10 4
47 83 17 10 4
70 83 15 10 4
72 83 13 11 4
71 84 13 4 4
24 85 16 12 4
70 85 13 12 4
72 85 15 11 4
38 86 4 5 4
48 86 4 5 4
65 86 6 4 4
38 87 5 5 4
48 87 5 5 4
65 87 7 4 4
66 87 10 4 4
86 87 7 5 4
53 88 19 20 4
45 89 16 16 4
67 89 11 18 4
82 89 15 13 4
5 91 7 20 4
50 91 13 18 4
61 91 19 14 4
58 93 11 7 4
82 93 12 10 4
82 96 19 11 4
71 98 13 4 4
38 99 10 2 4
48 99 10 2 4
65 99 10 2 4
66 99 7 5 4
81 99 11 5 4
93 99 13 5 4
100 20 12 8 4
100 82 14 9 4
100 93 14 8 4
101 18 10 3 4
101 71 12 3 4
10 101 4 5 4
103 58 7 6 4
103 65 9 3 4
103 82 12 7 4
103 93 12 6 4
101 103 10 3 4
104 71 14 3 4
104 84 13 3 4
105 71 8 7 4
105 98 11 5 4
10 105 12 3 4
101 105 12 3 4
106 80 18 16 4
107 38 3 5 4
107 48 3 5 4
107 65 5 4 4
107 86 5 5 4
107 87 6 5 4
108 83 13 9 4
108 94 19 9 4
109 18 6 6 4
109 20 12 5 4
109 81 10 6 4
109 99 9 4 4
10 109 10 3 4
100 109 12 6 4
101 109 10 3 4
110 66 8 4 4
110 99 3 6 4
10 110 10 2 4
101 110 8 3 4
103 110 8 4 4
111 89 18 12 4
112 71 8 7 4
112 84 15 3 4
112 98 11 5 4
10 112 12 3 4
101 112 12 3 4
105 112 0 11 4
113 42 20 11 4
113 52 20 11 4
113 58 14 7 4
113 67 19 11 4
114 115 7 16 4
116 38 6 4 4
116 48 6 4 4
116 65 4 5 4
116 86 8 4 4
116 87 9 4 4
116 99 8 4 4
103 116 9 4 4
107 116 7 4 4
110 116 9 3 4
117 18 3 6 4
117 48 10 1 4
117 81 11 4 4
117 84 12 2 4
10 117 9 2 4
101 117 7 3 4
109 117 9 3 4
118 93 5 12 4
118 99 12 5 4
100 118 13 8 4
103 118 11 6 4
119 38 6 4 4
119 48 6 4 4
119 65 4 5 4
119 86 8 4 4
119 87 9 4 4
119 99 8 4 4
103 119 9 4 4
107 119 7 4 4
110 119 9 3 4
116 119 0 8 4
120 82 17 11 4
120 89 14 16 4
120 96 18 14 4
106 120 15 14 4
111 120 10 15 4
121 65 9 2 4
121 66 6 5 4
121 81 12 4 4
121 99 1 7 4
101 121 10 2 4
103 121 10 3 4
109 121 10 3 4
110 121 2 6 4
116 121 7 4 4
119 121 7 4 4
122 46 16 16 4
113 122 8 18 4
123 18 9 4 4
123 38 10 2 4
123 48 10 2 4
123 65 10 2 4
123 66 7 5 4
123 81 11 5 4
123 93 13 5 4
123 99 4 6 4
107 123 9 3 4
110 123 7 4 4
117 123 10 2 4
118 123 10 6 4
121 123 5 5 4
124 18 12 6 4
100 124 10 10 4
111 124 15 9 4
118 124 11 9 4
125 18 6 4 4
125 38 9 1 4
125 48 9 1 4
125 81 10 4 4
125 84 11 2 4
125 99 9 2 4
10 125 8 2 4
101 125 4 4 4
104 125 10 2 4
109 125 6 4 4
110 125 10 1 4
116 125 9 2 4
117 125 3 4 4
119 125 9 2 4
121 125 8 2 4
126 18 10 4 4
126 93 14 5 4
103 126 10 4 4
110 126 8 4 4
117 126 9 3 4
121 126 10 3 4
123 126 9 4 4
127 18 10 3 4
127 38 9 2 4
127 48 9 2 4
127 65 9 2 4
127 66 10 3 4
127 86 11 2 4
127 98 11 3 4
127 99 7 4 4
10 127 10 2 4
101 127 10 2 4
103 127 10 3 4
107 127 8 3 4
110 127 8 3 4
117 127 9 2 4
121 127 8 3 4
123 127 3 6 4
125 127 10 1 4
126 127 10 3 4
128 83 13 7 4
105 128 13 4 4
108 128 10 7 4
112 128 13 4 4
129 66 8 4 4
129 99 3 6 4
10 129 10 2 4
101 129 8 3 4
103 129 8 4 4
110 129 0 7 4
116 129 9 3 4
119 129 9 3 4
121 129 2 6 4
123 129 7 4 4
125 129 10 1 4
126 129 8 4 4
127 129 8 3 4
