Res1 Res2 NSingle NDouble Method
1 59 25 27 4
11 2 24 14 4
108 3 26 11 4
5 50 8 20 4
5 91 7 20 4
10 71 12 3 4
10 101 4 5 4
10 105 12 3 4
10 109 10 3 4
10 110 10 2 4
10 111 15 5 4
10 112 12 3 4
10 117 9 2 4
10 125 8 2 4
10 127 10 2 4
10 129 10 2 4
11 32 3 26 4
11 70 20 12 4
11 85 23 11 4
12 69 31 20 4
12 88 30 23 4
13 20 16 7 4
13 24 16 11 4
13 70 13 11 4
13 83 14 10 4
13 85 18 9 4
110 15 20 4 4
121 15 20 4 4
123 15 19 5 4
127 15 20 4 4
129 15 20 4 4
15 66 18 6 4
15 87 20 5 4
15 99 19 5 4
17 28 26 21 4
100 18 14 5 4
101 18 10 3 4
109 18 6 6 4
117 18 3 6 4
123 18 9 4 4
124 18 12 6 4
125 18 6 4 4
126 18 10 4 4
127 18 10 3 4
18 20 10 6 4
18 81 8 7 4
18 99 11 3 4
114 19 22 12 4
19 76 17 19 4
18 20 10 6 4
100 20 12 8 4
109 20 12 5 4
124 20 14 7 4
20 47 13 10 4
20 70 15 8 4
20 81 14 6 4
13 24 16 11 4
118 24 17 9 4
24 31 19 13 4
24 70 13 13 4
24 85 16 12 4
24 93 18 9 4
25 36 25 26 4
11 26 22 20 4
26 32 21 22 4
15 27 21 16 4
17 28 26 21 4
24 31 19 13 4
109 31 19 7 4
115 31 21 11 4
11 32 3 26 4
32 70 17 15 4
102 33 27 21 4
118 34 22 11 4
36 77 25 20 4
20 38 11 4 4
107 38 3 5 4
116 38 6 4 4
119 38 6 4 4
123 38 10 2 4
125 38 9 1 4
127 38 9 2 4
38 48 0 6 4
38 58 10 3 4
38 65 4 4 4
38 86 4 5 4
38 87 5 5 4
38 99 10 2 4
40 43 13 28 4
113 42 20 11 4
42 70 20 11 4
40 43 13 28 4
115 43 25 15 4
103 45 19 7 4
45 58 20 7 4
45 67 19 14 4
45 89 16 16 4
45 98 20 7 4
122 46 16 16 4
46 75 15 17 4
20 47 13 10 4
100 47 19 8 4
47 71 15 8 4
47 83 17 10 4
20 48 11 4 4
38 48 0 6 4
107 48 3 5 4
116 48 6 4 4
117 48 10 1 4
119 48 6 4 4
123 48 10 2 4
125 48 9 1 4
127 48 9 2 4
48 58 10 3 4
48 65 4 4 4
48 86 4 5 4
48 87 5 5 4
48 99 10 2 4
5 50 8 20 4
50 61 16 16 4
50 91 13 18 4
113 52 20 11 4
52 67 17 15 4
53 69 18 18 4
53 88 19 20 4
57 62 19 19 4
57 75 18 19 4
20 58 13 5 4
103 58 7 6 4
113 58 14 7 4
118 58 10 7 4
58 67 15 9 4
58 82 15 6 4
58 93 11 7 4
1 59 25 27 4
50 59 30 17 4
59 91 29 17 4
5 61 16 15 4
50 61 16 16 4
58 61 17 8 4
61 91 19 14 4
46 62 20 15 4
57 62 19 19 4
62 75 21 17 4
38 65 4 4 4
48 65 4 4 4
103 65 9 3 4
107 65 5 4 4
116 65 4 5 4
119 65 4 5 4
121 65 9 2 4
123 65 10 2 4
127 65 9 2 4
65 86 6 4 4
65 87 7 4 4
65 99 10 2 4
65 66 11 2 4
110 66 8 4 4
116 66 13 2 4
119 66 13 2 4
121 66 6 5 4
123 66 7 5 4
126 66 12 3 4
127 66 10 3 4
129 66 8 4 4
66 87 10 4 4
66 99 7 5 4
52 67 17 15 4
58 67 15 9 4
113 67 19 11 4
118 67 15 11 4
67 89 11 18 4
68 79 29 22 4
53 69 18 18 4
54 69 23 14 4
13 70 13 11 4
24 70 13 13 4
32 70 17 15 4
118 70 14 9 4
70 72 16 10 4
70 83 15 10 4
70 85 13 12 4
10 71 12 3 4
47 71 15 8 4
66 71 14 3 4
101 71 12 3 4
104 71 14 3 4
105 71 8 7 4
110 71 14 2 4
112 71 8 7 4
125 71 14 1 4
127 71 14 2 4
129 71 14 2 4
71 84 13 4 4
71 98 13 4 4
70 72 16 10 4
100 72 17 8 4
72 83 13 11 4
72 85 15 11 4
118 73 22 13 4
46 75 15 17 4
19 76 17 19 4
76 80 24 17 4
5 77 18 17 4
61 77 24 14 4
76 80 24 17 4
106 80 18 16 4
120 80 21 15 4
80 89 21 16 4
18 81 8 7 4
20 81 14 6 4
109 81 10 6 4
117 81 11 4 4
121 81 12 4 4
123 81 11 5 4
125 81 10 4 4
81 93 14 7 4
81 99 11 5 4
58 82 15 6 4
100 82 14 9 4
103 82 12 7 4
111 82 15 10 4
118 82 13 9 4
120 82 17 11 4
82 89 15 13 4
82 93 12 10 4
82 96 19 11 4
13 83 14 10 4
20 83 16 7 4
47 83 17 10 4
70 83 15 10 4
72 83 13 11 4
108 83 13 9 4
128 83 13 7 4
10 84 13 2 4
18 84 15 2 4
71 84 13 4 4
81 84 15 4 4
82 84 17 5 4
104 84 13 3 4
105 84 15 3 4
109 84 13 3 4
112 84 15 3 4
117 84 12 2 4
125 84 11 2 4
24 85 16 12 4
70 85 13 12 4
72 85 15 11 4
118 85 17 8 4
38 86 4 5 4
48 86 4 5 4
58 86 12 3 4
65 86 6 4 4
107 86 5 5 4
116 86 8 4 4
119 86 8 4 4
127 86 11 2 4
86 87 7 5 4
20 87 14 4 4
38 87 5 5 4
48 87 5 5 4
58 87 13 3 4
65 87 7 4 4
66 87 10 4 4
86 87 7 5 4
107 87 6 5 4
116 87 9 4 4
119 87 9 4 4
127 87 12 2 4
23 88 22 24 4
53 88 19 20 4
45 89 16 16 4
67 89 11 18 4
82 89 15 13 4
111 89 18 12 4
120 89 14 16 4
4 90 30 21 4
5 91 7 20 4
50 91 13 18 4
58 91 20 7 4
61 91 19 14 4
58 93 11 7 4
82 93 12 10 4
100 93 14 8 4
103 93 12 6 4
118 93 5 12 4
123 93 13 5 4
126 93 14 5 4
93 99 13 5 4
108 94 19 9 4
78 96 19 18 4
82 96 19 11 4
120 96 18 14 4
10 98 13 2 4
71 98 13 4 4
101 98 13 2 4
103 98 13 3 4
104 98 15 2 4
105 98 11 5 4
110 98 13 2 4
111 98 18 5 4
112 98 11 5 4
123 98 14 2 4
126 98 13 3 4
127 98 11 3 4
129 98 13 2 4
38 99 10 2 4
48 99 10 2 4
65 99 10 2 4
66 99 7 5 4
81 99 11 5 4
93 99 13 5 4
109 99 9 4 4
110 99 3 6 4
116 99 8 4 4
118 99 12 5 4
119 99 8 4 4
121 99 1 7 4
123 99 4 6 4
125 99 9 2 4
127 99 7 4 4
129 99 3 6 4
100 20 12 8 4
100 82 14 9 4
100 93 14 8 4
100 109 12 6 4
100 118 13 8 4
100 124 10 10 4
101 18 10 3 4
101 20 12 4 4
101 71 12 3 4
101 99 11 2 4
10 101 4 5 4
101 103 10 3 4
101 105 12 3 4
101 109 10 3 4
101 110 8 3 4
101 112 12 3 4
101 116 11 2 4
101 117 7 3 4
101 119 11 2 4
101 121 10 2 4
101 125 4 4 4
101 126 12 2 4
101 127 10 2 4
101 129 8 3 4
102 76 20 16 4
103 58 7 6 4
103 65 9 3 4
103 82 12 7 4
103 89 17 8 4
103 93 12 6 4
101 103 10 3 4
103 110 8 4 4
103 116 9 4 4
103 118 11 6 4
103 119 9 4 4
103 121 10 3 4
103 126 10 4 4
103 127 10 3 4
103 129 8 4 4
104 71 14 3 4
104 83 16 5 4
104 84 13 3 4
104 99 13 2 4
104 106 20 5 4
104 109 14 2 4
104 116 13 2 4
104 119 13 2 4
104 121 12 2 4
104 125 10 2 4
105 65 15 1 4
105 71 8 7 4
105 98 11 5 4
10 105 12 3 4
101 105 12 3 4
105 110 14 2 4
105 112 0 11 4
105 117 13 2 4
105 123 15 2 4
105 125 14 1 4
105 127 12 3 4
105 128 13 4 4
105 129 14 2 4
106 80 18 16 4
106 120 15 14 4
107 20 12 4 4
107 38 3 5 4
107 48 3 5 4
107 58 11 3 4
107 65 5 4 4
107 86 5 5 4
107 87 6 5 4
107 116 7 4 4
107 119 7 4 4
107 123 9 3 4
107 127 8 3 4
108 72 18 7 4
108 83 13 9 4
108 94 19 9 4
108 128 10 7 4
109 18 6 6 4
109 20 12 5 4
109 81 10 6 4
109 99 9 4 4
10 109 10 3 4
100 109 12 6 4
101 109 10 3 4
109 117 9 3 4
109 121 10 3 4
109 125 6 4 4
110 58 11 3 4
110 65 11 1 4
110 66 8 4 4
110 93 14 4 4
110 99 3 6 4
10 110 10 2 4
101 110 8 3 4
103 110 8 4 4
110 116 9 3 4
110 118 13 4 4
110 119 9 3 4
110 121 2 6 4
110 123 7 4 4
110 125 10 1 4
110 126 8 4 4
110 127 8 3 4
110 129 0 7 4
111 89 18 12 4
111 118 14 9 4
111 120 10 15 4
111 124 15 9 4
112 47 17 7 4
112 65 15 1 4
112 71 8 7 4
112 84 15 3 4
112 98 11 5 4
10 112 12 3 4
101 112 12 3 4
105 112 0 11 4
110 112 14 2 4
112 117 13 2 4
112 125 14 1 4
112 127 12 3 4
112 128 13 4 4
112 129 14 2 4
113 42 20 11 4
113 46 14 13 4
113 52 20 11 4
113 58 14 7 4
113 67 19 11 4
113 118 16 8 4
113 122 8 18 4
114 115 7 16 4
114 115 7 16 4
116 13 15 5 4
116 38 6 4 4
116 48 6 4 4
116 65 4 5 4
116 86 8 4 4
116 87 9 4 4
116 99 8 4 4
103 116 9 4 4
107 116 7 4 4
110 116 9 3 4
116 119 0 8 4
116 121 7 4 4
116 125 9 2 4
116 129 9 3 4
117 18 3 6 4
117 20 13 3 4
117 38 10 1 4
117 48 10 1 4
117 65 10 1 4
117 81 11 4 4
117 84 12 2 4
117 86 12 1 4
117 99 12 1 4
10 117 9 2 4
101 117 7 3 4
107 117 11 1 4
109 117 9 3 4
116 117 12 1 4
117 119 12 1 4
117 121 11 1 4
117 123 10 2 4
117 124 13 4 4
117 125 3 4 4
117 126 9 3 4
117 127 9 2 4
118 93 5 12 4
118 99 12 5 4
100 118 13 8 4
103 118 11 6 4
118 123 10 6 4
118 124 11 9 4
119 38 6 4 4
119 48 6 4 4
119 65 4 5 4
119 86 8 4 4
119 87 9 4 4
119 99 8 4 4
103 119 9 4 4
107 119 7 4 4
110 119 9 3 4
116 119 0 8 4
119 121 7 4 4
119 125 9 2 4
119 129 9 3 4
120 82 17 11 4
120 89 14 16 4
120 96 18 14 4
106 120 15 14 4
111 120 10 15 4
121 65 9 2 4
121 66 6 5 4
121 81 12 4 4
121 99 1 7 4
101 121 10 2 4
103 121 10 3 4
109 121 10 3 4
110 121 2 6 4
116 121 7 4 4
118 121 13 4 4
119 121 7 4 4
121 123 5 5 4
121 125 8 2 4
121 126 10 3 4
121 127 8 3 4
121 129 2 6 4
122 46 16 16 4
113 122 8 18 4
123 18 9 4 4
123 38 10 2 4
123 48 10 2 4
123 65 10 2 4
123 66 7 5 4
123 81 11 5 4
123 93 13 5 4
123 99 4 6 4
107 123 9 3 4
109 123 11 3 4
110 123 7 4 4
117 123 10 2 4
118 123 10 6 4
121 123 5 5 4
123 126 9 4 4
123 127 3 6 4
123 129 7 4 4
124 18 12 6 4
124 82 16 8 4
100 124 10 10 4
111 124 15 9 4
118 124 11 9 4
125 18 6 4 4
125 20 12 3 4
125 38 9 1 4
125 48 9 1 4
125 65 9 1 4
125 66 12 1 4
125 81 10 4 4
125 84 11 2 4
125 86 11 1 4
125 87 12 1 4
125 99 9 2 4
10 125 8 2 4
101 125 4 4 4
103 125 12 1 4
104 125 10 2 4
107 125 10 1 4
109 125 6 4 4
110 125 10 1 4
116 125 9 2 4
117 125 3 4 4
119 125 9 2 4
121 125 8 2 4
123 125 11 1 4
125 126 12 1 4
125 127 10 1 4
125 129 10 1 4
126 18 10 4 4
126 58 11 4 4
126 93 14 5 4
126 99 11 3 4
103 126 10 4 4
110 126 8 4 4
111 126 15 6 4
117 126 9 3 4
118 126 9 7 4
121 126 10 3 4
123 126 9 4 4
124 126 14 5 4
126 127 10 3 4
126 129 8 4 4
127 18 10 3 4
127 38 9 2 4
127 48 9 2 4
127 58 11 3 4
127 65 9 2 4
127 66 10 3 4
127 86 11 2 4
127 98 11 3 4
127 99 7 4 4
10 127 10 2 4
101 127 10 2 4
103 127 10 3 4
107 127 8 3 4
110 127 8 3 4
116 127 11 2 4
117 127 9 2 4
119 127 11 2 4
121 127 8 3 4
123 127 3 6 4
125 127 10 1 4
126 127 10 3 4
127 129 8 3 4
128 65 14 1 4
128 71 15 3 4
128 72 18 5 4
128 83 13 7 4
128 98 14 3 4
10 128 13 2 4
101 128 13 2 4
103 128 15 2 4
104 128 15 2 4
105 128 13 4 4
108 128 10 7 4
110 128 13 2 4
112 128 13 4 4
121 128 15 1 4
127 128 13 2 4
128 129 13 2 4
129 58 11 3 4
129 66 8 4 4
129 99 3 6 4
10 129 10 2 4
101 129 8 3 4
103 129 8 4 4
110 129 0 7 4
116 129 9 3 4
119 129 9 3 4
121 129 2 6 4
123 129 7 4 4
125 129 10 1 4
126 129 8 4 4
127 129 8 3 4
