Res1 Res2 NSingle NDouble Method
11 6 26 3 5
12 9 21 3 5
11 12 19 2 5
10 16 18 4 5
17 9 25 7 5
12 17 22 2 5
17 22 23 3 5
12 23 16 2 5
16 23 19 3 5
24 6 17 1 5
10 24 15 1 5
11 24 17 1 5
16 24 13 1 5
22 24 11 1 5
23 24 14 1 5
25 6 33 5 5
11 25 31 6 5
24 25 26 2 5
2 30 32 6 5
16 30 29 4 5
23 30 30 4 5
22 35 20 5 5
2 36 29 5 5
11 36 26 5 5
17 36 29 5 5
22 36 24 3 5
25 37 38 14 5
23 39 32 4 5
33 40 28 14 5
12 41 25 2 5
24 41 21 2 5
31 41 41 11 5
10 42 18 4 5
16 42 18 3 5
42 45 20 8 5
43 45 35 7 5
29 46 32 14 5
42 46 21 4 5
10 47 18 5 5
16 47 20 3 5
42 47 12 7 5
45 47 28 5 5
46 47 21 5 5
48 9 26 3 5
11 48 22 3 5
12 48 15 2 5
16 48 20 2 5
23 48 21 2 5
24 48 13 1 5
39 48 29 5 5
32 49 43 17 5
41 50 25 4 5
42 50 17 3 5
46 50 22 3 5
51 6 27 3 5
25 51 34 5 5
12 52 13 1 5
22 52 14 2 5
33 52 22 2 5
2 53 32 5 5
22 53 25 4 5
51 53 28 6 5
54 6 18 1 5
54 9 18 3 5
12 54 9 1 5
23 54 15 1 5
24 54 7 0 5
33 54 20 1 5
39 54 27 2 5
52 54 10 1 5
55 9 31 5 5
12 55 22 3 5
54 55 21 2 5
56 9 27 4 5
4 56 35 6 5
10 56 23 3 5
12 56 16 3 5
16 56 21 3 5
42 56 15 6 5
45 56 29 5 5
47 56 21 4 5
48 56 23 2 5
16 57 35 7 5
27 57 43 20 5
22 58 21 2 5
24 58 16 1 5
39 58 34 4 5
48 58 17 5 5
52 58 21 1 5
46 59 27 13 5
39 60 47 12 5
43 61 25 9 5
45 61 26 8 5
46 61 27 4 5
47 61 22 5 5
50 61 21 4 5
4 62 27 10 5
22 62 21 2 5
42 62 19 4 5
46 62 20 6 5
47 62 23 3 5
50 62 22 2 5
17 64 25 5 5
22 64 20 3 5
36 64 16 10 5
42 64 24 2 5
46 64 19 7 5
48 64 22 3 5
62 64 23 4 5
12 65 14 2 5
17 65 24 3 5
23 65 20 2 5
33 65 17 6 5
51 65 24 2 5
52 65 15 2 5
54 65 13 1 5
63 66 61 22 5
41 67 57 19 5
22 69 26 6 5
46 69 27 9 5
62 69 31 6 5
64 69 24 10 5
12 70 18 1 5
17 70 24 4 5
22 70 19 2 5
42 70 21 2 5
56 70 24 2 5
62 70 22 3 5
65 70 18 3 5
23 71 44 5 5
2 72 36 4 5
30 72 30 10 5
51 72 30 6 5
53 72 34 7 5
35 74 20 4 5
52 74 12 2 5
6 78 27 2 5
11 78 25 3 5
12 78 12 5 5
24 78 16 1 5
30 78 28 6 5
48 78 21 3 5
55 78 26 5 5
58 78 24 3 5
65 78 22 2 5
70 78 24 2 5
72 78 28 6 5
79 9 37 9 5
12 80 16 1 5
33 80 21 4 5
48 80 19 2 5
24 82 18 1 5
48 82 23 3 5
56 82 26 3 5
80 82 22 3 5
77 83 53 30 5
10 84 27 6 5
43 84 34 8 5
61 84 31 6 5
10 86 22 2 5
16 86 20 2 5
22 86 18 2 5
24 86 13 1 5
42 86 20 2 5
47 86 22 2 5
50 86 13 5 5
61 86 22 4 5
86 88 32 8 5
3 90 41 17 5
16 90 35 6 5
45 90 35 12 5
47 90 35 7 5
6 91 20 2 5
12 91 11 2 5
16 91 18 1 5
22 91 16 1 5
23 91 17 2 5
24 91 9 1 5
41 91 26 2 5
48 91 16 2 5
50 91 17 1 5
52 91 14 1 5
54 91 10 1 5
55 91 23 3 5
58 91 19 2 5
65 91 17 1 5
78 91 19 2 5
80 91 17 1 5
82 91 21 2 5
12 93 14 1 5
17 93 24 2 5
22 93 15 2 5
35 93 25 2 5
36 93 25 2 5
48 93 19 1 5
55 93 26 2 5
64 93 21 2 5
80 93 12 4 5
91 93 15 1 5
43 94 31 7 5
45 94 30 7 5
50 94 25 3 5
61 94 18 10 5
86 94 24 4 5
12 95 9 2 5
23 95 13 3 5
39 95 29 2 5
48 95 14 2 5
54 95 10 0 5
56 95 17 2 5
58 95 19 1 5
65 95 15 1 5
70 95 15 2 5
72 95 27 2 5
78 95 17 2 5
80 95 13 2 5
91 95 12 1 5
93 95 13 1 5
24 96 21 1 5
25 96 33 7 5
42 96 18 7 5
47 96 20 7 5
50 96 25 3 5
56 96 27 4 5
61 96 22 8 5
11 97 30 5 5
22 97 26 4 5
35 97 26 9 5
36 97 30 7 5
62 97 29 5 5
74 97 20 6 5
43 99 37 7 5
50 99 23 7 5
61 99 30 7 5
84 99 31 10 5
86 99 30 4 5
94 99 32 7 5
101 17 27 6 5
101 22 18 6 5
101 35 26 7 5
101 36 28 6 5
101 51 29 4 5
101 53 25 9 5
101 64 26 5 5
101 69 34 7 5
101 70 25 4 5
101 93 25 2 5
103 31 41 14 5
103 41 34 8 5
103 79 39 12 5
105 2 33 6 5
105 6 34 4 5
105 51 27 8 5
105 53 31 9 5
105 58 31 5 5
105 72 27 12 5
105 78 23 9 5
109 23 31 4 5
109 33 32 6 5
109 65 27 5 5
110 43 32 13 5
110 50 32 6 5
110 61 35 8 5
110 84 34 12 5
110 99 37 11 5
111 12 8 0 5
111 22 11 0 5
111 24 4 0 5
111 42 13 0 5
111 46 16 1 5
111 50 12 0 5
111 52 9 0 5
111 54 5 0 5
111 64 15 1 5
111 65 12 0 5
111 70 14 0 5
111 74 9 0 5
111 80 12 0 5
111 91 9 0 5
111 93 10 0 5
111 95 7 0 5
112 22 20 9 5
112 24 27 2 5
112 86 30 5 5
114 41 36 9 5
114 52 34 3 5
114 99 36 11 5
115 12 21 2 5
115 43 27 8 5
115 54 20 1 5
115 61 28 4 5
115 91 22 2 5
115 94 28 5 5
116 22 25 5 5
116 42 23 7 5
116 47 27 6 5
116 56 28 6 5
116 62 26 7 5
116 70 26 6 5
118 22 26 4 5
118 42 24 6 5
118 47 26 6 5
118 56 29 5 5
118 62 27 6 5
118 70 27 5 5
118 86 28 4 5
11 118 26 7 5
101 118 30 7 5
116 118 9 20 5
120 6 30 7 5
120 31 45 12 5
120 78 31 6 5
120 80 31 4 5
120 82 33 6 5
120 91 30 3 5
12 120 25 5 5
121 6 27 2 5
121 33 23 5 5
121 50 22 2 5
121 52 21 1 5
121 54 17 1 5
121 65 18 4 5
121 91 19 2 5
121 95 19 1 5
12 121 18 2 5
115 121 25 4 5
122 42 17 3 5
122 45 25 5 5
122 47 21 2 5
122 70 18 3 5
122 96 23 4 5
111 122 12 0 5
116 122 20 8 5
118 122 21 7 5
123 31 50 21 5
124 33 19 4 5
124 40 35 6 5
124 42 17 2 5
124 56 20 2 5
124 65 16 2 5
124 96 23 3 5
109 124 27 4 5
111 124 10 0 5
122 124 12 4 5
125 16 14 5 5
125 24 11 2 5
125 25 29 5 5
125 42 16 4 5
125 45 26 5 5
125 56 21 3 5
125 70 19 3 5
125 86 18 3 5
125 96 22 5 5
11 125 22 3 5
111 125 13 0 5
116 125 27 5 5
118 125 24 6 5
122 125 13 5 5
124 125 17 2 5
126 59 36 17 5
126 82 35 8 5
127 84 35 15 5
110 127 43 15 5
128 17 28 7 5
128 22 23 5 5
128 35 31 6 5
128 36 31 6 5
128 54 23 2 5
128 70 28 4 5
128 82 28 6 5
101 128 29 7 5
129 83 39 25 5
130 90 43 12 5
