Res1 Res2 NSingle NDouble Method
1 61 82 12 5
1 70 79 9 5
1 94 87 11 5
1 122 78 8 5
101 2 52 5 5
105 2 56 7 5
107 2 29 0 5
111 2 30 0 5
113 2 29 0 5
2 24 32 0 5
2 30 59 8 5
2 36 53 4 5
2 45 45 7 5
2 53 55 4 5
2 54 34 0 5
2 56 45 4 5
2 58 47 3 5
2 62 44 3 5
2 64 43 6 5
2 95 36 0 5
24 3 58 2 5
116 3 55 18 5
118 3 63 14 5
122 3 61 6 5
125 3 63 5 5
3 42 64 8 5
3 47 63 8 5
3 90 60 22 5
3 97 66 14 5
12 4 50 2 5
116 4 58 9 5
121 4 55 5 5
122 4 44 7 5
125 4 52 3 5
4 42 47 9 5
4 56 50 9 5
4 62 47 9 5
4 70 53 4 5
22 5 84 9 5
36 5 91 14 5
42 5 86 11 5
116 5 91 14 5
5 62 84 12 5
5 64 87 13 5
5 70 86 9 5
5 85 94 24 5
10 6 38 1 5
11 6 33 4 5
12 6 29 1 5
23 6 36 1 5
24 6 22 1 5
25 6 50 5 5
51 6 37 4 5
52 6 30 0 5
54 6 26 0 5
105 6 50 6 5
107 6 21 0 5
109 6 49 4 5
111 6 22 0 5
113 6 21 0 5
120 6 46 9 5
121 6 38 2 5
125 6 33 1 5
6 78 34 2 5
6 84 48 3 5
6 91 28 2 5
6 95 28 0 5
6 99 51 3 5
65 7 106 11 5
109 7 99 24 5
3 8 75 24 5
42 8 69 8 5
46 8 71 9 5
47 8 66 9 5
68 8 78 24 5
116 8 62 17 5
118 8 66 15 5
122 8 60 9 5
8 96 69 12 5
12 9 30 3 5
17 9 41 6 5
23 9 39 2 5
24 9 29 0 5
46 9 45 3 5
48 9 40 1 5
52 9 33 1 5
54 9 25 3 5
55 9 50 3 5
56 9 40 5 5
64 9 44 4 5
65 9 39 2 5
70 9 37 3 5
79 9 52 12 5
82 9 42 7 5
107 9 26 0 5
111 9 27 0 5
113 9 26 0 5
121 9 41 3 5
9 91 35 1 5
9 95 33 0 5
10 16 26 3 5
10 24 20 1 5
10 42 34 3 5
10 47 27 6 5
10 54 24 0 5
10 68 65 8 5
10 84 42 5 5
10 86 33 2 5
10 91 28 1 5
10 95 26 0 5
10 107 19 0 5
10 111 20 0 5
10 113 19 0 5
10 116 45 3 5
10 118 45 3 5
10 122 31 1 5
10 125 29 2 5
11 6 33 4 5
105 11 49 6 5
107 11 20 0 5
11 12 26 2 5
11 24 23 0 5
11 25 45 7 5
11 36 40 6 5
11 48 30 3 5
11 52 29 0 5
11 54 25 0 5
11 55 44 3 5
11 56 40 2 5
11 78 29 4 5
11 95 25 1 5
11 97 43 6 5
11 111 21 0 5
11 112 44 6 5
11 113 20 0 5
11 118 40 6 5
11 122 30 2 5
11 125 32 1 5
11 130 49 5 5
12 6 29 1 5
12 9 30 3 5
11 12 26 2 5
107 12 10 0 5
111 12 11 0 5
113 12 10 0 5
115 12 30 3 5
12 17 33 2 5
12 23 23 2 5
12 24 13 0 5
12 41 36 3 5
12 48 22 2 5
12 52 17 1 5
12 54 13 1 5
12 55 34 3 5
12 56 28 3 5
12 65 23 2 5
12 70 25 1 5
12 78 19 4 5
12 80 25 1 5
12 91 15 3 5
12 93 22 1 5
12 95 13 2 5
12 120 41 6 5
12 121 25 3 5
13 7 117 21 5
13 9 64 5 5
109 13 68 8 5
115 13 64 5 5
124 13 49 6 5
13 17 61 7 5
13 65 55 5 5
13 79 76 11 5
14 8 84 24 5
116 14 68 16 5
118 14 70 15 5
122 14 64 9 5
14 30 76 19 5
14 36 64 18 5
14 42 71 9 5
14 97 71 16 5
109 15 88 14 5
122 15 72 11 5
124 15 71 11 5
15 45 84 13 5
15 65 77 10 5
10 16 26 3 5
107 16 13 0 5
111 16 14 0 5
113 16 13 0 5
116 16 39 3 5
125 16 21 3 5
16 22 26 1 5
16 23 24 3 5
16 24 14 1 5
16 30 49 5 5
16 42 30 2 5
16 47 29 2 5
16 48 27 1 5
16 54 18 0 5
16 56 33 2 5
16 57 59 4 5
16 69 44 3 5
16 90 48 5 5
16 91 22 1 5
16 95 20 0 5
17 9 41 6 5
12 17 33 2 5
101 17 42 9 5
107 17 27 0 5
111 17 28 0 5
113 17 27 0 5
118 17 45 7 5
121 17 42 3 5
122 17 39 1 5
124 17 38 1 5
128 17 45 8 5
17 22 34 4 5
17 23 40 2 5
17 24 30 0 5
17 35 42 7 5
17 36 41 9 5
17 52 34 1 5
17 54 30 1 5
17 64 35 9 5
17 65 38 3 5
17 70 34 5 5
17 79 57 10 5
17 91 36 1 5
17 93 35 3 5
10 18 78 8 5
18 23 78 7 5
18 32 82 24 5
18 49 94 14 5
18 59 92 17 5
17 19 79 12 5
101 19 79 15 5
116 19 82 13 5
118 19 84 12 5
19 22 71 10 5
19 36 84 12 5
19 62 81 8 5
19 64 74 14 5
116 20 79 17 5
118 20 73 20 5
122 20 79 8 5
20 35 78 16 5
20 42 80 11 5
20 84 86 14 5
21 25 97 16 5
21 85 101 22 5
10 22 32 1 5
12 22 25 0 5
16 22 26 1 5
17 22 34 4 5
101 22 28 10 5
107 22 15 0 5
111 22 16 0 5
112 22 35 8 5
113 22 15 0 5
116 22 35 6 5
118 22 37 5 5
125 22 27 1 5
128 22 41 4 5
22 23 30 1 5
22 24 16 1 5
22 35 34 5 5
22 36 39 4 5
22 48 29 1 5
22 52 22 1 5
22 53 39 5 5
22 54 20 0 5
22 58 35 2 5
22 62 30 3 5
22 64 33 4 5
22 69 42 5 5
22 70 26 3 5
22 78 30 1 5
22 86 29 2 5
22 91 24 1 5
22 93 23 3 5
22 95 22 0 5
23 9 39 2 5
12 23 23 2 5
16 23 24 3 5
18 23 78 7 5
22 23 30 1 5
107 23 17 0 5
111 23 18 0 5
113 23 17 0 5
124 23 28 1 5
125 23 27 2 5
23 24 18 1 5
23 39 48 4 5
23 48 31 1 5
23 52 24 1 5
23 54 20 1 5
23 65 30 2 5
23 72 42 3 5
23 89 92 9 5
23 91 22 3 5
23 95 18 3 5
24 6 22 1 5
10 24 20 1 5
12 24 13 0 5
16 24 14 1 5
22 24 16 1 5
23 24 18 1 5
107 24 3 0 5
111 24 4 0 5
113 24 3 0 5
118 24 33 1 5
122 24 17 0 5
124 24 16 0 5
125 24 13 2 5
24 41 33 1 5
24 48 17 1 5
24 50 19 0 5
24 52 12 0 5
24 54 8 0 5
24 55 31 1 5
24 58 25 1 5
24 65 20 0 5
24 70 20 0 5
24 74 16 0 5
24 78 18 1 5
24 80 20 0 5
24 82 31 1 5
24 86 19 1 5
24 91 12 1 5
24 93 17 0 5
24 95 10 0 5
24 96 30 1 5
25 6 50 5 5
11 25 45 7 5
24 25 40 1 5
107 25 39 0 5
111 25 40 0 5
113 25 39 0 5
118 25 59 6 5
122 25 43 5 5
125 25 47 3 5
130 25 62 8 5
25 36 53 9 5
25 37 60 15 5
25 42 48 6 5
25 47 51 4 5
25 51 51 6 5
25 62 48 6 5
25 91 46 2 5
25 93 47 3 5
25 96 52 8 5
25 97 56 9 5
16 26 70 4 5
114 26 82 14 5
123 26 97 21 5
125 26 67 6 5
26 52 68 3 5
26 91 70 3 5
26 98 92 23 5
11 27 73 7 5
16 27 70 5 5
24 27 64 3 5
103 27 76 14 5
118 27 77 11 5
122 27 71 5 5
125 27 69 6 5
27 41 77 11 5
27 57 75 23 5
27 62 74 7 5
116 28 87 20 5
28 94 92 16 5
2 29 73 12 5
10 29 77 5 5
111 29 67 1 5
114 29 81 16 5
126 29 77 21 5
29 42 75 7 5
29 46 59 17 5
29 47 74 7 5
29 50 74 5 5
29 52 69 4 5
29 59 79 20 5
29 62 71 9 5
29 64 68 13 5
29 69 75 15 5
29 93 72 5 5
2 30 59 8 5
14 30 76 19 5
16 30 49 5 5
23 30 55 4 5
24 30 47 1 5
101 30 61 9 5
105 30 59 14 5
107 30 46 0 5
111 30 47 0 5
113 30 46 0 5
30 53 66 7 5
30 65 57 3 5
30 70 57 3 5
30 72 55 11 5
30 78 51 6 5
12 31 60 4 5
24 31 59 1 5
103 31 63 16 5
120 31 69 16 5
123 31 84 24 5
31 41 64 13 5
31 55 72 8 5
31 91 61 4 5
12 32 59 3 5
18 32 82 24 5
124 32 60 4 5
32 33 67 7 5
32 49 74 14 5
32 59 72 17 5
32 65 54 9 5
32 74 60 4 5
12 33 34 1 5
16 33 37 1 5
23 33 41 1 5
24 33 29 0 5
107 33 26 0 5
111 33 27 0 5
113 33 26 0 5
121 33 35 6 5
122 33 38 1 5
124 33 29 5 5
33 40 58 16 5
33 52 35 0 5
33 54 31 0 5
33 65 35 4 5
33 70 41 1 5
33 80 29 7 5
33 91 35 1 5
33 95 31 1 5
126 34 99 24 5
34 63 99 34 5
34 82 94 16 5
12 35 39 0 5
17 35 42 7 5
22 35 34 5 5
24 35 32 0 5
101 35 42 10 5
107 35 29 0 5
111 35 30 0 5
113 35 29 0 5
118 35 43 9 5
122 35 41 1 5
35 36 47 7 5
35 52 36 1 5
35 54 34 0 5
35 62 44 3 5
35 64 41 7 5
35 74 32 5 5
35 93 39 2 5
35 95 36 0 5
35 97 46 9 5
11 36 40 6 5
17 36 41 9 5
22 36 39 4 5
24 36 35 0 5
25 36 53 9 5
35 36 47 7 5
101 36 45 10 5
107 36 32 0 5
111 36 33 0 5
112 36 50 9 5
113 36 32 0 5
118 36 40 12 5
122 36 40 3 5
128 36 52 7 5
36 48 42 3 5
36 52 41 0 5
36 54 37 0 5
36 62 47 3 5
36 64 34 12 5
36 78 45 2 5
36 93 40 3 5
36 95 39 0 5
36 97 47 10 5
11 37 61 5 5
22 37 58 4 5
24 37 52 1 5
107 37 51 0 5
111 37 52 0 5
113 37 51 0 5
116 37 51 16 5
118 37 57 13 5
122 37 51 7 5
124 37 56 4 5
125 37 53 6 5
37 42 54 9 5
37 56 59 8 5
37 86 61 4 5
37 93 59 3 5
14 38 121 32 5
17 39 56 5 5
22 39 50 2 5
23 39 48 4 5
103 39 60 8 5
107 39 39 0 5
111 39 40 0 5
113 39 39 0 5
39 48 51 2 5
39 50 51 2 5
39 54 38 3 5
39 60 78 15 5
39 78 50 3 5
39 86 51 3 5
33 40 58 16 5
107 40 64 0 5
113 40 64 0 5
124 40 63 7 5
40 65 71 5 5
40 80 73 4 5
40 93 70 4 5
12 41 36 3 5
23 41 45 2 5
24 41 33 1 5
31 41 64 13 5
103 41 53 8 5
107 41 32 0 5
111 41 33 0 5
113 41 32 0 5
114 41 55 11 5
115 41 48 5 5
120 41 61 7 5
122 41 42 2 5
124 41 39 3 5
41 50 40 4 5
41 55 52 5 5
41 67 92 22 5
41 78 45 2 5
41 91 41 1 5
4 42 47 9 5
10 42 34 3 5
12 42 31 0 5
16 42 30 2 5
24 42 24 0 5
107 42 21 0 5
111 42 22 0 5
113 42 21 0 5
116 42 41 6 5
118 42 41 6 5
122 42 25 5 5
124 42 28 3 5
125 42 27 4 5
42 45 35 8 5
42 46 32 7 5
42 47 27 7 5
42 50 27 5 5
42 52 30 0 5
42 54 26 0 5
42 56 23 11 5
42 61 39 4 5
42 62 30 6 5
42 70 34 2 5
42 86 35 2 5
42 91 32 0 5
42 95 28 0 5
42 96 32 9 5
24 43 38 0 5
107 43 35 0 5
111 43 36 0 5
113 43 35 0 5
115 43 45 8 5
43 45 51 7 5
43 61 37 12 5
43 84 48 10 5
43 88 60 11 5
43 94 48 8 5
43 95 40 1 5
43 99 55 8 5
22 44 90 12 5
118 44 93 19 5
2 45 45 7 5
16 45 39 2 5
24 45 33 0 5
42 45 35 8 5
43 45 51 7 5
107 45 30 0 5
111 45 31 0 5
113 45 30 0 5
115 45 46 5 5
116 45 46 8 5
122 45 36 4 5
125 45 36 4 5
45 47 42 4 5
45 56 44 5 5
45 61 40 8 5
45 64 46 5 5
45 70 39 4 5
45 88 57 10 5
45 90 55 10 5
45 94 45 7 5
45 95 35 1 5
24 46 28 0 5
42 46 32 7 5
107 46 25 0 5
111 46 24 1 5
113 46 25 0 5
126 46 42 17 5
46 47 29 8 5
46 48 39 1 5
46 50 31 5 5
46 52 34 0 5
46 54 30 0 5
46 59 44 16 5
46 61 39 6 5
46 62 30 8 5
46 64 35 8 5
46 69 42 10 5
46 95 32 0 5
10 47 27 6 5
16 47 29 2 5
24 47 23 0 5
42 47 27 7 5
45 47 42 4 5
46 47 29 8 5
107 47 20 0 5
111 47 21 0 5
113 47 20 0 5
116 47 40 6 5
118 47 40 6 5
122 47 32 1 5
124 47 31 1 5
125 47 30 2 5
47 50 34 1 5
47 51 38 3 5
47 54 25 0 5
47 56 38 3 5
47 61 38 4 5
47 62 33 4 5
47 64 40 3 5
47 86 34 2 5
47 96 35 7 5
10 48 33 1 5
11 48 30 3 5
12 48 22 2 5
16 48 27 1 5
22 48 29 1 5
23 48 31 1 5
24 48 17 1 5
36 48 42 3 5
107 48 16 0 5
111 48 17 0 5
113 48 16 0 5
125 48 28 1 5
48 54 21 0 5
48 56 36 2 5
48 58 26 7 5
48 64 36 3 5
48 70 31 1 5
48 78 27 3 5
48 80 31 1 5
48 82 40 3 5
48 86 32 1 5
48 91 23 2 5
48 93 28 1 5
48 95 19 2 5
32 49 74 14 5
43 49 66 8 5
126 49 72 13 5
49 52 52 2 5
49 59 64 17 5
49 64 59 7 5
49 74 50 5 5
12 50 26 0 5
16 50 29 0 5
22 50 31 0 5
24 50 19 0 5
41 50 40 4 5
42 50 27 5 5
46 50 31 5 5
107 50 16 0 5
111 50 17 0 5
113 50 16 0 5
121 50 31 3 5
122 50 30 0 5
124 50 29 0 5
125 50 30 0 5
130 50 45 5 5
50 52 25 0 5
50 54 21 0 5
50 61 34 4 5
50 62 31 3 5
50 74 29 0 5
50 86 18 8 5
50 91 27 0 5
50 93 30 0 5
50 94 35 5 5
50 95 23 0 5
50 96 37 4 5
50 99 34 9 5
51 6 37 4 5
12 51 32 1 5
24 51 27 0 5
25 51 51 6 5
47 51 38 3 5
48 51 38 1 5
101 51 47 5 5
105 51 45 10 5
107 51 24 0 5
111 51 25 0 5
113 51 24 0 5
116 51 48 4 5
118 51 48 4 5
122 51 34 2 5
51 52 33 0 5
51 53 50 4 5
51 54 29 0 5
51 65 39 1 5
51 70 37 2 5
51 72 47 4 5
51 78 37 2 5
51 95 29 1 5
52 9 33 1 5
12 52 17 1 5
17 52 34 1 5
22 52 22 1 5
23 52 24 1 5
24 52 12 0 5
107 52 9 0 5
111 52 10 0 5
113 52 9 0 5
114 52 46 4 5
115 52 33 1 5
121 52 28 1 5
52 54 12 1 5
52 65 22 2 5
52 74 18 2 5
52 91 18 1 5
52 95 16 0 5
52 97 40 2 5
16 53 43 2 5
22 53 39 5 5
24 53 37 0 5
42 53 47 4 5
101 53 49 9 5
105 53 57 9 5
107 53 34 0 5
111 53 35 0 5
113 53 34 0 5
116 53 50 8 5
118 53 48 9 5
53 54 39 0 5
53 62 45 5 5
53 65 43 4 5
53 70 45 3 5
53 72 51 7 5
53 86 46 3 5
53 97 55 7 5
54 9 25 3 5
12 54 13 1 5
16 54 18 0 5
17 54 30 1 5
22 54 20 0 5
23 54 20 1 5
24 54 8 0 5
39 54 38 3 5
48 54 21 0 5
50 54 21 0 5
52 54 12 1 5
107 54 5 0 5
111 54 6 0 5
113 54 5 0 5
115 54 29 1 5
121 54 24 1 5
122 54 19 0 5
124 54 18 0 5
125 54 19 0 5
54 65 20 1 5
54 74 18 0 5
54 79 47 4 5
54 91 14 1 5
54 93 19 0 5
54 95 12 0 5
11 55 44 3 5
12 55 34 3 5
24 55 31 1 5
31 55 72 8 5
41 55 52 5 5
107 55 30 0 5
113 55 30 0 5
55 70 43 2 5
55 78 37 5 5
55 86 42 3 5
55 91 33 4 5
55 93 40 2 5
55 95 35 1 5
56 9 40 5 5
2 56 45 4 5
4 56 50 9 5
10 56 39 2 5
12 56 28 3 5
16 56 33 2 5
24 56 27 0 5
42 56 23 11 5
45 56 44 5 5
47 56 38 3 5
48 56 36 2 5
52 56 33 0 5
54 56 29 0 5
107 56 24 0 5
111 56 25 0 5
113 56 24 0 5
116 56 46 5 5
118 56 46 5 5
122 56 32 3 5
124 56 31 3 5
125 56 32 3 5
56 70 37 2 5
56 78 37 2 5
56 82 44 5 5
56 86 38 2 5
56 91 33 1 5
56 93 36 1 5
56 95 27 2 5
56 96 41 6 5
16 57 59 4 5
22 57 59 5 5
27 57 75 23 5
48 57 60 5 5
101 57 71 8 5
112 57 68 11 5
116 57 68 9 5
118 57 70 8 5
125 57 58 5 5
128 57 72 8 5
57 58 64 7 5
57 62 65 5 5
2 58 47 3 5
10 58 41 1 5
12 58 32 1 5
16 58 35 1 5
22 58 35 2 5
23 58 39 1 5
24 58 25 1 5
48 58 26 7 5
54 58 29 0 5
56 58 44 2 5
107 58 24 0 5
111 58 25 0 5
113 58 24 0 5
125 58 36 1 5
58 78 37 2 5
58 80 39 1 5
58 86 40 1 5
58 91 31 2 5
58 93 36 1 5
58 95 29 1 5
16 59 60 2 5
24 59 52 1 5
42 59 58 7 5
46 59 44 16 5
47 59 57 7 5
48 59 55 6 5
50 59 57 5 5
54 59 54 1 5
107 59 51 0 5
111 59 52 0 5
113 59 51 0 5
125 59 59 3 5
126 59 58 22 5
59 62 58 7 5
59 64 57 10 5
59 91 56 3 5
30 60 79 18 5
39 60 78 15 5
51 60 73 10 5
53 60 83 10 5
54 60 68 3 5
55 60 79 10 5
105 60 82 14 5
60 65 72 7 5
60 72 68 16 5
60 78 70 8 5
24 61 29 0 5
42 61 39 4 5
43 61 37 12 5
45 61 40 8 5
46 61 39 6 5
47 61 38 4 5
50 61 34 4 5
54 61 31 0 5
107 61 26 0 5
111 61 27 0 5
113 61 26 0 5
115 61 38 7 5
122 61 36 2 5
125 61 38 1 5
61 62 41 3 5
61 84 47 6 5
61 86 36 4 5
61 94 29 13 5
61 95 33 0 5
61 96 35 10 5
4 62 47 9 5
22 62 30 3 5
24 62 24 0 5
42 62 30 6 5
46 62 30 8 5
47 62 33 4 5
50 62 31 3 5
53 62 45 5 5
54 62 26 0 5
107 62 21 0 5
111 62 22 0 5
113 62 21 0 5
116 62 33 10 5
118 62 41 6 5
122 62 33 1 5
62 64 35 6 5
62 69 44 7 5
62 70 32 3 5
62 86 33 3 5
62 95 28 0 5
62 96 42 4 5
62 97 44 6 5
34 63 99 34 5
42 63 78 7 5
46 63 76 10 5
59 63 90 16 5
2 64 43 6 5
17 64 35 9 5
22 64 33 4 5
24 64 29 0 5
35 64 41 7 5
36 64 34 12 5
46 64 35 8 5
48 64 36 3 5
54 64 31 0 5
62 64 35 6 5
101 64 41 9 5
107 64 26 0 5
111 64 25 1 5
113 64 26 0 5
118 64 44 7 5
122 64 38 1 5
64 69 41 11 5
64 93 34 3 5
65 9 39 2 5
12 65 23 2 5
16 65 28 1 5
17 65 38 3 5
23 65 30 2 5
24 65 20 0 5
32 65 54 9 5
33 65 35 4 5
52 65 22 2 5
53 65 43 4 5
54 65 20 1 5
107 65 17 0 5
109 65 39 7 5
111 65 18 0 5
113 65 17 0 5
121 65 30 4 5
124 65 24 3 5
65 70 28 3 5
65 91 26 1 5
65 95 24 0 5
66 9 84 9 5
33 66 78 12 5
46 66 83 9 5
50 66 82 5 5
63 66 103 22 5
65 66 75 9 5
124 66 71 9 5
66 69 89 12 5
66 82 84 11 5
41 67 92 22 5
65 67 97 12 5
123 67 106 36 5
124 67 103 7 5
67 95 101 5 5
68 8 78 24 5
10 68 65 8 5
24 68 61 2 5
42 68 61 11 5
45 68 70 11 5
62 68 67 8 5
116 68 60 17 5
118 68 64 15 5
122 68 64 6 5
125 68 66 5 5
68 88 75 17 5
16 69 44 3 5
22 69 42 5 5
24 69 38 1 5
36 69 55 7 5
46 69 42 10 5
62 69 44 7 5
64 69 41 11 5
101 69 56 7 5
107 69 37 0 5
111 69 36 1 5
113 69 37 0 5
116 69 53 8 5
125 69 45 3 5
128 69 55 8 5
70 9 37 3 5
12 70 25 1 5
17 70 34 5 5
22 70 26 3 5
24 70 20 0 5
42 70 34 2 5
45 70 39 4 5
48 70 31 1 5
52 70 26 0 5
54 70 22 0 5
62 70 32 3 5
65 70 28 3 5
101 70 42 4 5
107 70 17 0 5
111 70 18 0 5
113 70 17 0 5
116 70 37 6 5
118 70 37 6 5
122 70 25 3 5
125 70 25 3 5
128 70 43 4 5
70 78 30 2 5
70 80 32 1 5
70 95 20 2 5
71 9 73 5 5
16 71 66 2 5
17 71 68 8 5
23 71 66 4 5
30 71 81 11 5
48 71 67 3 5
51 71 67 7 5
53 71 73 9 5
58 71 69 6 5
70 71 62 6 5
101 71 74 8 5
105 71 74 12 5
71 72 72 8 5
71 79 85 11 5
71 93 61 5 5
71 95 60 2 5
11 72 47 2 5
12 72 39 1 5
23 72 42 3 5
24 72 34 0 5
30 72 55 11 5
48 72 45 1 5
51 72 47 4 5
53 72 51 7 5
54 72 36 0 5
70 72 44 2 5
101 72 50 7 5
105 72 46 13 5
107 72 31 0 5
111 72 32 0 5
113 72 31 0 5
72 78 38 5 5
72 80 44 2 5
72 91 40 1 5
72 93 41 2 5
72 95 34 2 5
73 84 134 23 5
12 74 23 0 5
16 74 26 0 5
24 74 16 0 5
35 74 32 5 5
52 74 18 2 5
54 74 18 0 5
107 74 13 0 5
111 74 14 0 5
113 74 13 0 5
122 74 27 0 5
124 74 26 0 5
125 74 27 0 5
74 91 24 0 5
74 93 27 0 5
74 95 20 0 5
74 97 30 9 5
17 75 79 11 5
65 75 77 7 5
109 75 78 16 5
116 75 70 18 5
118 75 74 16 5
122 75 72 8 5
124 75 69 9 5
46 77 84 16 5
47 77 93 9 5
49 77 96 21 5
59 77 90 26 5
74 77 90 7 5
129 77 87 32 5
77 83 96 32 5
6 78 34 2 5
10 78 34 1 5
11 78 29 4 5
12 78 19 4 5
16 78 28 1 5
22 78 30 1 5
23 78 32 1 5
24 78 18 1 5
48 78 27 3 5
51 78 37 2 5
52 78 26 0 5
54 78 22 0 5
55 78 37 5 5
56 78 37 2 5
58 78 37 2 5
65 78 32 1 5
70 78 30 2 5
72 78 38 5 5
74 78 30 0 5
105 78 38 10 5
107 78 17 0 5
111 78 18 0 5
113 78 17 0 5
120 78 46 7 5
122 78 31 0 5
124 78 30 0 5
125 78 29 1 5
78 80 32 1 5
78 86 33 1 5
78 91 24 2 5
78 93 29 1 5
78 95 20 2 5
79 9 52 12 5
12 79 54 3 5
17 79 57 10 5
39 79 73 8 5
54 79 47 4 5
65 79 61 3 5
70 79 57 5 5
103 79 63 12 5
107 79 50 0 5
113 79 50 0 5
128 79 68 8 5
12 80 25 1 5
16 80 30 0 5
22 80 32 0 5
23 80 34 0 5
24 80 20 0 5
33 80 29 7 5
48 80 31 1 5
50 80 33 0 5
52 80 26 0 5
54 80 22 0 5
65 80 34 0 5
70 80 32 1 5
72 80 44 2 5
74 80 30 0 5
78 80 32 1 5
107 80 17 0 5
111 80 18 0 5
113 80 17 0 5
121 80 36 1 5
122 80 31 0 5
124 80 30 0 5
125 80 31 0 5
80 82 39 4 5
80 91 26 1 5
80 93 19 6 5
80 95 20 2 5
42 81 80 11 5
61 81 73 17 5
70 81 78 10 5
101 81 86 14 5
118 81 69 22 5
81 96 76 17 5
82 9 42 7 5
12 82 38 1 5
16 82 41 1 5
22 82 43 1 5
24 82 31 1 5
48 82 40 3 5
52 82 39 0 5
54 82 35 0 5
56 82 44 5 5
80 82 39 4 5
107 82 30 0 5
111 82 31 0 5
113 82 30 0 5
120 82 57 8 5
125 82 42 1 5
128 82 44 10 5
82 91 37 2 5
82 95 37 0 5
35 83 78 10 5
46 83 76 9 5
59 83 78 21 5
74 83 66 8 5
129 83 73 28 5
10 84 42 5 5
24 84 36 0 5
35 84 50 6 5
43 84 48 10 5
47 84 45 4 5
54 84 38 0 5
61 84 47 6 5
107 84 33 0 5
110 84 56 12 5
111 84 34 0 5
113 84 33 0 5
125 84 43 2 5
127 84 59 15 5
84 96 48 7 5
84 99 49 10 5
85 9 65 8 5
16 85 62 3 5
17 85 62 10 5
22 85 60 5 5
42 85 62 7 5
56 85 63 8 5
70 85 60 6 5
116 85 55 16 5
118 85 55 16 5
122 85 55 7 5
125 85 63 3 5
85 96 64 10 5
10 86 33 2 5
16 86 29 1 5
22 86 29 2 5
24 86 19 1 5
42 86 35 2 5
47 86 34 2 5
48 86 32 1 5
50 86 18 8 5
52 86 27 0 5
54 86 23 0 5
61 86 36 4 5
62 86 33 3 5
107 86 18 0 5
111 86 19 0 5
112 86 42 6 5
113 86 18 0 5
115 86 38 3 5
116 86 42 4 5
118 86 40 5 5
121 86 33 3 5
124 86 29 1 5
125 86 26 3 5
130 86 41 8 5
86 88 45 10 5
86 91 27 1 5
86 94 33 7 5
86 95 25 0 5
86 96 39 4 5
86 99 42 6 5
87 9 82 9 5
32 87 89 20 5
33 87 86 7 5
46 87 79 10 5
48 87 80 5 5
54 87 73 3 5
64 87 82 9 5
65 87 79 6 5
80 87 77 7 5
109 87 88 11 5
121 87 81 7 5
126 87 93 16 5
2 88 62 7 5
11 88 55 6 5
22 88 56 3 5
45 88 57 10 5
50 88 53 5 5
61 88 59 7 5
62 88 56 6 5
70 88 52 6 5
74 88 56 2 5
86 88 45 10 5
107 88 47 0 5
111 88 48 0 5
113 88 47 0 5
116 88 61 9 5
118 88 49 15 5
122 88 53 4 5
125 88 49 6 5
88 94 60 8 5
88 96 60 8 5
88 97 58 12 5
23 89 92 9 5
31 89 107 22 5
103 89 94 18 5
3 90 60 22 5
16 90 48 5 5
42 90 50 8 5
45 90 55 10 5
47 90 53 6 5
56 90 55 7 5
84 90 62 8 5
86 90 55 4 5
116 90 61 8 5
122 90 51 4 5
125 90 49 5 5
90 94 60 7 5
6 91 28 2 5
10 91 28 1 5
12 91 15 3 5
16 91 22 1 5
22 91 24 1 5
23 91 22 3 5
24 91 12 1 5
48 91 23 2 5
52 91 18 1 5
54 91 14 1 5
55 91 33 4 5
58 91 31 2 5
65 91 26 1 5
74 91 24 0 5
78 91 24 2 5
80 91 26 1 5
82 91 37 2 5
86 91 27 1 5
107 91 11 0 5
111 91 12 0 5
113 91 11 0 5
115 91 31 3 5
120 91 46 4 5
121 91 26 3 5
124 91 24 0 5
125 91 23 1 5
130 91 44 3 5
91 93 23 1 5
91 95 16 1 5
3 92 109 29 5
12 93 22 1 5
16 93 27 0 5
17 93 35 3 5
22 93 23 3 5
24 93 17 0 5
35 93 39 2 5
36 93 40 3 5
48 93 28 1 5
50 93 30 0 5
52 93 23 0 5
54 93 19 0 5
55 93 40 2 5
64 93 34 3 5
72 93 41 2 5
74 93 27 0 5
78 93 29 1 5
80 93 19 6 5
91 93 23 1 5
101 93 41 3 5
107 93 14 0 5
111 93 15 0 5
113 93 14 0 5
121 93 33 1 5
122 93 28 0 5
124 93 27 0 5
125 93 28 0 5
93 95 19 1 5
24 94 32 0 5
43 94 48 8 5
45 94 45 7 5
46 94 48 3 5
47 94 45 2 5
50 94 35 5 5
51 94 47 3 5
54 94 34 0 5
61 94 29 13 5
86 94 33 7 5
107 94 29 0 5
111 94 30 0 5
113 94 29 0 5
115 94 37 9 5
121 94 44 3 5
127 94 57 14 5
130 94 52 8 5
94 99 49 8 5
10 95 26 0 5
11 95 25 1 5
12 95 13 2 5
16 95 20 0 5
22 95 22 0 5
23 95 18 3 5
24 95 10 0 5
33 95 31 1 5
48 95 19 2 5
50 95 23 0 5
51 95 29 1 5
52 95 16 0 5
54 95 12 0 5
56 95 27 2 5
58 95 29 1 5
65 95 24 0 5
70 95 20 2 5
72 95 34 2 5
74 95 20 0 5
78 95 20 2 5
80 95 20 2 5
86 95 25 0 5
91 95 16 1 5
93 95 19 1 5
107 95 7 0 5
111 95 8 0 5
113 95 7 0 5
115 95 31 1 5
121 95 26 1 5
122 95 21 0 5
124 95 20 0 5
125 95 21 0 5
24 96 30 1 5
42 96 32 9 5
47 96 35 7 5
50 96 37 4 5
56 96 41 6 5
61 96 35 10 5
62 96 42 4 5
84 96 48 7 5
86 96 39 4 5
107 96 29 0 5
111 96 30 0 5
113 96 29 0 5
122 96 37 3 5
124 96 34 4 5
125 96 37 3 5
11 97 43 6 5
22 97 42 4 5
24 97 38 0 5
25 97 56 9 5
35 97 46 9 5
36 97 47 10 5
52 97 40 2 5
62 97 44 6 5
74 97 30 9 5
86 97 49 2 5
107 97 35 0 5
111 97 36 0 5
113 97 35 0 5
116 97 49 9 5
118 97 47 10 5
122 97 45 2 5
128 97 53 8 5
12 98 75 4 5
26 98 92 23 5
52 98 72 5 5
114 98 82 18 5
6 99 51 3 5
10 99 49 3 5
22 99 47 2 5
24 99 39 0 5
43 99 55 8 5
47 99 50 3 5
50 99 34 9 5
52 99 45 0 5
54 99 41 0 5
61 99 50 6 5
84 99 49 10 5
86 99 42 6 5
94 99 49 8 5
95 99 43 0 5
107 99 36 0 5
111 99 37 0 5
113 99 36 0 5
121 99 51 3 5
100 16 100 7 5
100 43 104 16 5
100 99 105 16 5
100 114 102 22 5
101 12 41 1 5
101 17 42 9 5
101 22 28 10 5
101 24 36 0 5
101 35 42 10 5
101 36 45 10 5
101 51 47 5 5
101 52 42 0 5
101 53 49 9 5
101 54 38 0 5
101 62 48 3 5
101 64 41 9 5
101 70 42 4 5
101 72 50 7 5
101 93 41 3 5
101 95 38 1 5
101 107 33 0 5
101 111 34 0 5
101 112 53 8 5
101 113 33 0 5
101 116 45 10 5
101 118 45 10 5
101 122 45 1 5
101 128 53 7 5
102 47 69 6 5
102 50 63 7 5
102 54 62 2 5
102 61 57 15 5
102 74 64 5 5
102 86 61 9 5
102 94 58 16 5
102 96 64 13 5
102 99 75 11 5
10 102 70 5 5
102 107 61 0 5
102 113 61 0 5
102 127 71 23 5
103 12 45 1 5
103 23 50 2 5
103 24 40 0 5
103 27 76 14 5
103 31 63 16 5
103 39 60 8 5
103 41 53 8 5
103 52 44 1 5
103 78 50 2 5
103 79 63 12 5
103 91 44 2 5
103 107 37 0 5
103 109 57 8 5
103 111 38 0 5
103 113 37 0 5
103 115 55 4 5
105 2 56 7 5
105 6 50 6 5
105 11 49 6 5
105 12 47 2 5
105 24 44 0 5
105 30 59 14 5
105 51 45 10 5
105 52 50 0 5
105 54 46 0 5
105 58 55 5 5
105 70 54 2 5
105 72 46 13 5
105 78 38 10 5
105 95 46 1 5
101 105 56 9 5
105 107 41 0 5
105 111 42 0 5
105 113 41 0 5
108 45 78 16 5
108 61 76 15 5
108 88 85 21 5
108 94 77 16 5
101 108 77 18 5
108 116 80 16 5
108 118 84 14 5
109 6 49 4 5
109 12 44 1 5
109 23 47 3 5
109 24 39 0 5
109 33 54 4 5
109 52 43 1 5
109 54 41 0 5
109 65 39 7 5
109 95 43 0 5
103 109 57 8 5
107 109 36 0 5
109 111 37 0 5
109 113 36 0 5
109 121 51 3 5
109 122 46 2 5
109 124 41 4 5
110 35 58 9 5
110 43 62 10 5
110 45 63 7 5
110 50 55 4 5
110 84 56 12 5
110 91 54 2 5
110 127 77 13 5
110 129 73 17 5
110 130 66 10 5
111 6 22 0 5
111 12 11 0 5
111 16 14 0 5
111 22 16 0 5
111 23 18 0 5
111 24 4 0 5
111 42 22 0 5
111 46 24 1 5
111 47 21 0 5
111 48 17 0 5
111 50 17 0 5
111 51 25 0 5
111 52 10 0 5
111 54 6 0 5
111 56 25 0 5
111 58 25 0 5
111 62 22 0 5
111 64 25 1 5
111 65 18 0 5
111 70 18 0 5
111 74 14 0 5
111 78 18 0 5
111 80 18 0 5
111 86 19 0 5
111 91 12 0 5
111 93 15 0 5
111 95 8 0 5
10 111 20 0 5
11 111 21 0 5
107 111 1 0 5
111 113 1 0 5
111 121 22 0 5
111 122 15 0 5
111 124 14 0 5
111 125 15 0 5
112 17 53 5 5
112 22 35 8 5
112 35 53 6 5
112 36 50 9 5
112 52 43 1 5
112 64 52 5 5
112 86 42 6 5
112 97 57 7 5
11 112 44 6 5
101 112 53 8 5
107 112 36 0 5
111 112 37 0 5
112 113 36 0 5
112 116 52 8 5
112 118 48 10 5
112 122 46 2 5
112 125 46 2 5
114 2 60 7 5
114 12 49 3 5
114 22 56 2 5
114 24 48 0 5
114 41 55 11 5
114 50 55 3 5
114 52 46 4 5
114 56 59 5 5
114 78 56 3 5
114 91 52 2 5
114 99 63 9 5
10 114 56 4 5
107 114 45 0 5
111 114 46 0 5
113 114 45 0 5
114 115 61 5 5
114 121 58 4 5
115 12 30 3 5
115 24 29 0 5
115 41 48 5 5
115 43 45 8 5
115 45 46 5 5
115 48 40 1 5
115 50 40 1 5
115 52 33 1 5
115 54 29 1 5
115 61 38 7 5
115 86 38 3 5
115 91 31 3 5
115 93 38 1 5
115 94 37 9 5
115 95 31 1 5
107 115 26 0 5
111 115 27 0 5
113 115 26 0 5
115 121 37 5 5
116 12 42 0 5
116 16 39 3 5
116 22 35 6 5
116 24 35 0 5
116 42 41 6 5
116 45 46 8 5
116 47 40 6 5
116 52 41 0 5
116 54 37 0 5
116 62 33 10 5
116 70 37 6 5
116 86 42 4 5
116 91 43 0 5
116 93 44 1 5
116 95 39 0 5
11 116 48 2 5
107 116 32 0 5
111 116 33 0 5
113 116 32 0 5
116 118 24 20 5
116 122 32 7 5
116 124 41 2 5
116 125 40 3 5
117 34 141 55 5
118 16 41 2 5
118 17 45 7 5
118 22 37 5 5
118 24 33 1 5
118 35 43 9 5
118 36 40 12 5
118 42 41 6 5
118 47 40 6 5
118 54 37 0 5
118 56 46 5 5
118 62 41 6 5
118 64 44 7 5
118 70 37 6 5
118 86 40 5 5
118 93 44 1 5
118 95 39 0 5
11 118 40 6 5
107 118 32 0 5
111 118 33 0 5
113 118 32 0 5
116 118 24 20 5
118 122 34 6 5
118 124 43 1 5
118 125 34 6 5
119 13 98 14 5
119 23 81 7 5
119 99 86 14 5
103 119 87 14 5
109 119 84 15 5
119 121 83 8 5
120 6 46 9 5
120 24 44 1 5
120 31 69 16 5
120 41 61 7 5
120 52 50 1 5
120 54 46 1 5
120 55 61 6 5
120 78 46 7 5
120 80 52 4 5
120 82 57 8 5
120 91 46 4 5
120 95 48 1 5
12 120 41 6 5
107 120 43 0 5
111 120 44 0 5
113 120 43 0 5
115 120 59 5 5
120 121 52 6 5
121 4 55 5 5
121 6 38 2 5
121 9 41 3 5
121 16 32 1 5
121 17 42 3 5
121 23 36 1 5
121 24 24 0 5
121 33 35 6 5
121 48 35 1 5
121 50 31 3 5
121 52 28 1 5
121 54 24 1 5
121 65 30 4 5
121 78 36 1 5
121 80 36 1 5
121 86 33 3 5
121 91 26 3 5
121 93 33 1 5
121 95 26 1 5
12 121 25 3 5
107 121 21 0 5
111 121 22 0 5
113 121 21 0 5
115 121 37 5 5
120 121 52 6 5
122 4 44 7 5
122 16 27 0 5
122 22 29 0 5
122 23 31 0 5
122 24 17 0 5
122 42 25 5 5
122 45 36 4 5
122 47 32 1 5
122 48 30 0 5
122 50 30 0 5
122 52 23 0 5
122 54 19 0 5
122 56 32 3 5
122 65 31 0 5
122 70 25 3 5
122 74 27 0 5
122 78 31 0 5
122 80 31 0 5
122 86 32 0 5
122 91 25 0 5
122 93 28 0 5
122 95 21 0 5
10 122 31 1 5
11 122 30 2 5
12 122 24 0 5
107 122 14 0 5
111 122 15 0 5
113 122 14 0 5
116 122 32 7 5
118 122 34 6 5
122 124 21 3 5
122 125 20 4 5
123 31 84 24 5
123 41 80 13 5
103 123 85 13 5
124 13 49 6 5
124 16 26 0 5
124 22 28 0 5
124 23 28 1 5
124 24 16 0 5
124 33 29 5 5
124 42 28 3 5
124 47 31 1 5
124 48 29 0 5
124 50 29 0 5
124 52 22 0 5
124 54 18 0 5
124 56 31 3 5
124 65 24 3 5
124 70 30 0 5
124 74 26 0 5
124 78 30 0 5
124 80 30 0 5
124 86 29 1 5
124 91 24 0 5
124 93 27 0 5
124 95 20 0 5
124 96 34 4 5
12 124 23 0 5
107 124 13 0 5
109 124 41 4 5
111 124 14 0 5
113 124 13 0 5
122 124 21 3 5
124 125 25 1 5
125 16 21 3 5
125 22 27 1 5
125 23 27 2 5
125 24 13 2 5
125 37 53 6 5
125 42 27 4 5
125 45 36 4 5
125 47 30 2 5
125 48 28 1 5
125 52 23 0 5
125 54 19 0 5
125 56 32 3 5
125 70 25 3 5
125 74 27 0 5
125 78 29 1 5
125 86 26 3 5
125 88 49 6 5
125 91 23 1 5
125 95 21 0 5
125 96 37 3 5
10 125 29 2 5
12 125 24 0 5
107 125 14 0 5
111 125 15 0 5
113 125 14 0 5
118 125 34 6 5
122 125 20 4 5
124 125 25 1 5
126 24 54 0 5
126 42 62 5 5
126 46 42 17 5
126 47 55 8 5
126 48 59 4 5
126 59 58 22 5
126 62 54 9 5
126 64 57 10 5
126 82 61 10 5
126 91 60 1 5
107 126 51 0 5
111 126 52 0 5
113 126 51 0 5
127 47 64 6 5
127 50 62 5 5
127 61 62 10 5
127 74 57 6 5
127 84 59 15 5
127 86 60 7 5
127 94 57 14 5
127 95 59 2 5
127 99 68 12 5
102 127 71 23 5
107 127 56 0 5
111 127 57 0 5
113 127 56 0 5
127 130 67 14 5
128 9 52 4 5
128 16 45 1 5
128 17 45 8 5
128 22 41 4 5
128 24 37 0 5
128 35 51 6 5
128 36 52 7 5
128 48 46 2 5
128 52 43 0 5
128 54 37 1 5
128 62 47 4 5
128 64 52 4 5
128 69 55 8 5
128 70 43 4 5
128 82 44 10 5
128 85 65 12 5
128 91 43 1 5
128 95 41 0 5
128 97 53 8 5
12 128 44 0 5
101 128 53 7 5
107 128 34 0 5
111 128 35 0 5
113 128 34 0 5
116 128 48 9 5
118 128 50 8 5
129 24 61 1 5
129 46 63 11 5
129 59 71 20 5
129 74 63 5 5
129 83 73 28 5
129 84 69 12 5
110 129 73 17 5
111 129 59 1 5
130 3 74 12 5
130 25 62 8 5
130 50 45 5 5
130 61 53 6 5
130 86 41 8 5
130 91 44 3 5
130 94 52 8 5
11 130 49 5 5
122 130 47 3 5
127 130 67 14 5
