Res1 Res2 NSingle NDouble Method
11 6 33 4 5
12 6 29 1 5
12 9 30 3 5
11 12 26 2 5
10 16 26 3 5
17 9 41 6 5
12 17 33 2 5
16 22 26 1 5
17 22 34 4 5
23 9 39 2 5
12 23 23 2 5
16 23 24 3 5
18 23 78 7 5
22 23 30 1 5
24 6 22 1 5
10 24 20 1 5
12 24 13 0 5
16 24 14 1 5
22 24 16 1 5
23 24 18 1 5
25 6 50 5 5
11 25 45 7 5
2 30 59 8 5
14 30 76 19 5
16 30 49 5 5
18 32 82 24 5
17 35 42 7 5
22 35 34 5 5
11 36 40 6 5
17 36 41 9 5
22 36 39 4 5
25 36 53 9 5
35 36 47 7 5
23 39 48 4 5
33 40 58 16 5
12 41 36 3 5
24 41 33 1 5
31 41 64 13 5
4 42 47 9 5
10 42 34 3 5
16 42 30 2 5
2 45 45 7 5
42 45 35 8 5
43 45 51 7 5
42 46 32 7 5
10 47 27 6 5
16 47 29 2 5
42 47 27 7 5
45 47 42 4 5
46 47 29 8 5
11 48 30 3 5
12 48 22 2 5
16 48 27 1 5
22 48 29 1 5
23 48 31 1 5
24 48 17 1 5
36 48 42 3 5
32 49 74 14 5
24 50 19 0 5
41 50 40 4 5
42 50 27 5 5
46 50 31 5 5
51 6 37 4 5
25 51 51 6 5
47 51 38 3 5
52 9 33 1 5
12 52 17 1 5
17 52 34 1 5
22 52 22 1 5
23 52 24 1 5
24 52 12 0 5
22 53 39 5 5
54 9 25 3 5
12 54 13 1 5
16 54 18 0 5
17 54 30 1 5
22 54 20 0 5
23 54 20 1 5
24 54 8 0 5
39 54 38 3 5
48 54 21 0 5
50 54 21 0 5
52 54 12 1 5
11 55 44 3 5
12 55 34 3 5
24 55 31 1 5
31 55 72 8 5
41 55 52 5 5
56 9 40 5 5
2 56 45 4 5
4 56 50 9 5
12 56 28 3 5
16 56 33 2 5
42 56 23 11 5
45 56 44 5 5
47 56 38 3 5
48 56 36 2 5
16 57 59 4 5
27 57 75 23 5
2 58 47 3 5
22 58 35 2 5
24 58 25 1 5
48 58 26 7 5
46 59 44 16 5
39 60 78 15 5
42 61 39 4 5
43 61 37 12 5
45 61 40 8 5
46 61 39 6 5
47 61 38 4 5
50 61 34 4 5
4 62 47 9 5
22 62 30 3 5
42 62 30 6 5
46 62 30 8 5
47 62 33 4 5
50 62 31 3 5
53 62 45 5 5
34 63 99 34 5
2 64 43 6 5
17 64 35 9 5
22 64 33 4 5
35 64 41 7 5
36 64 34 12 5
46 64 35 8 5
48 64 36 3 5
62 64 35 6 5
65 9 39 2 5
12 65 23 2 5
17 65 38 3 5
23 65 30 2 5
24 65 20 0 5
32 65 54 9 5
33 65 35 4 5
52 65 22 2 5
53 65 43 4 5
54 65 20 1 5
41 67 92 22 5
68 8 78 24 5
10 68 65 8 5
16 69 44 3 5
22 69 42 5 5
46 69 42 10 5
62 69 44 7 5
64 69 41 11 5
70 9 37 3 5
12 70 25 1 5
17 70 34 5 5
22 70 26 3 5
24 70 20 0 5
42 70 34 2 5
45 70 39 4 5
48 70 31 1 5
62 70 32 3 5
65 70 28 3 5
23 72 42 3 5
30 72 55 11 5
51 72 47 4 5
53 72 51 7 5
24 74 16 0 5
35 74 32 5 5
52 74 18 2 5
54 74 18 0 5
6 78 34 2 5
11 78 29 4 5
12 78 19 4 5
22 78 30 1 5
24 78 18 1 5
48 78 27 3 5
51 78 37 2 5
55 78 37 5 5
56 78 37 2 5
58 78 37 2 5
70 78 30 2 5
72 78 38 5 5
79 9 52 12 5
17 79 57 10 5
54 79 47 4 5
12 80 25 1 5
24 80 20 0 5
33 80 29 7 5
48 80 31 1 5
70 80 32 1 5
72 80 44 2 5
78 80 32 1 5
82 9 42 7 5
24 82 31 1 5
48 82 40 3 5
56 82 44 5 5
80 82 39 4 5
10 84 42 5 5
43 84 48 10 5
61 84 47 6 5
10 86 33 2 5
22 86 29 2 5
24 86 19 1 5
42 86 35 2 5
47 86 34 2 5
48 86 32 1 5
50 86 18 8 5
61 86 36 4 5
62 86 33 3 5
45 88 57 10 5
86 88 45 10 5
23 89 92 9 5
3 90 60 22 5
16 90 48 5 5
45 90 55 10 5
6 91 28 2 5
10 91 28 1 5
12 91 15 3 5
16 91 22 1 5
22 91 24 1 5
23 91 22 3 5
24 91 12 1 5
48 91 23 2 5
52 91 18 1 5
54 91 14 1 5
55 91 33 4 5
58 91 31 2 5
65 91 26 1 5
74 91 24 0 5
78 91 24 2 5
80 91 26 1 5
82 91 37 2 5
86 91 27 1 5
12 93 22 1 5
17 93 35 3 5
22 93 23 3 5
24 93 17 0 5
35 93 39 2 5
36 93 40 3 5
48 93 28 1 5
50 93 30 0 5
54 93 19 0 5
55 93 40 2 5
64 93 34 3 5
72 93 41 2 5
74 93 27 0 5
78 93 29 1 5
80 93 19 6 5
91 93 23 1 5
43 94 48 8 5
45 94 45 7 5
50 94 35 5 5
61 94 29 13 5
86 94 33 7 5
10 95 26 0 5
11 95 25 1 5
12 95 13 2 5
16 95 20 0 5
22 95 22 0 5
23 95 18 3 5
24 95 10 0 5
33 95 31 1 5
48 95 19 2 5
50 95 23 0 5
51 95 29 1 5
52 95 16 0 5
54 95 12 0 5
56 95 27 2 5
58 95 29 1 5
65 95 24 0 5
70 95 20 2 5
72 95 34 2 5
74 95 20 0 5
78 95 20 2 5
80 95 20 2 5
86 95 25 0 5
91 95 16 1 5
93 95 19 1 5
24 96 30 1 5
42 96 32 9 5
47 96 35 7 5
50 96 37 4 5
56 96 41 6 5
61 96 35 10 5
62 96 42 4 5
84 96 48 7 5
86 96 39 4 5
11 97 43 6 5
25 97 56 9 5
35 97 46 9 5
36 97 47 10 5
52 97 40 2 5
62 97 44 6 5
74 97 30 9 5
26 98 92 23 5
6 99 51 3 5
43 99 55 8 5
50 99 34 9 5
84 99 49 10 5
86 99 42 6 5
94 99 49 8 5
101 17 42 9 5
101 22 28 10 5
101 35 42 10 5
101 36 45 10 5
101 51 47 5 5
101 53 49 9 5
101 64 41 9 5
101 70 42 4 5
101 72 50 7 5
101 93 41 3 5
103 27 76 14 5
103 31 63 16 5
103 39 60 8 5
103 41 53 8 5
103 79 63 12 5
105 2 56 7 5
105 6 50 6 5
105 11 49 6 5
105 30 59 14 5
105 51 45 10 5
105 72 46 13 5
105 78 38 10 5
109 6 49 4 5
109 65 39 7 5
103 109 57 8 5
110 84 56 12 5
111 6 22 0 5
111 12 11 0 5
111 16 14 0 5
111 22 16 0 5
111 23 18 0 5
111 24 4 0 5
111 42 22 0 5
111 46 24 1 5
111 47 21 0 5
111 48 17 0 5
111 50 17 0 5
111 51 25 0 5
111 52 10 0 5
111 54 6 0 5
111 56 25 0 5
111 58 25 0 5
111 62 22 0 5
111 64 25 1 5
111 65 18 0 5
111 70 18 0 5
111 74 14 0 5
111 78 18 0 5
111 80 18 0 5
111 86 19 0 5
111 91 12 0 5
111 93 15 0 5
111 95 8 0 5
10 111 20 0 5
11 111 21 0 5
112 22 35 8 5
112 36 50 9 5
112 86 42 6 5
11 112 44 6 5
101 112 53 8 5
114 41 55 11 5
114 52 46 4 5
115 12 30 3 5
115 41 48 5 5
115 43 45 8 5
115 45 46 5 5
115 52 33 1 5
115 54 29 1 5
115 61 38 7 5
115 86 38 3 5
115 91 31 3 5
115 94 37 9 5
115 95 31 1 5
116 16 39 3 5
116 22 35 6 5
116 42 41 6 5
116 45 46 8 5
116 47 40 6 5
116 62 33 10 5
116 70 37 6 5
116 86 42 4 5
118 17 45 7 5
118 22 37 5 5
118 24 33 1 5
118 35 43 9 5
118 36 40 12 5
118 42 41 6 5
118 47 40 6 5
118 56 46 5 5
118 62 41 6 5
118 64 44 7 5
118 70 37 6 5
118 86 40 5 5
11 118 40 6 5
116 118 24 20 5
120 6 46 9 5
120 31 69 16 5
120 41 61 7 5
120 78 46 7 5
120 82 57 8 5
120 91 46 4 5
12 120 41 6 5
121 4 55 5 5
121 6 38 2 5
121 9 41 3 5
121 17 42 3 5
121 33 35 6 5
121 50 31 3 5
121 52 28 1 5
121 54 24 1 5
121 65 30 4 5
121 80 36 1 5
121 86 33 3 5
121 91 26 3 5
121 93 33 1 5
121 95 26 1 5
12 121 25 3 5
111 121 22 0 5
115 121 37 5 5
120 121 52 6 5
122 4 44 7 5
122 24 17 0 5
122 42 25 5 5
122 45 36 4 5
122 47 32 1 5
122 50 30 0 5
122 54 19 0 5
122 56 32 3 5
122 70 25 3 5
122 74 27 0 5
122 78 31 0 5
122 80 31 0 5
122 93 28 0 5
122 95 21 0 5
10 122 31 1 5
11 122 30 2 5
111 122 15 0 5
116 122 32 7 5
118 122 34 6 5
123 31 84 24 5
124 13 49 6 5
124 23 28 1 5
124 24 16 0 5
124 33 29 5 5
124 42 28 3 5
124 47 31 1 5
124 50 29 0 5
124 54 18 0 5
124 56 31 3 5
124 65 24 3 5
124 74 26 0 5
124 78 30 0 5
124 80 30 0 5
124 86 29 1 5
124 91 24 0 5
124 93 27 0 5
124 95 20 0 5
124 96 34 4 5
109 124 41 4 5
111 124 14 0 5
122 124 21 3 5
125 16 21 3 5
125 22 27 1 5
125 23 27 2 5
125 24 13 2 5
125 37 53 6 5
125 42 27 4 5
125 45 36 4 5
125 47 30 2 5
125 48 28 1 5
125 54 19 0 5
125 56 32 3 5
125 70 25 3 5
125 74 27 0 5
125 78 29 1 5
125 86 26 3 5
125 88 49 6 5
125 91 23 1 5
125 95 21 0 5
125 96 37 3 5
10 125 29 2 5
111 125 15 0 5
118 125 34 6 5
122 125 20 4 5
124 125 25 1 5
126 46 42 17 5
126 59 58 22 5
127 84 59 15 5
127 94 57 14 5
102 127 71 23 5
128 17 45 8 5
128 22 41 4 5
128 36 52 7 5
128 69 55 8 5
128 70 43 4 5
128 82 44 10 5
128 97 53 8 5
101 128 53 7 5
129 83 73 28 5
110 129 73 17 5
130 25 62 8 5
130 50 45 5 5
130 86 41 8 5
130 91 44 3 5
130 94 52 8 5
11 130 49 5 5
127 130 67 14 5
