Res1 Res2 NSingle NDouble Method
1 61 54 11 5
1 70 57 7 5
101 2 31 4 5
105 2 33 6 5
107 2 19 0 5
111 2 20 0 5
113 2 19 0 5
2 30 32 6 5
2 36 29 5 5
2 45 35 4 5
2 51 30 3 5
2 53 32 5 5
2 56 28 3 5
2 58 30 2 5
2 62 30 2 5
2 64 27 4 5
2 72 36 4 5
116 3 35 15 5
118 3 34 15 5
3 42 38 7 5
3 47 38 8 5
3 90 41 17 5
116 4 37 10 5
122 4 33 5 5
4 42 32 6 5
4 56 35 6 5
4 62 27 10 5
5 62 59 12 5
10 6 26 2 5
11 6 26 3 5
12 6 21 1 5
17 6 29 3 5
23 6 25 2 5
24 6 17 1 5
25 6 33 5 5
51 6 27 3 5
52 6 22 1 5
54 6 18 1 5
105 6 34 4 5
107 6 16 0 5
113 6 16 0 5
120 6 30 7 5
121 6 27 2 5
6 78 27 2 5
6 91 20 2 5
109 7 59 22 5
3 8 42 22 5
116 8 35 18 5
118 8 34 18 5
122 8 43 7 5
12 9 21 3 5
17 9 25 7 5
46 9 31 3 5
48 9 26 3 5
54 9 18 3 5
55 9 31 5 5
56 9 27 4 5
64 9 28 4 5
65 9 27 2 5
70 9 27 3 5
79 9 37 9 5
107 9 20 0 5
113 9 20 0 5
121 9 29 3 5
9 95 24 1 5
10 16 18 4 5
10 24 15 1 5
10 28 60 11 5
10 42 18 4 5
10 47 18 5 5
10 56 23 3 5
10 84 27 6 5
10 86 22 2 5
10 107 14 0 5
10 111 15 0 5
10 113 14 0 5
10 125 22 2 5
11 6 26 3 5
107 11 16 0 5
11 12 19 2 5
11 24 17 1 5
11 25 31 6 5
11 36 26 5 5
11 48 22 3 5
11 78 25 3 5
11 95 20 1 5
11 97 30 5 5
11 111 17 0 5
11 113 16 0 5
11 118 26 7 5
11 122 23 2 5
11 125 22 3 5
12 9 21 3 5
11 12 19 2 5
107 12 7 0 5
111 12 8 0 5
113 12 7 0 5
115 12 21 2 5
12 17 22 2 5
12 23 16 2 5
12 24 10 0 5
12 41 25 2 5
12 48 15 2 5
12 52 13 1 5
12 54 9 1 5
12 55 22 3 5
12 56 16 3 5
12 65 14 2 5
12 70 18 1 5
12 78 12 5 5
12 80 16 1 5
12 91 11 2 5
12 93 14 1 5
12 95 9 2 5
12 120 25 5 5
12 121 18 2 5
13 9 39 6 5
124 13 32 4 5
13 17 40 5 5
13 65 34 4 5
13 79 46 10 5
13 84 40 8 5
13 95 33 2 5
116 14 38 17 5
118 14 39 16 5
122 14 44 7 5
125 14 41 9 5
14 30 42 15 5
122 15 48 8 5
124 15 44 9 5
15 33 49 11 5
15 42 51 7 5
15 65 50 7 5
10 16 18 4 5
14 16 47 6 5
125 16 14 5 5
16 23 19 3 5
16 24 13 1 5
16 30 29 4 5
16 42 18 3 5
16 47 20 3 5
16 48 20 2 5
16 56 21 3 5
16 57 35 7 5
16 86 20 2 5
16 90 35 6 5
16 91 18 1 5
17 9 25 7 5
12 17 22 2 5
101 17 27 6 5
128 17 28 7 5
17 22 23 3 5
17 36 29 5 5
17 54 21 1 5
17 64 25 5 5
17 65 24 3 5
17 70 24 4 5
17 85 45 10 5
17 93 24 2 5
18 32 45 26 5
19 64 50 9 5
19 69 52 14 5
116 20 47 19 5
118 20 46 19 5
16 22 20 1 5
17 22 23 3 5
101 22 18 6 5
107 22 10 0 5
111 22 11 0 5
112 22 20 9 5
113 22 10 0 5
116 22 25 5 5
118 22 26 4 5
125 22 20 1 5
128 22 23 5 5
22 24 11 1 5
22 35 20 5 5
22 36 24 3 5
22 48 20 1 5
22 52 14 2 5
22 53 25 4 5
22 58 21 2 5
22 62 21 2 5
22 64 20 3 5
22 69 26 6 5
22 70 19 2 5
22 86 18 2 5
22 91 16 1 5
22 93 15 2 5
22 97 26 4 5
12 23 16 2 5
16 23 19 3 5
109 23 31 4 5
125 23 21 2 5
23 24 14 1 5
23 30 30 4 5
23 39 32 4 5
23 48 21 2 5
23 54 15 1 5
23 65 20 2 5
23 71 44 5 5
23 91 17 2 5
23 95 13 3 5
24 6 17 1 5
10 24 15 1 5
11 24 17 1 5
16 24 13 1 5
22 24 11 1 5
23 24 14 1 5
107 24 3 0 5
111 24 4 0 5
112 24 27 2 5
113 24 3 0 5
125 24 11 2 5
24 25 26 2 5
24 41 21 2 5
24 48 13 1 5
24 54 7 0 5
24 58 16 1 5
24 78 16 1 5
24 82 18 1 5
24 86 13 1 5
24 91 9 1 5
24 96 21 1 5
25 6 33 5 5
11 25 31 6 5
24 25 26 2 5
118 25 37 7 5
122 25 30 4 5
125 25 29 5 5
25 36 37 5 5
25 37 38 14 5
25 42 31 4 5
25 51 34 5 5
25 62 32 5 5
25 91 31 2 5
25 93 30 3 5
25 96 33 7 5
114 26 46 15 5
26 33 48 7 5
116 27 47 12 5
125 27 42 8 5
27 57 43 20 5
116 28 49 22 5
2 29 48 7 5
126 29 39 19 5
29 46 32 14 5
29 59 45 17 5
29 62 42 8 5
29 64 39 10 5
29 69 49 11 5
2 30 32 6 5
16 30 29 4 5
23 30 30 4 5
24 30 26 1 5
101 30 35 5 5
105 30 31 10 5
30 72 30 10 5
30 78 28 6 5
24 31 40 2 5
103 31 41 14 5
120 31 45 12 5
123 31 50 21 5
31 41 41 11 5
31 99 45 11 5
32 46 44 7 5
32 49 43 17 5
32 59 37 20 5
32 65 38 7 5
12 33 23 1 5
23 33 27 2 5
24 33 21 0 5
107 33 18 0 5
109 33 32 6 5
111 33 19 0 5
113 33 18 0 5
121 33 23 5 5
122 33 25 2 5
124 33 19 4 5
33 40 28 14 5
33 52 22 2 5
33 54 20 1 5
33 65 17 6 5
33 80 21 4 5
33 91 24 1 5
33 95 22 1 5
126 34 49 25 5
34 46 58 12 5
34 59 51 25 5
22 35 20 5 5
101 35 26 7 5
107 35 20 0 5
113 35 20 0 5
118 35 32 6 5
128 35 31 6 5
35 64 28 4 5
35 74 20 4 5
35 86 28 2 5
35 93 25 2 5
35 97 26 9 5
2 36 29 5 5
11 36 26 5 5
17 36 29 5 5
22 36 24 3 5
101 36 28 6 5
107 36 20 0 5
111 36 21 0 5
113 36 20 0 5
118 36 28 8 5
122 36 25 3 5
128 36 31 6 5
36 64 16 10 5
36 93 25 2 5
36 97 30 7 5
22 37 39 5 5
25 37 38 14 5
116 37 32 16 5
118 37 33 15 5
122 37 36 7 5
125 37 37 7 5
37 93 40 4 5
22 39 31 3 5
23 39 32 4 5
39 48 29 5 5
39 54 27 2 5
39 58 34 4 5
39 60 47 12 5
39 78 34 4 5
39 95 29 2 5
33 40 28 14 5
124 40 35 6 5
40 65 37 6 5
40 80 41 4 5
40 93 41 3 5
12 41 25 2 5
24 41 21 2 5
31 41 41 11 5
103 41 34 8 5
114 41 36 9 5
124 41 27 2 5
41 50 25 4 5
41 67 57 19 5
41 91 26 2 5
10 42 18 4 5
16 42 18 3 5
24 42 15 0 5
107 42 12 0 5
111 42 13 0 5
113 42 12 0 5
116 42 23 7 5
118 42 24 6 5
122 42 17 3 5
124 42 17 2 5
125 42 16 4 5
42 45 20 8 5
42 46 21 4 5
42 47 12 7 5
42 50 17 3 5
42 54 16 0 5
42 56 15 6 5
42 62 19 4 5
42 64 24 2 5
42 70 21 2 5
42 86 20 2 5
42 96 18 7 5
110 43 32 13 5
115 43 27 8 5
43 45 35 7 5
43 61 25 9 5
43 84 34 8 5
43 94 31 7 5
43 99 37 7 5
27 44 59 27 5
42 45 20 8 5
43 45 35 7 5
116 45 31 9 5
118 45 34 7 5
122 45 25 5 5
124 45 27 3 5
125 45 26 5 5
45 47 28 5 5
45 56 29 5 5
45 61 26 8 5
45 70 29 4 5
45 90 35 12 5
45 94 30 7 5
45 96 32 6 5
29 46 32 14 5
42 46 21 4 5
107 46 17 0 5
111 46 16 1 5
113 46 17 0 5
46 47 21 5 5
46 48 25 2 5
46 50 22 3 5
46 59 27 13 5
46 61 27 4 5
46 62 20 6 5
46 64 19 7 5
46 69 27 9 5
10 47 18 5 5
16 47 20 3 5
42 47 12 7 5
45 47 28 5 5
46 47 21 5 5
116 47 27 6 5
118 47 26 6 5
122 47 21 2 5
124 47 21 1 5
125 47 22 2 5
47 56 21 4 5
47 61 22 5 5
47 62 23 3 5
47 86 22 2 5
47 90 35 7 5
47 96 20 7 5
48 9 26 3 5
11 48 22 3 5
12 48 15 2 5
16 48 20 2 5
23 48 21 2 5
24 48 13 1 5
39 48 29 5 5
48 56 23 2 5
48 58 17 5 5
48 64 22 3 5
48 78 21 3 5
48 80 19 2 5
48 82 23 3 5
48 91 16 2 5
48 93 19 1 5
48 95 14 2 5
32 49 43 17 5
49 59 40 16 5
49 74 30 7 5
24 50 14 0 5
41 50 25 4 5
42 50 17 3 5
46 50 22 3 5
107 50 11 0 5
110 50 32 6 5
111 50 12 0 5
113 50 11 0 5
121 50 22 2 5
50 54 15 0 5
50 61 21 4 5
50 62 22 2 5
50 86 13 5 5
50 91 17 1 5
50 94 25 3 5
50 96 25 3 5
50 99 23 7 5
51 6 27 3 5
12 51 22 1 5
25 51 34 5 5
47 51 27 2 5
101 51 29 4 5
105 51 27 8 5
107 51 17 0 5
111 51 18 0 5
113 51 17 0 5
122 51 24 2 5
51 53 28 6 5
51 65 24 2 5
51 70 26 2 5
51 72 30 6 5
51 78 28 2 5
51 95 21 1 5
12 52 13 1 5
22 52 14 2 5
23 52 19 1 5
24 52 11 0 5
26 52 44 4 5
33 52 22 2 5
107 52 8 0 5
111 52 9 0 5
113 52 8 0 5
114 52 34 3 5
121 52 21 1 5
52 54 10 1 5
52 58 21 1 5
52 65 15 2 5
52 74 12 2 5
52 91 14 1 5
2 53 32 5 5
22 53 25 4 5
51 53 28 6 5
101 53 25 9 5
105 53 31 9 5
116 53 30 9 5
118 53 27 10 5
53 72 34 7 5
54 6 18 1 5
54 9 18 3 5
12 54 9 1 5
23 54 15 1 5
24 54 7 0 5
33 54 20 1 5
39 54 27 2 5
52 54 10 1 5
107 54 4 0 5
111 54 5 0 5
113 54 4 0 5
115 54 20 1 5
121 54 17 1 5
128 54 23 2 5
54 55 21 2 5
54 65 13 1 5
54 91 10 1 5
54 95 10 0 5
55 9 31 5 5
5 55 67 11 5
12 55 22 3 5
54 55 21 2 5
105 55 37 5 5
55 78 26 5 5
55 91 23 3 5
55 93 26 2 5
56 9 27 4 5
4 56 35 6 5
10 56 23 3 5
12 56 16 3 5
16 56 21 3 5
42 56 15 6 5
45 56 29 5 5
47 56 21 4 5
48 56 23 2 5
53 56 30 4 5
107 56 15 0 5
113 56 15 0 5
116 56 28 6 5
118 56 29 5 5
122 56 22 2 5
124 56 20 2 5
125 56 21 3 5
56 70 24 2 5
56 82 26 3 5
56 86 23 2 5
56 95 17 2 5
56 96 27 4 5
16 57 35 7 5
22 57 35 6 5
24 57 36 2 5
27 57 43 20 5
57 69 43 11 5
12 58 20 1 5
22 58 21 2 5
24 58 16 1 5
39 58 34 4 5
48 58 17 5 5
52 58 21 1 5
56 58 26 2 5
105 58 31 5 5
107 58 15 0 5
113 58 15 0 5
58 78 24 3 5
58 80 24 1 5
58 91 19 2 5
58 93 22 1 5
58 95 19 1 5
46 59 27 13 5
126 59 36 17 5
59 62 35 8 5
59 64 36 8 5
30 60 47 11 5
39 60 47 12 5
105 60 48 11 5
60 65 43 6 5
60 72 43 13 5
60 78 45 7 5
42 61 24 3 5
43 61 25 9 5
45 61 26 8 5
46 61 27 4 5
47 61 22 5 5
50 61 21 4 5
110 61 35 8 5
115 61 28 4 5
122 61 25 2 5
61 84 31 6 5
61 86 22 4 5
61 94 18 10 5
61 96 22 8 5
61 99 30 7 5
4 62 27 10 5
22 62 21 2 5
42 62 19 4 5
46 62 20 6 5
47 62 23 3 5
50 62 22 2 5
107 62 15 0 5
113 62 15 0 5
116 62 26 7 5
118 62 27 6 5
122 62 22 2 5
62 64 23 4 5
62 69 31 6 5
62 70 22 3 5
62 86 23 2 5
62 97 29 5 5
34 63 59 30 5
63 66 61 22 5
17 64 25 5 5
22 64 20 3 5
36 64 16 10 5
42 64 24 2 5
46 64 19 7 5
48 64 22 3 5
62 64 23 4 5
101 64 26 5 5
107 64 16 0 5
111 64 15 1 5
113 64 16 0 5
64 69 24 10 5
64 93 21 2 5
12 65 14 2 5
17 65 24 3 5
23 65 20 2 5
24 65 14 0 5
33 65 17 6 5
51 65 24 2 5
52 65 15 2 5
54 65 13 1 5
107 65 11 0 5
109 65 27 5 5
111 65 12 0 5
113 65 11 0 5
121 65 18 4 5
124 65 16 2 5
65 70 18 3 5
65 78 22 2 5
65 91 17 1 5
65 95 15 1 5
30 66 52 12 5
33 66 51 9 5
63 66 61 22 5
65 66 48 7 5
41 67 57 19 5
114 67 63 21 5
22 68 42 8 5
116 68 35 19 5
118 68 38 17 5
22 69 26 6 5
36 69 32 8 5
46 69 27 9 5
48 69 32 4 5
62 69 31 6 5
64 69 24 10 5
101 69 34 7 5
12 70 18 1 5
17 70 24 4 5
22 70 19 2 5
42 70 21 2 5
56 70 24 2 5
62 70 22 3 5
65 70 18 3 5
101 70 25 4 5
107 70 13 0 5
111 70 14 0 5
113 70 13 0 5
116 70 26 6 5
118 70 27 5 5
122 70 18 3 5
125 70 19 3 5
128 70 28 4 5
70 78 24 2 5
70 95 15 2 5
1 71 59 20 5
23 71 44 5 5
30 71 48 9 5
51 71 46 6 5
58 71 44 6 5
101 71 47 7 5
105 71 47 10 5
2 72 36 4 5
12 72 30 1 5
30 72 30 10 5
51 72 30 6 5
53 72 34 7 5
65 72 30 3 5
101 72 33 6 5
105 72 27 12 5
72 78 28 6 5
72 80 32 2 5
72 93 30 2 5
72 95 27 2 5
12 74 15 0 5
24 74 11 0 5
35 74 20 4 5
52 74 12 2 5
54 74 12 0 5
107 74 8 0 5
111 74 9 0 5
113 74 8 0 5
74 95 14 0 5
74 97 20 6 5
116 75 49 16 5
122 75 49 9 5
124 75 47 9 5
46 77 51 14 5
59 77 52 23 5
129 77 46 27 5
77 83 53 30 5
6 78 27 2 5
11 78 25 3 5
12 78 12 5 5
23 78 24 2 5
24 78 16 1 5
30 78 28 6 5
48 78 21 3 5
55 78 26 5 5
56 78 26 2 5
58 78 24 3 5
65 78 22 2 5
70 78 24 2 5
72 78 28 6 5
105 78 23 9 5
107 78 15 0 5
111 78 16 0 5
113 78 15 0 5
120 78 31 6 5
78 91 19 2 5
78 93 22 1 5
78 95 17 2 5
79 9 37 9 5
12 79 36 3 5
17 79 40 7 5
54 79 33 3 5
65 79 38 4 5
103 79 39 12 5
109 79 43 9 5
12 80 16 1 5
24 80 14 0 5
33 80 21 4 5
48 80 19 2 5
54 80 15 0 5
70 80 22 1 5
107 80 11 0 5
111 80 12 0 5
113 80 11 0 5
120 80 31 4 5
80 82 22 3 5
80 91 17 1 5
80 93 12 4 5
80 95 13 2 5
61 81 51 15 5
118 81 45 21 5
81 96 49 17 5
82 9 29 4 5
12 82 22 1 5
24 82 18 1 5
48 82 23 3 5
54 82 21 0 5
56 82 26 3 5
80 82 22 3 5
107 82 17 0 5
111 82 18 0 5
113 82 17 0 5
120 82 33 6 5
126 82 35 8 5
128 82 28 6 5
82 91 21 2 5
59 83 41 23 5
62 83 52 7 5
74 83 45 7 5
77 83 53 30 5
126 83 51 17 5
129 83 39 25 5
10 84 27 6 5
43 84 34 8 5
45 84 33 8 5
47 84 31 4 5
61 84 31 6 5
110 84 34 12 5
127 84 35 15 5
84 96 33 6 5
84 99 31 10 5
42 85 44 7 5
56 85 39 11 5
70 85 41 9 5
116 85 31 20 5
118 85 32 19 5
122 85 41 8 5
10 86 22 2 5
16 86 20 2 5
22 86 18 2 5
24 86 13 1 5
42 86 20 2 5
47 86 22 2 5
50 86 13 5 5
61 86 22 4 5
112 86 30 5 5
116 86 29 4 5
118 86 28 4 5
125 86 18 3 5
86 88 32 8 5
86 94 24 4 5
86 99 30 4 5
87 9 54 11 5
46 87 49 12 5
80 87 53 7 5
109 87 54 14 5
121 87 57 7 5
61 88 40 7 5
86 88 32 8 5
118 88 34 13 5
125 88 34 7 5
31 89 68 24 5
3 90 41 17 5
16 90 35 6 5
42 90 35 6 5
45 90 35 12 5
47 90 35 7 5
88 90 43 14 5
122 90 36 5 5
125 90 35 6 5
130 90 43 12 5
90 94 41 7 5
6 91 20 2 5
12 91 11 2 5
16 91 18 1 5
22 91 16 1 5
23 91 17 2 5
24 91 9 1 5
41 91 26 2 5
48 91 16 2 5
50 91 17 1 5
52 91 14 1 5
54 91 10 1 5
55 91 23 3 5
58 91 19 2 5
65 91 17 1 5
78 91 19 2 5
80 91 17 1 5
82 91 21 2 5
86 91 18 1 5
107 91 8 0 5
111 91 9 0 5
113 91 8 0 5
115 91 22 2 5
120 91 30 3 5
121 91 19 2 5
125 91 18 1 5
91 93 15 1 5
91 95 12 1 5
3 92 64 27 5
92 97 64 19 5
12 93 14 1 5
17 93 24 2 5
22 93 15 2 5
24 93 12 0 5
35 93 25 2 5
36 93 25 2 5
48 93 19 1 5
54 93 13 0 5
55 93 26 2 5
64 93 21 2 5
80 93 12 4 5
91 93 15 1 5
101 93 25 2 5
107 93 9 0 5
111 93 10 0 5
113 93 9 0 5
93 95 13 1 5
10 94 28 3 5
43 94 31 7 5
45 94 30 7 5
47 94 28 3 5
50 94 25 3 5
61 94 18 10 5
86 94 24 4 5
115 94 28 5 5
122 94 27 2 5
94 99 32 7 5
12 95 9 2 5
23 95 13 3 5
24 95 9 0 5
39 95 29 2 5
48 95 14 2 5
54 95 10 0 5
56 95 17 2 5
58 95 19 1 5
65 95 15 1 5
70 95 15 2 5
72 95 27 2 5
78 95 17 2 5
80 95 13 2 5
91 95 12 1 5
93 95 13 1 5
107 95 6 0 5
111 95 7 0 5
113 95 6 0 5
121 95 19 1 5
24 96 21 1 5
25 96 33 7 5
42 96 18 7 5
47 96 20 7 5
50 96 25 3 5
56 96 27 4 5
61 96 22 8 5
116 96 31 7 5
122 96 23 4 5
124 96 23 3 5
125 96 22 5 5
11 97 30 5 5
22 97 26 4 5
35 97 26 9 5
36 97 30 7 5
52 97 28 2 5
62 97 29 5 5
74 97 20 6 5
93 97 29 2 5
96 97 32 6 5
116 97 29 10 5
118 97 28 10 5
122 97 29 3 5
26 98 52 23 5
82 98 53 9 5
10 99 34 3 5
43 99 37 7 5
50 99 23 7 5
61 99 30 7 5
84 99 31 10 5
86 99 30 4 5
94 99 32 7 5
107 99 26 0 5
110 99 37 11 5
113 99 26 0 5
114 99 36 11 5
100 99 64 19 5
100 114 64 22 5
101 12 25 1 5
101 17 27 6 5
101 22 18 6 5
101 35 26 7 5
101 36 28 6 5
101 51 29 4 5
101 53 25 9 5
101 64 26 5 5
101 69 34 7 5
101 70 25 4 5
101 93 25 2 5
101 95 24 1 5
101 107 20 0 5
101 111 21 0 5
101 112 34 7 5
101 113 20 0 5
101 116 29 8 5
101 118 30 7 5
101 128 29 7 5
102 54 39 3 5
102 61 33 13 5
102 74 41 4 5
102 86 43 5 5
102 94 35 13 5
103 31 41 14 5
103 41 34 8 5
103 79 39 12 5
103 91 32 2 5
103 109 38 8 5
103 115 36 5 5
1 104 95 44 5
105 2 33 6 5
105 6 34 4 5
105 11 32 5 5
105 12 29 2 5
105 51 27 8 5
105 53 31 9 5
105 58 31 5 5
105 65 33 2 5
105 72 27 12 5
105 78 23 9 5
105 95 30 1 5
101 105 34 6 5
105 107 26 0 5
105 111 27 0 5
105 113 26 0 5
108 45 53 17 5
109 23 31 4 5
109 33 32 6 5
109 52 30 2 5
109 65 27 5 5
109 91 30 2 5
107 109 26 0 5
109 111 27 0 5
109 113 26 0 5
109 122 33 2 5
109 124 27 4 5
110 24 34 1 5
110 35 39 7 5
110 43 32 13 5
110 50 32 6 5
110 61 35 8 5
110 84 34 12 5
110 86 35 5 5
110 88 43 13 5
110 99 37 11 5
110 127 43 15 5
111 12 8 0 5
111 16 13 0 5
111 22 11 0 5
111 23 14 0 5
111 24 4 0 5
111 42 13 0 5
111 46 16 1 5
111 48 13 0 5
111 50 12 0 5
111 52 9 0 5
111 54 5 0 5
111 64 15 1 5
111 65 12 0 5
111 70 14 0 5
111 74 9 0 5
111 80 12 0 5
111 86 13 0 5
111 91 9 0 5
111 93 10 0 5
111 95 7 0 5
107 111 1 0 5
111 113 1 0 5
111 122 12 0 5
111 124 10 0 5
111 125 13 0 5
112 22 20 9 5
112 24 27 2 5
112 36 32 8 5
112 86 30 5 5
112 118 32 10 5
114 12 35 2 5
114 22 34 4 5
114 24 33 1 5
114 41 36 9 5
114 50 35 4 5
114 52 34 3 5
114 91 36 2 5
114 99 36 11 5
10 114 36 5 5
115 12 21 2 5
115 43 27 8 5
115 52 24 1 5
115 54 20 1 5
115 61 28 4 5
115 86 26 2 5
115 91 22 2 5
115 94 28 5 5
115 95 22 1 5
110 115 39 6 5
115 121 25 4 5
116 22 25 5 5
116 24 28 0 5
116 42 23 7 5
116 47 27 6 5
116 56 28 6 5
116 62 26 7 5
116 70 26 6 5
116 93 30 2 5
107 116 25 0 5
111 116 26 0 5
113 116 25 0 5
116 118 9 20 5
116 122 20 8 5
116 124 28 3 5
116 125 27 5 5
117 34 79 53 5
118 22 26 4 5
118 24 25 1 5
118 42 24 6 5
118 47 26 6 5
118 56 29 5 5
118 62 27 6 5
118 70 27 5 5
118 86 28 4 5
11 118 26 7 5
101 118 30 7 5
107 118 24 0 5
113 118 24 0 5
116 118 9 20 5
118 122 21 7 5
118 124 29 2 5
118 125 24 6 5
119 23 59 7 5
119 99 60 13 5
103 119 54 17 5
109 119 54 16 5
110 119 59 17 5
120 6 30 7 5
120 24 29 1 5
120 31 45 12 5
120 54 30 1 5
120 55 39 5 5
120 78 31 6 5
120 80 31 4 5
120 82 33 6 5
120 91 30 3 5
12 120 25 5 5
121 6 27 2 5
121 17 28 3 5
121 24 18 0 5
121 33 23 5 5
121 50 22 2 5
121 52 21 1 5
121 54 17 1 5
121 56 26 2 5
121 65 18 4 5
121 86 23 2 5
121 91 19 2 5
121 93 22 1 5
121 95 19 1 5
12 121 18 2 5
107 121 15 0 5
111 121 16 0 5
113 121 15 0 5
115 121 25 4 5
122 24 14 0 5
122 42 17 3 5
122 45 25 5 5
122 47 21 2 5
122 52 19 0 5
122 54 15 0 5
122 70 18 3 5
122 74 19 0 5
122 91 19 0 5
122 95 17 0 5
122 96 23 4 5
12 122 18 0 5
107 122 11 0 5
111 122 12 0 5
113 122 11 0 5
116 122 20 8 5
118 122 21 7 5
122 124 12 4 5
122 125 13 5 5
123 31 50 21 5
123 41 51 11 5
124 24 12 0 5
124 33 19 4 5
124 40 35 6 5
124 42 17 2 5
124 52 17 0 5
124 54 13 0 5
124 56 20 2 5
124 65 16 2 5
124 74 17 0 5
124 91 17 0 5
124 95 15 0 5
124 96 23 3 5
12 124 16 0 5
107 124 9 0 5
109 124 27 4 5
111 124 10 0 5
113 124 9 0 5
122 124 12 4 5
124 125 17 2 5
125 16 14 5 5
125 24 11 2 5
125 25 29 5 5
125 42 16 4 5
125 45 26 5 5
125 56 21 3 5
125 70 19 3 5
125 86 18 3 5
125 96 22 5 5
11 125 22 3 5
107 125 12 0 5
111 125 13 0 5
113 125 12 0 5
116 125 27 5 5
118 125 24 6 5
122 125 13 5 5
124 125 17 2 5
126 46 27 12 5
126 59 36 17 5
126 62 35 7 5
126 64 32 9 5
126 82 35 8 5
111 126 33 1 5
127 61 38 10 5
127 74 38 5 5
127 84 35 15 5
127 94 40 10 5
110 127 43 15 5
128 17 28 7 5
128 22 23 5 5
128 24 26 0 5
128 35 31 6 5
128 36 31 6 5
128 54 23 2 5
128 62 30 4 5
128 64 31 4 5
128 70 28 4 5
128 80 30 2 5
128 82 28 6 5
101 128 29 7 5
107 128 23 0 5
111 128 24 0 5
113 128 23 0 5
116 128 32 8 5
118 128 31 8 5
129 35 42 8 5
129 46 37 9 5
129 74 36 5 5
129 83 39 25 5
111 129 37 1 5
130 3 42 15 5
130 90 43 12 5
