Res1 Res2 NSingle NDouble Method
15 18 14 3 5
15 22 11 5 5
18 22 11 7 5
25 7 36 6 5
15 27 11 3 5
18 27 19 1 5
22 27 16 3 5
30 34 30 14 5
15 56 15 4 5
27 56 16 4 5
25 58 30 4 5
27 59 17 6 5
61 8 14 2 5
24 61 30 5 5
58 61 24 5 5
25 67 27 9 5
41 67 26 5 5
58 67 31 7 5
15 68 15 4 5
27 68 16 4 5
15 75 15 3 5
27 75 12 5 5
56 75 8 10 5
68 75 18 5 5
76 9 17 13 5
43 76 26 7 5
78 8 18 1 5
23 79 31 8 5
31 79 29 8 5
53 79 20 9 5
30 81 27 5 5
41 82 28 4 5
61 82 25 8 5
75 84 12 9 5
18 86 17 3 5
20 86 22 2 5
8 88 18 2 5
34 88 39 10 5
61 88 26 4 5
8 94 8 0 5
15 94 13 0 5
30 94 19 2 5
41 94 11 2 5
15 97 9 6 5
18 97 15 5 5
27 97 8 7 5
56 97 16 6 5
68 97 14 7 5
75 97 16 5 5
86 97 20 2 5
9 98 20 10 5
72 98 19 9 5
103 15 12 5 5
103 22 5 11 5
103 56 19 5 5
103 97 11 8 5
104 31 35 8 5
106 63 29 17 5
10 106 33 14 5
107 75 18 6 5
107 97 16 7 5
108 15 14 4 5
108 18 12 7 5
108 60 8 11 5
108 86 21 2 5
108 97 17 5 5
103 108 14 7 5
109 91 5 19 5
112 30 21 4 5
112 41 19 1 5
112 94 14 1 5
114 31 38 12 5
115 18 5 8 5
115 20 12 6 5
115 22 12 5 5
115 60 13 6 5
115 68 14 5 5
115 86 14 3 5
115 97 18 2 5
103 115 13 5 5
108 115 15 4 5
120 43 28 8 5
120 79 30 6 5
108 121 23 2 5
115 121 18 2 5
112 122 38 8 5
123 8 12 2 5
123 61 24 2 5
123 88 24 4 5
102 123 54 7 5
125 60 11 11 5
125 75 18 6 5
127 61 32 5 5
119 127 34 11 5
128 6 45 22 5
129 15 3 6 5
129 18 13 3 5
129 22 8 6 5
129 27 10 3 5
129 68 12 5 5
129 75 14 3 5
129 86 16 1 5
129 94 12 0 5
129 97 8 6 5
103 129 9 6 5
108 129 11 5 5
112 129 18 0 5
115 129 16 0 5
121 129 18 1 5
