Res1 Res2 NSingle NDouble Method
1 15 46 7 5
104 2 34 13 5
118 4 21 0 5
4 8 24 0 5
18 5 27 2 5
108 5 25 4 5
115 5 24 2 5
118 5 19 0 5
120 6 37 16 5
128 6 45 22 5
6 98 48 7 5
25 7 36 6 5
43 7 34 7 5
120 7 36 9 5
7 9 33 9 5
7 76 34 8 5
7 79 34 6 5
7 94 28 3 5
61 8 14 2 5
78 8 18 1 5
118 8 3 0 5
123 8 12 2 5
8 88 18 2 5
8 94 8 0 5
41 9 28 2 5
76 9 17 13 5
86 9 27 3 5
118 9 22 0 5
129 9 27 1 5
9 94 25 1 5
9 98 20 10 5
10 41 34 5 5
10 106 33 14 5
10 118 34 0 5
11 112 41 7 5
14 7 36 16 5
14 27 38 5 5
14 53 34 13 5
15 8 11 0 5
103 15 12 5 5
108 15 14 4 5
118 15 8 0 5
129 15 3 6 5
15 18 14 3 5
15 22 11 5 5
15 27 11 3 5
15 56 15 4 5
15 68 15 4 5
15 75 15 3 5
15 94 13 0 5
15 97 9 6 5
108 16 35 5 5
115 16 36 2 5
129 16 36 1 5
103 17 26 7 5
108 17 26 7 5
115 17 19 8 5
129 17 31 1 5
17 18 22 8 5
17 22 25 7 5
17 68 27 7 5
18 8 15 0 5
15 18 14 3 5
108 18 12 7 5
115 18 5 8 5
118 18 12 0 5
129 18 13 3 5
18 22 11 7 5
18 27 19 1 5
18 75 23 1 5
18 86 17 3 5
18 97 15 5 5
19 79 40 7 5
19 81 40 8 5
19 94 36 3 5
20 8 18 0 5
15 20 21 1 5
18 20 13 7 5
108 20 17 6 5
115 20 12 6 5
118 20 15 0 5
129 20 20 1 5
20 22 16 6 5
20 27 20 2 5
20 86 22 2 5
21 8 40 3 5
21 78 38 11 5
22 8 16 0 5
15 22 11 5 5
18 22 11 7 5
103 22 5 11 5
115 22 12 5 5
118 22 13 0 5
129 22 8 6 5
22 27 16 3 5
22 86 14 5 5
22 94 18 0 5
23 79 31 8 5
118 24 25 0 5
24 41 31 2 5
24 61 30 5 5
25 7 36 6 5
25 9 33 4 5
115 25 26 1 5
25 58 30 4 5
25 67 27 9 5
25 76 32 4 5
15 26 28 6 5
129 26 31 4 5
26 75 31 7 5
26 92 25 14 5
27 8 12 0 5
15 27 11 3 5
18 27 19 1 5
22 27 16 3 5
118 27 9 0 5
129 27 10 3 5
27 56 16 4 5
27 59 17 6 5
27 68 16 4 5
27 75 12 5 5
27 97 8 7 5
120 29 47 14 5
112 30 21 4 5
118 30 18 0 5
30 34 30 14 5
30 41 24 2 5
30 81 27 5 5
30 94 19 2 5
104 31 35 8 5
114 31 38 12 5
120 31 35 9 5
31 76 35 7 5
31 79 29 8 5
31 98 32 7 5
10 33 43 14 5
119 33 44 11 5
30 34 30 14 5
34 81 45 7 5
34 88 39 10 5
34 94 41 2 5
35 8 26 1 5
18 35 23 7 5
20 35 18 11 5
22 35 24 7 5
27 35 28 3 5
103 35 25 7 5
115 35 20 7 5
118 35 25 0 5
35 86 26 5 5
37 8 25 0 5
15 37 20 5 5
18 37 12 11 5
20 37 11 13 5
27 37 19 6 5
103 37 12 12 5
115 37 15 8 5
118 37 22 0 5
129 37 17 6 5
37 68 13 12 5
37 75 21 7 5
37 86 23 5 5
39 8 22 0 5
18 39 21 5 5
27 39 22 3 5
115 39 18 5 5
118 39 19 0 5
129 39 24 1 5
39 86 20 5 5
41 8 13 0 5
112 41 19 1 5
118 41 10 0 5
41 67 26 5 5
41 82 28 4 5
41 94 11 2 5
107 43 24 6 5
120 43 28 8 5
43 76 26 7 5
43 84 26 5 5
43 94 22 1 5
41 44 52 5 5
46 9 36 15 5
41 46 44 5 5
120 46 35 17 5
46 76 39 13 5
15 47 25 3 5
18 47 21 7 5
27 47 18 7 5
115 47 20 6 5
118 47 23 0 5
129 47 22 4 5
47 86 24 5 5
15 48 23 4 5
20 48 14 12 5
27 48 24 4 5
115 48 20 6 5
118 48 23 0 5
129 48 20 5 5
49 8 23 0 5
15 49 20 4 5
18 49 10 11 5
27 49 21 4 5
103 49 10 12 5
108 49 12 11 5
115 49 13 8 5
118 49 20 0 5
129 49 17 5 5
49 68 11 12 5
49 86 21 5 5
50 94 46 4 5
27 51 39 6 5
51 75 41 7 5
52 8 22 0 5
15 52 19 4 5
18 52 15 8 5
22 52 16 8 5
27 52 20 4 5
103 52 11 11 5
115 52 18 5 5
118 52 19 0 5
129 52 16 5 5
52 68 12 11 5
52 75 20 6 5
52 86 20 5 5
52 97 16 8 5
27 53 22 4 5
53 75 26 4 5
53 79 20 9 5
53 97 26 4 5
41 54 38 5 5
54 62 38 7 5
54 86 43 3 5
27 55 33 5 5
129 55 37 2 5
56 8 18 0 5
15 56 15 4 5
18 56 19 4 5
20 56 20 5 5
27 56 16 4 5
103 56 19 5 5
108 56 17 6 5
115 56 22 1 5
118 56 15 0 5
129 56 14 4 5
56 75 8 10 5
56 97 16 6 5
116 57 45 11 5
57 94 46 2 5
25 58 30 4 5
118 58 19 0 5
121 58 26 3 5
58 61 24 5 5
58 67 31 7 5
58 84 28 4 5
59 8 23 0 5
15 59 20 4 5
18 59 16 8 5
22 59 19 7 5
27 59 17 6 5
115 59 17 6 5
118 59 20 0 5
129 59 17 5 5
59 86 27 2 5
60 8 19 0 5
15 60 20 2 5
18 60 12 8 5
22 60 17 6 5
108 60 8 11 5
115 60 13 6 5
118 60 16 0 5
121 60 25 2 5
125 60 11 11 5
129 60 17 3 5
60 86 21 3 5
60 94 21 0 5
61 8 14 2 5
24 61 30 5 5
41 61 23 1 5
58 61 24 5 5
118 61 15 0 5
123 61 24 2 5
127 61 32 5 5
61 82 25 8 5
61 88 26 4 5
62 8 17 0 5
115 62 17 3 5
118 62 14 0 5
62 94 19 0 5
41 63 36 5 5
106 63 29 17 5
27 64 47 7 5
15 65 22 4 5
18 65 18 8 5
22 65 21 7 5
27 65 27 2 5
108 65 14 11 5
115 65 21 5 5
118 65 22 0 5
121 65 25 5 5
129 65 19 5 5
25 67 27 9 5
41 67 26 5 5
58 67 31 7 5
68 8 18 0 5
15 68 15 4 5
18 68 13 7 5
22 68 12 8 5
27 68 16 4 5
56 68 18 6 5
108 68 17 6 5
115 68 14 5 5
118 68 15 0 5
121 68 20 4 5
129 68 12 5 5
68 75 18 5 5
68 86 16 5 5
68 94 20 0 5
68 97 14 7 5
15 69 41 5 5
56 69 36 11 5
129 69 40 5 5
69 75 36 10 5
69 97 42 7 5
70 8 21 0 5
15 70 22 2 5
20 70 21 6 5
22 70 19 6 5
108 70 16 8 5
115 70 17 5 5
118 70 18 0 5
129 70 19 3 5
70 86 19 5 5
71 8 41 2 5
72 8 22 0 5
18 72 19 6 5
20 72 16 9 5
41 72 25 2 5
60 72 19 8 5
108 72 21 6 5
115 72 16 6 5
118 72 19 0 5
72 86 26 2 5
72 98 19 9 5
15 73 28 1 5
18 73 18 8 5
20 73 15 11 5
22 73 19 8 5
27 73 23 4 5
115 73 15 8 5
118 73 22 0 5
125 73 15 12 5
129 73 25 2 5
73 86 23 5 5
73 97 21 7 5
112 74 62 7 5
75 8 16 0 5
15 75 15 3 5
22 75 20 3 5
27 75 12 5 5
41 75 21 1 5
56 75 8 10 5
68 75 18 5 5
107 75 18 6 5
108 75 21 3 5
118 75 13 0 5
125 75 18 6 5
129 75 14 3 5
75 84 12 9 5
75 97 16 5 5
76 9 17 13 5
22 76 24 5 5
43 76 26 7 5
103 76 25 5 5
115 76 24 3 5
118 76 21 0 5
129 76 26 1 5
76 86 22 5 5
76 94 24 1 5
77 8 21 0 5
15 77 16 5 5
18 77 18 6 5
22 77 15 8 5
27 77 19 4 5
75 77 21 5 5
103 77 16 8 5
115 77 19 4 5
118 77 18 0 5
129 77 13 6 5
77 86 23 3 5
77 94 23 0 5
77 97 17 7 5
78 8 18 1 5
20 78 22 5 5
35 78 26 8 5
60 78 23 5 5
72 78 24 6 5
77 78 25 5 5
108 78 23 4 5
115 78 22 2 5
118 78 17 0 5
125 78 24 5 5
79 9 27 6 5
23 79 31 8 5
31 79 29 8 5
53 79 20 9 5
118 79 17 0 5
120 79 30 6 5
79 98 23 6 5
18 80 19 6 5
20 80 20 7 5
22 80 22 5 5
27 80 26 1 5
60 80 15 10 5
75 80 22 5 5
103 80 23 5 5
115 80 16 6 5
118 80 19 0 5
125 80 16 10 5
80 86 24 3 5
18 81 25 3 5
22 81 24 4 5
30 81 27 5 5
60 81 27 4 5
62 81 27 3 5
103 81 25 4 5
115 81 22 3 5
81 86 26 2 5
81 94 22 1 5
41 82 28 4 5
58 82 29 8 5
61 82 25 8 5
67 82 38 7 5
72 82 35 5 5
82 94 27 2 5
15 83 27 2 5
18 83 23 6 5
22 83 22 7 5
27 83 24 4 5
75 83 22 7 5
103 83 19 9 5
108 83 19 9 5
115 83 20 6 5
118 83 23 0 5
129 83 26 2 5
83 97 22 7 5
8 84 20 0 5
15 84 19 3 5
22 84 22 4 5
27 84 18 4 5
75 84 12 9 5
115 84 24 1 5
118 84 17 0 5
121 84 22 4 5
129 84 18 3 5
84 86 24 2 5
84 94 22 0 5
84 97 18 6 5
8 86 14 0 5
15 86 19 0 5
18 86 17 3 5
20 86 22 2 5
27 86 20 0 5
108 86 21 2 5
115 86 14 3 5
118 86 11 0 5
121 86 18 3 5
129 86 16 1 5
86 94 16 0 5
86 97 20 2 5
8 87 23 0 5
15 87 22 3 5
18 87 12 10 5
22 87 15 9 5
27 87 19 5 5
59 87 12 14 5
86 87 25 3 5
103 87 16 9 5
107 87 15 11 5
108 87 20 7 5
115 87 15 7 5
118 87 20 0 5
125 87 15 11 5
129 87 21 3 5
87 97 17 8 5
8 88 18 2 5
34 88 39 10 5
61 88 26 4 5
118 88 19 0 5
123 88 24 4 5
8 89 20 1 5
20 89 26 4 5
27 89 24 2 5
56 89 20 7 5
73 89 25 8 5
75 89 22 5 5
84 89 22 7 5
118 89 19 0 5
8 91 26 0 5
15 91 23 4 5
18 91 19 8 5
27 91 24 4 5
60 91 9 15 5
75 91 22 7 5
86 91 24 5 5
103 91 11 13 5
109 91 5 19 5
115 91 20 6 5
118 91 23 0 5
129 91 20 5 5
91 94 28 0 5
8 92 24 0 5
15 92 19 5 5
18 92 25 4 5
27 92 18 6 5
56 92 20 8 5
59 92 19 11 5
68 92 22 7 5
75 92 20 7 5
84 92 24 7 5
87 92 19 11 5
107 92 20 9 5
109 92 19 11 5
118 92 21 0 5
125 92 24 7 5
129 92 20 4 5
92 96 19 11 5
92 97 20 7 5
8 93 26 0 5
27 93 28 2 5
60 93 17 11 5
86 93 24 5 5
108 93 21 8 5
115 93 22 5 5
118 93 23 0 5
125 93 14 13 5
129 93 28 1 5
8 94 8 0 5
15 94 13 0 5
30 94 19 2 5
41 94 11 2 5
112 94 14 1 5
118 94 5 0 5
129 94 12 0 5
15 95 45 7 5
27 95 50 5 5
32 95 52 13 5
124 95 50 11 5
129 95 48 5 5
8 96 23 0 5
15 96 18 5 5
18 96 22 5 5
20 96 21 7 5
27 96 21 4 5
75 96 15 9 5
86 96 27 2 5
103 96 20 7 5
108 96 12 11 5
115 96 23 3 5
118 96 20 0 5
129 96 17 5 5
96 97 19 7 5
8 97 16 0 5
15 97 9 6 5
18 97 15 5 5
22 97 10 8 5
27 97 8 7 5
56 97 16 6 5
68 97 14 7 5
75 97 16 5 5
86 97 20 2 5
94 97 18 0 5
103 97 11 8 5
107 97 16 7 5
108 97 17 5 5
115 97 18 2 5
118 97 13 0 5
129 97 8 6 5
9 98 20 10 5
18 98 22 4 5
22 98 23 4 5
39 98 21 8 5
41 98 24 2 5
72 98 19 9 5
77 98 20 8 5
86 98 23 3 5
103 98 24 4 5
115 98 19 4 5
118 98 18 0 5
121 98 23 4 5
129 98 23 1 5
92 99 49 17 5
100 94 45 5 5
101 41 48 3 5
101 67 46 12 5
102 18 53 7 5
102 115 50 7 5
102 116 53 12 5
102 123 54 7 5
103 8 17 0 5
103 15 12 5 5
103 18 10 8 5
103 20 19 5 5
103 22 5 11 5
103 27 17 3 5
103 56 19 5 5
103 86 15 5 5
103 94 19 0 5
103 97 11 8 5
103 108 14 7 5
103 115 13 5 5
103 118 14 0 5
103 129 9 6 5
104 31 35 8 5
104 70 31 5 5
104 72 32 5 5
104 118 23 0 5
106 41 31 3 5
106 63 29 17 5
10 106 33 14 5
107 8 20 0 5
107 15 17 4 5
107 18 15 7 5
107 27 18 4 5
107 52 14 11 5
107 56 12 10 5
107 68 16 8 5
107 75 18 6 5
107 94 22 0 5
107 97 16 7 5
103 107 19 6 5
107 108 13 9 5
107 115 18 4 5
107 118 17 0 5
107 129 16 4 5
108 8 17 0 5
108 15 14 4 5
108 18 12 7 5
108 22 15 6 5
108 27 19 2 5
108 60 8 11 5
108 86 21 2 5
108 94 19 0 5
108 97 17 5 5
103 108 14 7 5
108 115 15 4 5
108 118 14 0 5
108 121 23 2 5
108 129 11 5 5
109 8 23 0 5
109 15 18 5 5
109 18 20 6 5
109 22 17 8 5
109 27 19 5 5
109 52 11 14 5
109 60 14 11 5
109 75 17 8 5
109 77 10 14 5
109 86 25 3 5
109 91 5 19 5
109 94 25 0 5
109 96 12 14 5
109 97 17 8 5
103 109 12 11 5
107 109 15 11 5
108 109 12 11 5
109 115 23 3 5
109 118 20 0 5
109 125 15 11 5
109 129 15 6 5
110 9 44 12 5
110 97 45 7 5
110 120 39 16 5
110 124 43 12 5
112 8 14 0 5
112 30 21 4 5
112 41 19 1 5
112 94 14 1 5
112 118 11 0 5
112 122 38 8 5
112 129 18 0 5
113 88 45 11 5
113 94 45 4 5
114 8 33 2 5
114 30 36 8 5
114 31 38 12 5
104 114 41 8 5
112 114 37 4 5
114 118 34 0 5
115 8 12 0 5
115 15 17 0 5
115 18 5 8 5
115 20 12 6 5
115 22 12 5 5
115 27 18 0 5
115 41 19 0 5
115 60 13 6 5
115 68 14 5 5
115 86 14 3 5
115 94 14 0 5
115 97 18 2 5
103 115 13 5 5
108 115 15 4 5
115 118 9 0 5
115 121 18 2 5
115 129 16 0 5
116 5 25 8 5
116 8 25 0 5
116 18 26 4 5
115 116 23 4 5
116 118 22 0 5
117 4 27 7 5
117 8 23 0 5
117 58 31 4 5
117 86 29 1 5
117 94 25 0 5
117 118 20 0 5
117 121 29 2 5
118 119 29 0 5
119 127 34 11 5
120 9 23 12 5
120 41 31 2 5
120 43 28 8 5
120 76 18 14 5
120 79 30 6 5
120 94 28 1 5
120 98 31 6 5
118 120 25 0 5
121 8 16 0 5
121 15 21 0 5
121 18 21 2 5
121 27 22 0 5
121 94 18 0 5
108 121 23 2 5
115 121 18 2 5
118 121 13 0 5
121 129 18 1 5
122 94 40 4 5
112 122 38 8 5
123 8 12 2 5
123 61 24 2 5
123 80 26 3 5
123 88 24 4 5
102 123 54 7 5
118 123 13 0 5
124 8 24 0 5
124 15 19 5 5
124 27 22 4 5
124 56 20 8 5
124 60 27 5 5
124 75 22 6 5
124 97 22 6 5
103 124 27 4 5
107 124 22 8 5
118 124 21 0 5
124 129 22 3 5
125 8 20 0 5
125 15 23 1 5
125 18 17 6 5
125 22 16 7 5
125 27 22 2 5
125 60 11 11 5
125 75 18 6 5
125 86 18 5 5
125 94 22 0 5
125 97 20 5 5
103 125 19 6 5
108 125 15 8 5
115 125 16 5 5
118 125 17 0 5
121 125 22 4 5
125 129 20 2 5
126 8 37 2 5
104 126 45 8 5
124 126 43 8 5
127 61 32 5 5
10 127 45 8 5
117 127 39 4 5
118 127 27 0 5
119 127 34 11 5
128 6 45 22 5
120 128 38 16 5
129 8 10 0 5
129 15 3 6 5
129 18 13 3 5
129 22 8 6 5
129 27 10 3 5
129 41 17 0 5
129 68 12 5 5
129 75 14 3 5
129 86 16 1 5
129 94 12 0 5
129 97 8 6 5
103 129 9 6 5
108 129 11 5 5
112 129 18 0 5
115 129 16 0 5
118 129 7 0 5
121 129 18 1 5
130 8 25 0 5
130 15 28 1 5
130 22 23 6 5
130 27 25 3 5
130 86 23 5 5
130 94 23 2 5
103 130 22 7 5
115 130 25 3 5
118 130 22 0 5
129 130 25 2 5
