Res1 Res2 NSingle NDouble Method
104 2 21 9 5
121 4 18 2 5
115 5 17 2 5
120 6 26 11 5
128 6 24 20 5
25 7 21 7 5
120 7 19 9 5
7 9 20 9 5
7 76 22 7 5
7 94 20 2 5
61 8 10 1 5
118 8 2 0 5
123 8 9 1 5
8 89 14 2 5
76 9 10 11 5
120 9 9 12 5
9 94 18 1 5
9 98 13 10 5
10 106 19 11 5
11 112 25 7 5
103 15 7 5 5
118 15 7 0 5
129 15 3 5 5
15 18 9 3 5
15 22 7 4 5
15 27 9 3 5
121 16 17 6 5
115 17 14 5 5
17 20 15 7 5
15 18 9 3 5
103 18 6 6 5
115 18 4 5 5
118 18 8 0 5
129 18 8 3 5
18 22 6 5 5
19 94 25 2 5
115 20 9 4 5
118 20 11 0 5
129 20 13 2 5
22 8 10 0 5
15 22 7 4 5
18 22 6 5 5
103 22 2 8 5
115 22 8 3 5
118 22 8 0 5
129 22 4 5 5
24 61 16 6 5
25 7 21 7 5
25 67 18 7 5
15 26 21 6 5
26 92 17 13 5
15 27 9 3 5
22 27 10 3 5
118 27 8 0 5
129 27 8 3 5
27 75 9 5 5
27 97 7 6 5
112 30 12 3 5
30 34 18 9 5
30 94 11 1 5
114 31 20 12 5
120 31 19 8 5
31 79 16 8 5
32 5 25 6 5
24 33 30 7 5
119 33 28 8 5
30 34 18 9 5
34 94 23 3 5
35 8 16 1 5
20 35 9 9 5
115 35 12 5 5
15 37 13 5 5
18 37 8 8 5
22 37 8 8 5
115 37 12 5 5
129 37 10 6 5
37 97 5 11 5
125 39 6 10 5
39 73 6 12 5
41 67 19 3 5
41 94 8 1 5
20 43 15 5 5
107 43 16 6 5
120 46 19 14 5
22 47 11 7 5
18 48 11 7 5
22 48 11 7 5
108 48 5 12 5
129 48 13 5 5
48 60 5 12 5
18 49 6 8 5
22 49 8 7 5
115 49 10 5 5
129 49 10 5 5
112 50 29 7 5
22 52 10 6 5
103 52 8 8 5
115 52 12 4 5
129 52 10 5 5
27 53 15 4 5
53 79 16 6 5
4 54 22 9 5
54 62 22 7 5
15 56 10 4 5
103 56 11 5 5
125 56 11 6 5
129 56 9 4 5
56 68 11 6 5
56 75 6 8 5
56 97 10 6 5
5 57 30 8 5
18 58 18 2 5
115 58 16 2 5
121 58 18 2 5
58 61 16 4 5
58 84 19 4 5
18 59 10 6 5
22 59 10 6 5
103 59 8 8 5
129 59 10 5 5
15 60 15 2 5
18 60 8 6 5
22 60 10 5 5
115 60 10 4 5
118 60 12 0 5
129 60 12 3 5
61 8 10 1 5
24 61 16 6 5
58 61 16 4 5
61 82 17 6 5
62 8 12 0 5
115 62 12 2 5
118 62 10 0 5
106 63 19 16 5
18 65 12 6 5
22 65 12 6 5
108 65 8 10 5
129 65 12 5 5
25 67 18 7 5
41 67 19 3 5
58 67 22 5 5
15 68 11 4 5
18 68 8 6 5
22 68 8 6 5
56 68 11 6 5
103 68 6 8 5
115 68 10 4 5
118 68 12 0 5
129 68 8 5 5
18 70 9 6 5
22 70 11 5 5
60 70 7 9 5
108 70 7 9 5
115 70 11 4 5
129 70 13 3 5
20 72 13 7 5
60 72 14 7 5
108 72 14 7 5
115 72 14 4 5
125 72 16 6 5
72 98 12 10 5
39 73 6 12 5
115 73 12 5 5
15 75 12 3 5
22 75 13 3 5
27 75 9 5 5
56 75 6 8 5
129 75 11 3 5
76 9 10 11 5
120 76 9 11 5
76 94 16 1 5
18 77 11 6 5
115 77 13 4 5
118 77 15 0 5
129 77 11 5 5
78 8 15 1 5
20 78 16 5 5
35 78 15 8 5
31 79 16 8 5
53 79 16 6 5
120 79 17 6 5
79 98 17 6 5
20 80 14 6 5
60 80 11 8 5
115 80 13 4 5
125 80 11 8 5
30 81 18 4 5
81 88 20 5 5
24 82 23 7 5
41 82 20 3 5
58 82 21 6 5
61 82 17 6 5
22 83 14 6 5
56 84 10 7 5
75 84 10 7 5
115 84 15 2 5
118 84 13 0 5
129 84 13 3 5
8 86 10 0 5
18 86 12 2 5
22 86 10 3 5
115 86 10 2 5
118 86 8 0 5
121 86 12 2 5
129 86 12 1 5
86 94 11 0 5
18 87 8 7 5
20 87 9 8 5
22 87 10 6 5
27 87 12 5 5
59 87 6 11 5
103 87 10 7 5
115 87 10 5 5
129 87 14 3 5
87 97 9 8 5
8 88 14 1 5
23 88 24 8 5
30 88 18 3 5
123 88 17 3 5
8 89 14 2 5
35 89 16 8 5
56 89 17 5 5
73 89 18 7 5
22 91 11 7 5
60 91 5 12 5
108 91 7 11 5
109 91 2 16 5
115 91 15 4 5
125 91 7 11 5
129 91 13 5 5
15 92 14 5 5
20 92 14 7 5
27 92 15 5 5
56 92 12 8 5
75 92 14 7 5
129 92 15 4 5
92 97 14 7 5
115 93 17 3 5
125 93 9 10 5
8 94 5 0 5
30 94 11 1 5
41 94 8 1 5
112 94 7 2 5
118 94 3 0 5
15 96 14 5 5
22 96 13 6 5
129 96 13 5 5
15 97 8 5 5
18 97 9 5 5
27 97 7 6 5
103 97 5 8 5
115 97 13 2 5
118 97 11 0 5
129 97 5 6 5
72 98 12 10 5
115 98 14 4 5
125 98 16 6 5
102 116 30 12 5
103 8 12 0 5
103 15 7 5 5
103 18 6 6 5
103 22 2 8 5
103 68 6 8 5
103 97 5 8 5
103 108 6 8 5
103 115 10 3 5
103 118 10 0 5
103 121 14 2 5
103 129 4 6 5
10 106 19 11 5
106 119 22 8 5
107 18 10 6 5
107 20 9 8 5
107 56 7 9 5
107 115 14 3 5
107 118 14 0 5
108 8 14 0 5
108 18 6 7 5
108 20 9 7 5
108 22 6 7 5
108 97 9 7 5
103 108 6 8 5
108 115 10 4 5
108 118 12 0 5
108 129 8 5 5
109 15 14 5 5
109 22 11 7 5
109 27 15 5 5
109 52 5 13 5
109 60 7 11 5
109 91 2 16 5
108 109 7 11 5
109 118 17 0 5
109 129 11 6 5
110 120 23 14 5
112 8 10 0 5
112 30 12 3 5
112 41 13 1 5
112 94 7 2 5
112 118 8 0 5
113 23 20 20 5
114 31 20 12 5
114 79 24 7 5
114 94 24 2 5
115 8 8 0 5
115 18 4 5 5
115 22 8 3 5
115 86 10 2 5
115 94 9 0 5
115 118 6 0 5
115 121 8 3 5
115 116 17 3 5
117 4 20 5 5
117 118 16 0 5
117 121 20 2 5
106 119 22 8 5
119 127 22 6 5
120 9 9 12 5
120 76 9 11 5
120 79 17 6 5
121 8 10 0 5
121 18 10 3 5
121 22 12 2 5
121 86 12 2 5
121 94 11 0 5
115 121 8 3 5
118 121 8 0 5
121 129 12 1 5
123 8 9 1 5
123 80 18 3 5
123 88 17 3 5
124 15 15 5 5
124 56 13 8 5
124 75 17 6 5
124 97 17 6 5
125 8 14 0 5
125 18 12 4 5
125 20 7 8 5
125 22 10 5 5
125 60 4 10 5
118 125 12 0 5
125 129 14 2 5
126 2 26 12 5
126 8 26 2 5
127 61 20 3 5
119 127 22 6 5
120 128 20 14 5
129 8 8 0 5
129 15 3 5 5
129 22 4 5 5
129 86 12 1 5
129 94 9 0 5
129 97 5 6 5
103 129 4 6 5
118 129 6 0 5
121 129 12 1 5
130 22 16 4 5
130 68 16 6 5
130 94 17 1 5
115 130 18 2 5
129 130 18 2 5
