Res1 Res2 NSingle NDouble Method
15 18 9 3 5
15 22 7 4 5
18 22 6 5 5
25 7 21 7 5
15 27 9 3 5
30 34 18 9 5
61 8 10 1 5
24 61 16 6 5
58 61 16 4 5
25 67 18 7 5
41 67 19 3 5
56 68 11 6 5
39 73 6 12 5
27 75 9 5 5
56 75 6 8 5
76 9 10 11 5
31 79 16 8 5
53 79 16 6 5
61 82 17 6 5
8 89 14 2 5
30 94 11 1 5
41 94 8 1 5
27 97 7 6 5
72 98 12 10 5
103 15 7 5 5
103 18 6 6 5
103 22 2 8 5
103 68 6 8 5
103 97 5 8 5
10 106 19 11 5
103 108 6 8 5
109 91 2 16 5
112 30 12 3 5
112 94 7 2 5
114 31 20 12 5
115 18 4 5 5
115 22 8 3 5
115 86 10 2 5
106 119 22 8 5
120 9 9 12 5
120 76 9 11 5
120 79 17 6 5
121 86 12 2 5
115 121 8 3 5
123 8 9 1 5
123 88 17 3 5
119 127 22 6 5
129 15 3 5 5
129 22 4 5 5
129 86 12 1 5
129 97 5 6 5
103 129 4 6 5
121 129 12 1 5
