Res1 Res2 NSingle NDouble Method
104 2 9 8 5
2 98 9 8 5
2 99 9 8 5
25 7 11 8 5
37 7 10 7 5
30 8 2 0 5
118 8 2 0 5
123 8 2 0 5
127 8 2 0 5
8 82 2 0 5
8 88 2 0 5
11 17 9 14 5
11 23 9 14 5
11 45 11 12 5
100 13 8 11 5
13 76 5 16 5
15 20 16 5 5
118 16 6 0 5
123 16 6 0 5
127 16 6 0 5
16 18 15 5 5
16 24 6 3 5
16 30 6 0 5
16 82 6 0 5
16 88 6 0 5
16 95 7 2 5
11 17 9 14 5
17 23 8 11 5
15 20 16 5 5
11 21 14 15 5
11 23 9 14 5
17 23 8 11 5
16 24 6 3 5
22 24 12 6 5
24 32 17 6 5
25 5 14 8 5
25 7 11 8 5
26 75 13 10 5
129 28 18 9 5
34 35 8 5 5
34 36 9 5 5
34 56 7 5 5
101 35 4 5 5
110 35 7 5 5
116 35 5 4 5
117 35 5 5 5
119 35 7 5 5
124 35 7 1 5
128 35 4 5 5
35 36 3 6 5
35 60 5 2 5
35 73 6 5 5
35 83 3 5 5
35 98 6 5 5
35 99 6 5 5
34 36 9 5 5
35 36 3 6 5
116 36 6 4 5
119 36 8 5 5
36 83 6 4 5
37 7 10 7 5
37 45 10 7 5
37 65 9 7 5
103 38 10 7 5
104 38 9 8 5
117 38 8 8 5
121 38 10 7 5
128 38 9 7 5
38 98 9 8 5
38 99 9 8 5
110 40 9 7 5
106 41 10 2 5
109 41 7 4 5
114 41 10 2 5
120 41 8 4 5
37 44 11 5 5
44 66 8 3 5
44 89 9 5 5
44 95 9 3 5
101 45 8 6 5
119 45 5 9 5
45 83 9 5 5
34 49 8 11 5
120 50 24 8 5
52 55 6 16 5
53 69 12 6 5
52 55 6 16 5
34 56 7 5 5
44 56 8 4 5
112 56 8 4 5
56 60 6 1 5
56 66 6 2 5
56 70 6 3 5
56 95 3 4 5
37 57 8 9 5
117 57 11 6 5
119 57 9 8 5
121 57 11 6 5
101 59 10 6 5
128 59 10 6 5
59 80 7 11 5
59 99 8 8 5
60 8 4 0 5
30 60 2 0 5
35 60 5 2 5
36 60 6 2 5
56 60 6 1 5
118 60 2 0 5
123 60 2 0 5
124 60 4 0 5
127 60 2 0 5
60 82 2 0 5
60 88 2 0 5
60 94 5 2 5
30 61 4 0 5
118 61 4 0 5
123 61 4 0 5
127 61 4 0 5
61 66 6 1 5
61 82 4 0 5
61 88 4 0 5
61 94 5 3 5
106 62 19 6 5
114 62 21 5 5
65 89 7 7 5
66 8 6 0 5
30 66 4 0 5
44 66 8 3 5
56 66 6 2 5
60 66 6 0 5
61 66 6 1 5
100 66 9 3 5
112 66 8 3 5
118 66 4 0 5
123 66 4 0 5
124 66 6 0 5
127 66 4 0 5
66 70 6 2 5
66 82 4 0 5
66 88 4 0 5
66 95 5 2 5
68 74 2 10 5
108 69 5 13 5
69 74 6 10 5
69 76 5 14 5
56 70 6 3 5
66 70 6 2 5
116 70 6 3 5
124 70 4 2 5
128 70 7 3 5
70 95 3 4 5
35 73 6 5 5
101 73 4 6 5
103 73 7 5 5
116 73 7 4 5
117 73 7 5 5
119 73 7 6 5
121 73 7 5 5
128 73 6 5 5
73 83 3 6 5
73 87 3 7 5
73 98 6 6 5
73 99 6 6 5
68 74 2 10 5
112 74 9 6 5
27 75 12 15 5
44 75 10 9 5
76 77 5 15 5
106 78 12 5 5
114 78 14 4 5
73 80 7 8 5
104 80 7 8 5
35 83 3 5 5
73 83 3 6 5
101 83 3 5 5
116 83 4 4 5
117 83 4 5 5
124 83 6 1 5
128 83 3 5 5
83 87 4 5 5
83 95 7 2 5
83 98 5 5 5
83 99 5 5 5
80 84 11 11 5
85 86 20 6 5
129 86 20 7 5
73 87 3 7 5
83 87 4 5 5
101 87 5 5 5
103 87 6 5 5
104 87 7 5 5
117 87 6 5 5
121 87 6 5 5
124 87 8 1 5
87 98 5 6 5
87 99 7 5 5
44 89 9 5 5
65 89 7 7 5
103 90 8 7 5
104 90 9 7 5
117 90 8 7 5
90 98 9 7 5
90 99 9 7 5
80 91 7 12 5
35 94 10 2 5
60 94 5 2 5
61 94 5 3 5
30 95 5 0 5
56 95 3 4 5
66 95 5 2 5
70 95 3 4 5
73 95 8 3 5
82 95 5 0 5
87 95 7 3 5
88 95 5 0 5
112 95 7 4 5
118 95 5 0 5
123 95 5 0 5
124 95 5 1 5
127 95 5 0 5
8 97 10 2 5
40 97 15 5 5
110 97 12 5 5
35 98 6 5 5
83 98 5 5 5
87 98 5 6 5
101 98 2 7 5
103 98 1 8 5
104 98 2 8 5
116 98 5 5 5
117 98 3 7 5
121 98 1 8 5
124 98 7 2 5
128 98 4 6 5
98 99 2 8 5
35 99 6 5 5
73 99 6 6 5
83 99 5 5 5
98 99 2 8 5
101 99 2 7 5
103 99 3 7 5
104 99 2 8 5
116 99 3 6 5
117 99 3 7 5
121 99 3 7 5
124 99 7 2 5
128 99 2 7 5
100 13 8 11 5
101 35 4 5 5
101 73 4 6 5
101 83 3 5 5
101 87 5 5 5
101 98 2 7 5
101 99 2 7 5
101 103 3 6 5
101 104 4 6 5
101 116 3 5 5
101 117 5 5 5
101 119 5 6 5
101 121 3 6 5
101 124 5 2 5
101 128 2 6 5
103 73 7 5 5
103 83 6 4 5
103 87 6 5 5
103 98 1 8 5
103 99 3 7 5
101 103 3 6 5
103 104 3 7 5
103 116 6 4 5
103 117 4 6 5
103 119 6 6 5
103 121 2 7 5
103 124 6 2 5
103 128 5 5 5
104 87 7 5 5
104 98 2 8 5
104 99 2 8 5
101 104 4 6 5
104 116 3 6 5
104 119 7 6 5
104 124 7 2 5
104 128 4 6 5
106 41 10 2 5
106 61 9 2 5
106 78 12 5 5
106 109 11 4 5
106 114 4 7 5
106 120 10 5 5
108 117 8 8 5
108 128 9 7 5
109 8 10 1 5
109 41 7 4 5
109 83 10 3 5
106 109 11 4 5
109 114 11 4 5
109 116 10 3 5
109 120 11 5 5
109 124 10 1 5
110 8 8 2 5
110 35 7 5 5
110 36 10 4 5
110 83 6 5 5
110 87 10 4 5
101 110 7 5 5
103 110 10 4 5
110 116 8 4 5
110 117 8 5 5
110 121 10 4 5
110 124 10 1 5
110 128 7 5 5
112 56 8 4 5
112 66 8 3 5
112 68 9 6 5
112 74 9 6 5
112 95 7 4 5
113 80 6 12 5
104 113 9 8 5
114 41 10 2 5
114 78 14 4 5
106 114 4 7 5
109 114 11 4 5
114 120 8 6 5
116 35 5 4 5
116 36 6 4 5
116 70 6 3 5
116 83 4 4 5
116 98 5 5 5
116 99 3 6 5
101 116 3 5 5
103 116 6 4 5
104 116 3 6 5
116 117 4 5 5
116 121 6 4 5
116 124 4 2 5
116 128 1 6 5
117 35 5 5 5
117 83 4 5 5
117 87 6 5 5
101 117 5 5 5
103 117 4 6 5
116 117 4 5 5
117 119 6 6 5
117 121 4 6 5
117 124 8 1 5
117 128 3 6 5
119 35 7 5 5
119 73 7 6 5
119 83 6 5 5
101 119 5 6 5
103 119 6 6 5
104 119 7 6 5
116 119 8 4 5
117 119 6 6 5
119 121 6 6 5
119 128 7 5 5
120 41 8 4 5
106 120 10 5 5
109 120 11 5 5
114 120 8 6 5
121 73 7 5 5
121 83 6 4 5
121 87 6 5 5
121 98 1 8 5
121 99 3 7 5
101 121 3 6 5
103 121 2 7 5
104 121 3 7 5
116 121 6 4 5
117 121 4 6 5
119 121 6 6 5
121 124 8 1 5
121 128 5 5 5
124 30 2 0 5
124 70 4 2 5
124 82 2 0 5
124 83 6 1 5
124 88 2 0 5
124 95 5 1 5
101 124 5 2 5
103 124 6 2 5
116 124 4 2 5
118 124 2 0 5
123 124 2 0 5
124 127 2 0 5
124 128 5 2 5
128 30 7 0 5
128 35 4 5 5
128 36 7 4 5
128 70 7 3 5
128 82 7 0 5
128 83 3 5 5
128 87 7 4 5
128 88 7 0 5
128 98 4 6 5
128 99 2 7 5
101 128 2 6 5
103 128 5 5 5
104 128 4 6 5
116 128 1 6 5
117 128 3 6 5
118 128 7 0 5
121 128 5 5 5
123 128 7 0 5
124 128 5 2 5
127 128 7 0 5
129 61 14 4 5
