101	103
101	116
101	117
101	121
101	124
101	128
101	35
101	73
101	83
101	98
103	117
103	119
103	121
103	124
103	128
103	98
103	99
104	116
104	98
106	114
106	41
109	41
11	17
112	66
114	120
114	41
116	117
116	124
116	128
116	35
116	70
116	83
116	98
116	99
117	119
117	121
117	128
117	83
117	87
119	121
119	73
120	41
121	73
121	87
121	98
124	128
124	70
124	83
124	95
128	35
128	70
128	83
128	98
128	99
15	20
16	24
34	36
35	36
35	60
35	83
35	98
37	7
44	66
44	89
52	55
56	60
56	66
56	70
56	95
60	94
61	66
61	94
65	89
66	70
66	95
68	74
70	95
73	83
73	87
83	87
83	98
