Res1 Res2 NSingle NDouble Method
129 2 0 9 1
19 81 0 7 1
3 34 4 5 1
26 34 5 4 1
29 34 5 4 1
109 34 5 4 1
34 45 0 9 1
34 51 5 4 1
34 61 4 5 1
34 63 5 4 1
34 98 0 9 1
3 45 4 5 1
26 45 5 4 1
29 45 5 4 1
34 45 0 9 1
109 45 5 4 1
45 51 5 4 1
45 61 4 5 1
45 63 5 4 1
45 98 0 9 1
3 55 5 5 1
16 55 3 7 1
26 55 6 4 1
29 55 6 4 1
38 55 2 8 1
51 55 6 4 1
109 55 6 4 1
123 55 3 7 1
55 61 5 5 1
55 63 6 4 1
55 75 3 7 1
76 86 1 7 1
19 81 0 7 1
3 98 4 5 1
26 98 5 4 1
29 98 5 4 1
34 98 0 9 1
45 98 0 9 1
51 98 5 4 1
61 98 4 5 1
63 98 5 4 1
109 98 5 4 1
100 3 5 5 1
100 26 6 4 1
100 29 6 4 1
100 34 1 9 1
100 45 1 9 1
100 51 6 4 1
100 61 5 5 1
100 63 6 4 1
100 98 1 9 1
100 109 6 4 1
117 3 4 5 1
117 26 5 4 1
117 29 5 4 1
117 51 5 4 1
117 61 4 5 1
117 63 5 4 1
117 74 3 6 1
11 117 1 8 1
109 117 5 4 1
117 125 1 8 1
128 3 5 5 1
128 26 6 4 1
128 29 6 4 1
128 34 1 9 1
128 45 1 9 1
128 51 6 4 1
128 61 5 5 1
128 63 6 4 1
128 74 4 6 1
128 86 3 7 1
128 90 2 8 1
128 98 1 9 1
11 128 2 8 1
106 128 2 8 1
109 128 6 4 1
114 128 3 7 1
117 128 1 9 1
125 128 2 8 1
129 2 0 9 1
