Res1 Res2 NSingle NDouble Method
1 131 0 13 3
132 2 0 21 3
133 3 0 10 3
134 4 0 37 3
135 5 0 27 3
136 6 0 22 3
137 7 0 22 3
138 8 0 6 3
139 9 0 18 3
10 140 0 10 3
11 141 0 24 3
12 142 0 25 3
13 143 0 15 3
14 144 0 28 3
145 15 0 8 3
146 16 0 14 3
147 17 0 28 3
148 18 0 19 3
149 19 0 11 3
150 20 0 13 3
151 21 0 34 3
152 22 0 11 3
153 23 0 27 3
154 24 0 27 3
155 25 0 13 3
156 26 0 9 3
157 27 0 14 3
158 28 0 19 3
159 29 0 10 3
160 30 0 6 3
161 31 0 28 3
162 32 0 24 3
163 33 0 9 3
164 34 0 17 3
165 35 0 41 3
166 36 0 15 3
167 37 0 4 3
168 38 0 43 3
169 39 0 14 3
170 40 0 19 3
172 42 0 34 3
173 43 0 14 3
174 44 0 11 3
175 45 0 30 3
176 46 0 19 3
177 47 0 14 3
178 48 0 15 3
179 49 0 13 3
180 50 0 38 3
181 51 0 21 3
182 52 0 16 3
183 53 0 3 3
184 54 0 14 3
185 55 0 4 3
186 56 0 8 3
187 57 0 26 3
188 58 0 26 3
189 59 0 23 3
190 60 0 20 3
192 62 0 21 3
193 63 0 6 3
194 64 0 15 3
195 65 0 28 3
