Res1 Res2 NSingle NDouble Method
11 18 20 17 2
11 41 14 17 2
11 62 16 12 2
14 17 5 7 2
16 70 13 12 2
11 18 20 17 2
20 29 29 25 2
20 33 31 18 2
21 53 16 9 2
22 26 53 30 2
22 83 50 35 2
33 55 18 21 2
116 34 18 12 2
34 98 17 12 2
39 8 5 6 2
11 41 14 17 2
45 56 6 12 2
33 55 18 21 2
45 56 6 12 2
57 62 11 12 2
106 59 5 10 2
125 59 6 10 2
67 95 5 16 2
3 69 15 13 2
51 69 17 17 2
16 70 13 12 2
71 82 12 21 2
72 73 16 14 2
71 82 12 21 2
26 83 21 28 2
19 89 17 14 2
90 91 2 7 2
90 91 2 7 2
88 94 18 19 2
67 95 5 16 2
6 96 4 9 2
116 98 1 12 2
100 123 4 11 2
101 108 3 9 2
101 126 6 6 2
102 127 2 10 2
106 59 5 10 2
106 109 5 11 2
106 125 1 12 2
107 110 2 10 2
101 108 3 9 2
106 109 5 11 2
109 120 7 11 2
109 125 6 11 2
107 110 2 10 2
113 115 4 12 2
113 115 4 12 2
116 98 1 12 2
117 126 2 7 2
100 123 4 11 2
125 59 6 10 2
106 125 1 12 2
109 125 6 11 2
117 126 2 7 2
102 127 2 10 2
