Res1 Res2 NSingle NDouble Method
5 85 9 15 3
122 8 3 11 3
11 41 12 15 3
11 57 13 14 3
11 62 13 13 3
12 48 53 38 3
14 17 6 11 3
102 15 24 10 3
108 15 24 10 3
127 15 24 10 3
18 27 20 15 3
21 53 17 12 3
13 23 40 15 3
111 23 38 10 3
29 40 26 27 3
33 55 9 26 3
104 34 24 21 3
11 41 12 15 3
30 44 17 18 3
45 56 11 17 3
53 8 10 9 3
122 53 11 8 3
33 55 9 26 3
45 56 11 17 3
57 62 12 13 3
27 60 20 14 3
121 60 20 10 3
67 95 0 20 3
62 70 13 13 3
114 71 24 12 3
73 78 21 19 3
80 88 18 24 3
104 83 32 18 3
83 97 35 22 3
90 91 0 9 3
90 91 0 9 3
67 95 0 20 3
104 97 19 20 3
100 123 2 12 3
102 127 0 10 3
107 110 0 14 3
106 109 2 14 3
107 110 0 14 3
111 122 7 8 3
112 118 4 14 3
113 115 0 16 3
113 115 0 16 3
117 126 0 7 3
112 118 4 14 3
122 8 3 11 3
100 123 2 12 3
117 126 0 7 3
102 127 0 10 3
