Res1 Res2 NSingle NDouble Method
14 17 5 10 3
14 17 5 10 3
18 27 12 17 3
13 23 23 16 3
25 65 11 14 3
26 83 14 27 3
33 55 7 26 3
104 34 14 17 3
104 37 13 15 3
11 41 10 14 3
121 42 13 10 3
42 79 15 13 3
30 44 13 18 3
45 56 5 17 3
45 56 5 17 3
57 62 10 12 3
27 60 10 17 3
67 68 7 15 3
67 95 0 17 3
71 82 10 20 3
76 81 11 22 3
71 82 10 20 3
26 83 14 27 3
90 91 0 8 3
90 91 0 8 3
88 94 12 21 3
67 95 0 17 3
68 95 7 15 3
104 97 15 16 3
116 98 6 9 3
100 123 1 11 3
101 108 2 8 3
102 127 0 9 3
105 9 8 13 3
10 105 8 14 3
106 59 4 10 3
106 109 2 12 3
106 125 3 11 3
107 110 0 11 3
101 108 2 8 3
106 109 2 12 3
109 125 5 11 3
107 110 0 11 3
112 118 1 14 3
113 115 0 13 3
113 115 0 13 3
117 126 0 6 3
112 118 1 14 3
122 8 3 9 3
100 123 1 11 3
106 125 3 11 3
109 125 5 11 3
117 126 0 6 3
102 127 0 9 3
128 4 4 12 3
