Res1 Res2 NSingle NDouble Method
12 5 27 0 6
15 5 12 7 6
12 15 25 0 6
20 5 26 0 6
15 20 24 0 6
24 8 43 10 6
29 5 17 0 6
12 29 16 0 6
15 29 15 0 6
20 29 15 0 6
24 36 58 12 6
38 5 31 0 6
10 38 36 9 6
12 38 30 0 6
16 38 33 5 6
20 38 29 0 6
29 38 20 0 6
12 39 33 10 6
20 39 34 9 6
41 5 24 0 6
12 41 23 0 6
15 41 22 0 6
20 41 22 0 6
29 41 13 0 6
38 41 27 0 6
29 42 25 0 6
30 42 43 3 6
39 42 38 12 6
43 5 29 7 6
47 5 31 0 6
12 47 30 0 6
15 47 29 0 6
20 47 29 0 6
29 47 20 0 6
41 47 27 0 6
2 50 47 2 6
5 50 16 0 6
12 50 15 0 6
15 50 14 0 6
16 50 24 2 6
20 50 14 0 6
29 50 5 0 6
38 50 19 0 6
41 50 12 0 6
42 50 24 0 6
47 50 19 0 6
29 51 45 3 6
14 52 56 20 6
16 55 35 10 6
50 55 27 2 6
12 56 41 11 6
5 57 18 0 6
12 57 17 0 6
15 57 16 0 6
20 57 16 0 6
29 57 7 0 6
38 57 21 0 6
41 57 14 0 6
42 57 26 0 6
47 57 21 0 6
50 57 6 0 6
52 57 34 3 6
5 58 22 0 6
12 58 21 0 6
15 58 20 0 6
16 58 20 7 6
20 58 20 0 6
29 58 11 0 6
34 58 24 5 6
38 58 25 0 6
41 58 18 0 6
47 58 25 0 6
50 58 8 1 6
52 58 36 4 6
55 58 23 7 6
57 58 12 0 6
16 59 23 16 6
26 59 32 23 6
34 59 23 16 6
50 59 27 2 6
55 59 28 15 6
58 59 25 6 6
54 60 51 29 6
38 61 39 5 6
38 64 43 7 6
53 64 48 9 6
15 69 52 5 6
38 69 53 7 6
42 70 64 9 6
71 8 48 3 6
5 71 32 0 6
12 71 31 0 6
15 71 30 0 6
20 71 30 0 6
24 71 39 3 6
29 71 21 0 6
41 71 28 0 6
50 71 20 0 6
57 71 22 0 6
58 71 26 0 6
29 72 37 2 6
10 73 47 5 6
16 73 40 3 6
29 73 23 0 6
50 73 22 0 6
57 73 24 0 6
58 73 28 0 6
12 76 42 11 6
20 76 41 11 6
12 78 26 11 6
20 78 29 9 6
39 78 39 18 6
42 78 33 12 6
76 78 40 23 6
57 81 29 3 6
12 82 30 0 6
15 82 29 0 6
20 82 29 0 6
29 82 20 0 6
47 82 30 2 6
50 82 19 0 6
51 82 57 4 6
52 82 47 3 6
57 82 21 0 6
58 82 25 0 6
71 82 33 1 6
73 82 33 2 6
41 83 83 7 6
24 84 73 18 6
58 85 47 7 6
26 86 61 26 6
5 88 18 0 6
12 88 17 0 6
15 88 16 0 6
20 88 16 0 6
29 88 7 0 6
38 88 21 0 6
41 88 14 0 6
42 88 26 0 6
47 88 21 0 6
50 88 6 0 6
53 88 28 1 6
57 88 8 0 6
58 88 12 0 6
61 88 34 1 6
71 88 18 2 6
73 88 24 0 6
81 88 33 1 6
82 88 21 0 6
30 89 45 4 6
47 89 25 9 6
53 89 42 5 6
5 90 5 13 6
12 90 30 0 6
15 90 17 6 6
20 90 29 0 6
29 90 20 0 6
41 90 27 0 6
47 90 34 0 6
50 90 19 0 6
57 90 21 0 6
58 90 25 0 6
88 90 21 0 6
12 92 31 0 6
15 92 22 4 6
20 92 30 0 6
24 92 29 8 6
29 92 21 0 6
41 92 28 0 6
50 92 20 0 6
57 92 22 0 6
58 92 26 0 6
71 92 32 2 6
73 92 26 6 6
78 92 39 7 6
88 92 22 0 6
90 92 19 8 6
5 93 28 0 6
12 93 27 0 6
15 93 20 3 6
20 93 26 0 6
29 93 17 0 6
41 93 24 0 6
47 93 21 5 6
50 93 16 0 6
57 93 18 0 6
58 93 22 0 6
82 93 29 1 6
88 93 18 0 6
5 94 30 0 6
12 94 29 0 6
15 94 28 0 6
20 94 28 0 6
29 94 19 0 6
50 94 18 0 6
57 94 20 0 6
58 94 24 0 6
71 94 30 2 6
82 94 29 2 6
88 94 20 0 6
93 94 30 0 6
29 96 24 0 6
50 96 23 0 6
57 96 25 0 6
61 96 47 3 6
88 96 23 1 6
93 96 33 1 6
94 96 35 1 6
101 15 49 5 6
102 94 48 8 6
103 33 43 13 6
103 57 34 1 6
104 93 28 7 6
102 104 54 11 6
106 6 43 13 6
106 33 46 9 6
103 106 45 7 6
110 15 47 5 6
110 92 33 15 6
114 5 36 11 6
114 57 44 2 6
114 90 33 14 6
115 5 18 0 6
115 12 17 0 6
115 15 16 0 6
115 20 16 0 6
115 29 7 0 6
115 38 21 0 6
115 41 14 0 6
115 42 26 0 6
115 47 21 0 6
115 50 6 0 6
115 57 8 0 6
115 58 12 0 6
115 71 22 0 6
115 73 24 0 6
115 81 29 3 6
115 82 21 0 6
115 88 8 0 6
115 90 21 0 6
115 92 22 0 6
115 93 18 0 6
115 94 20 0 6
115 96 25 0 6
104 115 24 4 6
118 5 27 0 6
118 12 26 0 6
118 15 25 0 6
118 20 25 0 6
118 29 16 0 6
118 38 30 0 6
118 41 23 0 6
118 47 30 0 6
118 50 15 0 6
118 57 17 0 6
118 58 21 0 6
118 73 25 4 6
118 82 20 5 6
118 88 17 0 6
118 90 30 0 6
118 93 27 0 6
118 94 29 0 6
106 118 34 3 6
115 118 17 0 6
121 5 29 0 6
121 15 27 0 6
121 20 27 0 6
121 29 18 0 6
121 41 25 0 6
121 47 32 0 6
121 50 17 0 6
121 57 19 0 6
121 58 23 0 6
121 64 31 12 6
121 69 41 12 6
121 71 33 0 6
121 88 19 0 6
121 90 32 0 6
121 92 33 0 6
121 93 29 0 6
121 94 31 0 6
121 96 26 5 6
12 121 28 0 6
115 121 19 0 6
118 121 28 0 6
107 122 81 24 6
123 53 41 6 6
123 64 57 5 6
123 71 39 3 6
123 96 40 4 6
105 123 36 11 6
124 5 22 3 6
124 15 22 2 6
124 20 26 0 6
124 29 15 1 6
124 30 31 5 6
124 37 48 4 6
124 41 24 0 6
124 50 16 0 6
124 57 18 0 6
124 58 22 0 6
124 88 18 0 6
124 90 23 4 6
124 92 24 4 6
124 93 28 0 6
12 124 27 0 6
115 124 18 0 6
118 124 27 0 6
126 5 28 0 6
126 15 26 0 6
126 20 26 0 6
126 29 17 0 6
126 41 24 0 6
126 50 16 0 6
126 52 44 3 6
126 57 18 0 6
126 58 22 0 6
126 73 30 2 6
126 82 29 1 6
126 88 18 0 6
126 93 26 1 6
10 126 39 6 6
12 126 27 0 6
102 126 46 8 6
104 126 32 5 6
115 126 18 0 6
118 126 27 0 6
121 126 29 0 6
124 126 28 0 6
127 5 21 0 6
127 15 19 0 6
127 20 19 0 6
127 29 10 0 6
127 30 24 5 6
127 38 24 0 6
127 41 15 1 6
127 47 24 0 6
127 50 9 0 6
127 51 51 2 6
127 57 11 0 6
127 58 15 0 6
127 61 37 1 6
127 71 25 0 6
127 81 36 1 6
127 82 20 2 6
127 88 11 0 6
127 89 27 3 6
127 90 24 0 6
127 92 25 0 6
127 93 21 0 6
127 94 21 1 6
12 127 20 0 6
115 127 11 0 6
118 127 20 0 6
121 127 22 0 6
124 127 21 0 6
126 127 21 0 6
