Res1 Res2 NSingle NDouble Method
1 53 75 7 6
1 104 69 11 6
1 106 76 7 6
1 115 59 4 6
2 33 64 11 6
2 41 43 8 6
2 50 47 2 6
2 55 52 13 6
2 58 47 5 6
2 88 49 2 6
121 3 62 13 6
39 4 69 26 6
12 5 27 0 6
15 5 12 7 6
20 5 26 0 6
29 5 17 0 6
38 5 31 0 6
41 5 24 0 6
43 5 29 7 6
46 5 14 0 6
47 5 31 0 6
114 5 36 11 6
115 5 18 0 6
118 5 27 0 6
121 5 29 0 6
124 5 22 3 6
126 5 28 0 6
127 5 21 0 6
5 50 16 0 6
5 57 18 0 6
5 58 22 0 6
5 71 32 0 6
5 73 34 0 6
5 82 31 0 6
5 88 18 0 6
5 90 5 13 6
5 93 28 0 6
5 94 30 0 6
29 6 45 0 6
42 6 58 3 6
46 6 42 0 6
47 6 55 2 6
50 6 44 0 6
57 6 46 0 6
106 6 43 13 6
115 6 46 0 6
118 6 49 3 6
126 6 54 1 6
6 71 48 6 6
6 88 46 0 6
6 93 46 5 6
6 94 56 1 6
6 96 53 5 6
24 8 43 10 6
34 8 54 4 6
46 8 36 0 6
50 8 38 0 6
71 8 48 3 6
127 8 41 1 6
8 92 48 3 6
10 16 49 7 6
10 29 40 0 6
10 38 36 9 6
10 41 47 0 6
10 46 37 0 6
10 50 39 0 6
10 57 41 0 6
10 58 45 0 6
10 73 47 5 6
10 88 41 0 6
10 115 41 0 6
10 126 39 6 6
10 127 44 0 6
11 75 99 32 6
12 5 27 0 6
115 12 17 0 6
118 12 26 0 6
12 15 25 0 6
12 29 16 0 6
12 38 30 0 6
12 39 33 10 6
12 41 23 0 6
12 46 13 0 6
12 47 30 0 6
12 50 15 0 6
12 56 41 11 6
12 57 17 0 6
12 58 21 0 6
12 71 31 0 6
12 76 42 11 6
12 78 26 11 6
12 82 30 0 6
12 88 17 0 6
12 90 30 0 6
12 92 31 0 6
12 93 27 0 6
12 94 29 0 6
12 121 28 0 6
12 124 27 0 6
12 126 27 0 6
12 127 20 0 6
14 16 60 13 6
14 34 54 16 6
14 52 56 20 6
14 57 58 3 6
14 58 56 6 6
15 5 12 7 6
12 15 25 0 6
101 15 49 5 6
110 15 47 5 6
115 15 16 0 6
118 15 25 0 6
121 15 27 0 6
124 15 22 2 6
126 15 26 0 6
127 15 19 0 6
15 20 24 0 6
15 29 15 0 6
15 41 22 0 6
15 46 12 0 6
15 47 29 0 6
15 50 14 0 6
15 57 16 0 6
15 58 20 0 6
15 69 52 5 6
15 71 30 0 6
15 82 29 0 6
15 88 16 0 6
15 90 17 6 6
15 92 22 4 6
15 93 20 3 6
15 94 28 0 6
103 16 50 4 6
115 16 30 0 6
127 16 33 0 6
16 20 34 2 6
16 29 29 0 6
16 38 33 5 6
16 41 36 0 6
16 46 26 0 6
16 50 24 2 6
16 55 35 10 6
16 57 30 0 6
16 58 20 7 6
16 59 23 16 6
16 73 40 3 6
16 86 62 14 6
16 88 30 0 6
121 17 75 8 6
17 42 84 7 6
115 18 46 0 6
18 29 45 0 6
18 46 42 0 6
18 47 43 8 6
18 50 44 0 6
18 57 46 0 6
18 71 40 10 6
18 82 49 5 6
18 88 46 0 6
18 93 46 5 6
18 94 56 1 6
18 96 49 7 6
18 99 88 19 6
20 5 26 0 6
12 20 13 6 6
15 20 24 0 6
115 20 16 0 6
118 20 25 0 6
121 20 27 0 6
124 20 26 0 6
126 20 26 0 6
127 20 19 0 6
20 29 15 0 6
20 38 29 0 6
20 39 34 9 6
20 41 22 0 6
20 46 12 0 6
20 47 29 0 6
20 50 14 0 6
20 57 16 0 6
20 58 20 0 6
20 71 30 0 6
20 76 41 11 6
20 78 29 9 6
20 82 29 0 6
20 88 16 0 6
20 90 29 0 6
20 92 30 0 6
20 93 26 0 6
20 94 28 0 6
12 21 76 11 6
20 21 75 11 6
21 42 71 18 6
21 78 76 22 6
22 92 102 15 6
102 23 72 26 6
104 23 72 16 6
115 23 72 4 6
118 23 77 6 6
24 8 43 10 6
15 24 39 0 6
20 24 39 0 6
103 24 55 2 6
115 24 31 0 6
127 24 34 0 6
24 29 30 0 6
24 36 58 12 6
24 41 37 0 6
24 46 27 0 6
24 50 29 0 6
24 57 31 0 6
24 58 35 0 6
24 71 39 3 6
24 84 73 18 6
24 88 31 0 6
24 92 29 8 6
20 25 66 4 6
124 25 62 7 6
25 47 57 11 6
25 67 67 29 6
25 71 70 5 6
25 93 66 5 6
25 96 71 6 6
12 26 54 4 6
14 26 57 26 6
20 26 47 7 6
26 34 43 16 6
26 50 49 1 6
26 55 54 12 6
26 58 49 4 6
26 59 32 23 6
26 86 61 26 6
12 28 69 11 6
20 28 70 10 6
28 55 53 27 6
28 58 72 7 6
29 5 17 0 6
12 29 16 0 6
15 29 15 0 6
20 29 15 0 6
115 29 7 0 6
118 29 16 0 6
121 29 18 0 6
124 29 15 1 6
126 29 17 0 6
127 29 10 0 6
29 38 20 0 6
29 41 13 0 6
29 42 25 0 6
29 46 3 0 6
29 47 20 0 6
29 50 5 0 6
29 51 45 3 6
29 57 7 0 6
29 58 11 0 6
29 71 21 0 6
29 72 37 2 6
29 73 23 0 6
29 82 20 0 6
29 88 7 0 6
29 90 20 0 6
29 92 21 0 6
29 93 17 0 6
29 94 19 0 6
29 96 24 0 6
1 30 78 6 6
12 30 36 2 6
20 30 33 3 6
29 30 30 0 6
115 30 31 0 6
121 30 36 3 6
124 30 31 5 6
127 30 24 5 6
130 30 73 6 6
30 42 43 3 6
30 46 27 0 6
30 50 29 0 6
30 51 59 8 6
30 57 31 0 6
30 88 31 0 6
30 89 45 4 6
104 31 73 16 6
118 31 74 8 6
31 61 85 12 6
121 32 101 12 6
29 33 40 0 6
103 33 43 13 6
106 33 46 9 6
121 33 46 3 6
33 41 43 2 6
33 46 37 0 6
33 50 39 0 6
34 5 38 1 6
15 34 36 1 6
16 34 28 12 6
20 34 32 3 6
29 34 29 0 6
115 34 30 0 6
127 34 33 0 6
34 46 26 0 6
34 50 28 0 6
34 55 37 9 6
34 57 30 0 6
34 58 24 5 6
34 59 23 16 6
34 88 30 0 6
36 5 49 10 6
15 36 55 6 6
24 36 58 12 6
114 36 57 21 6
36 46 55 0 6
36 89 65 8 6
36 90 48 12 6
36 92 41 16 6
12 37 45 5 6
20 37 48 3 6
29 37 41 2 6
124 37 48 4 6
126 37 52 2 6
37 47 51 4 6
37 59 55 8 6
37 78 59 9 6
38 5 31 0 6
10 38 36 9 6
12 38 30 0 6
15 38 27 1 6
16 38 33 5 6
20 38 29 0 6
29 38 20 0 6
115 38 21 0 6
118 38 30 0 6
121 38 26 3 6
124 38 31 0 6
126 38 31 0 6
127 38 24 0 6
38 41 27 0 6
38 46 17 0 6
38 50 19 0 6
38 57 21 0 6
38 58 25 0 6
38 61 39 5 6
38 64 43 7 6
38 69 53 7 6
38 88 21 0 6
38 93 31 0 6
12 39 33 10 6
20 39 34 9 6
29 39 43 0 6
115 39 44 0 6
39 42 38 12 6
39 46 40 0 6
39 50 42 0 6
39 57 44 0 6
39 78 39 18 6
39 88 44 0 6
16 40 104 20 6
40 51 100 33 6
41 5 24 0 6
12 41 23 0 6
15 41 22 0 6
20 41 22 0 6
29 41 13 0 6
38 41 27 0 6
115 41 14 0 6
118 41 23 0 6
121 41 25 0 6
124 41 24 0 6
126 41 24 0 6
127 41 15 1 6
41 46 10 0 6
41 47 27 0 6
41 50 12 0 6
41 57 14 0 6
41 58 18 0 6
41 71 28 0 6
41 83 83 7 6
41 88 14 0 6
41 90 27 0 6
41 92 28 0 6
41 93 24 0 6
12 42 25 5 6
29 42 25 0 6
30 42 43 3 6
39 42 38 12 6
41 42 32 0 6
115 42 26 0 6
127 42 29 0 6
42 46 22 0 6
42 50 24 0 6
42 56 52 10 6
42 57 26 0 6
42 58 30 0 6
42 70 64 9 6
42 78 33 12 6
42 88 26 0 6
43 5 29 7 6
15 43 37 2 6
29 43 32 0 6
41 43 35 2 6
115 43 33 0 6
43 46 29 0 6
43 50 31 0 6
43 57 33 0 6
43 88 33 0 6
43 90 32 7 6
121 44 76 10 6
44 64 87 17 6
29 45 44 0 6
33 45 54 12 6
41 45 47 2 6
115 45 45 0 6
127 45 46 1 6
45 46 41 0 6
45 50 43 0 6
45 57 45 0 6
45 88 45 0 6
47 5 31 0 6
12 47 30 0 6
15 47 29 0 6
20 47 29 0 6
29 47 20 0 6
38 47 34 0 6
41 47 27 0 6
46 47 17 0 6
110 47 50 6 6
115 47 21 0 6
118 47 30 0 6
121 47 32 0 6
124 47 31 0 6
126 47 31 0 6
127 47 24 0 6
47 50 19 0 6
47 57 21 0 6
47 58 25 0 6
47 82 30 2 6
47 88 21 0 6
47 89 25 9 6
47 90 34 0 6
47 93 21 5 6
47 94 33 0 6
10 48 73 20 6
113 48 93 42 6
105 49 89 25 6
49 90 97 14 6
2 50 47 2 6
5 50 16 0 6
12 50 15 0 6
15 50 14 0 6
16 50 24 2 6
20 50 14 0 6
29 50 5 0 6
38 50 19 0 6
41 50 12 0 6
42 50 24 0 6
46 50 2 0 6
47 50 19 0 6
115 50 6 0 6
118 50 15 0 6
121 50 17 0 6
124 50 16 0 6
126 50 16 0 6
127 50 9 0 6
50 55 27 2 6
50 57 6 0 6
50 58 8 1 6
50 59 27 2 6
50 71 20 0 6
50 73 22 0 6
50 82 19 0 6
50 88 6 0 6
50 90 19 0 6
50 92 20 0 6
50 93 16 0 6
50 94 18 0 6
50 96 23 0 6
29 51 45 3 6
118 51 49 6 6
124 51 48 7 6
127 51 51 2 6
51 72 60 13 6
51 82 57 4 6
51 94 56 4 6
14 52 56 20 6
29 52 39 0 6
46 52 36 0 6
50 52 38 0 6
115 52 40 0 6
126 52 44 3 6
52 57 34 3 6
52 58 36 4 6
52 82 47 3 6
52 88 40 0 6
29 53 29 0 6
46 53 26 0 6
50 53 28 0 6
115 53 30 0 6
121 53 33 4 6
123 53 41 6 6
53 57 30 0 6
53 59 47 4 6
53 64 48 9 6
53 88 28 1 6
53 89 42 5 6
53 94 34 4 6
5 54 57 7 6
15 54 57 6 6
17 54 73 30 6
46 54 57 0 6
47 54 56 9 6
106 54 60 12 6
54 60 51 29 6
54 90 62 6 6
12 55 30 6 6
16 55 35 10 6
20 55 27 7 6
29 55 32 0 6
41 55 39 0 6
42 55 43 4 6
46 55 29 0 6
50 55 27 2 6
115 55 33 0 6
127 55 36 0 6
55 57 33 0 6
55 58 23 7 6
55 59 28 15 6
55 88 33 0 6
12 56 41 11 6
20 56 52 5 6
39 56 62 14 6
56 58 52 3 6
56 78 57 14 6
5 57 18 0 6
12 57 17 0 6
15 57 16 0 6
20 57 16 0 6
29 57 7 0 6
38 57 21 0 6
41 57 14 0 6
42 57 26 0 6
46 57 4 0 6
47 57 21 0 6
50 57 6 0 6
52 57 34 3 6
103 57 34 1 6
114 57 44 2 6
115 57 8 0 6
118 57 17 0 6
121 57 19 0 6
124 57 18 0 6
126 57 18 0 6
127 57 11 0 6
57 58 12 0 6
57 71 22 0 6
57 73 24 0 6
57 81 29 3 6
57 82 21 0 6
57 88 8 0 6
57 90 21 0 6
57 92 22 0 6
57 93 18 0 6
57 94 20 0 6
57 96 25 0 6
5 58 22 0 6
12 58 21 0 6
15 58 20 0 6
16 58 20 7 6
20 58 20 0 6
29 58 11 0 6
34 58 24 5 6
38 58 25 0 6
41 58 18 0 6
46 58 8 0 6
47 58 25 0 6
50 58 8 1 6
52 58 36 4 6
55 58 23 7 6
57 58 12 0 6
115 58 12 0 6
118 58 21 0 6
121 58 23 0 6
124 58 22 0 6
126 58 22 0 6
127 58 15 0 6
58 59 25 6 6
58 71 26 0 6
58 73 28 0 6
58 82 25 0 6
58 85 47 7 6
58 88 12 0 6
58 90 25 0 6
58 92 26 0 6
58 93 22 0 6
58 94 24 0 6
14 59 39 25 6
16 59 23 16 6
20 59 33 4 6
26 59 32 23 6
29 59 32 0 6
34 59 23 16 6
41 59 39 0 6
46 59 29 0 6
50 59 27 2 6
55 59 28 15 6
57 59 33 0 6
58 59 25 6 6
115 59 33 0 6
127 59 36 0 6
59 88 33 0 6
42 60 62 6 6
47 60 51 9 6
54 60 51 29 6
118 60 57 4 6
60 89 48 15 6
10 61 47 11 6
24 61 47 6 6
38 61 39 5 6
47 61 45 2 6
127 61 37 1 6
61 88 34 1 6
61 89 48 5 6
61 96 47 3 6
15 62 62 4 6
110 62 65 19 6
127 62 59 3 6
62 90 57 9 6
62 92 50 13 6
63 89 99 18 6
63 90 98 14 6
38 64 43 7 6
46 64 40 0 6
53 64 48 9 6
103 64 56 8 6
104 64 58 5 6
121 64 31 12 6
123 64 57 5 6
64 94 42 7 6
64 96 51 5 6
5 66 62 13 6
66 90 59 16 6
66 92 60 16 6
29 67 62 2 6
41 67 61 6 6
47 67 68 6 6
124 67 65 6 6
67 71 67 7 6
67 93 67 5 6
15 69 52 5 6
30 69 59 9 6
38 69 53 7 6
104 69 60 9 6
121 69 41 12 6
69 93 54 5 6
12 70 57 8 6
29 70 57 3 6
42 70 64 9 6
106 70 65 11 6
124 70 64 5 6
70 78 71 12 6
71 8 48 3 6
5 71 32 0 6
12 71 31 0 6
15 71 30 0 6
20 71 30 0 6
24 71 39 3 6
29 71 21 0 6
41 71 28 0 6
46 71 18 0 6
50 71 20 0 6
57 71 22 0 6
58 71 26 0 6
115 71 22 0 6
118 71 31 0 6
121 71 33 0 6
123 71 39 3 6
124 71 32 0 6
126 71 32 0 6
127 71 25 0 6
71 82 33 1 6
71 88 18 2 6
71 92 32 2 6
71 94 30 2 6
6 72 62 9 6
29 72 37 2 6
43 72 55 6 6
46 72 38 0 6
50 72 40 0 6
72 94 48 3 6
10 73 47 5 6
16 73 40 3 6
24 73 37 5 6
29 73 23 0 6
41 73 30 0 6
46 73 20 0 6
50 73 22 0 6
57 73 24 0 6
58 73 28 0 6
62 73 64 7 6
110 73 47 9 6
115 73 24 0 6
118 73 25 4 6
126 73 30 2 6
127 73 27 0 6
73 82 33 2 6
73 88 24 0 6
73 90 35 1 6
73 92 26 6 6
105 74 88 23 6
47 75 74 9 6
75 89 73 14 6
12 76 42 11 6
20 76 41 11 6
29 76 50 2 6
42 76 47 13 6
55 76 58 11 6
76 78 40 23 6
76 89 51 13 6
42 77 66 13 6
106 77 69 14 6
12 78 26 11 6
20 78 29 9 6
29 78 38 0 6
39 78 39 18 6
42 78 33 12 6
46 78 35 0 6
50 78 37 0 6
57 78 39 0 6
58 78 43 0 6
76 78 40 23 6
115 78 39 0 6
127 78 42 0 6
78 88 39 0 6
78 90 36 8 6
78 92 39 7 6
29 81 34 0 6
41 81 37 2 6
46 81 31 0 6
50 81 33 0 6
57 81 29 3 6
115 81 29 3 6
127 81 36 1 6
81 88 33 1 6
12 82 30 0 6
15 82 29 0 6
20 82 29 0 6
29 82 20 0 6
41 82 25 1 6
46 82 17 0 6
47 82 30 2 6
50 82 19 0 6
51 82 57 4 6
52 82 47 3 6
53 82 39 2 6
57 82 21 0 6
58 82 25 0 6
71 82 33 1 6
73 82 33 2 6
115 82 21 0 6
118 82 20 5 6
126 82 29 1 6
127 82 20 2 6
82 88 21 0 6
82 93 29 1 6
82 94 29 2 6
41 83 83 7 6
57 83 83 4 6
24 84 73 18 6
41 84 76 8 6
114 84 72 27 6
24 85 52 14 6
47 85 46 12 6
58 85 47 7 6
85 93 59 4 6
26 86 61 26 6
34 86 58 16 6
46 86 64 0 6
55 86 51 21 6
58 86 58 7 6
59 86 45 24 6
117 86 63 35 6
5 87 65 11 6
24 87 56 22 6
105 87 64 20 6
87 90 62 14 6
87 92 67 12 6
5 88 18 0 6
12 88 17 0 6
15 88 16 0 6
20 88 16 0 6
29 88 7 0 6
38 88 21 0 6
41 88 14 0 6
42 88 26 0 6
46 88 4 0 6
47 88 21 0 6
50 88 6 0 6
53 88 28 1 6
57 88 8 0 6
58 88 12 0 6
61 88 34 1 6
71 88 18 2 6
73 88 24 0 6
81 88 33 1 6
82 88 21 0 6
115 88 8 0 6
118 88 17 0 6
121 88 19 0 6
124 88 18 0 6
126 88 18 0 6
127 88 11 0 6
88 90 21 0 6
88 92 22 0 6
88 93 18 0 6
88 94 20 0 6
88 96 23 1 6
18 89 52 8 6
29 89 29 0 6
30 89 45 4 6
42 89 40 4 6
46 89 26 0 6
47 89 25 9 6
50 89 28 0 6
53 89 42 5 6
57 89 30 0 6
88 89 30 0 6
115 89 30 0 6
127 89 27 3 6
5 90 5 13 6
12 90 30 0 6
15 90 17 6 6
20 90 29 0 6
29 90 20 0 6
38 90 34 0 6
41 90 27 0 6
46 90 17 0 6
47 90 34 0 6
50 90 19 0 6
57 90 21 0 6
58 90 25 0 6
71 90 35 0 6
82 90 34 0 6
88 90 21 0 6
114 90 33 14 6
115 90 21 0 6
118 90 30 0 6
121 90 32 0 6
124 90 23 4 6
126 90 31 0 6
127 90 24 0 6
90 92 19 8 6
90 93 31 0 6
90 94 33 0 6
10 91 69 14 6
16 91 54 16 6
18 91 76 13 6
25 91 74 24 6
46 91 60 0 6
55 91 65 12 6
127 91 61 3 6
5 92 22 5 6
12 92 31 0 6
15 92 22 4 6
20 92 30 0 6
24 92 29 8 6
29 92 21 0 6
38 92 35 0 6
41 92 28 0 6
46 92 18 0 6
47 92 35 0 6
50 92 20 0 6
57 92 22 0 6
58 92 26 0 6
71 92 32 2 6
73 92 26 6 6
78 92 39 7 6
82 92 35 0 6
88 92 22 0 6
90 92 19 8 6
110 92 33 15 6
115 92 22 0 6
118 92 31 0 6
121 92 33 0 6
124 92 24 4 6
126 92 32 0 6
127 92 25 0 6
92 93 32 0 6
92 94 34 0 6
5 93 28 0 6
12 93 27 0 6
15 93 20 3 6
20 93 26 0 6
29 93 17 0 6
41 93 24 0 6
46 93 14 0 6
47 93 21 5 6
50 93 16 0 6
57 93 18 0 6
58 93 22 0 6
71 93 22 5 6
82 93 29 1 6
88 93 18 0 6
104 93 28 7 6
115 93 18 0 6
118 93 27 0 6
121 93 29 0 6
124 93 28 0 6
126 93 26 1 6
127 93 21 0 6
93 94 30 0 6
93 96 33 1 6
5 94 30 0 6
12 94 29 0 6
15 94 28 0 6
20 94 28 0 6
29 94 19 0 6
41 94 24 1 6
46 94 16 0 6
50 94 18 0 6
57 94 20 0 6
58 94 24 0 6
71 94 30 2 6
82 94 29 2 6
88 94 20 0 6
93 94 30 0 6
102 94 48 8 6
115 94 20 0 6
118 94 29 0 6
121 94 31 0 6
124 94 30 0 6
126 94 30 0 6
127 94 21 1 6
94 96 35 1 6
33 95 64 22 6
45 95 52 30 6
118 95 70 7 6
5 96 35 0 6
12 96 34 0 6
15 96 33 0 6
20 96 33 0 6
29 96 24 0 6
41 96 31 0 6
46 96 21 0 6
47 96 34 2 6
50 96 23 0 6
57 96 25 0 6
58 96 29 0 6
61 96 47 3 6
71 96 25 7 6
88 96 23 1 6
93 96 33 1 6
94 96 35 1 6
105 96 42 5 6
115 96 25 0 6
118 96 34 0 6
121 96 26 5 6
123 96 40 4 6
124 96 35 0 6
126 96 35 0 6
127 96 28 0 6
71 99 78 12 6
93 99 78 10 6
101 99 75 28 6
100 101 69 34 6
100 104 68 25 6
100 121 81 12 6
101 15 49 5 6
101 29 50 0 6
101 46 47 0 6
101 50 49 0 6
101 57 51 0 6
101 64 69 9 6
101 69 73 12 6
101 81 62 8 6
101 93 51 5 6
101 104 43 16 6
101 115 43 4 6
102 15 52 4 6
102 38 59 3 6
102 53 58 8 6
102 56 52 23 6
102 93 54 4 6
102 94 48 8 6
102 104 54 11 6
102 126 46 8 6
103 29 35 0 6
103 33 43 13 6
103 46 32 0 6
103 50 34 0 6
103 57 34 1 6
103 105 53 5 6
103 106 45 7 6
103 123 45 7 6
104 6 58 6 6
104 15 32 4 6
104 29 31 0 6
104 41 38 0 6
104 46 28 0 6
104 50 30 0 6
104 57 32 0 6
104 58 36 0 6
104 88 32 0 6
104 93 28 7 6
102 104 54 11 6
104 115 24 4 6
104 126 32 5 6
104 127 35 0 6
105 5 35 5 6
105 12 44 0 6
105 15 43 0 6
105 20 43 0 6
105 29 34 0 6
105 41 41 0 6
105 46 31 0 6
105 47 46 1 6
105 50 33 0 6
105 57 35 0 6
105 58 39 0 6
105 88 35 0 6
105 94 41 3 6
105 115 35 0 6
105 118 44 0 6
105 123 36 11 6
105 127 38 0 6
106 6 43 13 6
106 29 30 0 6
106 33 46 9 6
106 42 45 2 6
106 46 27 0 6
106 50 29 0 6
106 52 57 3 6
106 57 31 0 6
106 88 31 0 6
103 106 45 7 6
106 115 31 0 6
106 118 34 3 6
106 123 50 2 6
106 126 39 1 6
106 127 34 0 6
107 33 59 18 6
107 46 58 0 6
107 57 54 4 6
106 107 65 10 6
107 122 81 24 6
109 5 82 13 6
109 90 79 16 6
109 92 82 15 6
110 15 47 5 6
110 18 57 15 6
110 29 48 0 6
110 46 45 0 6
110 50 47 0 6
110 71 43 10 6
110 78 56 12 6
110 92 33 15 6
110 93 49 5 6
110 118 46 6 6
113 41 99 6 6
113 57 97 4 6
114 5 36 11 6
114 24 29 21 6
114 29 47 0 6
114 46 44 0 6
114 50 46 0 6
114 57 44 2 6
114 58 52 0 6
114 87 55 31 6
114 88 48 0 6
114 90 33 14 6
114 92 38 12 6
114 115 48 0 6
114 127 51 0 6
115 5 18 0 6
115 12 17 0 6
115 15 16 0 6
115 20 16 0 6
115 29 7 0 6
115 38 21 0 6
115 41 14 0 6
115 42 26 0 6
115 46 4 0 6
115 47 21 0 6
115 50 6 0 6
115 57 8 0 6
115 58 12 0 6
115 71 22 0 6
115 73 24 0 6
115 81 29 3 6
115 82 21 0 6
115 88 8 0 6
115 90 21 0 6
115 92 22 0 6
115 93 18 0 6
115 94 20 0 6
115 96 25 0 6
104 115 24 4 6
115 118 17 0 6
115 121 19 0 6
115 124 18 0 6
115 126 18 0 6
115 127 11 0 6
117 20 57 12 6
117 34 63 16 6
117 55 56 21 6
117 59 56 21 6
118 5 27 0 6
118 12 26 0 6
118 15 25 0 6
118 20 25 0 6
118 29 16 0 6
118 38 30 0 6
118 41 23 0 6
118 46 13 0 6
118 47 30 0 6
118 50 15 0 6
118 57 17 0 6
118 58 21 0 6
118 73 25 4 6
118 82 20 5 6
118 88 17 0 6
118 90 30 0 6
118 93 27 0 6
118 94 29 0 6
106 118 34 3 6
115 118 17 0 6
118 121 28 0 6
118 124 27 0 6
118 126 27 0 6
118 127 20 0 6
119 33 69 13 6
119 57 54 4 6
119 71 62 7 6
106 119 57 14 6
121 5 29 0 6
121 15 27 0 6
121 20 27 0 6
121 29 18 0 6
121 41 25 0 6
121 42 35 1 6
121 46 15 0 6
121 47 32 0 6
121 50 17 0 6
121 57 19 0 6
121 58 23 0 6
121 64 31 12 6
121 69 41 12 6
121 71 33 0 6
121 82 32 0 6
121 88 19 0 6
121 90 32 0 6
121 92 33 0 6
121 93 29 0 6
121 94 31 0 6
121 96 26 5 6
12 121 28 0 6
115 121 19 0 6
118 121 28 0 6
121 124 29 0 6
121 126 29 0 6
121 127 22 0 6
122 29 68 3 6
122 33 62 23 6
122 52 75 16 6
122 57 69 3 6
107 122 81 24 6
123 5 39 1 6
123 29 30 0 6
123 41 35 1 6
123 46 27 0 6
123 47 40 2 6
123 50 29 0 6
123 53 41 6 6
123 64 57 5 6
123 71 39 3 6
123 90 42 1 6
123 94 41 1 6
123 96 40 4 6
105 123 36 11 6
121 123 34 4 6
124 5 22 3 6
124 15 22 2 6
124 20 26 0 6
124 29 15 1 6
124 30 31 5 6
124 37 48 4 6
124 41 24 0 6
124 46 14 0 6
124 50 16 0 6
124 57 18 0 6
124 58 22 0 6
124 78 41 4 6
124 88 18 0 6
124 90 23 4 6
124 92 24 4 6
124 93 28 0 6
12 124 27 0 6
115 124 18 0 6
118 124 27 0 6
124 126 28 0 6
124 127 21 0 6
104 125 75 17 6
106 125 84 12 6
118 125 72 11 6
126 5 28 0 6
126 15 26 0 6
126 20 26 0 6
126 29 17 0 6
126 41 24 0 6
126 46 14 0 6
126 50 16 0 6
126 52 44 3 6
126 57 18 0 6
126 58 22 0 6
126 73 30 2 6
126 82 29 1 6
126 88 18 0 6
126 93 26 1 6
10 126 39 6 6
12 126 27 0 6
102 126 46 8 6
104 126 32 5 6
115 126 18 0 6
118 126 27 0 6
121 126 29 0 6
124 126 28 0 6
126 127 21 0 6
127 5 21 0 6
127 15 19 0 6
127 20 19 0 6
127 29 10 0 6
127 30 24 5 6
127 38 24 0 6
127 41 15 1 6
127 46 7 0 6
127 47 24 0 6
127 50 9 0 6
127 51 51 2 6
127 57 11 0 6
127 58 15 0 6
127 61 37 1 6
127 69 53 2 6
127 71 25 0 6
127 81 36 1 6
127 82 20 2 6
127 86 63 4 6
127 88 11 0 6
127 89 27 3 6
127 90 24 0 6
127 92 25 0 6
127 93 21 0 6
127 94 21 1 6
12 127 20 0 6
115 127 11 0 6
118 127 20 0 6
121 127 22 0 6
124 127 21 0 6
126 127 21 0 6
129 67 83 48 6
130 53 64 10 6
101 130 73 16 6
104 130 60 13 6
115 130 54 4 6
