Res1 Res2 NSingle NDouble Method
12 5 44 0 6
15 5 23 8 6
12 15 35 0 6
16 5 52 0 6
10 16 69 8 6
12 16 48 0 6
15 16 43 0 6
20 5 42 0 6
12 20 24 7 6
15 20 33 0 6
16 20 42 2 6
24 8 68 8 6
12 28 106 12 6
29 5 27 0 6
12 29 23 0 6
15 29 18 0 6
16 29 31 0 6
20 29 21 0 6
24 29 42 0 6
29 30 38 0 6
33 8 76 11 6
34 8 68 5 6
16 34 37 12 6
20 34 47 2 6
29 34 36 0 6
36 5 71 12 6
22 36 156 36 6
16 37 74 5 6
29 37 55 2 6
34 37 73 8 6
38 5 46 0 6
10 38 59 10 6
12 38 42 0 6
15 38 37 0 6
16 38 44 3 6
20 38 40 0 6
29 38 25 0 6
12 39 59 9 6
20 39 57 9 6
41 5 36 0 6
12 41 32 0 6
15 41 27 0 6
16 41 40 0 6
20 41 30 0 6
29 41 15 0 6
34 41 45 0 6
38 41 34 0 6
4 42 113 10 6
15 42 46 0 6
20 42 49 0 6
29 42 34 0 6
30 42 60 3 6
39 42 60 14 6
41 42 43 0 6
43 5 44 9 6
3 43 126 13 6
15 43 49 2 6
29 43 41 0 6
47 5 45 0 6
12 47 41 0 6
15 47 36 0 6
16 47 49 0 6
20 47 39 0 6
29 47 24 0 6
38 47 43 0 6
41 47 33 0 6
38 48 114 7 6
2 50 68 2 6
5 50 26 0 6
12 50 22 0 6
15 50 17 0 6
16 50 26 2 6
20 50 20 0 6
24 50 41 0 6
29 50 5 0 6
30 50 37 0 6
34 50 35 0 6
38 50 24 0 6
41 50 14 0 6
42 50 33 0 6
43 50 40 0 6
47 50 23 0 6
51 8 79 15 6
29 51 61 3 6
30 51 81 9 6
16 52 64 6 6
34 52 67 7 6
15 53 46 0 6
29 53 34 0 6
41 53 43 0 6
50 53 33 0 6
5 54 80 12 6
47 54 81 10 6
2 55 80 17 6
14 55 91 19 6
20 55 46 8 6
26 55 88 11 6
42 55 67 4 6
50 55 42 2 6
5 57 29 0 6
12 57 25 0 6
15 57 20 0 6
16 57 33 0 6
20 57 23 0 6
24 57 44 0 6
29 57 8 0 6
30 57 40 0 6
34 57 38 0 6
38 57 27 0 6
41 57 17 0 6
42 57 36 0 6
43 57 43 0 6
47 57 26 0 6
50 57 7 0 6
52 57 47 3 6
53 57 36 0 6
2 58 68 5 6
5 58 32 0 6
12 58 28 0 6
15 58 23 0 6
16 58 24 6 6
20 58 26 0 6
29 58 11 0 6
30 58 43 0 6
34 58 33 4 6
38 58 30 0 6
41 58 20 0 6
42 58 39 0 6
47 58 29 0 6
50 58 8 1 6
52 58 50 3 6
53 58 39 0 6
55 58 42 5 6
57 58 13 0 6
16 59 44 11 6
26 59 58 23 6
29 59 41 0 6
34 59 41 15 6
37 59 78 8 6
50 59 36 2 6
55 59 48 17 6
57 59 43 0 6
58 59 38 4 6
61 8 74 5 6
10 61 70 13 6
29 61 42 0 6
38 61 55 3 6
50 61 41 0 6
57 61 44 0 6
38 64 61 8 6
53 64 64 11 6
5 66 91 17 6
38 69 79 6 6
42 70 93 11 6
71 8 65 2 6
5 71 48 0 6
12 71 44 0 6
15 71 39 0 6
16 71 52 0 6
20 71 42 0 6
24 71 55 4 6
29 71 27 0 6
38 71 46 0 6
41 71 36 0 6
47 71 37 4 6
50 71 26 0 6
57 71 29 0 6
58 71 32 0 6
6 72 88 11 6
43 72 74 6 6
51 72 86 13 6
10 73 67 8 6
12 73 46 0 6
15 73 41 0 6
16 73 48 3 6
20 73 44 0 6
24 73 55 5 6
29 73 29 0 6
41 73 38 0 6
47 73 47 0 6
50 73 28 0 6
57 73 31 0 6
58 73 34 0 6
12 76 70 14 6
20 76 70 13 6
39 76 79 28 6
55 76 88 17 6
37 77 121 21 6
15 78 61 3 6
20 78 52 9 6
39 78 73 18 6
42 78 55 14 6
56 78 86 19 6
76 78 74 28 6
23 81 120 17 6
29 81 42 0 6
50 81 41 0 6
57 81 38 3 6
5 82 46 0 6
12 82 42 0 6
15 82 37 0 6
20 82 40 0 6
29 82 25 0 6
38 82 44 0 6
41 82 32 1 6
47 82 41 1 6
50 82 24 0 6
51 82 78 4 6
52 82 64 3 6
57 82 27 0 6
58 82 30 0 6
71 82 46 0 6
73 82 46 1 6
24 85 77 19 6
20 86 92 10 6
26 86 108 26 6
34 86 93 17 6
15 89 44 0 6
29 89 32 0 6
30 89 56 4 6
36 89 86 7 6
39 89 82 2 6
41 89 41 0 6
42 89 54 3 6
47 89 36 7 6
50 89 31 0 6
53 89 52 4 6
57 89 34 0 6
58 89 37 0 6
60 89 82 13 6
61 89 60 4 6
5 90 12 20 6
12 90 48 0 6
15 90 33 5 6
20 90 46 0 6
29 90 31 0 6
38 90 50 0 6
41 90 40 0 6
43 90 48 9 6
47 90 49 0 6
50 90 30 0 6
57 90 33 0 6
58 90 36 0 6
71 90 52 0 6
78 90 56 12 6
81 90 61 3 6
87 90 88 16 6
12 92 41 0 6
15 92 30 3 6
16 92 49 0 6
20 92 39 0 6
24 92 48 6 6
29 92 24 0 6
36 92 64 14 6
38 92 43 0 6
41 92 33 0 6
47 92 42 0 6
50 92 23 0 6
57 92 26 0 6
58 92 29 0 6
71 92 41 2 6
73 92 39 4 6
82 92 43 0 6
90 92 31 9 6
5 93 45 0 6
12 93 41 0 6
15 93 28 4 6
16 93 49 0 6
18 93 72 5 6
20 93 39 0 6
29 93 24 0 6
38 93 43 0 6
41 93 33 0 6
47 93 30 6 6
50 93 23 0 6
57 93 26 0 6
58 93 29 0 6
71 93 33 6 6
73 93 47 0 6
82 93 43 0 6
90 93 49 0 6
92 93 42 0 6
5 94 43 0 6
12 94 39 0 6
15 94 34 0 6
16 94 47 0 6
20 94 37 0 6
29 94 22 0 6
38 94 41 0 6
41 94 29 1 6
47 94 40 0 6
50 94 21 0 6
57 94 24 0 6
58 94 27 0 6
71 94 39 2 6
73 94 45 0 6
82 94 39 1 6
90 94 47 0 6
92 94 40 0 6
93 94 40 0 6
5 96 52 0 6
12 96 48 0 6
15 96 43 0 6
20 96 46 0 6
29 96 31 0 6
41 96 40 0 6
47 96 47 1 6
50 96 30 0 6
57 96 33 0 6
58 96 36 0 6
64 96 75 4 6
90 96 56 0 6
92 96 49 0 6
93 96 49 0 6
94 96 45 1 6
102 53 85 7 6
102 69 105 16 6
103 8 71 9 6
103 16 64 4 6
103 52 70 11 6
103 53 67 4 6
103 57 47 1 6
103 64 83 8 6
104 5 57 0 6
104 15 42 3 6
104 29 36 0 6
104 41 45 0 6
104 50 35 0 6
104 53 58 3 6
104 57 38 0 6
104 58 41 0 6
104 71 57 0 6
104 93 42 6 6
101 104 69 14 6
105 87 105 16 6
105 89 72 1 6
105 94 60 2 6
106 6 74 14 6
106 8 61 12 6
106 29 43 0 6
106 42 65 3 6
106 45 85 4 6
106 54 94 13 6
103 106 68 8 6
110 15 61 6 6
110 73 68 8 6
114 5 55 13 6
114 36 92 18 6
114 73 69 7 6
115 5 28 0 6
115 12 24 0 6
115 15 19 0 6
115 16 32 0 6
115 20 22 0 6
115 24 43 0 6
115 29 7 0 6
115 30 39 0 6
115 34 37 0 6
115 38 26 0 6
115 41 16 0 6
115 42 35 0 6
115 43 42 0 6
115 47 25 0 6
115 50 6 0 6
115 53 35 0 6
115 57 9 0 6
115 58 12 0 6
115 59 42 0 6
115 61 43 0 6
115 71 28 0 6
115 73 30 0 6
115 81 39 2 6
115 82 26 0 6
115 89 33 0 6
115 90 32 0 6
115 92 25 0 6
115 93 25 0 6
115 94 23 0 6
115 96 32 0 6
104 115 29 4 6
106 115 44 0 6
117 12 88 12 6
117 78 86 29 6
118 5 45 0 6
118 12 41 0 6
118 15 36 0 6
118 16 49 0 6
118 20 39 0 6
118 29 24 0 6
118 38 43 0 6
118 41 33 0 6
118 47 42 0 6
118 50 23 0 6
118 51 69 8 6
118 57 26 0 6
118 58 29 0 6
118 71 45 0 6
118 73 39 4 6
118 82 33 5 6
118 90 49 0 6
118 92 42 0 6
118 93 42 0 6
118 94 40 0 6
118 96 49 0 6
106 118 57 2 6
110 118 67 6 6
115 118 25 0 6
121 5 44 0 6
121 15 35 0 6
121 16 48 0 6
121 20 38 0 6
121 29 23 0 6
121 41 32 0 6
121 42 49 1 6
121 47 41 0 6
121 50 22 0 6
121 57 25 0 6
121 58 28 0 6
121 64 51 12 6
121 71 44 0 6
121 73 46 0 6
121 82 42 0 6
121 90 48 0 6
121 92 41 0 6
121 93 41 0 6
121 94 39 0 6
121 96 32 8 6
12 121 40 0 6
103 121 62 1 6
115 121 24 0 6
118 121 41 0 6
123 29 41 0 6
123 47 55 2 6
123 50 40 0 6
123 53 51 9 6
123 57 43 0 6
123 64 81 6 6
123 71 56 3 6
123 89 65 1 6
123 94 55 1 6
123 96 60 3 6
103 123 66 8 6
115 123 42 0 6
124 5 39 2 6
124 15 32 1 6
124 20 37 0 6
124 29 22 0 6
124 30 42 6 6
124 38 41 0 6
124 41 31 0 6
124 47 40 0 6
124 50 21 0 6
124 57 24 0 6
124 58 27 0 6
124 71 43 0 6
124 78 59 6 6
124 82 41 0 6
124 90 35 6 6
124 92 32 4 6
124 93 40 0 6
124 94 38 0 6
12 124 39 0 6
110 124 63 7 6
115 124 23 0 6
118 124 40 0 6
121 124 39 0 6
126 5 42 0 6
126 15 33 0 6
126 20 36 0 6
126 29 21 0 6
126 38 40 0 6
126 41 30 0 6
126 47 39 0 6
126 50 20 0 6
126 52 60 3 6
126 56 80 5 6
126 57 23 0 6
126 58 26 0 6
126 71 42 0 6
126 73 40 2 6
126 82 38 1 6
126 92 39 0 6
126 93 39 0 6
126 94 37 0 6
10 126 65 5 6
12 126 38 0 6
104 126 37 7 6
106 126 56 1 6
115 126 22 0 6
118 126 39 0 6
121 126 38 0 6
124 126 37 0 6
127 5 31 0 6
127 15 22 0 6
127 16 35 0 6
127 20 25 0 6
127 29 10 0 6
127 30 34 4 6
127 34 40 0 6
127 38 29 0 6
127 41 17 1 6
127 42 38 0 6
127 47 28 0 6
127 50 9 0 6
127 53 38 0 6
127 57 12 0 6
127 58 15 0 6
127 61 44 1 6
127 71 31 0 6
127 73 33 0 6
127 81 44 1 6
127 82 25 2 6
127 89 30 3 6
127 90 35 0 6
127 92 28 0 6
127 93 28 0 6
127 94 24 1 6
127 96 35 0 6
12 127 27 0 6
104 127 40 0 6
115 127 11 0 6
118 127 28 0 6
121 127 27 0 6
124 127 26 0 6
126 127 25 0 6
130 38 83 6 6
101 130 117 10 6
