Res1 Res2 NSingle NDouble Method
1 6 111 17 6
1 30 106 6 6
1 37 125 7 6
1 53 106 4 6
1 81 106 8 6
1 101 111 18 6
1 104 98 9 6
1 106 103 10 6
1 115 79 4 6
1 124 90 6 6
16 2 86 6 6
106 2 90 10 6
2 8 99 8 6
2 33 99 12 6
2 37 104 11 6
2 41 66 8 6
2 46 70 0 6
2 50 68 2 6
2 55 80 17 6
2 58 68 5 6
2 59 94 7 6
2 71 84 5 6
24 3 133 10 6
106 3 118 18 6
121 3 100 17 6
3 43 126 13 6
20 4 104 8 6
39 4 115 22 6
4 42 113 10 6
4 55 116 15 6
4 57 97 5 6
12 5 44 0 6
15 5 23 8 6
16 5 52 0 6
20 5 42 0 6
29 5 27 0 6
30 5 59 0 6
36 5 71 12 6
38 5 46 0 6
41 5 36 0 6
42 5 55 0 6
43 5 44 9 6
46 5 24 0 6
47 5 45 0 6
104 5 57 0 6
114 5 55 13 6
115 5 28 0 6
118 5 45 0 6
121 5 44 0 6
124 5 39 2 6
126 5 42 0 6
127 5 31 0 6
5 50 26 0 6
5 53 55 0 6
5 54 80 12 6
5 57 29 0 6
5 58 32 0 6
5 66 91 17 6
5 71 48 0 6
5 73 50 0 6
5 82 46 0 6
5 88 28 0 6
5 89 53 0 6
5 90 12 20 6
5 92 35 5 6
5 93 45 0 6
5 94 43 0 6
5 96 52 0 6
15 6 77 0 6
20 6 80 0 6
29 6 65 0 6
33 6 107 4 6
41 6 74 0 6
46 6 62 0 6
50 6 64 0 6
57 6 67 0 6
58 6 70 0 6
104 6 85 5 6
106 6 74 14 6
115 6 66 0 6
118 6 79 2 6
126 6 78 1 6
127 6 69 0 6
6 71 74 6 6
6 72 88 11 6
6 88 66 0 6
6 93 77 3 6
6 96 78 6 6
105 7 155 17 6
7 73 140 15 6
24 8 68 8 6
29 8 48 0 6
33 8 76 11 6
34 8 68 5 6
46 8 45 0 6
50 8 47 0 6
51 8 79 15 6
57 8 50 0 6
58 8 53 0 6
61 8 74 5 6
71 8 65 2 6
73 8 69 1 6
103 8 71 9 6
105 8 80 5 6
106 8 61 12 6
115 8 49 0 6
127 8 52 0 6
8 88 49 0 6
8 92 64 1 6
37 9 141 19 6
41 9 123 6 6
77 9 162 34 6
124 9 124 9 6
9 94 124 9 6
10 12 77 0 6
10 15 72 0 6
10 16 69 8 6
10 20 75 0 6
10 29 60 0 6
10 38 59 10 6
10 41 69 0 6
10 46 57 0 6
10 47 76 1 6
10 50 59 0 6
10 57 62 0 6
10 58 65 0 6
10 61 70 13 6
10 73 67 8 6
10 82 77 1 6
10 88 61 0 6
10 89 80 3 6
10 92 78 0 6
10 93 78 0 6
10 94 76 0 6
10 96 75 5 6
10 103 93 4 6
10 105 94 4 6
10 115 61 0 6
10 118 78 0 6
10 121 77 0 6
10 124 76 0 6
10 126 65 5 6
10 127 64 0 6
11 30 131 12 6
11 41 116 8 6
11 72 142 13 6
11 124 123 8 6
11 127 123 2 6
12 5 44 0 6
115 12 24 0 6
117 12 88 12 6
118 12 41 0 6
12 15 35 0 6
12 16 48 0 6
12 20 24 7 6
12 28 106 12 6
12 29 23 0 6
12 38 42 0 6
12 39 59 9 6
12 41 32 0 6
12 46 20 0 6
12 47 41 0 6
12 50 22 0 6
12 53 51 0 6
12 57 25 0 6
12 58 28 0 6
12 71 44 0 6
12 73 46 0 6
12 76 70 14 6
12 82 42 0 6
12 88 24 0 6
12 89 49 0 6
12 90 48 0 6
12 92 41 0 6
12 93 41 0 6
12 94 39 0 6
12 96 48 0 6
12 121 40 0 6
12 124 39 0 6
12 126 38 0 6
12 127 27 0 6
103 14 101 14 6
14 16 89 12 6
14 20 93 5 6
14 34 80 19 6
14 50 83 2 6
14 52 87 23 6
14 55 91 19 6
14 57 84 3 6
14 58 83 5 6
14 59 69 27 6
14 94 94 5 6
15 5 23 8 6
12 15 35 0 6
104 15 42 3 6
110 15 61 6 6
114 15 68 2 6
115 15 19 0 6
118 15 36 0 6
121 15 35 0 6
124 15 32 1 6
126 15 33 0 6
127 15 22 0 6
15 16 43 0 6
15 20 33 0 6
15 29 18 0 6
15 38 37 0 6
15 41 27 0 6
15 42 46 0 6
15 43 49 2 6
15 46 15 0 6
15 47 36 0 6
15 50 17 0 6
15 53 46 0 6
15 57 20 0 6
15 58 23 0 6
15 71 39 0 6
15 73 41 0 6
15 78 61 3 6
15 82 37 0 6
15 88 19 0 6
15 89 44 0 6
15 90 33 5 6
15 92 30 3 6
15 93 28 4 6
15 94 34 0 6
15 96 43 0 6
16 5 52 0 6
10 16 69 8 6
12 16 48 0 6
15 16 43 0 6
103 16 64 4 6
115 16 32 0 6
118 16 49 0 6
121 16 48 0 6
124 16 47 0 6
126 16 46 0 6
127 16 35 0 6
16 20 42 2 6
16 29 31 0 6
16 34 37 12 6
16 37 74 5 6
16 38 44 3 6
16 41 40 0 6
16 46 28 0 6
16 47 49 0 6
16 50 26 2 6
16 52 64 6 6
16 55 56 8 6
16 57 33 0 6
16 58 24 6 6
16 59 44 11 6
16 71 52 0 6
16 73 48 3 6
16 82 50 0 6
16 88 32 0 6
16 92 49 0 6
16 93 49 0 6
16 94 47 0 6
104 17 119 6 6
121 17 102 8 6
17 38 110 5 6
17 18 121 19 6
110 18 85 17 6
115 18 65 0 6
127 18 68 0 6
18 29 64 0 6
18 41 73 0 6
18 46 61 0 6
18 47 68 7 6
18 50 63 0 6
18 53 86 3 6
18 57 66 0 6
18 58 69 0 6
18 71 69 8 6
18 82 65 9 6
18 88 65 0 6
18 93 72 5 6
18 94 78 1 6
18 96 79 5 6
10 19 148 28 6
123 19 149 18 6
20 5 42 0 6
12 20 24 7 6
15 20 33 0 6
16 20 42 2 6
115 20 22 0 6
118 20 39 0 6
121 20 38 0 6
124 20 37 0 6
126 20 36 0 6
127 20 25 0 6
20 29 21 0 6
20 34 47 2 6
20 38 40 0 6
20 39 57 9 6
20 41 30 0 6
20 42 49 0 6
20 46 18 0 6
20 47 39 0 6
20 50 20 0 6
20 53 49 0 6
20 55 46 8 6
20 57 23 0 6
20 58 26 0 6
20 71 42 0 6
20 73 44 0 6
20 76 70 13 6
20 78 52 9 6
20 82 40 0 6
20 86 92 10 6
20 88 22 0 6
20 89 47 0 6
20 90 46 0 6
20 92 39 0 6
20 93 39 0 6
20 94 37 0 6
20 96 46 0 6
12 21 124 14 6
20 21 126 12 6
21 42 117 23 6
21 78 132 26 6
22 36 156 36 6
22 43 159 18 6
22 92 152 13 6
15 23 118 6 6
102 23 123 30 6
104 23 114 17 6
115 23 111 4 6
126 23 119 7 6
23 81 120 17 6
24 5 63 0 6
24 8 68 8 6
12 24 59 0 6
15 24 54 0 6
20 24 57 0 6
115 24 43 0 6
118 24 60 0 6
121 24 59 0 6
124 24 58 0 6
126 24 57 0 6
127 24 46 0 6
24 29 42 0 6
24 36 84 13 6
24 38 61 0 6
24 41 51 0 6
24 46 39 0 6
24 47 60 0 6
24 50 41 0 6
24 57 44 0 6
24 58 47 0 6
24 71 55 4 6
24 73 55 5 6
24 82 61 0 6
24 85 77 19 6
24 88 43 0 6
24 92 48 6 6
24 93 60 0 6
24 94 58 0 6
12 25 99 4 6
20 25 97 4 6
105 25 114 9 6
124 25 92 7 6
127 25 90 2 6
25 29 88 1 6
25 41 95 2 6
25 47 82 13 6
25 71 103 4 6
25 81 108 9 6
25 88 89 1 6
25 89 96 10 6
25 91 115 32 6
25 93 96 6 6
25 96 103 6 6
12 26 76 5 6
14 26 95 28 6
16 26 70 12 6
20 26 68 8 6
104 26 85 7 6
115 26 70 0 6
126 26 68 8 6
127 26 73 0 6
26 29 69 0 6
26 34 57 21 6
26 46 66 0 6
26 50 68 0 6
26 55 88 11 6
26 57 71 0 6
26 58 68 3 6
26 59 58 23 6
26 86 108 26 6
26 88 70 0 6
26 94 81 2 6
12 27 113 9 6
20 27 107 11 6
24 27 116 17 6
103 27 113 21 6
121 27 113 9 6
27 55 113 21 6
27 58 107 6 6
27 59 119 15 6
12 28 106 12 6
20 28 108 10 6
115 28 108 3 6
28 55 96 29 6
28 58 106 6 6
28 78 122 20 6
29 5 27 0 6
12 29 23 0 6
15 29 18 0 6
16 29 31 0 6
20 29 21 0 6
24 29 42 0 6
104 29 36 0 6
106 29 43 0 6
115 29 7 0 6
118 29 24 0 6
121 29 23 0 6
123 29 41 0 6
124 29 22 0 6
126 29 21 0 6
127 29 10 0 6
29 30 38 0 6
29 34 36 0 6
29 37 55 2 6
29 38 25 0 6
29 41 15 0 6
29 42 34 0 6
29 43 41 0 6
29 46 3 0 6
29 47 24 0 6
29 50 5 0 6
29 51 61 3 6
29 53 34 0 6
29 57 8 0 6
29 58 11 0 6
29 59 41 0 6
29 61 42 0 6
29 71 27 0 6
29 73 29 0 6
29 81 42 0 6
29 82 25 0 6
29 88 7 0 6
29 89 32 0 6
29 90 31 0 6
29 92 24 0 6
29 93 24 0 6
29 94 22 0 6
29 96 31 0 6
12 30 51 2 6
20 30 45 4 6
29 30 38 0 6
115 30 39 0 6
121 30 49 3 6
124 30 42 6 6
127 30 34 4 6
30 38 55 1 6
30 41 47 0 6
30 42 60 3 6
30 46 35 0 6
30 50 37 0 6
30 51 81 9 6
30 55 69 5 6
30 57 40 0 6
30 58 43 0 6
30 88 39 0 6
30 89 56 4 6
30 96 61 1 6
101 31 132 22 6
104 31 115 15 6
118 31 105 14 6
126 31 116 7 6
31 38 114 10 6
31 41 114 5 6
31 73 126 6 6
31 81 131 10 6
31 82 124 5 6
121 32 152 10 6
32 72 162 19 6
33 8 76 11 6
15 33 68 0 6
29 33 56 0 6
103 33 65 16 6
106 33 71 11 6
115 33 57 0 6
121 33 69 2 6
127 33 60 0 6
33 41 61 2 6
33 46 53 0 6
33 50 55 0 6
33 52 83 9 6
33 53 76 4 6
33 57 58 0 6
33 58 61 0 6
33 88 57 0 6
34 5 55 1 6
34 8 68 5 6
12 34 53 0 6
15 34 46 1 6
16 34 37 12 6
20 34 47 2 6
29 34 36 0 6
115 34 37 0 6
121 34 53 0 6
124 34 52 0 6
126 34 51 0 6
127 34 40 0 6
34 37 73 8 6
34 41 45 0 6
34 46 33 0 6
34 50 35 0 6
34 52 67 7 6
34 55 61 8 6
34 57 38 0 6
34 58 33 4 6
34 59 41 15 6
34 86 93 17 6
34 88 37 0 6
34 92 52 1 6
34 94 52 0 6
36 5 71 12 6
15 36 78 4 6
22 36 156 36 6
29 36 74 0 6
114 36 92 18 6
115 36 75 0 6
124 36 78 6 6
127 36 78 0 6
36 42 92 5 6
36 43 95 7 6
36 46 71 0 6
36 50 73 0 6
36 57 76 0 6
36 58 79 0 6
36 88 75 0 6
36 89 86 7 6
36 90 69 15 6
36 92 64 14 6
37 8 87 7 6
12 37 64 6 6
16 37 74 5 6
20 37 68 3 6
29 37 55 2 6
34 37 73 8 6
106 37 78 9 6
124 37 67 4 6
126 37 70 2 6
37 46 56 0 6
37 47 69 4 6
37 50 58 0 6
37 59 78 8 6
37 77 121 21 6
37 78 90 9 6
37 89 79 3 6
38 5 46 0 6
10 38 59 10 6
12 38 42 0 6
15 38 37 0 6
16 38 44 3 6
20 38 40 0 6
29 38 25 0 6
115 38 26 0 6
118 38 43 0 6
121 38 36 3 6
124 38 41 0 6
126 38 40 0 6
127 38 29 0 6
130 38 83 6 6
38 41 34 0 6
38 46 22 0 6
38 47 43 0 6
38 48 114 7 6
38 50 24 0 6
38 57 27 0 6
38 58 30 0 6
38 61 55 3 6
38 64 61 8 6
38 69 79 6 6
38 71 46 0 6
38 73 48 0 6
38 82 44 0 6
38 88 26 0 6
38 90 50 0 6
38 92 43 0 6
38 93 43 0 6
38 94 41 0 6
12 39 59 9 6
20 39 57 9 6
29 39 60 0 6
34 39 84 3 6
115 39 61 0 6
127 39 64 0 6
39 41 69 0 6
39 42 60 14 6
39 43 85 5 6
39 46 57 0 6
39 50 59 0 6
39 57 62 0 6
39 58 65 0 6
39 76 79 28 6
39 78 73 18 6
39 88 61 0 6
39 89 82 2 6
14 40 174 43 6
40 51 165 37 6
40 59 169 22 6
41 5 36 0 6
12 41 32 0 6
15 41 27 0 6
16 41 40 0 6
20 41 30 0 6
29 41 15 0 6
34 41 45 0 6
38 41 34 0 6
104 41 45 0 6
115 41 16 0 6
118 41 33 0 6
121 41 32 0 6
124 41 31 0 6
126 41 30 0 6
127 41 17 1 6
41 42 43 0 6
41 46 12 0 6
41 47 33 0 6
41 50 14 0 6
41 53 43 0 6
41 57 17 0 6
41 58 20 0 6
41 71 36 0 6
41 73 38 0 6
41 82 32 1 6
41 88 16 0 6
41 89 41 0 6
41 90 40 0 6
41 92 33 0 6
41 93 33 0 6
41 94 29 1 6
41 96 40 0 6
4 42 113 10 6
12 42 41 5 6
15 42 46 0 6
20 42 49 0 6
29 42 34 0 6
30 42 60 3 6
39 42 60 14 6
41 42 43 0 6
106 42 65 3 6
115 42 35 0 6
121 42 49 1 6
124 42 50 0 6
126 42 49 0 6
127 42 38 0 6
42 46 31 0 6
42 50 33 0 6
42 55 67 4 6
42 56 85 9 6
42 57 36 0 6
42 58 39 0 6
42 70 93 11 6
42 78 55 14 6
42 88 35 0 6
42 89 54 3 6
42 94 50 0 6
43 5 44 9 6
3 43 126 13 6
15 43 49 2 6
29 43 41 0 6
41 43 48 1 6
105 43 73 5 6
115 43 42 0 6
127 43 45 0 6
43 46 38 0 6
43 50 40 0 6
43 57 43 0 6
43 58 46 0 6
43 72 74 6 6
43 81 71 3 6
43 88 42 0 6
43 90 48 9 6
44 64 125 21 6
44 69 143 19 6
45 8 88 5 6
29 45 56 0 6
33 45 72 17 6
41 45 65 0 6
103 45 67 15 6
106 45 85 4 6
115 45 57 0 6
127 45 58 1 6
45 46 53 0 6
45 50 55 0 6
45 52 81 10 6
45 57 58 0 6
45 58 61 0 6
45 59 85 3 6
45 81 82 5 6
45 88 57 0 6
47 5 45 0 6
12 47 41 0 6
15 47 36 0 6
16 47 49 0 6
20 47 39 0 6
29 47 24 0 6
38 47 43 0 6
41 47 33 0 6
42 47 52 0 6
46 47 21 0 6
115 47 25 0 6
118 47 42 0 6
121 47 41 0 6
123 47 55 2 6
124 47 40 0 6
126 47 39 0 6
127 47 28 0 6
47 50 23 0 6
47 53 52 0 6
47 54 81 10 6
47 57 26 0 6
47 58 29 0 6
47 71 37 4 6
47 73 47 0 6
47 82 41 1 6
47 88 25 0 6
47 89 36 7 6
47 90 49 0 6
47 92 42 0 6
47 93 30 6 6
47 94 40 0 6
47 96 47 1 6
10 48 109 27 6
16 48 118 8 6
38 48 114 7 6
45 48 103 28 6
126 48 112 6 6
48 81 119 13 6
48 82 106 11 6
24 49 142 26 6
101 49 173 23 6
105 49 146 27 6
2 50 68 2 6
5 50 26 0 6
12 50 22 0 6
15 50 17 0 6
16 50 26 2 6
20 50 20 0 6
24 50 41 0 6
29 50 5 0 6
30 50 37 0 6
34 50 35 0 6
38 50 24 0 6
41 50 14 0 6
42 50 33 0 6
43 50 40 0 6
46 50 2 0 6
47 50 23 0 6
104 50 35 0 6
115 50 6 0 6
118 50 23 0 6
121 50 22 0 6
123 50 40 0 6
124 50 21 0 6
126 50 20 0 6
127 50 9 0 6
50 53 33 0 6
50 55 42 2 6
50 57 7 0 6
50 58 8 1 6
50 59 36 2 6
50 61 41 0 6
50 71 26 0 6
50 73 28 0 6
50 81 41 0 6
50 82 24 0 6
50 88 6 0 6
50 89 31 0 6
50 90 30 0 6
50 92 23 0 6
50 93 23 0 6
50 94 21 0 6
50 96 30 0 6
51 8 79 15 6
29 51 61 3 6
30 51 81 9 6
33 51 93 12 6
34 51 89 4 6
37 51 86 17 6
46 51 64 0 6
103 51 100 4 6
106 51 84 10 6
118 51 69 8 6
124 51 69 7 6
51 72 86 13 6
51 82 78 4 6
51 94 77 3 6
16 52 64 6 6
29 52 51 0 6
34 52 67 7 6
41 52 60 0 6
46 52 48 0 6
47 52 65 2 6
50 52 50 0 6
103 52 70 11 6
114 52 91 7 6
115 52 52 0 6
126 52 60 3 6
127 52 55 0 6
52 57 47 3 6
52 58 50 3 6
52 82 64 3 6
52 88 52 0 6
15 53 46 0 6
19 53 150 14 6
29 53 34 0 6
41 53 43 0 6
46 53 31 0 6
50 53 33 0 6
102 53 85 7 6
103 53 67 4 6
104 53 58 3 6
115 53 35 0 6
121 53 43 4 6
123 53 51 9 6
127 53 38 0 6
53 57 36 0 6
53 58 39 0 6
53 59 61 4 6
53 64 64 11 6
53 88 33 1 6
53 89 52 4 6
53 94 44 3 6
54 6 102 20 6
5 54 80 12 6
15 54 81 7 6
20 54 86 6 6
29 54 83 0 6
46 54 80 0 6
47 54 81 10 6
50 54 82 0 6
106 54 94 13 6
115 54 84 0 6
125 54 148 22 6
127 54 87 0 6
54 57 85 0 6
54 58 88 0 6
54 88 84 0 6
54 89 89 10 6
54 90 92 8 6
2 55 80 17 6
12 55 52 6 6
14 55 91 19 6
15 55 59 0 6
20 55 46 8 6
26 55 88 11 6
29 55 47 0 6
39 55 79 11 6
41 55 56 0 6
42 55 67 4 6
46 55 44 0 6
50 55 42 2 6
115 55 48 0 6
124 55 63 0 6
126 55 62 0 6
127 55 51 0 6
55 57 49 0 6
55 58 42 5 6
55 59 48 17 6
55 76 88 17 6
55 88 48 0 6
55 94 63 0 6
12 56 60 16 6
15 56 83 2 6
20 56 80 5 6
29 56 75 0 6
37 56 100 14 6
46 56 72 0 6
50 56 74 0 6
104 56 85 10 6
115 56 76 0 6
126 56 80 5 6
127 56 79 0 6
56 57 77 0 6
56 58 74 3 6
56 76 98 26 6
56 78 86 19 6
56 88 76 0 6
56 94 73 9 6
5 57 29 0 6
12 57 25 0 6
15 57 20 0 6
16 57 33 0 6
20 57 23 0 6
24 57 44 0 6
29 57 8 0 6
30 57 40 0 6
34 57 38 0 6
38 57 27 0 6
41 57 17 0 6
42 57 36 0 6
43 57 43 0 6
46 57 5 0 6
47 57 26 0 6
50 57 7 0 6
52 57 47 3 6
53 57 36 0 6
103 57 47 1 6
104 57 38 0 6
115 57 9 0 6
118 57 26 0 6
121 57 25 0 6
123 57 43 0 6
124 57 24 0 6
126 57 23 0 6
127 57 12 0 6
57 58 13 0 6
57 59 43 0 6
57 61 44 0 6
57 71 29 0 6
57 73 31 0 6
57 81 38 3 6
57 82 27 0 6
57 88 9 0 6
57 89 34 0 6
57 90 33 0 6
57 92 26 0 6
57 93 26 0 6
57 94 24 0 6
57 96 33 0 6
2 58 68 5 6
5 58 32 0 6
12 58 28 0 6
15 58 23 0 6
16 58 24 6 6
20 58 26 0 6
29 58 11 0 6
30 58 43 0 6
34 58 33 4 6
38 58 30 0 6
41 58 20 0 6
42 58 39 0 6
46 58 8 0 6
47 58 29 0 6
50 58 8 1 6
52 58 50 3 6
53 58 39 0 6
55 58 42 5 6
57 58 13 0 6
104 58 41 0 6
115 58 12 0 6
118 58 29 0 6
121 58 28 0 6
124 58 27 0 6
126 58 26 0 6
127 58 15 0 6
58 59 38 4 6
58 71 32 0 6
58 73 34 0 6
58 79 164 7 6
58 82 30 0 6
58 88 12 0 6
58 89 37 0 6
58 90 36 0 6
58 92 29 0 6
58 93 29 0 6
58 94 27 0 6
58 96 36 0 6
12 59 56 1 6
15 59 53 0 6
16 59 44 11 6
20 59 46 5 6
26 59 58 23 6
29 59 41 0 6
34 59 41 15 6
37 59 78 8 6
38 59 58 1 6
41 59 50 0 6
46 59 38 0 6
47 59 59 0 6
50 59 36 2 6
55 59 48 17 6
57 59 43 0 6
58 59 38 4 6
115 59 42 0 6
118 59 59 0 6
121 59 58 0 6
124 59 57 0 6
126 59 56 0 6
127 59 45 0 6
59 82 60 0 6
59 88 42 0 6
59 92 59 0 6
59 93 59 0 6
59 94 57 0 6
16 60 97 5 6
29 60 82 0 6
34 60 94 9 6
42 60 98 6 6
46 60 79 0 6
47 60 78 11 6
50 60 81 0 6
53 60 102 4 6
54 60 97 31 6
59 60 99 9 6
118 60 90 5 6
126 60 93 2 6
60 89 82 13 6
61 8 74 5 6
10 61 70 13 6
24 61 70 4 6
25 61 100 13 6
29 61 42 0 6
38 61 55 3 6
41 61 51 0 6
44 61 131 10 6
46 61 39 0 6
50 61 41 0 6
57 61 44 0 6
58 61 47 0 6
102 61 95 6 6
115 61 43 0 6
127 61 44 1 6
61 85 103 6 6
61 88 41 1 6
61 89 60 4 6
61 96 57 5 6
15 62 97 4 6
39 62 115 16 6
51 62 114 20 6
110 62 112 18 6
118 62 93 9 6
124 62 93 8 6
127 62 91 3 6
62 78 110 16 6
62 82 104 4 6
62 90 94 12 6
62 92 83 14 6
62 94 99 5 6
5 63 146 15 6
63 89 147 17 6
63 90 140 20 6
29 64 58 0 6
30 64 86 2 6
38 64 61 8 6
43 64 89 2 6
46 64 55 0 6
50 64 57 0 6
53 64 64 11 6
57 64 60 0 6
58 64 63 0 6
103 64 83 8 6
104 64 80 4 6
115 64 59 0 6
121 64 51 12 6
123 64 81 6 6
124 64 72 1 6
127 64 62 0 6
64 82 75 1 6
64 88 59 0 6
64 94 62 6 6
64 96 75 4 6
39 65 159 25 6
65 78 156 24 6
5 66 91 17 6
29 66 104 0 6
46 66 101 0 6
50 66 103 0 6
52 66 121 14 6
57 66 100 3 6
103 66 121 12 6
114 66 92 33 6
115 66 105 0 6
66 88 105 0 6
66 90 93 18 6
66 92 92 15 6
25 67 127 26 6
29 67 91 2 6
41 67 88 8 6
46 67 92 0 6
47 67 103 5 6
50 67 94 0 6
124 67 95 8 6
67 71 100 8 6
67 82 104 5 6
67 93 101 6 6
121 68 114 12 6
68 69 133 27 6
68 81 129 14 6
68 90 126 10 6
15 69 70 7 6
20 69 81 3 6
29 69 72 0 6
38 69 79 6 6
41 69 77 2 6
46 69 69 0 6
50 69 71 0 6
53 69 88 6 6
64 69 80 22 6
101 69 103 15 6
102 69 105 16 6
104 69 86 8 6
121 69 65 12 6
127 69 74 1 6
69 93 72 9 6
69 94 82 3 6
12 70 86 9 6
29 70 81 3 6
37 70 108 16 6
42 70 93 11 6
106 70 100 12 6
124 70 93 5 6
70 78 102 17 6
71 8 65 2 6
5 71 48 0 6
12 71 44 0 6
15 71 39 0 6
16 71 52 0 6
20 71 42 0 6
24 71 55 4 6
29 71 27 0 6
30 71 59 0 6
34 71 57 0 6
38 71 46 0 6
41 71 36 0 6
42 71 55 0 6
46 71 24 0 6
47 71 37 4 6
50 71 26 0 6
53 71 55 0 6
57 71 29 0 6
58 71 32 0 6
104 71 57 0 6
114 71 75 3 6
115 71 28 0 6
118 71 45 0 6
121 71 44 0 6
123 71 56 3 6
124 71 43 0 6
126 71 42 0 6
127 71 31 0 6
71 73 50 0 6
71 78 70 3 6
71 82 46 0 6
71 88 26 1 6
71 89 53 0 6
71 90 52 0 6
71 92 41 2 6
71 93 33 6 6
71 94 39 2 6
72 8 83 5 6
6 72 88 11 6
29 72 49 1 6
33 72 89 6 6
34 72 75 3 6
41 72 60 0 6
43 72 74 6 6
46 72 48 0 6
50 72 50 0 6
51 72 86 13 6
57 72 53 0 6
58 72 56 0 6
105 72 85 4 6
115 72 52 0 6
127 72 55 0 6
72 88 52 0 6
72 94 65 1 6
10 73 67 8 6
12 73 46 0 6
15 73 41 0 6
16 73 48 3 6
20 73 44 0 6
24 73 55 5 6
29 73 29 0 6
41 73 38 0 6
46 73 26 0 6
47 73 47 0 6
50 73 28 0 6
53 73 55 1 6
57 73 31 0 6
58 73 34 0 6
110 73 68 8 6
114 73 69 7 6
115 73 30 0 6
118 73 39 4 6
121 73 46 0 6
124 73 45 0 6
126 73 40 2 6
127 73 33 0 6
73 82 46 1 6
73 88 30 0 6
73 92 39 4 6
73 93 47 0 6
73 94 45 0 6
43 74 142 15 6
105 74 135 22 6
18 75 99 34 6
41 75 106 6 6
47 75 111 8 6
71 75 116 7 6
75 81 117 14 6
75 89 113 11 6
75 93 113 7 6
75 94 113 6 6
12 76 70 14 6
20 76 70 13 6
29 76 77 2 6
39 76 79 28 6
42 76 75 17 6
46 76 78 0 6
47 76 87 6 6
50 76 80 0 6
55 76 88 17 6
57 76 83 0 6
115 76 82 0 6
129 76 170 33 6
76 78 74 28 6
76 88 82 0 6
76 89 85 11 6
76 94 87 5 6
33 77 120 20 6
37 77 121 21 6
41 77 103 8 6
42 77 112 13 6
59 77 119 13 6
5 78 66 5 6
12 78 40 16 6
15 78 61 3 6
20 78 52 9 6
29 78 55 0 6
39 78 73 18 6
41 78 64 0 6
42 78 55 14 6
46 78 52 0 6
50 78 54 0 6
55 78 78 9 6
56 78 86 19 6
57 78 57 0 6
58 78 60 0 6
76 78 74 28 6
115 78 56 0 6
117 78 86 29 6
124 78 59 6 6
126 78 70 0 6
127 78 59 0 6
78 88 56 0 6
78 90 56 12 6
78 92 55 9 6
78 96 68 6 6
80 81 188 21 6
5 81 57 3 6
15 81 54 0 6
23 81 120 17 6
29 81 42 0 6
41 81 49 1 6
46 81 39 0 6
50 81 41 0 6
57 81 38 3 6
58 81 47 0 6
115 81 39 2 6
127 81 44 1 6
81 88 43 0 6
81 90 61 3 6
5 82 46 0 6
12 82 42 0 6
15 82 37 0 6
20 82 40 0 6
29 82 25 0 6
38 82 44 0 6
41 82 32 1 6
46 82 22 0 6
47 82 41 1 6
50 82 24 0 6
51 82 78 4 6
52 82 64 3 6
57 82 27 0 6
58 82 30 0 6
71 82 46 0 6
73 82 46 1 6
115 82 26 0 6
118 82 33 5 6
121 82 42 0 6
124 82 41 0 6
126 82 38 1 6
127 82 25 2 6
82 88 26 0 6
82 92 43 0 6
82 93 43 0 6
82 94 39 1 6
41 83 132 6 6
57 83 127 5 6
5 84 123 8 6
8 84 134 13 6
15 84 118 6 6
24 84 112 21 6
41 84 115 6 6
43 84 131 11 6
103 84 129 15 6
84 90 127 8 6
16 85 94 5 6
24 85 77 19 6
41 85 84 2 6
47 85 73 12 6
50 85 76 1 6
58 85 72 6 6
71 85 88 6 6
114 85 105 14 6
85 89 87 9 6
85 93 91 3 6
14 86 111 34 6
20 86 92 10 6
26 86 108 26 6
34 86 93 17 6
46 86 94 0 6
50 86 92 2 6
55 86 82 28 6
57 86 99 0 6
58 86 92 5 6
59 86 82 25 6
115 86 98 0 6
117 86 118 34 6
86 88 98 0 6
5 87 94 11 6
24 87 85 23 6
46 87 92 0 6
49 87 147 50 6
105 87 105 16 6
123 87 114 8 6
124 87 101 5 6
87 90 88 16 6
87 92 95 9 6
87 94 101 5 6
15 89 44 0 6
18 89 76 7 6
29 89 32 0 6
30 89 56 4 6
36 89 86 7 6
39 89 82 2 6
41 89 41 0 6
42 89 54 3 6
46 89 29 0 6
47 89 36 7 6
50 89 31 0 6
53 89 52 4 6
57 89 34 0 6
58 89 37 0 6
60 89 82 13 6
61 89 60 4 6
78 89 77 2 6
88 89 33 0 6
105 89 72 1 6
115 89 33 0 6
123 89 65 1 6
127 89 30 3 6
5 90 12 20 6
12 90 48 0 6
15 90 33 5 6
16 90 56 0 6
20 90 46 0 6
29 90 31 0 6
38 90 50 0 6
41 90 40 0 6
42 90 59 0 6
43 90 48 9 6
46 90 28 0 6
47 90 49 0 6
50 90 30 0 6
53 90 59 0 6
57 90 33 0 6
58 90 36 0 6
71 90 52 0 6
73 90 54 0 6
78 90 56 12 6
81 90 61 3 6
82 90 50 0 6
87 90 88 16 6
88 90 32 0 6
89 90 57 0 6
115 90 32 0 6
118 90 49 0 6
121 90 48 0 6
124 90 35 6 6
126 90 46 0 6
127 90 35 0 6
90 92 31 9 6
90 93 49 0 6
90 94 47 0 6
90 96 56 0 6
16 91 86 17 6
20 91 106 2 6
29 91 95 0 6
30 91 99 14 6
38 91 96 9 6
46 91 92 0 6
50 91 94 0 6
55 91 114 11 6
57 91 97 0 6
58 91 88 6 6
88 91 96 0 6
115 91 96 0 6
124 91 93 9 6
127 91 95 2 6
12 92 41 0 6
15 92 30 3 6
16 92 49 0 6
20 92 39 0 6
24 92 48 6 6
29 92 24 0 6
36 92 64 14 6
38 92 43 0 6
41 92 33 0 6
42 92 52 0 6
46 92 21 0 6
47 92 42 0 6
50 92 23 0 6
53 92 52 0 6
57 92 26 0 6
58 92 29 0 6
71 92 41 2 6
73 92 39 4 6
82 92 43 0 6
88 92 25 0 6
89 92 50 0 6
90 92 31 9 6
115 92 25 0 6
118 92 42 0 6
121 92 41 0 6
124 92 32 4 6
126 92 39 0 6
127 92 28 0 6
92 93 42 0 6
92 94 40 0 6
92 96 49 0 6
5 93 45 0 6
12 93 41 0 6
15 93 28 4 6
16 93 49 0 6
17 93 117 1 6
18 93 72 5 6
20 93 39 0 6
29 93 24 0 6
38 93 43 0 6
41 93 33 0 6
46 93 21 0 6
47 93 30 6 6
48 93 125 1 6
50 93 23 0 6
57 93 26 0 6
58 93 29 0 6
71 93 33 6 6
73 93 47 0 6
82 93 43 0 6
88 93 25 0 6
90 93 49 0 6
92 93 42 0 6
104 93 42 6 6
115 93 25 0 6
118 93 42 0 6
121 93 41 0 6
124 93 40 0 6
126 93 39 0 6
127 93 28 0 6
93 94 40 0 6
93 96 49 0 6
5 94 43 0 6
12 94 39 0 6
15 94 34 0 6
16 94 47 0 6
20 94 37 0 6
29 94 22 0 6
38 94 41 0 6
41 94 29 1 6
46 94 19 0 6
47 94 40 0 6
50 94 21 0 6
57 94 24 0 6
58 94 27 0 6
71 94 39 2 6
73 94 45 0 6
82 94 39 1 6
88 94 23 0 6
89 94 48 0 6
90 94 47 0 6
92 94 40 0 6
93 94 40 0 6
105 94 60 2 6
115 94 23 0 6
118 94 40 0 6
121 94 39 0 6
123 94 55 1 6
124 94 38 0 6
126 94 37 0 6
127 94 24 1 6
94 96 45 1 6
33 95 104 23 6
45 95 96 27 6
118 95 96 11 6
5 96 52 0 6
12 96 48 0 6
15 96 43 0 6
16 96 56 0 6
20 96 46 0 6
29 96 31 0 6
38 96 48 1 6
41 96 40 0 6
46 96 28 0 6
47 96 47 1 6
50 96 30 0 6
57 96 33 0 6
58 96 36 0 6
64 96 75 4 6
71 96 42 5 6
73 96 54 0 6
82 96 50 0 6
88 96 30 1 6
90 96 56 0 6
92 96 49 0 6
93 96 49 0 6
94 96 45 1 6
115 96 32 0 6
118 96 49 0 6
121 96 32 8 6
123 96 60 3 6
124 96 47 0 6
126 96 46 0 6
127 96 35 0 6
5 97 132 15 6
42 97 137 16 6
78 97 146 22 6
10 98 191 37 6
18 99 131 26 6
46 99 122 0 6
47 99 127 8 6
71 99 116 15 6
82 99 122 11 6
93 99 115 14 6
96 99 128 11 6
118 99 127 8 6
130 99 149 23 6
100 64 139 20 6
100 101 126 31 6
100 104 109 24 6
100 115 120 4 6
100 121 120 12 6
101 15 65 7 6
101 29 67 0 6
101 41 76 0 6
101 46 64 0 6
101 50 66 0 6
101 55 98 5 6
101 57 69 0 6
101 58 72 0 6
101 81 91 6 6
101 88 68 0 6
101 93 71 7 6
101 104 69 14 6
101 115 66 1 6
101 121 78 3 6
101 123 92 5 6
101 126 76 3 6
101 127 71 0 6
101 130 117 10 6
102 15 77 3 6
102 29 71 0 6
102 38 82 4 6
102 46 68 0 6
102 50 70 0 6
102 53 85 7 6
102 56 100 20 6
102 57 73 0 6
102 69 105 16 6
102 73 84 5 6
102 88 72 0 6
102 93 81 4 6
102 94 69 9 6
100 102 146 23 6
102 104 79 11 6
102 115 72 0 6
102 126 72 7 6
103 8 71 9 6
103 16 64 4 6
103 29 47 0 6
103 41 56 0 6
103 46 44 0 6
103 50 46 0 6
103 52 70 11 6
103 53 67 4 6
103 57 47 1 6
103 58 52 0 6
103 64 83 8 6
103 73 66 2 6
103 88 48 0 6
103 105 77 6 6
103 106 68 8 6
103 115 48 0 6
103 121 62 1 6
103 123 66 8 6
103 127 51 0 6
104 5 57 0 6
104 12 53 0 6
104 15 42 3 6
104 20 51 0 6
104 29 36 0 6
104 38 51 2 6
104 41 45 0 6
104 46 33 0 6
104 47 54 0 6
104 50 35 0 6
104 53 58 3 6
104 57 38 0 6
104 58 41 0 6
104 71 57 0 6
104 81 68 2 6
104 82 55 0 6
104 88 37 0 6
104 92 54 0 6
104 93 42 6 6
104 94 52 0 6
101 104 69 14 6
104 115 29 4 6
104 118 54 0 6
104 121 53 0 6
104 124 52 0 6
104 126 37 7 6
104 127 40 0 6
105 5 57 6 6
105 12 65 0 6
105 15 60 0 6
105 20 63 0 6
105 29 48 0 6
105 38 67 0 6
105 41 57 0 6
105 46 45 0 6
105 47 66 0 6
105 50 47 0 6
105 57 50 0 6
105 58 53 0 6
105 71 69 0 6
105 82 67 0 6
105 87 105 16 6
105 88 49 0 6
105 89 72 1 6
105 90 61 6 6
105 92 66 0 6
105 93 66 0 6
105 94 60 2 6
105 115 49 0 6
105 118 66 0 6
105 121 65 0 6
105 124 64 0 6
105 126 63 0 6
105 127 52 0 6
106 6 74 14 6
106 8 61 12 6
106 15 55 0 6
106 29 43 0 6
106 30 73 1 6
106 41 52 0 6
106 42 65 3 6
106 45 85 4 6
106 46 40 0 6
106 50 42 0 6
106 52 80 4 6
106 54 94 13 6
106 57 45 0 6
106 58 48 0 6
106 88 44 0 6
103 106 68 8 6
106 115 44 0 6
106 118 57 2 6
106 123 74 2 6
106 126 56 1 6
106 127 47 0 6
107 8 107 12 6
107 29 89 0 6
107 33 93 23 6
107 46 86 0 6
107 50 88 0 6
107 57 81 5 6
107 58 94 0 6
107 88 90 0 6
103 107 90 20 6
106 107 100 13 6
107 115 90 0 6
107 126 96 4 6
107 127 93 0 6
108 24 119 27 6
108 64 149 20 6
109 5 117 18 6
109 8 148 13 6
109 90 119 19 6
109 92 128 11 6
109 114 104 41 6
110 5 68 7 6
110 15 61 6 6
110 29 61 0 6
110 30 89 2 6
110 36 103 13 6
110 41 70 0 6
110 46 58 0 6
110 47 71 4 6
110 50 60 0 6
110 57 63 0 6
110 58 66 0 6
110 71 68 7 6
110 73 68 8 6
110 78 82 14 6
110 82 68 6 6
110 87 122 14 6
110 88 62 0 6
110 90 68 9 6
110 92 59 10 6
110 93 67 6 6
110 96 76 5 6
110 115 62 0 6
110 118 67 6 6
110 123 92 2 6
110 124 63 7 6
110 127 65 0 6
104 112 157 16 6
113 41 149 4 6
113 57 142 4 6
113 61 166 9 6
113 81 150 17 6
106 113 165 10 6
114 5 55 13 6
114 12 77 0 6
114 20 75 0 6
114 24 50 23 6
114 29 60 0 6
114 36 92 18 6
114 38 79 0 6
114 41 69 0 6
114 43 81 7 6
114 46 57 0 6
114 47 78 0 6
114 50 59 0 6
114 57 58 2 6
114 58 65 0 6
114 73 69 7 6
114 82 79 0 6
114 87 89 30 6
114 88 61 0 6
114 90 55 15 6
114 92 60 9 6
114 93 78 0 6
114 94 76 0 6
105 114 86 8 6
114 115 61 0 6
114 118 78 0 6
114 121 77 0 6
114 126 75 0 6
114 127 64 0 6
115 5 28 0 6
115 12 24 0 6
115 15 19 0 6
115 16 32 0 6
115 20 22 0 6
115 24 43 0 6
115 29 7 0 6
115 30 39 0 6
115 34 37 0 6
115 38 26 0 6
115 41 16 0 6
115 42 35 0 6
115 43 42 0 6
115 46 4 0 6
115 47 25 0 6
115 50 6 0 6
115 53 35 0 6
115 57 9 0 6
115 58 12 0 6
115 59 42 0 6
115 61 43 0 6
115 71 28 0 6
115 73 30 0 6
115 81 39 2 6
115 82 26 0 6
115 88 8 0 6
115 89 33 0 6
115 90 32 0 6
115 92 25 0 6
115 93 25 0 6
115 94 23 0 6
115 96 32 0 6
104 115 29 4 6
106 115 44 0 6
115 118 25 0 6
115 121 24 0 6
115 123 42 0 6
115 124 23 0 6
115 126 22 0 6
115 127 11 0 6
117 12 88 12 6
117 20 84 13 6
117 50 90 2 6
117 55 100 18 6
117 58 88 6 6
117 59 98 16 6
117 78 86 29 6
117 92 91 11 6
117 124 87 12 6
118 5 45 0 6
118 12 41 0 6
118 15 36 0 6
118 16 49 0 6
118 20 39 0 6
118 29 24 0 6
118 38 43 0 6
118 41 33 0 6
118 46 21 0 6
118 47 42 0 6
118 50 23 0 6
118 51 69 8 6
118 57 26 0 6
118 58 29 0 6
118 71 45 0 6
118 73 39 4 6
118 82 33 5 6
118 88 25 0 6
118 89 50 0 6
118 90 49 0 6
118 92 42 0 6
118 93 42 0 6
118 94 40 0 6
118 96 49 0 6
106 118 57 2 6
110 118 67 6 6
115 118 25 0 6
118 121 41 0 6
118 124 40 0 6
118 126 39 0 6
118 127 28 0 6
119 18 114 15 6
119 29 86 0 6
119 33 98 19 6
119 45 110 13 6
119 46 83 0 6
119 47 94 5 6
119 50 85 0 6
119 52 111 10 6
119 57 78 5 6
119 71 93 7 6
119 82 93 6 6
119 93 94 5 6
103 119 99 14 6
106 119 99 12 6
110 119 109 16 6
121 5 44 0 6
121 15 35 0 6
121 16 48 0 6
121 20 38 0 6
121 29 23 0 6
121 41 32 0 6
121 42 49 1 6
121 46 20 0 6
121 47 41 0 6
121 50 22 0 6
121 57 25 0 6
121 58 28 0 6
121 64 51 12 6
121 71 44 0 6
121 73 46 0 6
121 82 42 0 6
121 88 24 0 6
121 89 49 0 6
121 90 48 0 6
121 92 41 0 6
121 93 41 0 6
121 94 39 0 6
121 96 32 8 6
12 121 40 0 6
103 121 62 1 6
115 121 24 0 6
118 121 41 0 6
121 124 39 0 6
121 126 38 0 6
121 127 27 0 6
122 29 97 2 6
122 33 101 25 6
122 43 116 10 6
122 52 118 14 6
122 57 97 3 6
122 72 108 19 6
106 122 114 12 6
123 15 53 0 6
123 29 41 0 6
123 34 67 2 6
123 41 50 0 6
123 46 38 0 6
123 47 55 2 6
123 50 40 0 6
123 53 51 9 6
123 57 43 0 6
123 58 46 0 6
123 59 72 2 6
123 64 81 6 6
123 71 56 3 6
123 88 42 0 6
123 89 65 1 6
123 94 55 1 6
123 96 60 3 6
103 123 66 8 6
105 123 61 11 6
115 123 42 0 6
121 123 52 3 6
123 127 45 0 6
124 5 39 2 6
124 15 32 1 6
124 20 37 0 6
124 29 22 0 6
124 30 42 6 6
124 38 41 0 6
124 41 31 0 6
124 46 19 0 6
124 47 40 0 6
124 50 21 0 6
124 57 24 0 6
124 58 27 0 6
124 71 43 0 6
124 78 59 6 6
124 82 41 0 6
124 88 23 0 6
124 90 35 6 6
124 92 32 4 6
124 93 40 0 6
124 94 38 0 6
12 124 39 0 6
110 124 63 7 6
114 124 70 3 6
115 124 23 0 6
118 124 40 0 6
121 124 39 0 6
124 126 37 0 6
124 127 26 0 6
104 125 119 13 6
106 125 128 12 6
118 125 109 12 6
126 5 42 0 6
126 15 33 0 6
126 20 36 0 6
126 29 21 0 6
126 38 40 0 6
126 41 30 0 6
126 46 18 0 6
126 47 39 0 6
126 50 20 0 6
126 52 60 3 6
126 56 80 5 6
126 57 23 0 6
126 58 26 0 6
126 71 42 0 6
126 73 40 2 6
126 82 38 1 6
126 88 22 0 6
126 92 39 0 6
126 93 39 0 6
126 94 37 0 6
10 126 65 5 6
12 126 38 0 6
104 126 37 7 6
106 126 56 1 6
115 126 22 0 6
118 126 39 0 6
121 126 38 0 6
124 126 37 0 6
126 127 25 0 6
127 5 31 0 6
127 15 22 0 6
127 16 35 0 6
127 20 25 0 6
127 29 10 0 6
127 30 34 4 6
127 34 40 0 6
127 38 29 0 6
127 41 17 1 6
127 42 38 0 6
127 46 7 0 6
127 47 28 0 6
127 50 9 0 6
127 53 38 0 6
127 57 12 0 6
127 58 15 0 6
127 61 44 1 6
127 71 31 0 6
127 73 33 0 6
127 81 44 1 6
127 82 25 2 6
127 88 11 0 6
127 89 30 3 6
127 90 35 0 6
127 92 28 0 6
127 93 28 0 6
127 94 24 1 6
127 96 35 0 6
12 127 27 0 6
104 127 40 0 6
115 127 11 0 6
118 127 28 0 6
121 127 27 0 6
124 127 26 0 6
126 127 25 0 6
10 128 165 34 6
11 129 172 53 6
130 6 119 8 6
130 30 96 6 6
130 38 83 6 6
130 53 88 8 6
130 56 127 9 6
130 73 93 3 6
130 81 100 6 6
130 88 75 1 6
130 94 88 2 6
1 130 120 18 6
101 130 117 10 6
104 130 80 13 6
115 130 69 4 6
118 130 88 3 6
