10	126
10	38
10	73
103	106
103	57
104	115
104	126
104	93
106	118
106	6
110	15
114	5
115	118
115	12
115	121
115	124
115	126
115	127
115	15
115	20
115	29
115	38
115	41
115	42
115	47
115	5
115	50
115	57
115	58
115	71
115	73
115	81
115	82
115	90
115	92
115	93
115	94
115	96
118	12
118	121
118	124
118	126
118	127
118	15
118	20
118	29
118	38
118	41
118	47
118	5
118	50
118	57
118	58
118	73
118	82
118	90
118	93
118	94
12	121
12	124
12	126
12	127
12	15
12	29
12	38
12	39
12	41
12	47
12	5
12	50
12	57
12	58
12	71
12	76
12	82
12	90
12	92
12	93
12	94
121	126
121	127
121	15
121	20
121	29
121	41
121	47
121	5
121	50
121	57
121	58
121	64
121	71
121	90
121	92
121	93
121	94
121	96
123	53
123	64
123	71
123	96
124	126
124	127
124	15
124	20
124	29
124	30
124	41
124	5
124	50
124	57
124	58
124	90
124	92
124	93
126	127
126	15
126	20
126	29
126	41
126	5
126	50
126	52
126	57
126	58
126	73
126	82
126	93
127	15
127	20
127	29
127	30
127	38
127	41
127	47
127	5
127	50
127	57
127	58
127	61
127	71
127	81
127	82
127	89
127	90
127	92
127	93
127	94
15	20
15	29
15	41
15	47
15	5
15	50
15	57
15	58
15	71
15	82
15	90
15	92
15	93
15	94
16	38
16	50
16	58
16	59
16	73
2	50
20	29
20	38
20	39
20	41
20	47
20	5
20	50
20	57
20	58
20	71
20	76
20	78
20	82
20	90
20	92
20	93
20	94
24	71
24	8
24	92
26	59
26	86
29	38
29	41
29	42
29	47
29	5
29	50
29	51
29	57
29	58
29	71
29	73
29	82
29	90
29	92
29	93
29	94
29	96
30	42
30	89
34	58
34	59
38	41
38	5
38	50
38	57
38	58
38	61
38	64
38	69
39	42
39	78
41	47
41	5
41	50
41	57
41	58
41	71
41	90
41	92
41	93
42	50
42	57
42	70
42	78
43	5
47	5
47	50
47	57
47	58
47	82
47	89
47	90
47	93
5	50
5	57
5	58
5	71
5	90
5	93
5	94
50	55
50	57
50	58
50	59
50	71
50	73
50	82
50	90
50	92
50	93
50	94
50	96
51	82
52	57
52	58
52	82
53	64
53	89
55	58
55	59
57	58
57	71
57	73
57	81
57	82
57	90
57	92
57	93
57	94
57	96
58	59
58	71
58	73
58	82
58	90
58	92
58	93
58	94
71	8
71	82
71	92
71	94
73	82
73	92
76	78
82	93
82	94
90	92
93	94
93	96
94	96
