Res1 Res2 NSingle NDouble Method
16 3 15 9 4
14 17 5 7 4
25 8 13 6 4
39 8 5 6 4
25 45 15 8 4
35 50 8 5 4
47 50 14 8 4
32 52 8 4 4
35 52 8 4 4
53 8 10 4 4
21 53 16 9 4
39 53 9 5 4
54 6 9 4 4
2 54 7 3 4
33 55 18 21 4
45 56 6 12 4
58 6 9 7 4
58 9 8 10 4
3 62 12 9 4
11 62 16 12 4
16 62 13 10 4
57 62 11 12 4
5 64 14 11 4
25 65 17 12 4
16 70 13 12 4
72 73 16 14 4
6 75 10 5 4
58 75 11 6 4
59 77 10 10 4
47 79 16 12 4
71 82 12 21 4
32 84 9 5 4
5 85 11 9 4
4 86 7 9 4
6 86 10 6 4
58 86 11 7 4
85 86 8 8 4
19 89 17 14 4
54 90 7 4 4
54 91 5 5 4
90 91 2 7 4
14 93 10 6 4
17 93 11 5 4
62 93 15 6 4
67 95 5 16 4
6 96 4 9 4
58 96 11 7 4
92 96 11 7 4
32 99 9 4 4
90 99 7 5 4
91 99 9 4 4
92 99 12 5 4
100 6 9 7 4
101 32 10 4 4
106 59 5 10 4
107 32 9 5 4
107 99 10 5 4
102 107 8 7 4
108 32 7 6 4
101 108 3 9 4
109 4 10 9 4
109 59 10 9 4
109 77 10 11 4
106 109 5 11 4
110 32 7 6 4
107 110 2 10 4
111 52 8 5 4
111 99 9 5 4
102 111 11 5 4
104 115 11 10 4
113 115 4 12 4
116 98 1 12 4
117 2 8 3 4
101 117 8 5 4
118 58 8 9 4
112 118 9 9 4
114 118 9 10 4
113 119 12 9 4
120 59 11 8 4
120 85 10 8 4
106 120 8 9 4
109 120 7 11 4
122 8 6 5 4
122 39 9 4 4
122 56 12 6 4
123 6 5 9 4
123 96 7 9 4
100 123 4 11 4
124 6 9 7 4
124 58 8 9 4
100 124 8 9 4
125 59 6 10 4
106 125 1 12 4
109 125 6 11 4
120 125 9 9 4
126 2 6 4 4
101 126 6 6 4
108 126 9 5 4
117 126 2 7 4
127 32 9 5 4
101 127 11 5 4
102 127 2 10 4
111 127 11 5 4
128 4 5 11 4
128 32 12 5 4
128 86 10 8 4
101 129 8 7 4
108 129 7 8 4
128 129 8 9 4
