Res1 Res2 NSingle NDouble Method
117 2 8 3 4
126 2 6 4 4
2 54 7 3 4
16 3 15 9 4
3 62 12 9 4
3 69 15 13 4
109 4 10 9 4
128 4 5 11 4
4 86 7 9 4
5 64 14 11 4
5 85 11 9 4
54 6 9 4 4
58 6 9 7 4
100 6 9 7 4
107 6 11 5 4
110 6 11 5 4
118 6 11 6 4
123 6 5 9 4
124 6 9 7 4
6 9 11 7 4
6 75 10 5 4
6 86 10 6 4
6 96 4 9 4
3 8 13 5 4
25 8 13 6 4
39 8 5 6 4
53 8 10 4 4
122 8 6 5 4
58 9 8 10 4
10 49 16 12 4
10 86 14 7 4
10 129 14 7 4
11 41 14 17 4
11 62 16 12 4
13 25 20 10 4
14 17 5 7 4
14 93 10 6 4
16 3 15 9 4
122 16 14 6 4
16 62 13 10 4
16 70 13 12 4
14 17 5 7 4
17 93 11 5 4
19 89 17 14 4
21 53 16 9 4
23 7 33 23 4
25 8 13 6 4
25 45 15 8 4
25 65 17 12 4
32 4 11 5 4
101 32 10 4 4
107 32 9 5 4
108 32 7 6 4
110 32 7 6 4
127 32 9 5 4
128 32 12 5 4
32 52 8 4 4
32 75 10 4 4
32 84 9 5 4
32 99 9 4 4
33 55 18 21 4
116 34 18 12 4
34 98 17 12 4
100 35 13 4 4
107 35 11 4 4
110 35 11 4 4
114 35 14 5 4
118 35 13 4 4
35 50 8 5 4
35 52 8 4 4
35 58 13 4 4
35 75 10 4 4
39 8 5 6 4
111 39 11 4 4
122 39 9 4 4
39 50 11 4 4
39 53 9 5 4
39 54 10 3 4
16 41 19 11 4
122 41 19 6 4
41 57 19 12 4
41 62 16 11 4
25 45 15 8 4
45 56 6 12 4
24 46 15 9 4
112 46 15 8 4
47 50 14 8 4
47 68 17 12 4
47 79 16 12 4
121 49 17 11 4
35 50 8 5 4
47 50 14 8 4
3 51 18 11 4
51 69 17 17 4
32 52 8 4 4
35 52 8 4 4
102 52 11 4 4
107 52 11 4 4
108 52 11 4 4
110 52 11 4 4
111 52 8 5 4
114 52 14 5 4
127 52 11 4 4
52 75 10 4 4
53 8 10 4 4
21 53 16 9 4
39 53 9 5 4
54 6 9 4 4
2 54 7 3 4
107 54 10 4 4
54 90 7 4 4
54 91 5 5 4
54 96 11 4 4
33 55 18 21 4
39 56 15 5 4
45 56 6 12 4
122 56 12 6 4
16 57 18 10 4
57 62 11 12 4
58 6 9 7 4
58 9 8 10 4
118 58 8 9 4
124 58 8 9 4
58 75 11 6 4
58 86 11 7 4
58 96 11 7 4
106 59 5 10 4
109 59 10 9 4
120 59 11 8 4
125 59 6 10 4
59 77 10 10 4
61 64 19 11 4
3 62 12 9 4
11 62 16 12 4
16 62 13 10 4
57 62 11 12 4
62 93 15 6 4
5 64 14 11 4
25 65 17 12 4
113 66 17 8 4
66 99 16 6 4
67 95 5 16 4
68 95 17 11 4
16 70 13 12 4
62 70 16 9 4
122 70 17 5 4
71 82 12 21 4
3 72 17 10 4
14 72 16 8 4
72 73 16 14 4
72 73 16 14 4
6 75 10 5 4
58 75 11 6 4
107 75 11 5 4
110 75 11 5 4
118 75 9 7 4
59 77 10 10 4
109 77 10 11 4
42 79 18 11 4
47 79 16 12 4
69 81 25 14 4
71 82 12 21 4
121 82 19 11 4
32 84 9 5 4
50 84 11 5 4
107 84 10 6 4
110 84 8 7 4
129 84 11 6 4
5 85 11 9 4
120 85 10 8 4
85 86 8 8 4
4 86 7 9 4
6 86 10 6 4
58 86 11 7 4
85 86 8 8 4
118 86 9 8 4
120 86 12 7 4
123 86 11 7 4
124 86 11 7 4
128 86 10 8 4
19 89 17 14 4
32 90 10 3 4
54 90 7 4 4
75 90 10 4 4
85 90 12 4 4
86 90 12 4 4
90 91 2 7 4
90 99 7 5 4
8 91 10 3 4
50 91 10 4 4
54 91 5 5 4
90 91 2 7 4
91 99 9 4 4
6 92 13 5 4
75 92 13 5 4
85 92 11 7 4
120 92 13 7 4
92 96 11 7 4
92 99 12 5 4
3 93 15 6 4
14 93 10 6 4
17 93 11 5 4
62 93 15 6 4
88 94 18 19 4
67 95 5 16 4
6 96 4 9 4
58 96 11 7 4
92 96 11 7 4
100 96 11 7 4
123 96 7 9 4
124 96 11 7 4
104 97 15 14 4
116 98 1 12 4
32 99 9 4 4
90 99 7 5 4
91 99 9 4 4
92 99 12 5 4
107 99 10 5 4
110 99 10 5 4
111 99 9 5 4
100 6 9 7 4
100 103 12 9 4
100 123 4 11 4
100 124 8 9 4
101 32 10 4 4
101 108 3 9 4
101 117 8 5 4
101 126 6 6 4
101 127 11 5 4
101 128 12 6 4
101 129 8 7 4
102 50 11 5 4
102 107 8 7 4
102 110 10 6 4
102 111 11 5 4
102 127 2 10 4
104 115 11 10 4
105 9 9 13 4
106 4 13 6 4
106 59 5 10 4
106 109 5 11 4
106 120 8 9 4
106 125 1 12 4
107 32 9 5 4
107 99 10 5 4
102 107 8 7 4
107 110 2 10 4
108 32 7 6 4
101 108 3 9 4
108 110 12 5 4
108 126 9 5 4
108 127 12 5 4
108 129 7 8 4
109 4 10 9 4
109 59 10 9 4
109 77 10 11 4
109 86 13 7 4
106 109 5 11 4
109 120 7 11 4
109 125 6 11 4
109 128 9 10 4
110 9 10 8 4
110 32 7 6 4
107 110 2 10 4
111 2 10 3 4
111 52 8 5 4
111 99 9 5 4
102 111 11 5 4
107 111 11 5 4
110 111 11 5 4
111 127 11 5 4
112 118 9 9 4
113 115 4 12 4
113 119 12 9 4
103 114 11 11 4
112 114 12 9 4
114 118 9 10 4
104 115 11 10 4
113 115 4 12 4
116 77 12 9 4
116 98 1 12 4
117 2 8 3 4
117 54 9 3 4
101 117 8 5 4
117 126 2 7 4
118 58 8 9 4
112 118 9 9 4
114 118 9 10 4
104 119 7 13 4
113 119 12 9 4
115 119 12 9 4
120 59 11 8 4
120 85 10 8 4
106 120 8 9 4
109 120 7 11 4
120 125 9 9 4
103 121 10 11 4
122 8 6 5 4
122 39 9 4 4
122 56 12 6 4
123 6 5 9 4
123 96 7 9 4
100 123 4 11 4
121 123 12 8 4
124 6 9 7 4
124 9 12 8 4
124 58 8 9 4
100 124 8 9 4
123 124 6 10 4
125 59 6 10 4
106 125 1 12 4
109 125 6 11 4
120 125 9 9 4
126 2 6 4 4
101 126 6 6 4
108 126 9 5 4
117 126 2 7 4
127 32 9 5 4
127 50 11 5 4
101 127 11 5 4
102 127 2 10 4
107 127 10 6 4
110 127 8 7 4
111 127 11 5 4
128 4 5 11 4
128 32 12 5 4
128 86 10 8 4
128 129 8 9 4
129 4 11 7 4
101 129 8 7 4
108 129 7 8 4
121 129 11 8 4
128 129 8 9 4
