Res1 Res2 NSingle NDouble Method
109 18 6 6 6
117 18 2 6 6
18 81 6 7 6
107 38 6 2 6
38 58 6 2 6
38 86 6 2 6
38 87 6 2 6
107 48 6 2 6
48 58 6 2 6
48 86 6 2 6
48 87 6 2 6
103 65 6 3 6
110 66 6 5 6
121 66 5 5 6
123 66 6 5 6
129 66 6 5 6
66 99 7 4 6
86 87 6 3 6
38 87 6 2 6
48 87 6 2 6
65 87 6 2 6
66 87 8 3 6
86 87 6 3 6
118 93 4 7 6
121 99 2 6 6
123 99 5 5 6
101 125 4 7 6
101 103 8 5 6
105 71 11 7 6
107 118 8 3 6
107 127 5 4 6
110 66 6 5 6
110 99 3 6 6
101 110 8 5 6
110 121 1 7 6
110 123 6 5 6
110 129 0 8 6
112 71 11 7 6
113 20 9 9 6
114 115 8 11 6
116 99 6 3 6
110 116 7 3 6
116 121 6 3 6
116 129 7 3 6
117 81 8 5 6
101 117 6 5 6
117 125 4 5 6
118 93 4 7 6
119 99 6 3 6
110 119 7 3 6
119 121 6 3 6
119 129 7 3 6
121 66 5 5 6
121 99 2 6 6
110 121 1 7 6
121 123 5 5 6
121 129 1 7 6
123 99 5 5 6
121 123 5 5 6
101 125 4 7 6
109 125 4 7 6
117 125 4 5 6
107 127 5 4 6
129 66 6 5 6
129 99 3 6 6
101 129 8 5 6
110 129 0 8 6
121 129 1 7 6
123 129 6 5 6
