Res1 Res2 NSingle NDouble Method
2 23 9 3 6
19 23 9 3 6
15 75 14 1 6
23 77 10 2 6
68 77 10 2 6
68 86 12 4 6
30 88 6 0 6
68 88 7 2 6
75 88 11 1 6
30 94 4 0 6
88 94 6 0 6
66 97 18 13 6
101 15 6 5 6
106 8 20 3 6
118 2 11 1 6
118 19 11 1 6
118 30 7 0 6
118 75 10 2 6
118 94 7 0 6
110 118 13 1 6
116 120 7 6 6
121 62 17 8 6
123 8 11 1 6
123 41 14 2 6
123 82 12 1 6
132 23 9 3 6
118 132 11 1 6
106 138 20 3 6
123 138 11 1 6
145 75 14 1 6
101 145 6 5 6
149 23 9 3 6
118 149 11 1 6
153 2 9 3 6
153 19 9 3 6
153 77 10 2 6
132 153 9 3 6
149 153 9 3 6
160 30 0 2 6
160 88 6 0 6
160 94 4 0 6
118 160 7 0 6
123 171 14 2 6
121 192 17 8 6
