Res1 Res2 NSingle NDouble Method
118 2 11 1 6
127 2 8 0 6
153 2 9 3 6
160 2 10 0 6
183 2 9 0 6
191 2 8 0 6
2 23 9 3 6
2 30 10 0 6
2 53 9 0 6
2 61 8 0 6
2 94 10 0 6
53 6 24 1 6
183 6 24 1 6
30 8 9 0 6
53 8 8 0 6
61 8 7 0 6
106 8 20 3 6
123 8 11 1 6
127 8 7 0 6
160 8 9 0 6
183 8 8 0 6
191 8 7 0 6
8 94 9 0 6
13 94 15 2 6
101 15 6 5 6
102 15 15 1 6
110 15 15 1 6
111 15 12 5 6
116 15 8 5 6
127 15 7 0 6
15 30 9 0 6
15 53 8 0 6
15 61 7 0 6
15 75 14 1 6
15 88 11 0 6
15 94 9 0 6
15 160 9 0 6
15 183 8 0 6
15 191 7 0 6
19 2 6 5 6
118 19 11 1 6
127 19 8 0 6
132 19 6 5 6
153 19 9 3 6
160 19 10 0 6
183 19 9 0 6
19 23 9 3 6
19 30 10 0 6
19 53 9 0 6
19 61 8 0 6
19 94 10 0 6
19 191 8 0 6
2 23 9 3 6
15 23 10 2 6
19 23 9 3 6
120 23 13 1 6
127 23 7 0 6
132 23 9 3 6
145 23 10 2 6
149 23 9 3 6
160 23 9 0 6
183 23 8 0 6
191 23 7 0 6
23 30 9 0 6
23 53 8 0 6
23 61 7 0 6
23 77 10 2 6
23 88 11 0 6
23 94 9 0 6
118 30 7 0 6
123 30 8 0 6
127 30 2 0 6
160 30 0 2 6
183 30 3 0 6
191 30 2 0 6
30 53 3 0 6
30 61 2 0 6
30 88 6 0 6
30 94 4 0 6
30 36 21 2 6
128 36 26 5 6
160 36 21 2 6
41 8 17 1 6
123 41 14 2 6
127 41 12 0 6
138 41 17 1 6
191 41 12 0 6
41 61 12 0 6
49 94 20 1 6
59 82 19 2 6
121 62 17 8 6
66 97 18 13 6
30 68 9 0 6
53 68 8 0 6
61 68 7 0 6
127 68 7 0 6
160 68 9 0 6
183 68 8 0 6
191 68 7 0 6
68 77 10 2 6
68 78 11 3 6
68 86 12 4 6
68 88 7 2 6
68 94 9 0 6
118 71 24 2 6
123 71 25 2 6
112 74 15 6 6
15 75 14 1 6
30 75 11 0 6
53 75 10 0 6
61 75 9 0 6
118 75 10 2 6
127 75 9 0 6
145 75 14 1 6
160 75 11 0 6
183 75 10 0 6
191 75 9 0 6
75 88 11 1 6
75 94 11 0 6
15 77 10 2 6
23 77 10 2 6
30 77 9 0 6
53 77 8 0 6
61 77 7 0 6
68 77 10 2 6
127 77 7 0 6
145 77 10 2 6
153 77 10 2 6
160 77 9 0 6
183 77 8 0 6
191 77 7 0 6
77 78 11 3 6
77 94 9 0 6
30 78 12 0 6
53 78 11 0 6
61 78 10 0 6
127 78 10 0 6
160 78 12 0 6
183 78 11 0 6
191 78 10 0 6
78 83 12 5 6
78 86 15 4 6
78 94 12 0 6
8 82 13 1 6
30 82 10 0 6
53 82 9 0 6
61 82 8 0 6
123 82 12 1 6
127 82 8 0 6
138 82 13 1 6
160 82 10 0 6
183 82 9 0 6
191 82 8 0 6
82 94 10 0 6
15 83 5 7 6
53 83 13 0 6
61 83 12 0 6
68 83 17 1 6
127 83 12 0 6
145 83 5 7 6
183 83 13 0 6
191 83 12 0 6
68 86 12 4 6
30 88 6 0 6
53 88 5 0 6
61 88 4 0 6
68 88 7 2 6
75 88 11 1 6
78 88 12 1 6
127 88 4 0 6
160 88 6 0 6
183 88 5 0 6
191 88 4 0 6
88 94 6 0 6
114 93 23 6 6
30 94 4 0 6
53 94 3 0 6
61 94 2 0 6
88 94 6 0 6
118 94 7 0 6
123 94 8 0 6
127 94 2 0 6
160 94 4 0 6
183 94 3 0 6
191 94 2 0 6
15 96 10 3 6
30 96 11 0 6
53 96 10 0 6
61 96 9 0 6
75 96 14 2 6
94 96 11 0 6
101 96 12 3 6
112 96 13 3 6
120 96 13 2 6
127 96 9 0 6
145 96 10 3 6
160 96 11 0 6
183 96 10 0 6
191 96 9 0 6
66 97 18 13 6
101 15 6 5 6
101 19 15 1 6
101 30 11 0 6
101 53 10 0 6
101 61 9 0 6
101 83 11 5 6
101 94 11 0 6
101 112 9 5 6
101 127 9 0 6
101 145 6 5 6
101 149 15 1 6
101 160 11 0 6
101 183 10 0 6
101 191 9 0 6
102 53 9 1 6
102 61 10 0 6
102 112 16 2 6
102 120 14 2 6
102 127 10 0 6
102 183 9 1 6
102 191 10 0 6
106 8 20 3 6
106 138 20 3 6
107 8 19 1 6
107 82 18 2 6
107 138 19 1 6
108 73 24 11 6
110 53 11 0 6
110 61 10 0 6
110 74 21 3 6
110 75 15 2 6
110 112 16 2 6
110 118 13 1 6
110 127 10 0 6
110 183 11 0 6
110 191 10 0 6
112 23 13 2 6
112 30 12 0 6
112 53 11 0 6
112 61 10 0 6
112 75 11 4 6
112 94 12 0 6
112 120 10 4 6
112 127 10 0 6
112 153 13 2 6
112 160 12 0 6
112 183 11 0 6
112 191 10 0 6
114 61 15 0 6
114 127 15 0 6
114 191 15 0 6
116 30 13 0 6
116 53 12 0 6
116 61 11 0 6
116 94 13 0 6
116 120 7 6 6
116 127 11 0 6
116 160 13 0 6
116 183 12 0 6
116 191 11 0 6
118 2 11 1 6
118 19 11 1 6
118 30 7 0 6
118 53 6 0 6
118 61 5 0 6
118 75 10 2 6
118 88 9 0 6
118 94 7 0 6
110 118 13 1 6
118 127 5 0 6
118 132 11 1 6
118 149 11 1 6
118 160 7 0 6
118 183 6 0 6
118 191 5 0 6
119 61 16 0 6
112 119 16 5 6
119 127 16 0 6
119 191 16 0 6
120 15 9 3 6
120 30 10 0 6
120 53 9 0 6
120 61 8 0 6
120 77 11 2 6
120 94 10 0 6
101 120 5 6 6
116 120 7 6 6
120 127 8 0 6
120 145 9 3 6
120 160 10 0 6
120 183 9 0 6
120 191 8 0 6
121 62 17 8 6
121 192 17 8 6
123 8 11 1 6
123 41 14 2 6
123 53 7 0 6
123 61 6 0 6
123 68 11 1 6
123 82 12 1 6
123 127 6 0 6
123 138 11 1 6
123 171 14 2 6
123 183 7 0 6
123 191 6 0 6
124 41 19 6 6
118 124 22 1 6
123 124 19 3 6
124 171 19 6 6
126 74 14 9 6
126 83 15 6 6
132 23 9 3 6
132 30 10 0 6
132 53 9 0 6
132 61 8 0 6
132 94 10 0 6
118 132 11 1 6
127 132 8 0 6
132 153 9 3 6
132 160 10 0 6
132 183 9 0 6
132 191 8 0 6
136 53 24 1 6
136 183 24 1 6
138 30 9 0 6
138 53 8 0 6
138 61 7 0 6
138 94 9 0 6
106 138 20 3 6
123 138 11 1 6
127 138 7 0 6
138 160 9 0 6
138 183 8 0 6
138 191 7 0 6
143 94 15 2 6
145 30 9 0 6
145 53 8 0 6
145 61 7 0 6
145 75 14 1 6
145 88 11 0 6
145 94 9 0 6
101 145 6 5 6
102 145 15 1 6
110 145 15 1 6
111 145 12 5 6
116 145 8 5 6
127 145 7 0 6
145 160 9 0 6
145 183 8 0 6
145 191 7 0 6
149 2 6 5 6
149 23 9 3 6
149 30 10 0 6
149 53 9 0 6
149 61 8 0 6
149 94 10 0 6
118 149 11 1 6
127 149 8 0 6
132 149 6 5 6
149 153 9 3 6
149 160 10 0 6
149 183 9 0 6
149 191 8 0 6
153 2 9 3 6
153 19 9 3 6
153 30 9 0 6
153 53 8 0 6
153 61 7 0 6
153 77 10 2 6
153 88 11 0 6
153 94 9 0 6
15 153 10 2 6
120 153 13 1 6
127 153 7 0 6
132 153 9 3 6
145 153 10 2 6
149 153 9 3 6
153 160 9 0 6
153 183 8 0 6
153 191 7 0 6
160 30 0 2 6
160 53 3 0 6
160 61 2 0 6
160 88 6 0 6
160 94 4 0 6
118 160 7 0 6
123 160 8 0 6
127 160 2 0 6
160 183 3 0 6
160 191 2 0 6
166 30 21 2 6
128 166 26 5 6
160 166 21 2 6
171 8 17 1 6
171 61 12 0 6
123 171 14 2 6
127 171 12 0 6
138 171 17 1 6
171 191 12 0 6
179 94 20 1 6
189 82 19 2 6
121 192 17 8 6
