Res1 Res2 NSingle NDouble Method
1 59 17 28 2
3 90 15 24 2
5 50 5 18 2
5 91 6 18 2
39 7 21 35 2
37 9 25 28 2
11 32 2 21 2
12 23 22 23 2
12 69 24 18 2
12 88 18 24 2
16 29 19 36 2
117 18 2 6 2
19 76 13 17 2
23 25 15 24 2
23 36 15 23 2
23 88 14 22 2
23 25 15 24 2
25 36 12 26 2
11 26 12 19 2
26 32 12 20 2
28 40 14 21 2
16 29 19 36 2
11 32 2 21 2
23 36 15 23 2
25 36 12 26 2
34 36 16 20 2
36 77 16 20 2
37 49 13 25 2
37 96 15 18 2
107 38 3 4 2
38 48 0 5 2
39 6 18 36 2
28 40 14 21 2
40 43 10 23 2
40 43 10 23 2
115 43 17 13 2
38 48 0 5 2
107 48 3 4 2
37 49 13 25 2
5 50 5 18 2
39 51 20 36 2
57 75 13 16 2
1 59 17 28 2
59 91 18 20 2
67 89 4 17 2
53 69 11 16 2
54 69 11 15 2
102 74 12 19 2
78 96 7 19 2
38 86 4 4 2
48 86 4 4 2
107 86 5 4 2
38 87 4 4 2
48 87 4 4 2
107 87 5 4 2
67 89 4 17 2
3 90 15 24 2
68 90 14 29 2
5 91 6 18 2
78 96 7 19 2
121 99 1 7 2
100 82 6 11 2
105 112 0 10 2
107 38 3 4 2
107 48 3 4 2
107 86 5 4 2
107 87 5 4 2
108 128 8 8 2
110 99 3 6 2
110 121 2 6 2
110 129 0 7 2
111 120 4 14 2
105 112 0 10 2
113 122 3 16 2
114 115 3 14 2
114 115 3 14 2
116 119 0 7 2
117 18 2 6 2
117 125 3 4 2
116 119 0 7 2
111 120 4 14 2
121 99 1 7 2
110 121 2 6 2
121 129 2 6 2
113 122 3 16 2
118 126 6 7 2
129 99 3 6 2
110 129 0 7 2
121 129 2 6 2
130 8 23 27 2
