Res1 Res2 NSingle NDouble Method
15 8 11 1 6
30 8 19 1 6
52 8 13 2 6
15 52 16 0 6
53 8 15 2 6
15 53 16 1 6
60 8 20 1 6
53 60 23 2 6
60 68 24 5 6
8 87 13 0 6
15 87 12 0 6
20 87 26 1 6
52 87 16 0 6
67 87 21 2 6
68 87 21 2 6
8 88 16 2 6
15 88 17 1 6
53 88 21 2 6
8 94 13 1 6
15 94 12 1 6
52 94 18 0 6
53 94 18 1 6
87 94 14 0 6
88 94 19 1 6
87 97 26 1 6
104 8 18 0 6
104 15 17 0 6
104 68 20 5 6
104 94 19 0 6
105 8 16 0 6
105 15 15 0 6
105 52 19 0 6
105 53 21 0 6
105 60 18 3 6
105 82 21 0 6
105 87 15 0 6
107 8 14 0 6
107 15 13 0 6
107 52 17 0 6
107 53 19 0 6
107 82 19 0 6
107 87 13 0 6
107 94 15 0 6
104 107 16 1 6
105 111 29 2 6
112 94 20 2 6
105 112 15 5 6
107 112 15 4 6
113 8 19 0 6
113 15 18 0 6
113 34 26 2 6
113 88 21 2 6
113 94 20 0 6
105 113 21 0 6
107 113 19 0 6
114 8 20 0 6
114 15 19 0 6
114 68 18 7 6
114 94 21 0 6
105 114 16 3 6
107 114 12 4 6
112 114 17 6 6
122 8 20 0 6
122 15 19 0 6
122 52 19 2 6
122 60 18 5 6
122 67 26 3 6
122 68 22 5 6
122 94 21 0 6
104 122 16 4 6
107 122 20 0 6
114 122 20 3 6
123 35 33 6 6
123 53 19 5 6
107 123 20 2 6
127 8 8 2 6
127 15 9 1 6
127 52 13 1 6
127 53 13 2 6
127 87 11 0 6
127 88 14 2 6
127 94 11 1 6
104 127 16 0 6
105 127 14 0 6
107 127 12 0 6
113 127 17 0 6
114 127 18 0 6
122 127 18 0 6
