104	107
104	122
104	127
104	15
104	68
104	8
104	94
105	111
105	112
105	113
105	114
105	127
105	15
105	52
105	53
105	60
105	8
105	82
105	87
107	112
107	113
107	114
107	122
107	123
107	127
107	15
107	52
107	53
107	8
107	82
107	87
107	94
112	114
112	94
113	127
113	15
113	34
113	8
113	88
113	94
114	122
114	127
114	15
114	68
114	8
114	94
122	127
122	15
122	52
122	60
122	67
122	68
122	8
122	94
123	35
123	53
127	15
127	52
127	53
127	8
127	87
127	88
127	94
15	52
15	53
15	8
15	87
15	88
15	94
20	87
30	8
52	8
52	87
52	94
53	60
53	8
53	88
53	94
60	68
60	8
67	87
68	87
8	87
8	88
8	94
87	94
87	97
88	94
