Res1 Res2 NSingle NDouble Method
104 5 34 5 6
5 60 36 6 6
5 68 40 6 6
107 7 46 5 6
15 8 11 1 6
30 8 19 1 6
52 8 13 2 6
53 8 15 2 6
60 8 20 1 6
61 8 7 0 6
104 8 18 0 6
105 8 16 0 6
107 8 14 0 6
113 8 19 0 6
114 8 20 0 6
122 8 20 0 6
127 8 8 2 6
8 82 17 1 6
8 87 13 0 6
8 88 16 2 6
8 94 13 1 6
13 8 46 6 6
15 8 11 1 6
104 15 17 0 6
105 15 15 0 6
107 15 13 0 6
113 15 18 0 6
114 15 19 0 6
122 15 19 0 6
127 15 9 1 6
15 52 16 0 6
15 53 16 1 6
15 61 6 0 6
15 82 16 1 6
15 87 12 0 6
15 88 17 1 6
15 94 12 1 6
104 18 27 4 6
18 20 34 6 6
20 8 27 1 6
20 61 22 0 6
20 87 26 1 6
22 8 32 2 6
122 22 32 5 6
22 52 33 3 6
22 60 34 5 6
23 28 50 16 6
24 59 31 9 6
24 61 32 0 6
127 25 23 4 6
25 61 26 0 6
127 28 33 1 6
28 61 30 0 6
29 41 40 6 6
30 8 19 1 6
127 30 17 1 6
30 53 24 1 6
30 61 14 0 6
102 34 30 3 6
105 34 25 1 6
113 34 26 2 6
127 34 21 1 6
34 61 18 0 6
34 94 24 1 6
123 35 33 6 6
35 53 34 3 6
35 61 28 0 6
127 36 32 1 6
36 87 27 4 6
37 61 34 0 6
100 40 40 11 6
40 61 30 0 6
40 70 33 9 6
40 94 36 1 6
41 8 24 1 6
15 41 23 1 6
127 41 20 2 6
41 53 25 3 6
41 61 19 0 6
41 94 19 4 6
15 42 29 1 6
123 42 34 4 6
42 53 27 5 6
46 87 31 3 6
104 47 41 9 6
104 48 38 5 6
122 48 38 6 6
49 87 36 4 6
127 50 24 1 6
50 59 30 4 6
50 61 21 0 6
52 8 13 2 6
15 52 16 0 6
30 52 20 2 6
105 52 19 0 6
107 52 17 0 6
122 52 19 2 6
127 52 13 1 6
52 61 10 0 6
52 87 16 0 6
52 94 18 0 6
53 8 15 2 6
15 53 16 1 6
52 53 20 1 6
105 53 21 0 6
107 53 19 0 6
122 53 23 1 6
123 53 19 5 6
127 53 13 2 6
53 60 23 2 6
53 61 12 0 6
53 82 22 1 6
53 87 18 0 6
53 88 21 2 6
53 94 18 1 6
127 56 33 3 6
59 8 22 1 6
15 59 23 0 6
105 59 26 0 6
107 59 24 0 6
127 59 20 1 6
59 61 17 0 6
59 72 28 9 6
59 87 23 0 6
59 94 25 0 6
60 8 20 1 6
52 60 23 1 6
53 60 23 2 6
105 60 18 3 6
107 60 20 1 6
114 60 24 2 6
122 60 18 5 6
127 60 18 1 6
60 61 15 0 6
60 68 24 5 6
61 63 31 0 6
63 94 37 1 6
61 65 36 0 6
15 67 25 0 6
61 67 19 0 6
104 67 24 3 6
114 67 26 3 6
122 67 26 3 6
127 67 24 0 6
67 82 21 5 6
67 87 21 2 6
68 8 26 0 6
15 68 25 0 6
60 68 24 5 6
61 68 19 0 6
104 68 20 5 6
105 68 20 4 6
114 68 18 7 6
122 68 22 5 6
127 68 24 0 6
68 85 38 1 6
68 87 21 2 6
68 94 27 0 6
61 70 21 0 6
104 70 30 1 6
107 70 26 1 6
70 94 27 1 6
105 71 43 7 6
72 8 32 2 6
52 72 35 2 6
105 73 29 7 6
107 73 33 4 6
73 94 38 2 6
59 74 43 11 6
61 76 26 0 6
68 80 39 9 6
112 80 40 7 6
114 80 37 7 6
30 82 26 0 6
52 82 22 0 6
61 82 12 0 6
105 82 21 0 6
107 82 19 0 6
113 82 24 0 6
114 82 25 0 6
122 82 25 0 6
127 82 15 1 6
82 87 18 0 6
8 85 28 0 6
15 85 27 0 6
52 85 27 2 6
61 85 21 0 6
82 85 27 3 6
104 85 30 1 6
107 85 28 0 6
127 85 26 0 6
85 87 27 0 6
85 94 29 0 6
61 86 34 0 6
107 86 35 3 6
8 87 13 0 6
15 87 12 0 6
18 87 28 1 6
20 87 26 1 6
52 87 16 0 6
61 87 6 0 6
67 87 21 2 6
68 87 21 2 6
105 87 15 0 6
107 87 13 0 6
127 87 11 0 6
87 94 14 0 6
87 97 26 1 6
8 88 16 2 6
15 88 17 1 6
52 88 21 1 6
53 88 21 2 6
61 88 13 0 6
82 88 23 1 6
113 88 21 2 6
127 88 14 2 6
88 94 19 1 6
53 90 44 7 6
8 94 13 1 6
15 94 12 1 6
52 94 18 0 6
53 94 18 1 6
61 94 8 0 6
82 94 18 1 6
87 94 14 0 6
88 94 19 1 6
104 94 19 0 6
105 94 15 1 6
107 94 15 0 6
112 94 20 2 6
113 94 20 0 6
114 94 21 0 6
122 94 21 0 6
127 94 11 1 6
15 96 32 2 6
10 97 43 6 6
30 97 30 3 6
61 97 22 0 6
87 97 26 1 6
100 61 32 0 6
100 94 38 1 6
102 8 23 1 6
102 15 24 0 6
102 61 18 0 6
102 87 24 0 6
102 94 24 1 6
102 107 25 0 6
102 127 23 0 6
104 8 18 0 6
104 15 17 0 6
104 52 21 0 6
104 61 11 0 6
104 68 20 5 6
104 82 21 1 6
104 87 17 0 6
104 94 19 0 6
104 105 18 1 6
104 107 16 1 6
104 114 14 5 6
104 122 16 4 6
104 127 16 0 6
105 8 16 0 6
105 15 15 0 6
105 52 19 0 6
105 53 21 0 6
105 60 18 3 6
105 61 9 0 6
105 82 21 0 6
105 87 15 0 6
105 111 29 2 6
105 112 15 5 6
105 113 21 0 6
105 114 16 3 6
105 127 14 0 6
107 8 14 0 6
107 15 13 0 6
107 52 17 0 6
107 53 19 0 6
107 61 7 0 6
107 82 19 0 6
107 87 13 0 6
107 88 20 0 6
107 94 15 0 6
104 107 16 1 6
105 107 14 1 6
107 112 15 4 6
107 113 19 0 6
107 114 12 4 6
107 122 20 0 6
107 123 20 2 6
107 127 12 0 6
111 60 33 3 6
111 61 24 0 6
105 111 29 2 6
112 8 23 0 6
112 15 22 0 6
112 61 16 0 6
112 87 22 0 6
112 94 20 2 6
104 112 21 3 6
105 112 15 5 6
107 112 15 4 6
112 114 17 6 6
112 127 21 0 6
113 8 19 0 6
113 15 18 0 6
113 34 26 2 6
113 52 22 0 6
113 61 12 0 6
113 87 18 0 6
113 88 21 2 6
113 94 20 0 6
105 113 21 0 6
107 113 19 0 6
113 127 17 0 6
114 8 20 0 6
114 15 19 0 6
114 52 23 0 6
114 61 13 0 6
114 68 18 7 6
114 87 19 0 6
114 94 21 0 6
105 114 16 3 6
107 114 12 4 6
112 114 17 6 6
114 122 20 3 6
114 127 18 0 6
118 30 31 4 6
118 61 25 0 6
118 87 31 0 6
118 127 30 0 6
119 15 44 2 6
122 8 20 0 6
122 15 19 0 6
122 52 19 2 6
122 60 18 5 6
122 61 13 0 6
122 67 26 3 6
122 68 22 5 6
122 87 19 0 6
122 94 21 0 6
104 122 16 4 6
105 122 20 1 6
107 122 20 0 6
114 122 20 3 6
122 127 18 0 6
123 35 33 6 6
123 53 19 5 6
123 61 17 0 6
123 87 23 0 6
107 123 20 2 6
124 53 51 3 6
125 8 31 3 6
125 61 30 0 6
126 61 38 0 6
102 126 46 5 6
127 8 8 2 6
127 15 9 1 6
127 52 13 1 6
127 53 13 2 6
127 61 5 0 6
127 87 11 0 6
127 88 14 2 6
127 94 11 1 6
104 127 16 0 6
105 127 14 0 6
107 127 12 0 6
113 127 17 0 6
114 127 18 0 6
122 127 18 0 6
128 8 41 1 6
128 15 40 1 6
128 61 36 0 6
129 61 23 0 6
107 129 28 1 6
113 129 31 2 6
