Res1 Res2 NSingle NDouble Method
18 7 0 7 5
21 7 0 7 5
18 21 0 7 5
3 32 2 5 5
31 37 0 11 5
17 45 0 6 5
44 48 0 5 5
30 53 0 7 5
17 57 1 5 5
45 57 1 5 5
43 64 0 5 5
32 65 3 5 5
30 69 0 7 5
53 69 0 7 5
65 75 2 6 5
17 81 0 6 5
45 81 0 6 5
57 81 1 5 5
74 92 2 4 5
31 93 0 11 5
37 93 0 11 5
43 96 0 5 5
64 96 0 5 5
17 99 0 6 5
45 99 0 6 5
81 99 0 6 5
103 19 2 6 5
108 4 3 6 5
108 19 3 6 5
103 108 1 7 5
106 109 0 5 5
110 32 2 5 5
110 65 1 6 5
111 35 0 11 5
112 87 0 7 5
113 30 0 7 5
113 53 0 7 5
113 69 0 7 5
117 17 1 5 5
117 45 1 5 5
117 62 0 5 5
117 81 1 5 5
119 43 0 5 5
119 64 0 5 5
119 96 0 5 5
120 22 0 8 5
123 44 0 5 5
123 48 0 5 5
125 9 0 5 5
