Res1 Res2 NSingle NDouble Method
18 7 0 8 5
21 7 0 8 5
18 21 0 8 5
16 22 5 5 5
36 6 4 13 5
31 37 2 11 5
25 41 0 9 5
48 9 3 4 5
44 48 0 5 5
28 49 1 11 5
13 51 0 10 5
30 53 0 7 5
22 60 5 5 5
64 9 2 5 5
43 64 0 6 5
32 65 3 5 5
30 69 0 7 5
53 69 0 7 5
12 74 4 5 5
3 75 4 6 5
28 85 2 10 5
7 87 3 6 5
18 87 3 6 5
21 87 3 6 5
31 93 0 12 5
22 95 3 7 5
43 96 0 6 5
64 96 0 6 5
19 98 2 7 5
94 98 2 7 5
17 99 0 7 5
100 85 1 11 5
101 23 3 8 5
103 19 2 7 5
103 98 4 6 5
104 13 0 10 5
104 51 0 10 5
106 44 2 4 5
106 48 2 4 5
107 27 1 19 5
103 108 2 8 5
109 44 2 4 5
109 48 2 4 5
106 109 0 5 5
110 32 2 5 5
110 65 1 6 5
111 35 2 12 5
112 7 3 6 5
112 18 3 6 5
112 21 3 6 5
112 25 4 6 5
112 41 4 6 5
112 87 0 7 5
113 30 0 7 5
113 53 0 7 5
113 69 0 7 5
117 62 0 6 5
119 43 0 6 5
119 64 0 6 5
119 96 0 6 5
120 22 0 8 5
123 44 0 5 5
123 48 0 5 5
106 123 2 4 5
109 123 2 4 5
125 9 0 6 5
125 48 3 4 5
125 64 2 5 5
129 63 6 6 5
1 129 5 5 5
