Res1 Res2 NSingle NDouble Method
1 129 5 5 5
3 75 4 6 5
103 4 6 5 5
108 4 4 7 5
4 94 6 5 5
36 6 4 13 5
18 7 0 8 5
21 7 0 8 5
112 7 3 6 5
7 87 3 6 5
43 9 2 5 5
44 9 3 4 5
48 9 3 4 5
64 9 2 5 5
119 9 2 5 5
123 9 3 4 5
125 9 0 6 5
9 96 2 5 5
12 40 4 5 5
12 57 4 4 5
12 74 4 5 5
12 92 4 5 5
104 13 0 10 5
13 51 0 10 5
16 8 6 4 5
120 16 5 5 5
16 22 5 5 5
117 17 1 6 5
17 45 0 7 5
17 62 1 6 5
17 81 0 7 5
17 99 0 7 5
18 7 0 8 5
112 18 3 6 5
18 21 0 8 5
18 87 3 6 5
103 19 2 7 5
108 19 4 7 5
19 94 4 6 5
19 98 2 7 5
102 20 3 19 5
21 7 0 8 5
18 21 0 8 5
112 21 3 6 5
21 87 3 6 5
16 22 5 5 5
120 22 0 8 5
22 60 5 5 5
22 95 3 7 5
101 23 3 8 5
103 23 5 6 5
112 25 4 6 5
25 41 0 9 5
25 87 4 6 5
107 27 1 19 5
100 28 3 10 5
28 49 1 11 5
28 85 2 10 5
113 30 0 7 5
30 53 0 7 5
30 69 0 7 5
31 37 2 11 5
31 93 0 12 5
110 32 2 5 5
32 65 3 5 5
111 35 2 12 5
36 6 4 13 5
31 37 2 11 5
37 93 2 11 5
25 41 0 9 5
112 41 4 6 5
41 87 4 6 5
119 43 0 6 5
43 64 0 6 5
43 96 0 6 5
106 44 2 4 5
109 44 2 4 5
123 44 0 5 5
44 48 0 5 5
48 9 3 4 5
44 48 0 5 5
106 48 2 4 5
109 48 2 4 5
123 48 0 5 5
125 48 3 4 5
28 49 1 11 5
100 49 2 11 5
13 51 0 10 5
104 51 0 10 5
30 53 0 7 5
113 53 0 7 5
53 69 0 7 5
59 91 4 10 5
60 8 6 4 5
22 60 5 5 5
120 60 5 5 5
117 62 0 6 5
129 63 6 6 5
64 9 2 5 5
43 64 0 6 5
119 64 0 6 5
125 64 2 5 5
64 96 0 6 5
32 65 3 5 5
110 65 1 6 5
30 69 0 7 5
53 69 0 7 5
113 69 0 7 5
12 74 4 5 5
3 75 4 6 5
59 76 3 12 5
65 77 5 5 5
57 81 2 5 5
28 85 2 10 5
49 85 3 10 5
100 85 1 11 5
7 87 3 6 5
18 87 3 6 5
21 87 3 6 5
112 87 0 7 5
74 92 2 6 5
31 93 0 12 5
94 98 2 7 5
16 95 6 5 5
22 95 3 7 5
60 95 4 6 5
120 95 3 7 5
43 96 0 6 5
64 96 0 6 5
119 96 0 6 5
19 98 2 7 5
94 98 2 7 5
103 98 4 6 5
17 99 0 7 5
45 99 0 7 5
57 99 2 5 5
81 99 0 7 5
100 85 1 11 5
101 23 3 8 5
101 103 6 6 5
103 19 2 7 5
103 98 4 6 5
103 108 2 8 5
104 13 0 10 5
104 51 0 10 5
106 43 3 4 5
106 44 2 4 5
106 48 2 4 5
106 64 3 4 5
106 96 3 4 5
106 109 0 5 5
106 119 3 4 5
106 123 2 4 5
107 27 1 19 5
108 94 6 6 5
103 108 2 8 5
109 44 2 4 5
109 48 2 4 5
106 109 0 5 5
109 123 2 4 5
110 32 2 5 5
110 65 1 6 5
111 35 2 12 5
112 7 3 6 5
112 18 3 6 5
112 21 3 6 5
112 25 4 6 5
112 41 4 6 5
112 87 0 7 5
113 30 0 7 5
113 53 0 7 5
113 69 0 7 5
117 62 0 6 5
119 43 0 6 5
119 64 0 6 5
119 96 0 6 5
120 22 0 8 5
123 44 0 5 5
123 48 0 5 5
106 123 2 4 5
109 123 2 4 5
124 43 4 5 5
124 64 4 5 5
124 96 4 5 5
119 124 4 5 5
125 9 0 6 5
125 43 2 5 5
125 44 3 4 5
125 48 3 4 5
125 64 2 5 5
125 96 2 5 5
119 125 2 5 5
123 125 3 4 5
126 37 4 10 5
129 19 5 5 5
129 63 6 6 5
1 129 5 5 5
