Res1 Res2 NSingle NDouble Method
1 131 0 13 2
132 2 0 21 2
133 3 0 10 2
134 4 0 37 2
135 5 0 27 2
136 6 0 22 2
137 7 0 22 2
138 8 0 6 2
139 9 0 18 2
10 140 0 10 2
11 141 0 24 2
12 142 0 25 2
13 143 0 15 2
14 144 0 28 2
145 15 0 8 2
146 16 0 14 2
147 17 0 28 2
148 18 0 19 2
149 19 0 11 2
150 20 0 13 2
151 21 0 34 2
152 22 0 11 2
153 23 0 27 2
154 24 0 27 2
155 25 0 13 2
156 26 0 9 2
157 27 0 14 2
158 28 0 19 2
159 29 0 10 2
160 30 0 6 2
161 31 0 28 2
162 32 0 24 2
163 33 0 9 2
164 34 0 17 2
165 35 0 41 2
166 36 0 15 2
167 37 0 4 2
168 38 0 43 2
169 39 0 14 2
170 40 0 19 2
172 42 0 34 2
173 43 0 14 2
174 44 0 11 2
175 45 0 30 2
176 46 0 19 2
177 47 0 14 2
178 48 0 15 2
179 49 0 13 2
180 50 0 38 2
181 51 0 21 2
182 52 0 16 2
183 53 0 3 2
184 54 0 14 2
185 55 0 4 2
186 56 0 8 2
187 57 0 26 2
188 58 0 26 2
189 59 0 23 2
190 60 0 20 2
192 62 0 21 2
193 63 0 6 2
194 64 0 15 2
195 65 0 28 2
1 131 0 13 2
132 2 0 21 2
133 3 0 10 2
134 4 0 37 2
135 5 0 27 2
136 6 0 22 2
137 7 0 22 2
138 8 0 6 2
139 9 0 18 2
10 140 0 10 2
11 141 0 24 2
12 142 0 25 2
13 143 0 15 2
14 144 0 28 2
145 15 0 8 2
146 16 0 14 2
147 17 0 28 2
148 18 0 19 2
149 19 0 11 2
150 20 0 13 2
151 21 0 34 2
152 22 0 11 2
153 23 0 27 2
154 24 0 27 2
155 25 0 13 2
156 26 0 9 2
157 27 0 14 2
158 28 0 19 2
159 29 0 10 2
160 30 0 6 2
161 31 0 28 2
162 32 0 24 2
163 33 0 9 2
164 34 0 17 2
165 35 0 41 2
166 36 0 15 2
167 37 0 4 2
168 38 0 43 2
169 39 0 14 2
170 40 0 19 2
172 42 0 34 2
173 43 0 14 2
174 44 0 11 2
175 45 0 30 2
176 46 0 19 2
177 47 0 14 2
178 48 0 15 2
179 49 0 13 2
180 50 0 38 2
181 51 0 21 2
182 52 0 16 2
183 53 0 3 2
184 54 0 14 2
185 55 0 4 2
186 56 0 8 2
187 57 0 26 2
188 58 0 26 2
189 59 0 23 2
190 60 0 20 2
192 62 0 21 2
193 63 0 6 2
194 64 0 15 2
195 65 0 28 2
