100	127
100	71
103	121
103	55
103	76
105	111
105	116
105	118
105	121
105	127
105	15
105	16
105	27
105	33
105	55
105	76
105	82
105	98
106	66
106	76
107	117
107	23
108	123
108	39
111	121
111	33
116	121
116	127
116	15
116	44
116	74
116	77
116	93
116	94
116	98
117	23
117	47
118	121
118	123
118	127
118	15
118	30
118	40
118	53
118	8
118	88
118	94
119	40
12	71
12	82
12	88
12	99
121	127
121	16
121	27
121	44
121	76
122	81
123	127
123	15
123	27
123	30
123	53
123	76
123	8
123	94
123	98
125	61
125	8
127	15
127	16
127	30
127	53
127	76
127	8
127	88
127	94
127	99
128	31
128	40
129	50
130	47
15	30
15	44
15	53
15	64
15	76
15	8
15	94
15	98
16	27
16	33
17	21
18	99
19	88
19	89
22	37
22	41
22	50
22	53
22	84
23	47
23	67
23	82
24	88
25	53
25	79
27	41
27	94
27	98
30	53
30	8
30	84
30	88
30	94
31	40
33	47
33	65
44	63
44	71
44	84
44	94
44	97
44	98
46	63
47	48
47	64
47	65
47	97
48	88
48	89
48	98
48	99
50	53
50	61
50	76
50	81
50	84
53	61
53	76
53	8
53	84
53	93
53	94
61	64
61	7
61	72
61	8
61	84
63	8
64	65
64	97
64	98
65	77
65	93
67	82
7	8
71	99
72	74
74	88
74	93
76	88
77	93
77	99
8	82
8	88
8	94
82	98
84	94
84	98
88	94
88	99
94	98
