Res1 Res2 NSingle NDouble Method
1 97 45 10 5
1 127 40 5 5
122 2 66 14 5
2 84 58 14 5
16 3 40 14 5
116 3 46 7 5
121 3 43 8 5
3 55 43 14 5
125 4 63 21 5
129 4 67 22 5
4 8 73 5 5
16 6 48 14 5
20 6 38 23 5
111 6 50 14 5
12 7 37 7 5
39 7 41 9 5
61 7 31 8 5
125 7 40 8 5
7 8 26 4 5
7 89 37 10 5
7 8 26 4 5
15 8 10 0 5
30 8 11 1 5
53 8 13 1 5
61 8 15 4 5
63 8 26 3 5
118 8 5 1 5
123 8 13 0 5
125 8 24 4 5
127 8 14 1 5
8 82 16 2 5
8 84 19 1 5
8 88 18 1 5
8 94 7 1 5
10 55 45 10 5
10 74 42 7 5
10 76 38 8 5
10 123 40 4 5
107 11 37 10 5
11 23 38 5 5
11 53 34 4 5
11 74 36 6 5
11 82 39 4 5
11 93 31 9 5
11 117 32 9 5
12 8 25 1 5
100 12 26 10 5
118 12 22 1 5
12 15 27 0 5
12 18 28 11 5
12 23 30 4 5
12 30 24 3 5
12 48 30 3 5
12 71 23 13 5
12 82 27 5 5
12 88 21 8 5
12 94 24 1 5
12 99 20 12 5
12 127 25 4 5
116 14 38 8 5
14 44 40 7 5
14 77 41 7 5
14 93 43 7 5
15 8 10 0 5
105 15 17 0 5
116 15 17 1 5
118 15 7 0 5
123 15 13 0 5
127 15 16 0 5
15 16 25 1 5
15 27 25 1 5
15 30 13 0 5
15 44 17 1 5
15 53 15 0 5
15 64 23 1 5
15 72 21 3 5
15 76 17 1 5
15 84 15 3 5
15 94 7 1 5
15 98 19 1 5
15 16 25 1 5
100 16 30 8 5
103 16 33 5 5
105 16 24 5 5
111 16 22 12 5
116 16 26 5 5
118 16 24 0 5
121 16 25 5 5
123 16 28 1 5
127 16 25 4 5
16 27 26 9 5
16 33 30 8 5
16 53 28 2 5
16 94 24 1 5
17 21 41 17 5
18 8 31 1 5
12 18 28 11 5
100 18 36 8 5
118 18 28 1 5
127 18 33 3 5
18 23 32 6 5
18 30 30 3 5
18 48 32 5 5
18 71 33 11 5
18 77 33 5 5
18 88 33 5 5
18 94 30 1 5
18 99 26 12 5
19 8 33 1 5
12 19 32 10 5
118 19 30 1 5
19 48 34 5 5
19 71 39 9 5
19 74 34 6 5
19 88 33 6 5
19 89 36 11 5
19 94 32 1 5
19 99 34 9 5
15 20 33 1 5
16 20 32 10 5
100 20 32 11 5
103 20 35 8 5
105 20 28 7 5
111 20 30 12 5
116 20 36 4 5
118 20 32 0 5
121 20 29 7 5
127 20 25 8 5
20 30 34 2 5
20 33 32 11 5
20 94 32 1 5
20 98 34 6 5
17 21 41 17 5
118 21 28 1 5
21 47 29 6 5
22 8 25 0 5
15 22 25 0 5
118 22 22 0 5
122 22 36 4 5
22 37 40 8 5
22 41 29 5 5
22 50 30 4 5
22 53 26 2 5
22 84 30 3 5
22 94 24 0 5
23 8 21 0 5
15 23 21 0 5
107 23 19 11 5
117 23 20 7 5
118 23 18 0 5
123 23 24 0 5
23 30 24 0 5
23 47 25 2 5
23 67 29 6 5
23 74 28 2 5
23 82 25 3 5
23 88 27 2 5
23 94 20 0 5
12 24 37 7 5
118 24 29 1 5
127 24 28 6 5
24 30 29 4 5
24 53 33 3 5
24 88 28 8 5
24 99 35 8 5
16 25 32 7 5
121 25 29 4 5
25 53 28 3 5
25 79 41 13 5
27 8 27 0 5
15 27 25 1 5
16 27 26 9 5
100 27 28 9 5
103 27 31 6 5
105 27 24 5 5
111 27 22 12 5
116 27 26 5 5
118 27 24 0 5
121 27 25 5 5
123 27 24 3 5
127 27 27 3 5
27 41 31 5 5
27 94 20 3 5
27 98 28 5 5
28 53 38 5 5
100 29 44 11 5
103 29 49 7 5
121 29 45 5 5
29 48 42 7 5
29 71 43 13 5
30 8 11 1 5
15 30 13 0 5
118 30 8 1 5
123 30 16 0 5
127 30 11 4 5
30 53 16 1 5
30 84 16 4 5
30 88 19 2 5
30 94 10 1 5
23 31 34 9 5
117 31 36 9 5
128 31 38 15 5
31 40 34 11 5
31 67 43 9 5
32 8 32 1 5
12 32 37 7 5
30 32 31 3 5
116 32 37 3 5
118 32 29 1 5
32 47 36 3 5
32 65 36 7 5
32 72 39 6 5
32 77 36 4 5
32 84 37 4 5
32 94 31 1 5
32 99 37 7 5
16 33 30 8 5
100 33 32 8 5
103 33 27 9 5
105 33 26 5 5
111 33 22 13 5
116 33 30 4 5
118 33 26 0 5
121 33 25 6 5
127 33 29 3 5
33 47 25 6 5
33 65 25 10 5
33 86 26 16 5
33 94 28 0 5
33 97 26 12 5
34 69 61 23 5
125 35 60 19 5
36 93 61 14 5
22 37 40 8 5
37 48 42 4 5
37 50 40 7 5
37 53 38 4 5
37 61 36 9 5
37 76 40 5 5
37 77 45 3 5
38 8 49 3 5
125 38 53 12 5
38 82 51 7 5
39 8 31 2 5
15 39 31 2 5
108 39 36 15 5
116 39 36 4 5
118 39 30 1 5
121 39 33 5 5
39 44 36 4 5
39 61 38 5 5
39 77 37 4 5
39 82 37 4 5
39 93 37 5 5
40 8 25 0 5
15 40 25 0 5
31 40 34 11 5
103 40 33 4 5
118 40 20 1 5
119 40 32 7 5
128 40 36 8 5
40 94 24 0 5
11 41 39 6 5
22 41 29 5 5
23 41 31 2 5
27 41 31 5 5
30 41 25 1 5
118 41 21 0 5
41 44 29 2 5
41 82 30 2 5
41 84 31 2 5
18 42 36 11 5
23 42 32 7 5
116 42 32 6 5
117 42 34 7 5
42 53 34 3 5
42 93 33 7 5
44 8 19 0 5
14 44 40 7 5
15 44 17 1 5
111 44 30 4 5
116 44 24 2 5
118 44 16 0 5
121 44 23 2 5
44 63 31 5 5
44 71 31 5 5
44 84 26 2 5
44 86 36 6 5
44 94 16 1 5
44 95 34 6 5
44 97 30 5 5
44 98 26 2 5
107 45 41 17 5
117 45 42 13 5
100 46 38 11 5
116 46 40 5 5
121 46 33 8 5
127 46 37 5 5
46 63 35 14 5
46 77 37 7 5
47 8 18 0 5
15 47 18 0 5
21 47 29 6 5
23 47 25 2 5
33 47 25 6 5
117 47 25 3 5
118 47 15 0 5
130 47 33 6 5
47 48 23 2 5
47 64 23 5 5
47 65 16 9 5
47 94 17 0 5
47 97 23 8 5
48 8 19 0 5
12 48 30 3 5
15 48 19 0 5
18 48 32 5 5
47 48 23 2 5
118 48 16 0 5
48 88 25 2 5
48 89 32 5 5
48 94 18 0 5
48 98 26 2 5
48 99 28 4 5
104 49 35 26 5
116 49 44 7 5
49 74 42 9 5
49 93 37 12 5
49 95 38 19 5
50 8 23 0 5
15 50 23 0 5
22 50 30 4 5
23 50 30 2 5
40 50 32 3 5
103 50 33 3 5
118 50 20 0 5
129 50 37 7 5
50 53 22 3 5
50 61 24 6 5
50 76 26 3 5
50 81 37 7 5
50 84 28 3 5
50 94 22 0 5
11 52 41 21 5
117 52 55 7 5
52 70 52 22 5
53 8 13 1 5
15 53 15 0 5
22 53 26 2 5
25 53 28 3 5
30 53 16 1 5
50 53 22 3 5
118 53 10 1 5
123 53 18 0 5
127 53 19 1 5
53 61 22 3 5
53 76 20 2 5
53 84 20 3 5
53 93 21 3 5
53 94 12 1 5
23 54 52 12 5
54 74 48 14 5
33 55 35 7 5
47 55 32 3 5
103 55 28 9 5
105 55 25 6 5
112 55 34 12 5
121 55 30 4 5
127 55 32 2 5
55 82 32 4 5
55 98 33 4 5
15 56 37 1 5
23 56 32 9 5
33 56 34 12 5
105 56 36 5 5
111 56 32 13 5
56 74 36 7 5
56 94 36 1 5
57 8 39 2 5
55 57 29 17 5
103 57 29 15 5
105 57 38 6 5
121 57 37 7 5
40 58 42 7 5
48 58 42 4 5
123 58 40 2 5
60 7 53 16 5
60 8 51 5 5
18 60 56 14 5
60 89 52 16 5
61 7 31 8 5
61 8 15 4 5
15 61 23 0 5
50 61 24 6 5
53 61 22 3 5
118 61 20 0 5
125 61 29 8 5
61 64 30 4 5
61 72 30 5 5
61 76 24 4 5
61 82 29 2 5
61 84 28 3 5
61 94 22 0 5
111 62 50 19 5
116 62 56 11 5
121 62 53 12 5
62 76 56 11 5
63 8 26 3 5
44 63 31 5 5
46 63 35 14 5
116 63 33 4 5
121 63 32 4 5
63 71 36 9 5
64 8 23 1 5
15 64 23 1 5
47 64 23 5 5
61 64 30 4 5
105 64 28 2 5
116 64 28 3 5
64 65 29 6 5
64 94 22 1 5
64 97 28 9 5
64 98 28 4 5
65 8 26 0 5
15 65 26 0 5
23 65 31 3 5
33 65 25 10 5
47 65 16 9 5
64 65 29 6 5
116 65 27 4 5
118 65 23 0 5
65 77 30 3 5
65 93 26 6 5
65 94 25 0 5
65 97 31 8 5
15 66 29 2 5
24 66 41 8 5
30 66 30 3 5
44 66 36 3 5
106 66 32 11 5
123 66 30 3 5
127 66 29 5 5
66 94 30 1 5
66 97 38 8 5
23 67 29 6 5
45 67 39 18 5
107 67 30 10 5
125 67 38 7 5
67 82 32 4 5
12 68 49 14 5
47 68 54 7 5
12 69 37 12 5
69 74 41 7 5
69 89 39 14 5
70 96 41 23 5
12 71 23 13 5
30 71 31 2 5
44 71 31 5 5
48 71 33 4 5
100 71 21 15 5
111 71 35 8 5
118 71 29 0 5
121 71 24 8 5
127 71 28 5 5
71 88 30 6 5
71 99 25 12 5
15 72 21 3 5
53 72 28 2 5
61 72 30 5 5
116 72 28 4 5
118 72 24 0 5
72 74 30 4 5
72 76 32 2 5
72 82 33 2 5
72 84 30 4 5
72 87 33 9 5
72 93 33 3 5
72 94 26 0 5
105 73 38 8 5
111 73 38 14 5
118 73 42 1 5
121 73 35 10 5
73 94 44 1 5
74 8 21 0 5
15 74 21 0 5
30 74 24 0 5
72 74 30 4 5
116 74 26 2 5
118 74 18 0 5
123 74 24 0 5
74 82 27 2 5
74 88 27 2 5
74 93 19 7 5
74 94 20 0 5
23 75 38 11 5
107 75 35 17 5
76 8 19 0 5
15 76 17 1 5
50 76 26 3 5
53 76 20 2 5
61 76 24 4 5
103 76 29 3 5
105 76 24 1 5
106 76 28 6 5
118 76 16 0 5
121 76 23 2 5
123 76 18 2 5
127 76 23 1 5
76 88 25 2 5
76 94 18 0 5
77 8 20 0 5
12 77 31 3 5
15 77 20 0 5
18 77 33 5 5
65 77 30 3 5
116 77 21 4 5
118 77 17 0 5
77 93 24 4 5
77 94 19 0 5
77 99 31 3 5
15 78 33 1 5
16 78 36 8 5
33 78 38 8 5
100 78 32 11 5
103 78 37 7 5
105 78 32 5 5
111 78 32 11 5
116 78 34 5 5
121 78 29 7 5
127 78 33 4 5
78 94 32 1 5
16 79 47 9 5
25 79 41 13 5
12 80 43 11 5
18 80 49 11 5
19 80 45 14 5
48 80 45 6 5
123 80 43 4 5
80 89 43 14 5
80 99 43 11 5
8 81 36 1 5
30 81 31 5 5
48 81 39 4 5
50 81 37 7 5
53 81 35 4 5
61 81 37 7 5
118 81 33 1 5
122 81 23 17 5
81 84 31 9 5
81 94 35 1 5
8 82 16 2 5
12 82 27 5 5
23 82 25 3 5
55 82 32 4 5
67 82 32 4 5
74 82 27 2 5
105 82 21 3 5
118 82 17 0 5
82 98 25 3 5
8 84 19 1 5
15 84 15 3 5
22 84 30 3 5
30 84 16 4 5
41 84 31 2 5
44 84 26 2 5
50 84 28 3 5
53 84 20 3 5
61 84 28 3 5
118 84 16 1 5
123 84 24 0 5
127 84 25 1 5
84 94 16 2 5
84 98 28 2 5
40 85 51 14 5
15 86 37 1 5
20 86 36 14 5
23 86 36 7 5
27 86 32 12 5
33 86 26 16 5
44 86 36 6 5
47 86 37 5 5
105 86 36 5 5
116 86 34 7 5
121 86 31 8 5
86 94 36 1 5
86 97 32 14 5
15 87 30 2 5
72 87 33 9 5
82 87 38 3 5
105 87 37 2 5
111 87 35 9 5
116 87 29 7 5
87 93 32 7 5
8 88 18 1 5
12 88 21 8 5
19 88 33 6 5
23 88 27 2 5
24 88 28 8 5
30 88 19 2 5
48 88 25 2 5
53 88 23 1 5
71 88 30 6 5
74 88 27 2 5
76 88 25 2 5
118 88 15 1 5
127 88 20 3 5
88 94 17 1 5
88 99 27 5 5
8 89 31 1 5
12 89 32 9 5
18 89 30 13 5
19 89 36 11 5
48 89 32 5 5
71 89 35 10 5
77 89 35 4 5
89 94 30 1 5
89 99 30 10 5
91 98 64 12 5
84 92 53 7 5
123 92 51 4 5
92 96 47 23 5
92 99 49 12 5
8 93 22 0 5
15 93 22 0 5
53 93 21 3 5
65 93 26 6 5
74 93 19 7 5
77 93 24 4 5
104 93 32 14 5
116 93 21 5 5
117 93 29 3 5
118 93 19 0 5
93 94 21 0 5
8 94 7 1 5
15 94 7 1 5
27 94 20 3 5
30 94 10 1 5
44 94 16 1 5
53 94 12 1 5
84 94 16 2 5
88 94 17 1 5
116 94 16 1 5
118 94 4 1 5
122 94 24 2 5
123 94 8 2 5
127 94 13 1 5
94 98 14 3 5
16 95 32 11 5
53 95 36 3 5
93 95 27 11 5
94 95 34 1 5
105 95 34 5 5
111 95 28 14 5
116 95 22 12 5
8 96 41 3 5
30 96 44 3 5
118 96 42 1 5
127 96 43 5 5
15 97 29 1 5
30 97 30 2 5
33 97 26 12 5
44 97 30 5 5
47 97 23 8 5
64 97 28 9 5
65 97 31 8 5
94 97 28 1 5
100 97 34 8 5
105 97 32 3 5
111 97 30 10 5
116 97 28 6 5
118 97 28 0 5
121 97 31 4 5
127 97 25 6 5
97 98 34 4 5
8 98 21 0 5
15 98 19 1 5
27 98 28 5 5
44 98 26 2 5
48 98 26 2 5
64 98 28 4 5
82 98 25 3 5
84 98 28 2 5
94 98 14 3 5
105 98 18 5 5
116 98 24 3 5
118 98 18 0 5
123 98 20 2 5
8 99 27 0 5
12 99 20 12 5
15 99 27 0 5
18 99 26 12 5
30 99 26 2 5
44 99 32 2 5
47 99 31 2 5
48 99 28 4 5
71 99 25 12 5
77 99 31 3 5
88 99 27 5 5
94 99 26 0 5
100 99 26 10 5
118 99 24 0 5
127 99 25 4 5
100 15 27 1 5
100 27 28 9 5
100 30 30 1 5
100 48 32 3 5
100 71 21 15 5
100 77 33 3 5
100 88 33 3 5
100 94 26 1 5
100 105 26 5 5
100 111 26 11 5
100 116 28 5 5
100 118 26 0 5
100 121 25 6 5
100 127 23 6 5
101 47 48 9 5
103 33 27 9 5
103 44 29 3 5
103 55 28 9 5
103 74 31 3 5
103 76 29 3 5
103 88 30 3 5
103 105 25 4 5
103 111 27 9 5
103 112 32 11 5
103 118 23 0 5
103 121 22 6 5
103 127 28 2 5
104 74 33 13 5
104 93 32 14 5
104 95 31 22 5
104 116 43 7 5
105 8 17 0 5
105 15 17 0 5
105 16 24 5 5
105 27 24 5 5
105 33 26 5 5
105 55 25 6 5
105 76 24 1 5
105 82 21 3 5
105 94 16 0 5
105 98 18 5 5
100 105 26 5 5
103 105 25 4 5
105 111 26 5 5
105 116 20 3 5
105 118 14 0 5
105 121 19 3 5
105 127 21 1 5
106 15 29 1 5
106 50 36 4 5
106 66 32 11 5
106 76 28 6 5
106 77 33 4 5
106 123 28 3 5
107 23 19 11 5
107 47 32 3 5
107 74 33 4 5
107 117 21 11 5
107 118 27 0 5
108 15 37 2 5
108 39 36 15 5
108 94 38 1 5
108 118 36 1 5
108 123 30 7 5
109 37 47 21 5
109 61 57 7 5
110 75 53 28 5
111 15 27 1 5
111 33 22 13 5
111 93 31 5 5
111 94 26 1 5
100 111 26 11 5
105 111 26 5 5
111 116 20 9 5
111 118 26 0 5
111 121 21 8 5
111 127 27 4 5
112 15 36 1 5
112 44 37 5 5
112 55 34 12 5
112 94 35 1 5
100 112 35 11 5
103 112 32 11 5
105 112 35 5 5
111 112 35 11 5
112 116 37 5 5
112 121 34 6 5
112 127 36 4 5
105 113 49 5 5
115 18 36 15 5
115 77 43 5 5
115 89 44 11 5
115 99 46 7 5
116 8 19 0 5
116 15 17 1 5
116 44 24 2 5
116 74 26 2 5
116 77 21 4 5
116 93 21 5 5
116 94 16 1 5
116 98 24 3 5
105 116 20 3 5
111 116 20 9 5
116 118 16 0 5
116 121 25 1 5
116 127 23 1 5
117 23 20 7 5
117 47 25 3 5
117 93 29 3 5
117 94 22 0 5
107 117 21 11 5
117 118 20 0 5
118 8 5 1 5
118 12 22 1 5
118 15 7 0 5
118 30 8 1 5
118 40 20 1 5
118 53 10 1 5
118 84 16 1 5
118 88 15 1 5
118 94 4 1 5
105 118 14 0 5
118 121 13 1 5
118 123 10 0 5
118 127 11 1 5
119 12 34 7 5
119 40 32 7 5
119 47 31 4 5
119 48 32 4 5
119 88 33 4 5
119 94 28 1 5
100 119 34 8 5
10 120 49 19 5
121 8 18 0 5
121 15 18 0 5
121 16 25 5 5
121 27 25 5 5
121 30 21 0 5
121 44 23 2 5
121 76 23 2 5
121 94 17 0 5
103 121 22 6 5
105 121 19 3 5
111 121 21 8 5
116 121 25 1 5
118 121 13 1 5
121 123 21 0 5
121 127 18 3 5
122 8 27 1 5
122 15 27 1 5
122 30 26 3 5
122 44 34 2 5
122 48 32 3 5
122 53 32 1 5
122 81 23 17 5
122 84 30 5 5
122 94 24 2 5
118 122 24 1 5
122 127 33 1 5
123 8 13 0 5
123 15 13 0 5
123 27 24 3 5
123 30 16 0 5
123 53 18 0 5
123 76 18 2 5
123 94 8 2 5
123 98 20 2 5
105 123 20 0 5
106 123 28 3 5
108 123 30 7 5
118 123 10 0 5
123 127 19 0 5
124 40 61 12 5
124 58 57 22 5
125 8 24 4 5
125 61 29 8 5
118 125 29 0 5
123 125 31 2 5
126 23 44 10 5
107 126 39 17 5
117 126 44 11 5
127 8 14 1 5
127 15 16 0 5
127 16 25 4 5
127 20 25 8 5
127 24 28 6 5
127 30 11 4 5
127 53 19 1 5
127 76 23 1 5
127 84 25 1 5
127 88 20 3 5
127 94 13 1 5
127 97 25 6 5
127 99 25 4 5
12 127 25 4 5
100 127 23 6 5
105 127 21 1 5
116 127 23 1 5
118 127 11 1 5
121 127 18 3 5
123 127 19 0 5
128 31 38 15 5
128 40 36 8 5
128 48 38 4 5
118 128 34 0 5
122 128 30 13 5
123 128 34 3 5
129 8 34 2 5
129 50 37 7 5
129 61 37 7 5
129 82 38 5 5
129 94 33 2 5
129 98 35 7 5
118 129 35 0 5
123 129 35 3 5
125 129 38 11 5
130 27 40 7 5
130 47 33 6 5
130 74 28 10 5
130 97 36 11 5
103 130 35 9 5
105 130 34 5 5
118 130 32 1 5
