Res1 Res2 NSingle NDouble Method
1 30 57 3 5
1 47 59 4 5
1 94 51 2 5
1 97 66 11 5
1 98 64 5 5
1 99 63 6 5
1 118 48 2 5
1 123 58 3 5
1 127 56 5 5
15 2 106 2 5
106 2 100 20 5
2 22 110 11 5
2 30 101 8 5
2 84 94 17 5
16 3 72 11 5
23 3 66 7 5
105 3 70 6 5
117 3 65 11 5
118 3 63 1 5
121 3 63 7 5
3 44 72 5 5
3 94 64 2 5
11 4 115 21 5
4 8 112 5 5
4 41 116 14 5
15 6 80 1 5
20 6 76 21 5
44 6 81 7 5
105 6 81 7 5
116 6 83 5 5
118 6 78 0 5
121 6 76 7 5
6 8 74 5 5
6 63 71 21 5
6 86 82 23 5
6 94 79 1 5
12 7 55 10 5
15 7 42 0 5
18 7 64 7 5
19 7 61 10 5
39 7 60 9 5
42 7 61 5 5
48 7 48 4 5
53 7 49 1 5
61 7 46 9 5
118 7 38 0 5
7 8 38 3 5
7 82 51 3 5
7 89 55 7 5
7 94 41 0 5
7 99 53 4 5
7 8 38 3 5
15 8 14 0 5
23 8 25 0 5
30 8 19 1 5
44 8 27 0 5
47 8 25 0 5
53 8 21 1 5
61 8 22 7 5
63 8 35 5 5
64 8 33 1 5
76 8 25 0 5
105 8 27 0 5
116 8 25 0 5
118 8 8 1 5
121 8 22 0 5
123 8 22 0 5
125 8 40 5 5
127 8 22 1 5
8 82 23 3 5
8 88 29 1 5
8 94 11 1 5
53 9 89 11 5
123 9 96 7 5
10 42 72 8 5
10 44 64 4 5
10 55 72 8 5
10 72 72 8 5
10 74 61 7 5
10 76 60 5 5
10 87 73 11 5
10 105 64 4 5
10 116 62 4 5
10 123 53 7 5
11 8 51 0 5
11 15 49 0 5
11 22 57 7 5
11 23 54 3 5
11 27 61 6 5
11 41 51 11 5
11 52 75 23 5
11 53 52 3 5
11 74 55 5 5
11 82 58 3 5
11 93 52 6 5
11 94 48 0 5
11 117 57 5 5
11 118 45 0 5
11 123 55 1 5
12 8 45 1 5
100 12 48 15 5
117 12 53 5 5
118 12 39 1 5
12 15 45 0 5
12 18 53 14 5
12 23 48 4 5
12 30 44 4 5
12 48 53 3 5
12 53 52 1 5
12 71 50 14 5
12 77 55 4 5
12 82 44 8 5
12 88 34 14 5
12 94 42 1 5
12 99 44 10 5
12 127 45 5 5
105 14 68 5 5
111 14 73 12 5
116 14 58 9 5
14 15 63 1 5
14 23 66 5 5
14 32 75 14 5
14 44 64 7 5
14 64 64 11 5
14 77 67 8 5
14 93 66 7 5
14 94 62 1 5
14 95 75 14 5
14 97 73 12 5
14 98 69 7 5
15 8 14 0 5
105 15 25 0 5
116 15 23 0 5
117 15 30 0 5
118 15 8 0 5
121 15 20 0 5
123 15 20 0 5
127 15 22 0 5
15 23 23 0 5
15 30 19 0 5
15 44 23 1 5
15 47 23 0 5
15 48 26 0 5
15 53 21 0 5
15 64 31 1 5
15 74 28 0 5
15 76 21 1 5
15 77 30 0 5
15 82 27 0 5
15 88 29 0 5
15 93 27 0 5
15 94 9 1 5
15 98 28 1 5
16 8 39 0 5
15 16 35 1 5
103 16 48 9 5
105 16 32 9 5
111 16 33 18 5
116 16 38 5 5
118 16 33 0 5
121 16 37 4 5
123 16 43 1 5
127 16 37 5 5
16 27 33 14 5
16 30 44 0 5
16 33 42 12 5
16 40 51 4 5
16 44 48 1 5
16 47 46 1 5
16 53 42 2 5
16 55 50 8 5
16 74 47 3 5
16 76 46 1 5
16 93 46 3 5
16 94 34 1 5
17 21 74 21 5
17 23 76 6 5
17 42 80 13 5
18 8 48 1 5
15 18 48 0 5
115 18 57 19 5
117 18 54 6 5
118 18 42 1 5
127 18 50 4 5
18 23 47 6 5
18 30 47 4 5
18 44 55 3 5
18 47 55 2 5
18 48 54 4 5
18 69 51 26 5
18 77 56 5 5
18 88 53 6 5
18 89 51 12 5
18 94 45 1 5
18 99 49 9 5
19 8 51 1 5
12 19 58 13 5
15 19 51 0 5
18 19 61 13 5
117 19 57 6 5
118 19 45 1 5
119 19 63 7 5
130 19 66 11 5
19 23 58 2 5
19 30 56 1 5
19 48 51 7 5
19 74 51 8 5
19 88 54 7 5
19 89 56 11 5
19 93 54 6 5
19 94 48 1 5
19 99 50 10 5
20 8 50 0 5
15 20 46 1 5
16 20 47 13 5
105 20 41 10 5
111 20 44 18 5
116 20 53 3 5
118 20 44 0 5
121 20 44 6 5
127 20 36 11 5
20 23 55 2 5
20 27 46 13 5
20 30 51 2 5
20 44 55 3 5
20 47 57 1 5
20 76 57 1 5
20 94 45 1 5
20 97 52 14 5
20 98 56 5 5
20 99 59 4 5
17 21 74 21 5
118 21 45 1 5
21 23 56 3 5
21 24 69 11 5
21 44 56 4 5
21 47 56 3 5
21 65 57 9 5
22 8 36 0 5
11 22 57 7 5
15 22 34 0 5
118 22 30 0 5
122 22 52 7 5
125 22 60 5 5
128 22 58 5 5
22 30 41 0 5
22 37 62 10 5
22 41 48 5 5
22 50 45 4 5
22 53 37 3 5
22 76 43 1 5
22 84 42 5 5
22 94 33 0 5
23 8 25 0 5
15 23 23 0 5
18 23 47 6 5
107 23 35 9 5
116 23 34 0 5
117 23 33 4 5
118 23 19 0 5
121 23 31 0 5
123 23 31 0 5
127 23 33 0 5
23 30 30 0 5
23 31 52 9 5
23 42 42 5 5
23 47 34 0 5
23 48 35 1 5
23 50 38 2 5
23 53 32 0 5
23 67 41 5 5
23 74 37 1 5
23 76 34 0 5
23 82 32 3 5
23 93 36 1 5
23 94 22 0 5
24 8 52 1 5
12 24 63 11 5
15 24 52 0 5
20 24 64 12 5
118 24 46 1 5
127 24 42 10 5
24 30 49 5 5
24 42 65 8 5
24 44 57 4 5
24 53 57 2 5
24 88 47 11 5
24 94 49 1 5
24 99 55 8 5
16 25 53 6 5
116 25 47 2 5
118 25 36 0 5
121 25 44 2 5
127 25 46 2 5
25 53 39 5 5
25 79 65 15 5
25 89 57 5 5
100 26 125 23 5
26 71 129 21 5
26 89 121 22 5
27 8 38 0 5
15 27 34 1 5
16 27 33 14 5
105 27 31 9 5
111 27 36 16 5
116 27 37 5 5
118 27 32 0 5
121 27 34 5 5
123 27 40 2 5
127 27 38 4 5
27 30 43 0 5
27 33 41 12 5
27 41 44 8 5
27 44 47 1 5
27 53 45 0 5
27 76 45 1 5
27 77 52 1 5
27 84 52 1 5
27 93 47 2 5
27 94 31 2 5
27 98 46 4 5
15 28 57 2 5
103 28 68 11 5
118 28 57 0 5
28 53 56 7 5
28 74 67 5 5
28 76 64 4 5
28 88 66 6 5
100 29 75 11 5
115 29 81 15 5
121 29 62 5 5
29 40 72 7 5
29 48 66 6 5
29 53 67 3 5
29 58 84 13 5
29 71 71 13 5
29 89 73 9 5
29 99 69 7 5
30 8 19 1 5
15 30 19 0 5
23 30 30 0 5
105 30 32 0 5
116 30 30 0 5
118 30 13 1 5
121 30 27 0 5
122 30 41 5 5
123 30 27 0 5
127 30 19 5 5
30 44 32 0 5
30 47 30 0 5
30 48 33 0 5
30 53 26 1 5
30 76 30 0 5
30 84 29 4 5
30 88 32 2 5
30 94 16 1 5
30 99 34 2 5
23 31 52 9 5
107 31 63 13 5
117 31 51 13 5
118 31 55 0 5
128 31 67 13 5
31 40 53 14 5
31 67 65 11 5
32 8 50 1 5
30 32 47 5 5
116 32 55 3 5
118 32 44 1 5
127 32 58 1 5
32 42 61 9 5
32 47 55 3 5
32 53 57 1 5
32 65 56 9 5
32 72 63 8 5
32 77 58 5 5
32 82 59 3 5
32 84 60 4 5
32 89 63 7 5
32 93 59 3 5
32 94 47 1 5
32 99 55 7 5
33 8 43 0 5
15 33 41 0 5
16 33 42 12 5
23 33 50 1 5
27 33 41 12 5
30 33 48 0 5
105 33 36 9 5
111 33 35 19 5
116 33 44 4 5
117 33 49 5 5
118 33 37 0 5
121 33 37 6 5
127 33 45 3 5
33 47 38 7 5
33 55 52 9 5
33 65 41 12 5
33 76 50 1 5
33 93 52 2 5
33 94 40 0 5
30 34 106 7 5
34 99 106 13 5
24 35 107 22 5
125 35 101 23 5
35 57 109 25 5
35 88 106 11 5
35 99 108 11 5
23 36 96 11 5
30 36 100 7 5
36 93 100 11 5
37 8 62 0 5
15 37 60 0 5
22 37 62 10 5
118 37 56 0 5
37 48 68 3 5
37 50 65 7 5
37 53 55 7 5
37 61 62 10 5
37 76 61 5 5
37 77 72 3 5
37 84 64 7 5
37 94 59 0 5
38 8 79 3 5
15 38 81 1 5
108 38 87 21 5
118 38 77 1 5
121 38 83 4 5
123 38 81 5 5
38 98 87 7 5
39 7 60 9 5
39 8 44 3 5
15 39 46 1 5
108 39 66 14 5
116 39 51 4 5
118 39 44 0 5
121 39 48 4 5
39 44 53 4 5
39 61 56 7 5
39 63 59 10 5
39 64 59 5 5
39 65 58 7 5
39 72 63 7 5
39 77 58 4 5
39 82 55 4 5
39 93 53 5 5
39 94 47 0 5
40 8 36 0 5
15 40 34 0 5
16 40 51 4 5
23 40 43 1 5
30 40 41 0 5
31 40 53 14 5
105 40 45 1 5
116 40 43 1 5
118 40 28 1 5
119 40 44 8 5
121 40 40 1 5
123 40 42 0 5
128 40 52 8 5
40 50 49 2 5
40 88 47 2 5
40 94 33 0 5
40 99 49 2 5
41 8 38 0 5
11 41 51 11 5
15 41 36 0 5
22 41 48 5 5
23 41 45 1 5
27 41 44 8 5
30 41 41 1 5
118 41 32 0 5
41 44 43 3 5
41 48 48 1 5
41 67 56 4 5
41 82 47 2 5
41 94 35 0 5
42 8 43 0 5
15 42 41 0 5
16 42 52 7 5
18 42 57 10 5
23 42 42 5 5
116 42 46 3 5
117 42 51 4 5
118 42 37 0 5
42 44 48 3 5
42 53 44 3 5
42 72 56 7 5
42 74 51 3 5
42 77 51 4 5
42 93 48 4 5
42 94 40 0 5
43 84 121 14 5
44 8 27 0 5
15 44 23 1 5
30 44 32 0 5
41 44 43 3 5
103 44 46 4 5
116 44 34 1 5
118 44 21 0 5
121 44 31 1 5
123 44 33 0 5
44 53 34 0 5
44 63 44 6 5
44 64 40 3 5
44 66 50 4 5
44 71 48 5 5
44 84 37 3 5
44 94 22 1 5
44 95 47 8 5
44 97 47 5 5
44 98 37 3 5
117 45 77 11 5
118 45 75 1 5
45 53 76 7 5
45 67 69 20 5
45 93 82 7 5
45 94 76 2 5
15 46 59 0 5
20 46 65 15 5
44 46 64 4 5
100 46 60 16 5
116 46 62 4 5
118 46 55 0 5
121 46 53 7 5
127 46 59 5 5
46 48 65 4 5
46 63 58 16 5
46 71 62 15 5
46 77 57 10 5
46 88 66 5 5
46 94 58 0 5
47 8 25 0 5
15 47 23 0 5
23 47 34 0 5
30 47 30 0 5
33 47 38 7 5
116 47 34 0 5
117 47 35 3 5
118 47 19 0 5
119 47 37 6 5
121 47 31 0 5
123 47 31 0 5
127 47 33 0 5
130 47 46 7 5
47 48 35 1 5
47 53 32 0 5
47 64 34 5 5
47 65 31 8 5
47 74 37 1 5
47 76 34 0 5
47 88 38 1 5
47 94 22 0 5
47 97 39 8 5
48 7 48 4 5
48 8 28 0 5
15 48 26 0 5
19 48 51 7 5
23 48 35 1 5
30 48 33 0 5
47 48 35 1 5
116 48 37 0 5
118 48 22 0 5
119 48 44 4 5
121 48 34 0 5
123 48 34 0 5
127 48 36 0 5
48 53 35 0 5
48 69 61 10 5
48 71 49 5 5
48 76 37 0 5
48 82 39 1 5
48 88 39 2 5
48 89 43 5 5
48 94 25 0 5
48 98 38 3 5
48 99 33 6 5
42 49 66 11 5
111 49 63 14 5
116 49 58 6 5
118 49 55 0 5
49 53 64 2 5
49 74 61 7 5
49 93 56 9 5
49 94 58 0 5
49 95 69 14 5
50 8 33 0 5
15 50 31 0 5
22 50 45 4 5
23 50 38 2 5
30 50 38 0 5
47 50 40 1 5
106 50 51 5 5
116 50 40 1 5
118 50 27 0 5
121 50 39 0 5
123 50 39 0 5
129 50 50 10 5
50 53 34 3 5
50 61 45 4 5
50 76 36 3 5
50 81 50 8 5
50 84 43 3 5
50 93 44 1 5
50 94 30 0 5
119 51 93 14 5
51 88 88 12 5
51 99 92 11 5
11 52 75 23 5
123 52 78 7 5
128 52 90 14 5
52 76 85 5 5
53 8 21 1 5
15 53 21 0 5
22 53 37 3 5
25 53 39 5 5
28 53 56 7 5
30 53 26 1 5
37 53 55 7 5
42 53 44 3 5
50 53 34 3 5
118 53 15 1 5
121 53 29 0 5
123 53 29 0 5
127 53 29 1 5
53 61 35 4 5
53 72 44 3 5
53 76 28 2 5
53 84 33 3 5
53 93 32 2 5
53 94 18 1 5
23 54 87 10 5
107 54 84 21 5
117 54 88 13 5
54 93 89 11 5
55 8 43 0 5
15 55 41 0 5
16 55 50 8 5
27 55 49 8 5
33 55 52 9 5
44 55 48 3 5
47 55 48 2 5
100 55 54 10 5
103 55 44 13 5
105 55 36 9 5
111 55 53 10 5
118 55 37 0 5
121 55 43 3 5
127 55 45 3 5
55 57 49 20 5
55 64 54 4 5
55 94 40 0 5
55 98 49 5 5
15 56 56 1 5
16 56 55 14 5
23 56 53 8 5
27 56 60 11 5
33 56 59 14 5
105 56 55 8 5
107 56 62 13 5
116 56 61 4 5
117 56 62 7 5
118 56 54 0 5
121 56 60 3 5
127 56 62 3 5
56 74 58 8 5
56 82 65 4 5
56 94 55 1 5
57 8 56 3 5
44 57 63 5 5
53 57 63 3 5
55 57 49 20 5
103 57 49 20 5
105 57 59 7 5
112 57 69 14 5
118 57 56 0 5
121 57 56 6 5
57 71 69 12 5
57 82 63 6 5
57 88 67 5 5
57 98 64 7 5
15 58 56 1 5
40 58 64 8 5
44 58 65 3 5
48 58 66 3 5
50 58 67 5 5
118 58 54 0 5
123 58 62 2 5
129 58 71 13 5
58 77 66 5 5
58 82 67 3 5
58 84 66 5 5
58 94 57 0 5
53 59 103 7 5
100 59 101 20 5
121 59 100 8 5
60 7 83 13 5
60 8 71 5 5
60 61 83 9 5
60 89 80 13 5
60 94 70 4 5
61 7 46 9 5
61 8 22 7 5
15 61 34 0 5
23 61 43 1 5
39 61 56 7 5
50 61 45 4 5
53 61 35 4 5
118 61 30 0 5
125 61 50 10 5
61 64 47 4 5
61 72 53 5 5
61 76 41 2 5
61 81 55 7 5
61 82 43 3 5
61 84 46 3 5
61 89 53 4 5
61 94 33 0 5
15 62 84 2 5
53 62 83 7 5
116 62 79 10 5
121 62 74 11 5
62 76 81 9 5
62 87 86 19 5
63 8 35 5 5
15 63 43 0 5
44 63 44 6 5
46 63 58 16 5
61 63 55 5 5
116 63 50 2 5
118 63 39 0 5
121 63 43 4 5
123 63 49 1 5
63 71 52 12 5
63 77 51 5 5
63 88 50 5 5
63 94 42 0 5
64 8 33 1 5
15 64 31 1 5
44 64 40 3 5
47 64 34 5 5
61 64 47 4 5
100 64 52 7 5
105 64 40 3 5
116 64 36 4 5
118 64 29 0 5
119 64 51 4 5
64 65 49 4 5
64 84 45 3 5
64 94 30 1 5
64 95 55 8 5
64 97 43 11 5
64 98 37 7 5
65 8 38 0 5
15 65 36 0 5
23 65 43 2 5
30 65 43 0 5
33 65 41 12 5
47 65 31 8 5
64 65 49 4 5
111 65 52 8 5
116 65 39 4 5
118 65 32 0 5
121 65 44 0 5
123 65 44 0 5
65 72 51 7 5
65 77 48 3 5
65 93 39 6 5
65 94 35 0 5
15 66 43 1 5
30 66 48 2 5
44 66 50 4 5
64 66 56 5 5
106 66 53 11 5
112 66 64 9 5
116 66 52 2 5
118 66 41 0 5
123 66 43 5 5
127 66 43 6 5
66 76 52 2 5
66 88 56 3 5
66 94 42 1 5
66 97 61 8 5
66 98 53 5 5
66 99 56 4 5
67 8 42 0 5
15 67 40 0 5
23 67 41 5 5
44 67 47 3 5
45 67 69 20 5
56 67 66 10 5
65 67 54 5 5
107 67 48 11 5
118 67 36 0 5
125 67 62 7 5
67 74 50 3 5
67 82 49 3 5
67 93 49 3 5
67 94 39 0 5
18 68 72 23 5
23 68 73 10 5
107 68 62 25 5
117 68 70 15 5
118 68 78 0 5
15 69 67 0 5
18 69 51 26 5
23 69 66 6 5
48 69 61 10 5
118 69 61 1 5
69 88 70 7 5
69 89 62 16 5
69 94 64 1 5
69 99 64 11 5
70 8 63 3 5
23 70 68 5 5
39 70 73 15 5
107 70 79 9 5
117 70 75 5 5
118 70 61 1 5
121 70 67 4 5
70 82 70 6 5
70 96 79 22 5
71 8 47 0 5
12 71 50 14 5
15 71 45 0 5
30 71 50 1 5
44 71 48 5 5
48 71 49 5 5
63 71 52 12 5
100 71 38 20 5
105 71 52 3 5
116 71 52 2 5
118 71 41 0 5
121 71 39 7 5
127 71 47 4 5
71 88 52 5 5
71 89 54 9 5
71 94 44 0 5
71 99 42 11 5
72 8 43 0 5
15 72 33 4 5
30 72 48 0 5
42 72 56 7 5
44 72 52 1 5
53 72 44 3 5
61 72 53 5 5
65 72 51 7 5
111 72 55 9 5
116 72 46 3 5
118 72 37 0 5
72 74 47 5 5
72 76 48 2 5
72 82 50 3 5
72 84 47 6 5
72 93 50 3 5
72 94 40 0 5
15 73 62 1 5
44 73 63 7 5
105 73 63 7 5
111 73 66 15 5
116 73 69 3 5
118 73 58 1 5
121 73 54 9 5
73 94 61 1 5
73 98 66 8 5
74 8 30 0 5
15 74 28 0 5
23 74 37 1 5
30 74 35 0 5
47 74 37 1 5
53 74 37 0 5
72 74 47 5 5
116 74 37 1 5
118 74 24 0 5
121 74 36 0 5
123 74 36 0 5
127 74 38 0 5
130 74 41 12 5
74 76 39 0 5
74 88 41 2 5
74 93 27 8 5
74 94 27 0 5
12 75 74 13 5
21 75 78 14 5
23 75 64 7 5
48 75 71 5 5
107 75 67 15 5
117 75 63 11 5
123 75 65 5 5
75 82 64 9 5
76 8 25 0 5
15 76 21 1 5
30 76 30 0 5
50 76 36 3 5
53 76 28 2 5
103 76 46 3 5
105 76 34 1 5
106 76 41 6 5
118 76 19 0 5
121 76 29 1 5
123 76 27 2 5
127 76 31 1 5
76 84 39 1 5
76 88 36 2 5
76 94 22 0 5
77 8 32 0 5
15 77 30 0 5
30 77 37 0 5
46 77 57 10 5
63 77 51 5 5
65 77 48 3 5
116 77 35 3 5
118 77 26 0 5
77 87 52 7 5
77 89 51 3 5
77 93 39 3 5
77 94 29 0 5
77 99 43 3 5
78 8 55 0 5
15 78 51 1 5
27 78 55 11 5
44 78 56 5 5
53 78 56 3 5
64 78 60 7 5
76 78 56 4 5
105 78 52 7 5
111 78 57 14 5
116 78 50 7 5
118 78 49 0 5
121 78 51 5 5
127 78 53 5 5
78 94 50 1 5
78 98 57 7 5
16 79 74 9 5
25 79 65 15 5
40 79 73 8 5
53 79 70 3 5
74 79 67 8 5
79 93 66 8 5
79 94 62 2 5
12 80 78 11 5
19 80 72 17 5
48 80 67 7 5
74 80 69 7 5
123 80 69 3 5
80 88 72 6 5
80 89 70 12 5
80 93 70 6 5
80 94 64 1 5
80 99 66 10 5
8 81 47 1 5
15 81 47 0 5
22 81 61 4 5
23 81 56 1 5
30 81 46 4 5
48 81 57 2 5
50 81 50 8 5
53 81 48 4 5
61 81 55 7 5
76 81 56 1 5
118 81 41 1 5
122 81 41 19 5
127 81 55 1 5
81 84 51 7 5
81 94 44 1 5
7 82 51 3 5
8 82 23 3 5
12 82 44 8 5
15 82 27 0 5
23 82 32 3 5
61 82 43 3 5
67 82 49 3 5
72 82 50 3 5
75 82 64 9 5
105 82 34 3 5
107 82 49 4 5
117 82 39 3 5
118 82 23 0 5
82 94 26 0 5
82 98 41 2 5
42 83 72 23 5
74 83 77 14 5
116 83 86 7 5
118 83 83 1 5
83 93 82 11 5
8 84 32 0 5
15 84 22 4 5
22 84 42 5 5
23 84 41 0 5
30 84 29 4 5
44 84 37 3 5
47 84 41 0 5
50 84 43 3 5
53 84 33 3 5
61 84 46 3 5
64 84 45 3 5
72 84 47 6 5
76 84 39 1 5
82 84 43 1 5
105 84 43 0 5
116 84 39 1 5
118 84 26 0 5
121 84 38 0 5
123 84 38 0 5
127 84 40 0 5
84 94 27 1 5
84 98 42 3 5
40 85 77 13 5
48 85 75 10 5
71 85 86 14 5
77 85 85 7 5
119 85 85 11 5
121 85 81 4 5
85 99 86 7 5
15 86 58 0 5
23 86 57 6 5
27 86 56 13 5
44 86 59 6 5
47 86 61 4 5
64 86 65 7 5
71 86 59 16 5
100 86 63 14 5
105 86 61 5 5
111 86 62 14 5
116 86 59 5 5
118 86 54 0 5
121 86 52 7 5
127 86 62 3 5
86 94 57 0 5
86 97 62 14 5
15 87 42 3 5
65 87 58 7 5
72 87 53 12 5
74 87 56 4 5
76 87 55 2 5
77 87 52 7 5
82 87 57 3 5
84 87 52 7 5
116 87 47 6 5
118 87 44 0 5
121 87 52 2 5
123 87 54 1 5
87 88 59 3 5
87 93 53 5 5
87 94 47 0 5
8 88 29 1 5
12 88 34 14 5
15 88 29 0 5
19 88 54 7 5
23 88 38 1 5
24 88 47 11 5
30 88 32 2 5
47 88 38 1 5
48 88 39 2 5
53 88 36 1 5
63 88 50 5 5
74 88 41 2 5
76 88 36 2 5
103 88 48 5 5
118 88 23 1 5
119 88 47 4 5
127 88 33 3 5
130 88 50 8 5
88 94 26 1 5
88 99 38 5 5
7 89 55 7 5
8 89 39 1 5
15 89 39 0 5
18 89 51 12 5
19 89 56 11 5
48 89 43 5 5
61 89 53 4 5
69 89 62 16 5
71 89 54 9 5
77 89 51 3 5
118 89 35 0 5
123 89 45 1 5
89 94 36 1 5
89 99 42 8 5
105 91 99 13 5
15 92 78 3 5
50 92 79 12 5
53 92 83 5 5
84 92 78 12 5
123 92 78 7 5
127 92 80 7 5
92 99 81 11 5
8 93 29 0 5
15 93 27 0 5
23 93 36 1 5
30 93 34 0 5
53 93 32 2 5
65 93 39 6 5
74 93 27 8 5
77 93 39 3 5
107 93 45 6 5
116 93 30 4 5
118 93 23 0 5
121 93 35 0 5
123 93 35 0 5
130 93 50 7 5
93 94 26 0 5
93 95 49 8 5
8 94 11 1 5
15 94 9 1 5
23 94 22 0 5
27 94 31 2 5
30 94 16 1 5
44 94 22 1 5
47 94 22 0 5
48 94 25 0 5
53 94 18 1 5
64 94 30 1 5
74 94 27 0 5
76 94 22 0 5
82 94 26 0 5
84 94 27 1 5
88 94 26 1 5
93 94 26 0 5
105 94 24 0 5
116 94 22 0 5
118 94 5 1 5
121 94 19 0 5
123 94 13 3 5
127 94 19 1 5
94 98 21 4 5
8 95 52 0 5
15 95 48 1 5
16 95 51 12 5
27 95 52 11 5
44 95 47 8 5
53 95 53 3 5
64 95 55 8 5
74 95 56 5 5
93 95 49 8 5
94 95 47 1 5
105 95 45 9 5
111 95 50 16 5
116 95 41 10 5
118 95 46 0 5
121 95 54 2 5
95 98 54 7 5
8 96 64 3 5
30 96 67 4 5
88 96 71 7 5
94 96 67 0 5
118 96 62 1 5
121 96 70 3 5
127 96 66 6 5
96 99 73 7 5
8 97 46 0 5
15 97 42 1 5
20 97 52 14 5
23 97 53 1 5
30 97 47 2 5
33 97 51 11 5
44 97 47 5 5
47 97 39 8 5
64 97 43 11 5
84 97 56 3 5
94 97 41 1 5
105 97 47 5 5
111 97 54 11 5
116 97 39 8 5
118 97 40 0 5
121 97 46 3 5
127 97 42 6 5
97 98 48 7 5
97 99 55 4 5
8 98 32 0 5
15 98 28 1 5
27 98 46 4 5
30 98 37 0 5
44 98 37 3 5
48 98 38 3 5
55 98 49 5 5
64 98 37 7 5
82 98 41 2 5
84 98 42 3 5
94 98 21 4 5
97 98 48 7 5
100 98 49 7 5
105 98 31 6 5
116 98 33 4 5
118 98 26 0 5
123 98 32 3 5
8 99 33 0 5
12 99 44 10 5
15 99 31 0 5
18 99 49 9 5
19 99 50 10 5
23 99 40 1 5
30 99 34 2 5
44 99 42 1 5
47 99 40 1 5
48 99 33 6 5
53 99 40 0 5
71 99 42 11 5
77 99 43 3 5
82 99 44 1 5
88 99 38 5 5
89 99 42 8 5
94 99 30 0 5
118 99 27 0 5
121 99 39 0 5
123 99 39 0 5
127 99 33 4 5
100 8 47 0 5
100 12 48 15 5
100 15 43 1 5
100 27 47 11 5
100 30 50 1 5
100 44 52 3 5
100 48 51 4 5
100 64 52 7 5
100 71 38 20 5
100 84 57 3 5
100 88 52 5 5
100 94 42 1 5
100 98 49 7 5
100 99 50 7 5
100 105 44 7 5
100 116 46 5 5
100 118 41 0 5
100 121 43 5 5
100 127 41 7 5
101 47 72 11 5
101 65 83 12 5
101 76 84 5 5
101 123 77 7 5
102 63 119 22 5
103 8 43 0 5
103 15 41 0 5
103 16 48 9 5
103 27 47 9 5
103 33 48 11 5
103 44 46 4 5
103 50 54 3 5
103 55 44 13 5
103 74 49 4 5
103 76 46 3 5
103 88 48 5 5
103 94 40 0 5
103 105 40 7 5
103 111 45 14 5
103 116 50 1 5
103 118 37 0 5
103 121 39 5 5
103 127 45 3 5
104 53 68 5 5
104 74 57 14 5
104 77 73 7 5
104 82 70 7 5
104 93 62 11 5
104 116 68 6 5
104 117 73 7 5
105 8 27 0 5
105 15 25 0 5
105 16 32 9 5
105 23 36 0 5
105 27 31 9 5
105 30 32 0 5
105 33 36 9 5
105 47 36 0 5
105 53 34 0 5
105 55 36 9 5
105 64 40 3 5
105 76 34 1 5
105 82 34 3 5
105 94 24 0 5
105 98 31 6 5
105 111 39 9 5
105 116 26 5 5
105 118 21 0 5
105 121 29 2 5
105 123 33 0 5
105 127 33 1 5
106 8 44 0 5
106 15 40 1 5
106 50 51 5 5
106 61 58 3 5
106 66 53 11 5
106 76 41 6 5
106 77 54 3 5
106 88 55 2 5
106 94 41 0 5
106 118 38 0 5
106 121 48 1 5
106 123 42 4 5
107 8 44 0 5
107 15 42 0 5
107 23 35 9 5
107 47 49 2 5
107 67 48 11 5
107 74 50 4 5
107 82 49 4 5
107 93 45 6 5
107 94 41 0 5
107 98 54 3 5
107 117 38 11 5
107 118 38 0 5
107 123 48 1 5
108 8 58 1 5
108 15 54 2 5
108 39 66 14 5
108 76 57 6 5
108 94 55 1 5
106 108 66 11 5
108 118 52 1 5
108 121 58 4 5
108 123 46 10 5
108 125 68 13 5
109 25 82 9 5
109 37 74 23 5
109 50 77 7 5
109 53 75 3 5
109 76 77 3 5
109 89 77 11 5
109 123 74 3 5
110 8 94 7 5
110 23 99 9 5
111 8 46 0 5
111 15 42 1 5
111 27 36 16 5
111 33 35 19 5
111 44 53 2 5
111 74 54 3 5
111 76 53 1 5
111 77 56 3 5
111 93 49 5 5
111 94 41 1 5
111 98 56 3 5
105 111 39 9 5
111 116 39 8 5
111 118 40 0 5
111 121 38 7 5
111 127 46 4 5
112 15 49 0 5
112 27 59 7 5
112 44 52 5 5
112 55 60 9 5
112 74 59 3 5
112 94 48 0 5
112 98 61 3 5
100 112 62 10 5
103 112 52 13 5
105 112 54 4 5
112 116 54 3 5
112 118 45 0 5
112 121 47 5 5
112 127 55 2 5
113 50 78 10 5
113 53 74 7 5
113 94 76 1 5
113 123 79 4 5
113 127 79 5 5
114 23 80 8 5
114 47 78 9 5
114 53 84 5 5
114 93 74 13 5
114 94 82 1 5
107 114 77 19 5
114 116 86 5 5
114 117 79 12 5
114 118 79 1 5
115 18 57 19 5
115 23 60 5 5
115 50 68 5 5
115 77 67 5 5
115 84 67 5 5
115 89 68 9 5
115 99 68 5 5
107 115 71 9 5
115 117 65 6 5
116 8 25 0 5
116 15 23 0 5
116 16 38 5 5
116 27 37 5 5
116 30 30 0 5
116 44 34 1 5
116 50 40 1 5
116 53 32 0 5
116 64 36 4 5
116 74 37 1 5
116 77 35 3 5
116 84 39 1 5
116 93 30 4 5
116 94 22 0 5
116 98 33 4 5
105 116 26 5 5
116 118 19 0 5
116 121 31 0 5
116 123 31 0 5
116 127 31 1 5
117 8 32 0 5
117 15 30 0 5
117 23 33 4 5
117 31 51 13 5
117 33 49 5 5
117 47 35 3 5
117 82 39 3 5
117 93 41 2 5
117 94 29 0 5
107 117 38 11 5
117 118 26 0 5
118 8 8 1 5
118 15 8 0 5
118 23 19 0 5
118 30 13 1 5
118 40 28 1 5
118 44 21 0 5
118 47 19 0 5
118 48 22 0 5
118 53 15 1 5
118 74 24 0 5
118 76 19 0 5
118 82 23 0 5
118 88 23 1 5
118 93 23 0 5
118 94 5 1 5
105 118 21 0 5
116 118 19 0 5
118 121 14 1 5
118 123 16 0 5
118 127 16 1 5
119 15 38 0 5
119 19 63 7 5
119 40 44 8 5
119 47 37 6 5
119 48 44 4 5
119 64 51 4 5
119 88 47 4 5
119 94 37 0 5
119 99 49 4 5
100 119 55 8 5
116 119 45 2 5
118 119 34 0 5
120 15 73 2 5
120 41 83 9 5
120 47 78 5 5
120 67 83 11 5
120 72 82 12 5
121 8 22 0 5
121 15 20 0 5
121 16 37 4 5
121 23 31 0 5
121 27 34 5 5
121 30 27 0 5
121 44 31 1 5
121 47 31 0 5
121 53 29 0 5
121 71 39 7 5
121 76 29 1 5
121 94 19 0 5
103 121 39 5 5
105 121 29 2 5
111 121 38 7 5
116 121 31 0 5
118 121 14 1 5
121 123 28 0 5
121 127 26 2 5
122 8 44 1 5
122 15 42 1 5
122 22 52 7 5
122 30 41 5 5
122 44 51 3 5
122 48 54 2 5
122 53 51 1 5
122 64 59 3 5
122 81 41 19 5
122 82 57 1 5
122 84 52 5 5
122 94 39 2 5
122 98 56 3 5
116 122 53 1 5
118 122 38 1 5
122 127 52 1 5
123 8 22 0 5
123 15 20 0 5
123 23 31 0 5
123 27 40 2 5
123 30 27 0 5
123 44 33 0 5
123 47 31 0 5
123 48 34 0 5
123 53 29 0 5
123 66 43 5 5
123 74 36 0 5
123 76 27 2 5
123 82 35 0 5
123 93 35 0 5
123 94 13 3 5
123 98 32 3 5
105 123 33 0 5
108 123 46 10 5
116 123 31 0 5
118 123 16 0 5
121 123 28 0 5
123 127 30 0 5
124 15 96 2 5
124 40 94 14 5
118 124 94 1 5
125 8 40 5 5
125 15 48 0 5
125 22 60 5 5
125 41 58 7 5
125 61 50 10 5
125 64 59 5 5
125 67 62 7 5
125 94 47 0 5
118 125 44 0 5
123 125 50 3 5
126 23 72 8 5
126 47 72 8 5
126 74 71 11 5
126 93 72 10 5
107 126 67 20 5
117 126 71 12 5
127 8 22 1 5
127 15 22 0 5
127 16 37 5 5
127 23 33 0 5
127 27 38 4 5
127 30 19 5 5
127 44 35 0 5
127 47 33 0 5
127 53 29 1 5
127 76 31 1 5
127 88 33 3 5
127 94 19 1 5
127 99 33 4 5
100 127 41 7 5
105 127 33 1 5
116 127 31 1 5
118 127 16 1 5
121 127 26 2 5
123 127 30 0 5
128 8 48 0 5
128 15 46 0 5
128 22 58 5 5
128 31 67 13 5
128 40 52 8 5
128 48 54 3 5
128 76 55 1 5
128 94 45 0 5
118 128 42 0 5
122 128 58 10 5
123 128 46 4 5
129 8 51 1 5
129 15 51 0 5
129 23 58 2 5
129 40 63 5 5
129 50 50 10 5
129 61 61 6 5
129 76 54 4 5
129 82 60 3 5
129 94 48 1 5
129 98 59 5 5
105 129 60 2 5
118 129 47 0 5
123 129 55 2 5
130 8 49 1 5
130 15 47 1 5
130 16 60 7 5
130 47 46 7 5
130 74 41 12 5
130 76 54 3 5
130 88 50 8 5
130 93 50 7 5
130 94 44 2 5
130 97 59 11 5
103 130 56 11 5
105 130 54 4 5
116 130 54 3 5
118 130 43 1 5
127 130 53 3 5
