Res1 Res2 NSingle NDouble Method
7 8 38 3 5
15 8 14 0 5
17 21 74 21 5
11 22 57 7 5
23 8 25 0 5
15 23 23 0 5
18 23 47 6 5
16 27 33 14 5
30 8 19 1 5
15 30 19 0 5
23 30 30 0 5
23 31 52 9 5
16 33 42 12 5
27 33 41 12 5
22 37 62 10 5
39 7 60 9 5
16 40 51 4 5
31 40 53 14 5
11 41 51 11 5
22 41 48 5 5
27 41 44 8 5
23 42 42 5 5
44 8 27 0 5
15 44 23 1 5
30 44 32 0 5
41 44 43 3 5
47 8 25 0 5
15 47 23 0 5
23 47 34 0 5
30 47 30 0 5
33 47 38 7 5
48 7 48 4 5
15 48 26 0 5
19 48 51 7 5
23 48 35 1 5
30 48 33 0 5
47 48 35 1 5
22 50 45 4 5
23 50 38 2 5
11 52 75 23 5
53 8 21 1 5
15 53 21 0 5
22 53 37 3 5
25 53 39 5 5
28 53 56 7 5
30 53 26 1 5
37 53 55 7 5
42 53 44 3 5
50 53 34 3 5
16 55 50 8 5
33 55 52 9 5
55 57 49 20 5
61 7 46 9 5
61 8 22 7 5
39 61 56 7 5
50 61 45 4 5
53 61 35 4 5
63 8 35 5 5
44 63 44 6 5
46 63 58 16 5
64 8 33 1 5
15 64 31 1 5
44 64 40 3 5
47 64 34 5 5
61 64 47 4 5
33 65 41 12 5
47 65 31 8 5
64 65 49 4 5
44 66 50 4 5
23 67 41 5 5
45 67 69 20 5
18 69 51 26 5
48 69 61 10 5
12 71 50 14 5
44 71 48 5 5
48 71 49 5 5
63 71 52 12 5
42 72 56 7 5
53 72 44 3 5
61 72 53 5 5
65 72 51 7 5
15 74 28 0 5
23 74 37 1 5
47 74 37 1 5
72 74 47 5 5
76 8 25 0 5
15 76 21 1 5
30 76 30 0 5
50 76 36 3 5
53 76 28 2 5
15 77 30 0 5
46 77 57 10 5
63 77 51 5 5
65 77 48 3 5
25 79 65 15 5
50 81 50 8 5
61 81 55 7 5
7 82 51 3 5
8 82 23 3 5
12 82 44 8 5
15 82 27 0 5
23 82 32 3 5
61 82 43 3 5
67 82 49 3 5
72 82 50 3 5
75 82 64 9 5
22 84 42 5 5
30 84 29 4 5
44 84 37 3 5
50 84 43 3 5
53 84 33 3 5
61 84 46 3 5
64 84 45 3 5
72 84 47 6 5
76 84 39 1 5
77 87 52 7 5
8 88 29 1 5
12 88 34 14 5
15 88 29 0 5
19 88 54 7 5
24 88 47 11 5
30 88 32 2 5
47 88 38 1 5
48 88 39 2 5
63 88 50 5 5
74 88 41 2 5
76 88 36 2 5
7 89 55 7 5
18 89 51 12 5
19 89 56 11 5
48 89 43 5 5
61 89 53 4 5
69 89 62 16 5
71 89 54 9 5
77 89 51 3 5
15 93 27 0 5
23 93 36 1 5
53 93 32 2 5
65 93 39 6 5
74 93 27 8 5
77 93 39 3 5
8 94 11 1 5
15 94 9 1 5
23 94 22 0 5
27 94 31 2 5
30 94 16 1 5
44 94 22 1 5
47 94 22 0 5
48 94 25 0 5
53 94 18 1 5
64 94 30 1 5
74 94 27 0 5
76 94 22 0 5
82 94 26 0 5
84 94 27 1 5
88 94 26 1 5
93 94 26 0 5
44 95 47 8 5
64 95 55 8 5
93 95 49 8 5
20 97 52 14 5
44 97 47 5 5
47 97 39 8 5
64 97 43 11 5
15 98 28 1 5
27 98 46 4 5
44 98 37 3 5
48 98 38 3 5
55 98 49 5 5
64 98 37 7 5
82 98 41 2 5
84 98 42 3 5
94 98 21 4 5
97 98 48 7 5
12 99 44 10 5
18 99 49 9 5
19 99 50 10 5
30 99 34 2 5
48 99 33 6 5
71 99 42 11 5
77 99 43 3 5
88 99 38 5 5
89 99 42 8 5
100 12 48 15 5
100 64 52 7 5
100 71 38 20 5
100 98 49 7 5
103 16 48 9 5
103 44 46 4 5
103 55 44 13 5
103 76 46 3 5
103 88 48 5 5
105 8 27 0 5
105 15 25 0 5
105 16 32 9 5
105 27 31 9 5
105 30 32 0 5
105 33 36 9 5
105 55 36 9 5
105 64 40 3 5
105 76 34 1 5
105 82 34 3 5
105 94 24 0 5
105 98 31 6 5
106 50 51 5 5
106 66 53 11 5
106 76 41 6 5
107 23 35 9 5
107 67 48 11 5
107 82 49 4 5
107 93 45 6 5
108 39 66 14 5
111 27 36 16 5
111 33 35 19 5
105 111 39 9 5
115 18 57 19 5
116 8 25 0 5
116 15 23 0 5
116 16 38 5 5
116 27 37 5 5
116 30 30 0 5
116 44 34 1 5
116 50 40 1 5
116 64 36 4 5
116 74 37 1 5
116 77 35 3 5
116 84 39 1 5
116 93 30 4 5
116 94 22 0 5
116 98 33 4 5
105 116 26 5 5
117 15 30 0 5
117 23 33 4 5
117 31 51 13 5
117 33 49 5 5
117 47 35 3 5
117 82 39 3 5
107 117 38 11 5
118 8 8 1 5
118 15 8 0 5
118 23 19 0 5
118 30 13 1 5
118 40 28 1 5
118 44 21 0 5
118 47 19 0 5
118 48 22 0 5
118 53 15 1 5
118 74 24 0 5
118 76 19 0 5
118 82 23 0 5
118 88 23 1 5
118 93 23 0 5
118 94 5 1 5
105 118 21 0 5
116 118 19 0 5
119 19 63 7 5
119 40 44 8 5
119 47 37 6 5
119 48 44 4 5
119 64 51 4 5
119 88 47 4 5
121 8 22 0 5
121 15 20 0 5
121 16 37 4 5
121 23 31 0 5
121 27 34 5 5
121 30 27 0 5
121 44 31 1 5
121 47 31 0 5
121 53 29 0 5
121 71 39 7 5
121 76 29 1 5
121 94 19 0 5
103 121 39 5 5
105 121 29 2 5
111 121 38 7 5
116 121 31 0 5
118 121 14 1 5
122 22 52 7 5
122 30 41 5 5
122 81 41 19 5
123 8 22 0 5
123 15 20 0 5
123 23 31 0 5
123 27 40 2 5
123 30 27 0 5
123 44 33 0 5
123 47 31 0 5
123 48 34 0 5
123 53 29 0 5
123 66 43 5 5
123 74 36 0 5
123 76 27 2 5
123 93 35 0 5
123 94 13 3 5
123 98 32 3 5
105 123 33 0 5
108 123 46 10 5
116 123 31 0 5
118 123 16 0 5
121 123 28 0 5
125 8 40 5 5
125 22 60 5 5
125 61 50 10 5
125 67 62 7 5
127 8 22 1 5
127 15 22 0 5
127 16 37 5 5
127 23 33 0 5
127 27 38 4 5
127 30 19 5 5
127 47 33 0 5
127 53 29 1 5
127 76 31 1 5
127 88 33 3 5
127 94 19 1 5
127 99 33 4 5
100 127 41 7 5
105 127 33 1 5
116 127 31 1 5
118 127 16 1 5
121 127 26 2 5
123 127 30 0 5
128 22 58 5 5
128 31 67 13 5
128 40 52 8 5
129 50 50 10 5
130 47 46 7 5
130 74 41 12 5
130 88 50 8 5
130 93 50 7 5
