Res1 Res2 NSingle NDouble Method
7 8 26 4 5
15 8 10 0 5
15 16 25 1 5
12 18 28 11 5
17 21 41 17 5
15 27 25 1 5
16 27 26 9 5
30 8 11 1 5
15 30 13 0 5
16 33 30 8 5
22 37 40 8 5
31 40 34 11 5
22 41 29 5 5
27 41 31 5 5
14 44 40 7 5
15 44 17 1 5
21 47 29 6 5
23 47 25 2 5
33 47 25 6 5
12 48 30 3 5
18 48 32 5 5
47 48 23 2 5
22 50 30 4 5
53 8 13 1 5
15 53 15 0 5
22 53 26 2 5
25 53 28 3 5
30 53 16 1 5
50 53 22 3 5
61 7 31 8 5
61 8 15 4 5
50 61 24 6 5
53 61 22 3 5
63 8 26 3 5
44 63 31 5 5
46 63 35 14 5
15 64 23 1 5
47 64 23 5 5
61 64 30 4 5
33 65 25 10 5
47 65 16 9 5
64 65 29 6 5
23 67 29 6 5
12 71 23 13 5
44 71 31 5 5
15 72 21 3 5
61 72 30 5 5
72 74 30 4 5
15 76 17 1 5
50 76 26 3 5
53 76 20 2 5
61 76 24 4 5
18 77 33 5 5
65 77 30 3 5
25 79 41 13 5
50 81 37 7 5
8 82 16 2 5
12 82 27 5 5
23 82 25 3 5
55 82 32 4 5
67 82 32 4 5
74 82 27 2 5
8 84 19 1 5
15 84 15 3 5
22 84 30 3 5
30 84 16 4 5
41 84 31 2 5
44 84 26 2 5
50 84 28 3 5
53 84 20 3 5
61 84 28 3 5
33 86 26 16 5
44 86 36 6 5
72 87 33 9 5
8 88 18 1 5
12 88 21 8 5
19 88 33 6 5
23 88 27 2 5
24 88 28 8 5
30 88 19 2 5
48 88 25 2 5
71 88 30 6 5
74 88 27 2 5
76 88 25 2 5
19 89 36 11 5
48 89 32 5 5
53 93 21 3 5
65 93 26 6 5
74 93 19 7 5
77 93 24 4 5
8 94 7 1 5
15 94 7 1 5
27 94 20 3 5
30 94 10 1 5
44 94 16 1 5
53 94 12 1 5
84 94 16 2 5
88 94 17 1 5
33 97 26 12 5
44 97 30 5 5
47 97 23 8 5
64 97 28 9 5
65 97 31 8 5
15 98 19 1 5
27 98 28 5 5
44 98 26 2 5
48 98 26 2 5
64 98 28 4 5
82 98 25 3 5
84 98 28 2 5
94 98 14 3 5
12 99 20 12 5
18 99 26 12 5
48 99 28 4 5
71 99 25 12 5
77 99 31 3 5
88 99 27 5 5
100 27 28 9 5
100 71 21 15 5
103 33 27 9 5
103 55 28 9 5
103 76 29 3 5
104 93 32 14 5
105 15 17 0 5
105 16 24 5 5
105 27 24 5 5
105 33 26 5 5
105 55 25 6 5
105 76 24 1 5
105 82 21 3 5
105 98 18 5 5
100 105 26 5 5
103 105 25 4 5
106 66 32 11 5
106 76 28 6 5
107 23 19 11 5
108 39 36 15 5
111 33 22 13 5
100 111 26 11 5
105 111 26 5 5
112 55 34 12 5
103 112 32 11 5
116 15 17 1 5
116 44 24 2 5
116 74 26 2 5
116 77 21 4 5
116 93 21 5 5
116 94 16 1 5
116 98 24 3 5
105 116 20 3 5
111 116 20 9 5
117 23 20 7 5
117 47 25 3 5
117 93 29 3 5
107 117 21 11 5
118 8 5 1 5
118 12 22 1 5
118 15 7 0 5
118 30 8 1 5
118 40 20 1 5
118 53 10 1 5
118 84 16 1 5
118 88 15 1 5
118 94 4 1 5
105 118 14 0 5
119 40 32 7 5
121 16 25 5 5
121 27 25 5 5
121 44 23 2 5
121 76 23 2 5
103 121 22 6 5
105 121 19 3 5
111 121 21 8 5
116 121 25 1 5
118 121 13 1 5
122 81 23 17 5
122 94 24 2 5
123 8 13 0 5
123 15 13 0 5
123 27 24 3 5
123 30 16 0 5
123 53 18 0 5
123 76 18 2 5
123 94 8 2 5
123 98 20 2 5
106 123 28 3 5
108 123 30 7 5
118 123 10 0 5
125 8 24 4 5
125 61 29 8 5
127 8 14 1 5
127 15 16 0 5
127 16 25 4 5
127 20 25 8 5
127 24 28 6 5
127 30 11 4 5
127 53 19 1 5
127 76 23 1 5
127 84 25 1 5
127 88 20 3 5
127 94 13 1 5
127 97 25 6 5
127 99 25 4 5
12 127 25 4 5
100 127 23 6 5
105 127 21 1 5
116 127 23 1 5
118 127 11 1 5
121 127 18 3 5
123 127 19 0 5
128 31 38 15 5
128 40 36 8 5
129 50 37 7 5
130 47 33 6 5
