Res1 Res2 NSingle NDouble Method
60 8 11 4 6
80 9 2 4 6
10 96 23 15 6
16 57 6 6 6
30 67 11 1 6
33 34 8 7 6
33 82 8 2 6
34 35 13 4 6
35 57 1 9 6
36 9 5 3 6
36 41 7 1 6
39 58 14 5 6
36 41 7 1 6
118 41 6 1 6
39 58 14 5 6
126 61 5 1 6
130 62 25 2 6
17 66 13 3 6
71 78 22 12 6
52 73 15 1 6
115 73 15 4 6
73 82 11 1 6
78 91 15 8 6
80 9 2 4 6
36 80 7 2 6
52 80 9 1 6
118 80 4 3 6
60 88 12 4 6
60 89 12 2 6
67 94 12 1 6
63 96 16 13 6
78 96 18 12 6
100 52 9 1 6
103 30 20 1 6
108 52 13 5 6
115 116 10 2 6
118 36 7 2 6
120 16 13 2 6
120 97 10 6 6
115 123 12 1 6
126 61 5 1 6
