Res1 Res2 NSingle NDouble Method
1 131 0 34 3
132 2 0 23 3
133 3 0 30 3
134 4 0 21 3
135 5 0 60 3
136 6 0 24 3
137 7 0 21 3
139 9 0 54 3
10 140 0 45 3
11 141 0 18 3
12 142 0 22 3
13 143 0 33 3
14 144 0 38 3
146 16 0 12 3
148 18 0 39 3
149 19 0 45 3
150 20 0 16 3
151 21 0 77 3
152 22 0 43 3
153 23 0 28 3
154 24 0 15 3
155 25 0 34 3
156 26 0 17 3
157 27 0 21 3
158 28 0 43 3
159 29 0 29 3
161 31 0 37 3
162 32 0 44 3
163 33 0 31 3
164 34 0 43 3
165 35 0 15 3
166 36 0 34 3
167 37 0 57 3
168 38 0 38 3
169 39 0 24 3
170 40 0 28 3
172 42 0 27 3
173 43 0 15 3
174 44 0 63 3
175 45 0 15 3
176 46 0 24 3
177 47 0 18 3
178 48 0 30 3
179 49 0 46 3
180 50 0 21 3
181 51 0 47 3
182 52 0 59 3
184 54 0 42 3
185 55 0 22 3
186 56 0 21 3
187 57 0 27 3
188 58 0 38 3
189 59 0 33 3
190 60 0 17 3
192 62 0 21 3
193 63 0 34 3
194 64 0 11 3
195 65 0 16 3
1 131 0 34 3
132 2 0 23 3
133 3 0 30 3
134 4 0 21 3
135 5 0 60 3
136 6 0 24 3
137 7 0 21 3
139 9 0 54 3
10 140 0 45 3
11 141 0 18 3
12 142 0 22 3
13 143 0 33 3
14 144 0 38 3
146 16 0 12 3
148 18 0 39 3
149 19 0 45 3
150 20 0 16 3
151 21 0 77 3
152 22 0 43 3
153 23 0 28 3
154 24 0 15 3
155 25 0 34 3
156 26 0 17 3
157 27 0 21 3
158 28 0 43 3
159 29 0 29 3
161 31 0 37 3
162 32 0 44 3
163 33 0 31 3
164 34 0 43 3
165 35 0 15 3
166 36 0 34 3
167 37 0 57 3
168 38 0 38 3
169 39 0 24 3
170 40 0 28 3
172 42 0 27 3
173 43 0 15 3
174 44 0 63 3
175 45 0 15 3
176 46 0 24 3
177 47 0 18 3
178 48 0 30 3
179 49 0 46 3
180 50 0 21 3
181 51 0 47 3
182 52 0 59 3
184 54 0 42 3
185 55 0 22 3
186 56 0 21 3
187 57 0 27 3
188 58 0 38 3
189 59 0 33 3
190 60 0 17 3
192 62 0 21 3
193 63 0 34 3
194 64 0 11 3
195 65 0 16 3
