Res1 Res2 NSingle NDouble Method
1 8 403 17 6
1 10 325 1 6
1 11 361 11 6
1 12 319 11 6
1 18 334 11 6
1 21 395 21 6
1 22 374 10 6
1 23 368 5 6
1 24 299 2 6
1 34 371 30 6
1 37 458 45 6
1 38 378 20 6
1 42 439 21 6
1 50 365 14 6
1 52 328 4 6
1 56 285 2 6
1 58 339 4 6
1 78 338 5 6
1 79 447 25 6
1 80 340 5 6
1 82 292 8 6
1 91 323 20 6
1 95 328 2 6
1 113 376 10 6
1 120 313 3 6
1 125 366 11 6
10 2 468 12 6
18 2 491 15 6
115 2 479 25 6
120 2 466 9 6
2 9 532 45 6
2 23 495 24 6
2 24 456 6 6
2 26 572 43 6
2 28 553 39 6
2 38 517 33 6
2 48 491 14 6
2 54 515 18 6
2 56 444 5 6
2 80 477 19 6
2 82 469 2 6
10 3 457 10 6
24 3 441 6 6
26 3 563 40 6
115 3 480 17 6
120 3 449 10 6
125 3 500 19 6
3 9 497 55 6
3 54 498 19 6
3 56 423 8 6
3 60 568 53 6
3 66 498 55 6
3 71 591 43 6
3 80 450 25 6
3 82 438 10 6
3 91 481 16 6
3 93 492 24 6
12 4 453 10 6
32 4 589 82 6
38 4 500 25 6
111 4 480 15 6
115 4 468 14 6
120 4 425 13 6
4 7 525 60 6
4 9 515 37 6
4 48 440 23 6
4 54 468 25 6
4 71 575 42 6
4 82 422 9 6
16 5 550 50 6
18 5 410 17 6
22 5 454 14 6
24 5 385 3 6
31 5 601 57 6
44 5 455 49 6
48 5 420 11 6
111 5 432 17 6
5 8 469 28 6
5 52 402 11 6
5 54 418 28 6
5 56 361 8 6
5 58 413 11 6
5 62 478 39 6
5 79 489 48 6
5 80 422 8 6
5 82 386 5 6
5 95 408 6 6
12 6 462 15 6
38 6 491 39 6
111 6 491 19 6
115 6 475 20 6
120 6 442 14 6
6 69 577 43 6
6 71 558 60 6
10 7 340 11 6
11 7 400 9 6
12 7 358 9 6
18 7 369 11 6
22 7 407 11 6
23 7 377 18 6
24 7 326 6 6
26 7 476 26 6
29 7 484 39 6
38 7 419 17 6
50 7 400 14 6
54 7 369 26 6
56 7 314 5 6
120 7 346 4 6
7 9 436 28 6
7 82 341 1 6
7 84 455 37 6
7 93 405 10 6
7 95 353 7 6
10 8 276 5 6
11 8 326 8 6
12 8 278 11 6
17 8 390 16 6
18 8 297 9 6
21 8 354 21 6
23 8 321 8 6
24 8 244 9 6
37 8 417 45 6
48 8 299 7 6
50 8 316 18 6
54 8 327 9 6
56 8 232 8 6
58 8 292 7 6
78 8 289 9 6
79 8 418 19 6
115 8 291 16 6
120 8 270 4 6
121 8 293 11 6
8 80 287 11 6
8 82 257 5 6
8 85 491 40 6
8 91 314 4 6
8 92 410 24 6
8 95 287 2 6
8 96 386 47 6
10 9 286 10 6
12 9 302 9 6
17 9 384 29 6
18 9 331 2 6
21 9 376 20 6
23 9 337 10 6
24 9 276 3 6
26 9 404 34 6
36 9 396 21 6
38 9 361 18 6
48 9 325 4 6
52 9 309 3 6
54 9 347 9 6
56 9 264 2 6
58 9 314 6 6
78 9 313 7 6
80 9 325 2 6
81 9 395 31 6
82 9 287 0 6
113 9 351 12 6
115 9 341 1 6
118 9 431 20 6
120 9 296 1 6
121 9 331 2 6
9 91 316 13 6
9 95 295 8 6
9 96 432 34 6
10 7 340 11 6
10 9 286 10 6
10 11 218 7 6
10 12 174 8 6
10 18 197 4 6
10 22 235 4 6
10 23 219 4 6
10 24 144 4 6
10 26 312 15 6
10 27 321 18 6
10 28 297 9 6
10 29 326 25 6
10 38 263 2 6
10 46 278 0 6
10 48 199 2 6
10 50 230 6 6
10 52 175 5 6
10 54 229 3 6
10 56 132 3 6
10 58 190 3 6
10 65 355 10 6
10 78 195 1 6
10 80 197 1 6
10 82 147 5 6
10 91 202 5 6
10 93 229 5 6
10 95 169 6 6
10 96 350 10 6
10 111 223 2 6
10 113 239 3 6
10 115 207 3 6
10 120 160 4 6
10 121 197 4 6
10 125 231 3 6
1 11 361 11 6
10 11 218 7 6
11 12 226 10 6
11 18 245 8 6
11 21 310 16 6
11 22 285 7 6
11 23 275 4 6
11 24 196 6 6
11 28 345 13 6
11 38 307 8 6
11 48 247 6 6
11 50 280 9 6
11 52 233 4 6
11 54 289 1 6
11 56 184 5 6
11 57 347 12 6
11 58 240 6 6
11 78 245 4 6
11 80 249 3 6
11 81 357 13 6
11 82 193 10 6
11 91 252 8 6
11 93 287 4 6
11 95 227 5 6
11 97 388 19 6
11 98 352 11 6
11 111 277 3 6
11 113 289 6 6
11 115 259 5 6
11 120 212 6 6
11 121 239 11 6
11 125 263 15 6
12 8 278 11 6
12 9 302 9 6
1 12 319 11 6
10 12 174 8 6
11 12 226 10 6
111 12 229 6 6
115 12 209 9 6
12 16 399 13 6
12 18 209 5 6
12 23 233 4 6
12 24 158 4 6
12 38 265 8 6
12 39 373 12 6
12 46 276 8 6
12 48 205 6 6
12 50 244 6 6
12 52 189 5 6
12 54 243 3 6
12 56 148 2 6
12 58 202 4 6
12 62 295 18 6
12 78 199 6 6
12 80 209 2 6
12 81 319 11 6
12 82 167 2 6
12 85 447 14 6
12 91 214 6 6
12 93 245 4 6
12 95 193 1 6
12 120 172 5 6
12 121 213 3 6
10 13 527 19 6
111 13 572 22 6
13 26 647 42 6
13 38 584 36 6
13 46 603 32 6
13 54 574 25 6
13 56 521 3 6
13 58 531 27 6
13 91 547 27 6
13 93 580 24 6
13 95 540 15 6
14 8 414 27 6
10 14 354 2 6
11 14 382 16 6
12 14 358 7 6
111 14 379 15 6
113 14 403 12 6
115 14 385 5 6
120 14 334 8 6
121 14 345 21 6
14 17 448 23 6
14 18 373 7 6
14 21 402 33 6
14 22 397 14 6
14 23 397 6 6
14 24 326 4 6
14 42 444 34 6
14 52 347 10 6
14 56 314 3 6
14 58 374 2 6
14 72 538 43 6
14 78 361 9 6
14 82 335 2 6
14 95 343 10 6
10 15 364 10 6
115 15 351 35 6
120 15 362 7 6
121 15 391 11 6
15 24 356 2 6
15 25 494 59 6
15 46 452 17 6
15 48 371 20 6
15 52 379 7 6
15 56 342 2 6
15 58 372 16 6
15 66 433 41 6
15 80 389 9 6
15 91 386 17 6
15 95 375 7 6
16 8 455 33 6
10 16 377 17 6
12 16 399 13 6
115 16 398 25 6
120 16 395 4 6
16 18 376 32 6
16 24 379 4 6
16 27 498 47 6
16 34 471 22 6
16 48 416 11 6
16 52 410 5 6
16 56 357 8 6
16 58 405 13 6
16 62 456 48 6
16 80 402 16 6
16 82 384 4 6
16 91 421 13 6
16 92 497 43 6
16 95 408 4 6
16 96 513 46 6
17 8 390 16 6
17 9 384 29 6
10 17 302 5 6
12 17 314 6 6
113 17 361 10 6
115 17 327 11 6
120 17 298 3 6
121 17 321 10 6
17 18 325 8 6
17 23 343 10 6
17 24 282 3 6
17 36 404 20 6
17 48 325 7 6
17 54 345 13 6
17 56 270 2 6
17 57 411 20 6
17 71 404 54 6
17 78 325 4 6
17 79 426 28 6
17 80 311 12 6
17 95 305 6 6
18 8 297 9 6
1 18 334 11 6
10 18 197 4 6
11 18 245 8 6
12 18 209 5 6
16 18 376 32 6
111 18 242 7 6
113 18 268 3 6
115 18 234 4 6
119 18 346 25 6
120 18 195 1 6
121 18 226 4 6
125 18 266 0 6
18 22 270 1 6
18 23 242 7 6
18 24 173 4 6
18 34 277 16 6
18 38 272 12 6
18 48 226 3 6
18 50 261 5 6
18 52 214 0 6
18 54 260 2 6
18 56 159 4 6
18 57 316 14 6
18 58 205 10 6
18 62 304 21 6
18 78 214 6 6
18 79 333 21 6
18 80 206 11 6
18 82 182 2 6
18 91 225 8 6
18 92 341 18 6
18 93 262 3 6
18 95 200 5 6
18 96 371 14 6
19 9 539 24 6
1 19 552 28 6
11 19 475 19 6
18 19 466 10 6
121 19 468 9 6
122 19 566 51 6
130 19 567 65 6
19 23 468 20 6
19 24 409 12 6
19 28 512 42 6
19 34 515 23 6
19 36 501 44 6
19 42 533 39 6
19 48 464 10 6
19 58 441 18 6
19 81 558 25 6
19 82 424 7 6
19 84 498 63 6
19 91 463 15 6
19 98 531 34 6
20 9 470 39 6
12 20 416 8 6
120 20 396 7 6
125 20 433 23 6
20 21 456 36 6
20 22 451 17 6
20 23 439 15 6
20 24 384 5 6
20 27 521 39 6
20 28 503 27 6
20 34 470 26 6
20 36 504 23 6
20 38 451 29 6
20 39 529 48 6
20 46 450 35 6
20 52 411 8 6
20 56 364 8 6
20 58 422 8 6
20 78 415 12 6
20 81 475 47 6
20 82 389 5 6
20 95 405 9 6
20 96 536 38 6
21 8 354 21 6
10 21 282 2 6
11 21 310 16 6
12 21 292 4 6
14 21 402 33 6
111 21 327 5 6
113 21 335 10 6
121 21 295 10 6
21 22 325 14 6
21 23 325 6 6
21 24 256 3 6
21 26 402 25 6
21 38 357 10 6
21 46 360 14 6
21 47 512 40 6
21 50 344 4 6
21 52 279 8 6
21 54 331 7 6
21 56 240 4 6
21 58 282 12 6
21 80 303 3 6
21 82 253 7 6
21 91 302 10 6
21 93 325 12 6
10 22 235 4 6
11 22 285 7 6
12 22 253 2 6
14 22 397 14 6
18 22 270 1 6
21 22 325 14 6
111 22 288 3 6
113 22 298 7 6
115 22 268 6 6
118 22 352 28 6
120 22 229 3 6
121 22 256 8 6
125 22 294 5 6
22 23 288 3 6
22 24 211 4 6
22 34 325 11 6
22 36 349 13 6
22 48 268 1 6
22 50 289 10 6
22 52 234 9 6
22 54 284 9 6
22 56 197 4 6
22 57 364 9 6
22 58 259 2 6
22 66 344 15 6
22 78 260 2 6
22 80 264 1 6
22 82 214 5 6
22 91 273 3 6
22 93 280 13 6
22 95 236 6 6
23 7 377 18 6
23 8 321 8 6
23 9 337 10 6
2 23 495 24 6
10 23 219 4 6
12 23 233 4 6
17 23 343 10 6
18 23 242 7 6
115 23 250 7 6
119 23 380 19 6
120 23 215 2 6
23 24 195 4 6
23 26 351 21 6
23 28 344 11 6
23 30 409 18 6
23 39 394 20 6
23 42 361 10 6
23 48 244 5 6
23 50 281 6 6
23 52 234 1 6
23 54 270 8 6
23 55 360 9 6
23 56 179 5 6
23 58 239 4 6
23 62 340 14 6
23 74 414 23 6
23 78 242 3 6
23 79 369 14 6
23 80 250 0 6
23 82 204 2 6
23 95 224 4 6
24 8 244 9 6
10 24 144 4 6
11 24 196 6 6
12 24 158 4 6
18 24 173 4 6
22 24 211 4 6
23 24 195 4 6
111 24 193 5 6
113 24 213 4 6
115 24 183 3 6
118 24 299 9 6
120 24 140 2 6
121 24 171 5 6
125 24 201 6 6
24 28 271 10 6
24 34 252 2 6
24 38 237 3 6
24 46 250 2 6
24 48 175 2 6
24 50 212 3 6
24 52 159 1 6
24 54 199 6 6
24 55 291 6 6
24 56 106 4 6
24 57 277 7 6
24 58 162 5 6
24 72 394 12 6
24 78 167 3 6
24 80 171 2 6
24 82 125 4 6
24 91 186 1 6
24 93 201 7 6
24 95 147 5 6
24 98 272 11 6
25 9 468 33 6
10 25 388 8 6
12 25 408 5 6
15 25 494 59 6
24 25 366 7 6
115 25 421 10 6
120 25 382 7 6
121 25 417 8 6
125 25 431 17 6
25 26 514 28 6
25 38 413 41 6
25 42 494 32 6
25 46 458 24 6
25 48 421 5 6
25 50 444 13 6
25 52 405 4 6
25 56 356 5 6
25 58 400 12 6
25 66 453 41 6
25 81 503 26 6
25 82 367 9 6
25 91 400 20 6
25 95 403 3 6
26 9 404 34 6
10 26 312 15 6
11 26 380 9 6
12 26 344 6 6
18 26 351 10 6
21 26 402 25 6
23 26 351 21 6
24 26 308 5 6
111 26 357 18 6
113 26 389 11 6
26 38 399 17 6
26 56 298 3 6
26 62 433 25 6
26 82 317 3 6
26 95 317 15 6
27 9 451 18 6
10 27 321 18 6
12 27 357 7 6
16 27 498 47 6
17 27 447 23 6
18 27 344 21 6
22 27 400 12 6
24 27 323 5 6
111 27 380 14 6
120 27 343 3 6
121 27 378 4 6
125 27 392 13 6
27 34 417 22 6
27 36 451 19 6
27 44 427 34 6
27 46 399 30 6
27 48 378 3 6
27 50 403 10 6
27 52 350 8 6
27 54 390 13 6
27 56 293 13 6
27 58 339 19 6
27 78 368 5 6
27 80 360 10 6
27 82 326 6 6
27 91 379 7 6
27 93 366 27 6
27 95 344 9 6
28 9 413 16 6
10 28 297 9 6
11 28 345 13 6
12 28 319 5 6
23 28 344 11 6
24 28 271 10 6
115 28 328 12 6
120 28 285 11 6
121 28 330 7 6
125 28 360 8 6
28 29 441 37 6
28 36 409 19 6
28 48 336 3 6
28 50 351 15 6
28 54 358 8 6
28 55 416 25 6
28 56 269 4 6
28 78 322 7 6
28 80 322 8 6
28 81 412 27 6
28 82 294 1 6
28 91 337 7 6
28 93 338 20 6
28 95 306 7 6
29 7 484 39 6
2 29 578 57 6
10 29 326 25 6
11 29 400 16 6
12 29 380 5 6
18 29 369 18 6
23 29 405 11 6
24 29 340 6 6
27 29 489 34 6
28 29 441 37 6
113 29 409 18 6
115 29 385 14 6
120 29 352 8 6
29 34 432 24 6
29 38 429 19 6
29 50 412 15 6
29 52 381 2 6
29 56 336 1 6
29 58 384 6 6
29 80 363 18 6
29 82 349 4 6
29 91 396 8 6
29 93 405 17 6
29 95 367 7 6
29 96 482 44 6
30 8 452 26 6
10 30 384 5 6
12 30 396 6 6
17 30 486 22 6
22 30 431 15 6
23 30 409 18 6
24 30 358 6 6
28 30 485 24 6
111 30 427 9 6
115 30 413 9 6
118 30 479 40 6
120 30 380 3 6
121 30 399 12 6
125 30 421 17 6
30 42 460 44 6
30 50 430 15 6
30 52 395 4 6
30 54 421 16 6
30 55 457 44 6
30 56 356 0 6
30 58 414 0 6
30 78 399 8 6
30 81 491 27 6
30 82 367 4 6
30 95 383 8 6
31 8 518 34 6
16 31 577 67 6
18 31 467 19 6
24 31 442 5 6
104 31 545 63 6
120 31 442 13 6
31 46 530 24 6
31 56 410 14 6
31 75 610 51 6
32 8 534 23 6
32 9 514 43 6
10 32 444 13 6
12 32 452 16 6
18 32 461 19 6
21 32 526 27 6
24 32 430 8 6
27 32 549 51 6
120 32 446 8 6
32 38 519 21 6
32 46 524 24 6
32 56 412 10 6
32 62 525 43 6
32 66 541 30 6
32 82 429 11 6
18 33 530 18 6
24 33 495 9 6
111 33 550 19 6
115 33 540 17 6
119 33 618 55 6
120 33 509 10 6
33 34 591 25 6
33 54 562 17 6
33 58 531 13 6
33 60 630 52 6
33 62 604 37 6
33 66 566 51 6
33 89 608 54 6
33 95 518 12 6
1 34 371 30 6
10 34 270 5 6
11 34 326 5 6
12 34 290 2 6
16 34 471 22 6
18 34 277 16 6
22 34 325 11 6
23 34 325 3 6
24 34 252 2 6
27 34 417 22 6
29 34 432 24 6
111 34 311 10 6
113 34 329 10 6
115 34 303 7 6
118 34 413 16 6
120 34 262 5 6
121 34 307 1 6
125 34 321 10 6
34 38 347 12 6
34 39 427 30 6
34 48 295 6 6
34 52 289 0 6
34 56 240 1 6
34 78 289 6 6
34 80 279 12 6
34 82 251 5 6
34 91 296 10 6
34 93 329 7 6
34 95 281 2 6
1 35 518 26 6
11 35 437 19 6
17 35 497 29 6
18 35 418 15 6
24 35 389 3 6
27 35 530 35 6
113 35 456 16 6
125 35 444 18 6
35 48 410 18 6
35 56 373 4 6
35 57 500 29 6
35 66 490 30 6
35 78 422 9 6
35 82 380 10 6
35 84 518 34 6
35 95 402 11 6
36 8 394 12 6
36 9 396 21 6
10 36 302 3 6
11 36 348 8 6
12 36 308 7 6
17 36 404 20 6
22 36 349 13 6
24 36 276 4 6
28 36 409 19 6
120 36 294 3 6
121 36 323 7 6
125 36 347 11 6
36 46 324 43 6
36 48 321 7 6
36 50 342 16 6
36 52 307 5 6
36 54 329 19 6
36 56 256 7 6
36 58 308 10 6
36 62 403 23 6
36 66 403 18 6
36 82 281 4 6
36 93 347 12 6
36 95 297 8 6
37 8 417 45 6
1 37 458 45 6
11 37 425 14 6
18 37 404 11 6
21 37 435 36 6
113 37 446 10 6
115 37 406 14 6
121 37 412 7 6
37 38 428 30 6
37 46 453 23 6
37 48 410 7 6
37 50 423 20 6
37 56 343 8 6
37 62 482 28 6
37 78 398 10 6
37 79 497 35 6
37 80 380 20 6
37 82 360 9 6
37 93 440 10 6
38 9 361 18 6
1 38 378 20 6
10 38 263 2 6
11 38 307 8 6
12 38 265 8 6
18 38 272 12 6
21 38 357 10 6
23 38 308 5 6
24 38 237 3 6
25 38 413 41 6
26 38 399 17 6
34 38 347 12 6
115 38 300 2 6
120 38 253 3 6
121 38 290 3 6
125 38 302 13 6
38 48 292 1 6
38 52 276 0 6
38 56 221 4 6
38 58 285 1 6
38 66 366 16 6
38 78 280 4 6
38 80 278 6 6
38 81 374 22 6
38 82 246 1 6
38 84 380 27 6
38 91 289 7 6
38 95 260 6 6
39 8 443 25 6
39 9 457 28 6
1 39 494 20 6
12 39 373 12 6
17 39 479 20 6
18 39 378 17 6
23 39 394 20 6
24 39 347 6 6
27 39 486 39 6
34 39 427 30 6
36 39 481 17 6
118 39 470 39 6
120 39 373 1 6
39 42 503 17 6
39 46 439 23 6
39 54 414 14 6
39 55 462 36 6
39 56 339 3 6
39 62 480 22 6
39 78 384 10 6
39 79 469 42 6
39 81 464 35 6
39 82 356 4 6
39 95 364 12 6
39 96 481 48 6
40 7 567 60 6
40 8 565 23 6
17 40 561 38 6
28 40 576 32 6
29 40 567 67 6
40 57 574 33 6
40 89 586 47 6
40 93 524 20 6
10 41 511 12 6
12 41 525 12 6
18 41 514 25 6
34 41 561 39 6
113 41 560 22 6
41 42 567 61 6
41 54 538 28 6
41 58 521 17 6
41 66 574 46 6
41 80 502 28 6
41 91 529 21 6
41 93 550 24 6
42 8 414 13 6
1 42 439 21 6
10 42 322 4 6
11 42 368 9 6
12 42 334 5 6
14 42 444 34 6
17 42 432 17 6
18 42 339 10 6
21 42 406 17 6
23 42 361 10 6
24 42 296 5 6
28 42 437 16 6
30 42 460 44 6
34 42 410 12 6
38 42 395 13 6
111 42 369 6 6
115 42 357 5 6
121 42 335 12 6
125 42 377 7 6
42 55 427 27 6
42 56 284 4 6
42 58 338 6 6
42 66 425 18 6
42 80 343 5 6
42 91 354 6 6
42 92 450 26 6
42 95 315 10 6
17 43 550 78 6
125 43 567 32 6
43 55 603 59 6
43 80 551 21 6
43 93 581 26 6
44 5 455 49 6
44 8 402 11 6
10 44 310 2 6
11 44 350 10 6
12 44 322 3 6
18 44 271 36 6
24 44 282 4 6
27 44 427 34 6
34 44 394 12 6
111 44 335 15 6
113 44 365 9 6
120 44 304 1 6
121 44 325 9 6
44 56 262 7 6
44 57 419 17 6
44 58 316 9 6
44 78 317 9 6
44 80 299 19 6
44 82 289 3 6
44 91 342 4 6
44 93 337 20 6
44 95 305 7 6
44 98 422 17 6
45 8 461 33 6
45 9 481 33 6
18 45 420 13 6
21 45 475 26 6
24 45 383 5 6
38 45 436 36 6
119 45 532 38 6
120 45 383 13 6
45 46 481 19 6
45 54 432 22 6
45 56 367 6 6
45 58 405 16 6
45 66 498 25 6
45 79 485 51 6
45 82 394 2 6
45 95 400 11 6
10 46 278 0 6
12 46 276 8 6
18 46 307 0 6
20 46 450 35 6
21 46 360 14 6
23 46 327 1 6
24 46 250 2 6
26 46 404 20 6
27 46 399 30 6
36 46 324 43 6
115 46 311 2 6
120 46 262 4 6
121 46 291 8 6
125 46 309 15 6
46 48 305 0 6
46 50 330 7 6
46 52 277 5 6
46 54 315 11 6
46 56 228 6 6
46 58 288 5 6
46 62 375 22 6
46 78 297 1 6
46 80 293 4 6
46 81 393 18 6
46 82 247 6 6
46 84 403 21 6
46 91 300 7 6
46 92 410 20 6
46 93 311 15 6
46 95 263 10 6
47 8 528 32 6
47 9 532 40 6
12 47 460 18 6
14 47 542 61 6
21 47 512 40 6
34 47 528 29 6
38 47 521 26 6
111 47 479 27 6
113 47 513 19 6
115 47 461 29 6
125 47 513 15 6
47 56 432 6 6
47 80 469 18 6
48 8 299 7 6
4 48 440 23 6
10 48 199 2 6
11 48 247 6 6
12 48 205 6 6
15 48 371 20 6
17 48 325 7 6
18 48 226 3 6
22 48 268 1 6
23 48 244 5 6
24 48 175 2 6
34 48 295 6 6
36 48 321 7 6
46 48 305 0 6
111 48 252 1 6
113 48 260 6 6
115 48 216 12 6
120 48 181 7 6
121 48 224 4 6
48 52 198 7 6
48 54 252 5 6
48 56 155 5 6
48 57 316 13 6
48 58 219 2 6
48 66 334 0 6
48 78 212 6 6
48 80 220 3 6
48 82 176 4 6
48 91 233 3 6
48 93 256 5 6
48 95 204 2 6
49 8 584 50 6
11 49 588 21 6
12 49 558 15 6
21 49 612 36 6
48 49 561 20 6
104 49 607 81 6
121 49 565 19 6
49 52 547 18 6
49 56 518 9 6
49 57 645 34 6
49 58 556 19 6
49 66 623 41 6
49 93 591 23 6
50 8 316 18 6
1 50 365 14 6
10 50 230 6 6
11 50 280 9 6
12 50 244 6 6
18 50 261 5 6
22 50 289 10 6
23 50 281 6 6
24 50 212 3 6
28 50 351 15 6
36 50 342 16 6
48 50 263 3 6
113 50 281 15 6
115 50 253 13 6
120 50 218 8 6
121 50 251 10 6
125 50 287 8 6
50 52 243 4 6
50 56 200 2 6
50 58 256 3 6
50 78 259 2 6
50 80 259 3 6
50 82 219 2 6
50 84 387 11 6
50 91 268 5 6
50 92 388 13 6
50 93 269 18 6
50 95 239 4 6
50 96 410 13 6
10 51 604 25 6
17 51 690 50 6
22 51 665 28 6
26 51 702 59 6
51 75 712 89 6
51 78 603 36 6
51 95 625 17 6
10 52 175 5 6
11 52 233 4 6
12 52 189 5 6
14 52 347 10 6
18 52 214 0 6
21 52 279 8 6
22 52 234 9 6
23 52 234 1 6
24 52 159 1 6
46 52 277 5 6
48 52 198 7 6
50 52 243 4 6
111 52 222 7 6
113 52 246 4 6
115 52 210 6 6
120 52 169 4 6
121 52 200 7 6
125 52 242 2 6
52 54 238 3 6
52 55 306 15 6
52 56 139 4 6
52 57 308 8 6
52 58 195 5 6
52 62 308 9 6
52 63 470 18 6
52 78 202 2 6
52 80 206 1 6
52 82 154 6 6
52 91 201 10 6
52 93 246 1 6
52 95 186 2 6
53 8 547 26 6
53 9 541 39 6
1 53 548 46 6
10 53 433 28 6
12 53 475 14 6
18 53 466 26 6
23 53 486 27 6
24 53 443 11 6
34 53 513 40 6
38 53 466 57 6
111 53 504 18 6
120 53 467 7 6
125 53 502 24 6
53 56 445 3 6
53 60 540 73 6
53 78 480 15 6
53 81 554 43 6
53 82 454 8 6
53 91 489 18 6
54 7 369 26 6
54 8 327 9 6
10 54 229 3 6
12 54 243 3 6
17 54 345 13 6
21 54 331 7 6
22 54 284 9 6
23 54 270 8 6
24 54 199 6 6
30 54 421 16 6
36 54 329 19 6
39 54 414 14 6
46 54 315 11 6
48 54 252 5 6
52 54 238 3 6
107 54 454 16 6
111 54 276 5 6
113 54 294 5 6
118 54 374 13 6
120 54 225 1 6
54 56 181 8 6
54 58 245 5 6
54 75 441 15 6
54 78 254 1 6
54 80 254 2 6
54 82 194 11 6
54 92 365 21 6
54 93 260 19 6
54 95 234 3 6
55 8 403 17 6
10 55 321 3 6
22 55 380 7 6
23 55 360 9 6
24 55 291 6 6
28 55 416 25 6
39 55 462 36 6
42 55 427 27 6
46 55 405 12 6
50 55 377 8 6
52 55 306 15 6
118 55 452 20 6
120 55 301 9 6
121 55 332 12 6
125 55 370 9 6
55 56 287 1 6
55 58 333 7 6
55 66 422 18 6
55 78 338 5 6
55 81 432 23 6
55 89 458 24 6
55 91 351 6 6
55 95 326 3 6
55 98 437 16 6
56 8 232 8 6
56 9 264 2 6
10 56 132 3 6
11 56 184 5 6
12 56 148 2 6
18 56 159 4 6
22 56 197 4 6
23 56 179 5 6
24 56 106 4 6
27 56 293 13 6
34 56 240 1 6
36 56 256 7 6
44 56 262 7 6
46 56 228 6 6
48 56 155 5 6
50 56 200 2 6
52 56 139 4 6
54 56 181 8 6
111 56 177 6 6
113 56 203 2 6
115 56 169 3 6
120 56 126 2 6
121 56 157 5 6
125 56 193 3 6
56 58 150 4 6
56 66 265 2 6
56 78 155 2 6
56 80 155 3 6
56 82 109 5 6
56 87 361 10 6
56 91 162 6 6
56 92 292 9 6
56 93 193 4 6
56 95 131 6 6
56 99 359 13 6
57 7 457 22 6
10 57 309 3 6
11 57 347 12 6
12 57 323 3 6
17 57 411 20 6
18 57 316 14 6
22 57 364 9 6
24 57 277 7 6
48 57 316 13 6
52 57 308 8 6
54 57 360 7 6
56 57 273 2 6
111 57 336 15 6
113 57 366 9 6
115 57 350 1 6
119 57 444 31 6
120 57 299 4 6
121 57 312 16 6
122 57 458 34 6
125 57 342 17 6
57 58 305 15 6
57 77 563 39 6
57 78 312 12 6
57 80 316 11 6
57 82 292 2 6
57 91 337 7 6
57 93 362 8 6
57 95 308 6 6
57 98 417 20 6
58 8 292 7 6
10 58 190 3 6
11 58 240 6 6
12 58 202 4 6
15 58 372 16 6
18 58 205 10 6
21 58 282 12 6
22 58 259 2 6
23 58 239 4 6
24 58 162 5 6
27 58 339 19 6
36 58 308 10 6
44 58 316 9 6
48 58 219 2 6
50 58 256 3 6
52 58 195 5 6
54 58 245 5 6
56 58 150 4 6
57 58 305 15 6
104 58 357 17 6
111 58 225 11 6
113 58 259 3 6
115 58 223 5 6
120 58 186 1 6
121 58 219 3 6
125 58 243 7 6
58 66 307 10 6
58 78 211 3 6
58 80 207 6 6
58 82 175 1 6
58 89 345 15 6
58 91 212 10 6
58 93 237 11 6
58 95 193 4 6
58 98 308 15 6
59 8 506 31 6
11 59 484 15 6
18 59 459 14 6
21 59 496 36 6
23 59 457 26 6
34 59 516 23 6
39 59 539 63 6
42 59 530 41 6
46 59 492 34 6
55 59 543 33 6
56 59 410 5 6
115 59 471 12 6
121 59 453 17 6
59 91 460 17 6
10 60 355 9 6
21 60 443 20 6
24 60 347 1 6
56 60 333 1 6
58 60 375 9 6
115 60 386 12 6
120 60 345 10 6
121 60 382 10 6
125 60 400 17 6
60 62 460 27 6
60 66 442 31 6
60 82 348 3 6
60 97 489 39 6
10 61 439 4 6
22 61 476 19 6
24 61 415 4 6
34 61 481 35 6
46 61 497 26 6
52 61 444 6 6
56 61 401 4 6
115 61 460 12 6
120 61 427 6 6
125 61 470 19 6
61 78 438 15 6
61 80 430 20 6
61 82 428 0 6
61 84 532 41 6
61 95 416 18 6
62 8 401 13 6
10 62 311 3 6
12 62 295 18 6
18 62 304 21 6
21 62 393 17 6
23 62 340 14 6
24 62 287 3 6
26 62 433 25 6
34 62 393 14 6
36 62 403 23 6
37 62 482 28 6
46 62 375 22 6
48 62 332 6 6
52 62 308 9 6
54 62 354 11 6
56 62 275 2 6
58 62 331 3 6
60 62 460 27 6
115 62 332 11 6
120 62 301 4 6
121 62 334 6 6
62 66 408 20 6
62 78 334 2 6
62 80 320 10 6
62 82 288 5 6
62 91 331 11 6
62 95 312 5 6
62 96 457 27 6
62 98 427 16 6
17 63 579 27 6
24 63 453 10 6
36 63 567 31 6
46 63 539 30 6
50 63 521 21 6
52 63 470 18 6
58 63 483 17 6
115 63 502 16 6
119 63 602 43 6
63 75 579 77 6
63 78 456 31 6
64 8 644 40 6
16 64 677 86 6
18 64 591 26 6
21 64 614 55 6
23 64 619 23 6
115 64 607 22 6
64 74 699 74 6
10 65 355 10 6
18 65 384 10 6
24 65 345 3 6
34 65 443 18 6
38 65 434 16 6
48 65 378 12 6
56 65 333 2 6
58 65 369 13 6
120 65 347 10 6
121 65 382 11 6
122 65 508 39 6
65 81 470 28 6
65 82 348 4 6
65 95 360 10 6
10 66 295 6 6
11 66 351 6 6
12 66 311 5 6
15 66 433 41 6
22 66 344 15 6
24 66 275 4 6
25 66 453 41 6
34 66 389 11 6
36 66 403 18 6
38 66 366 16 6
45 66 498 25 6
46 66 389 10 6
52 66 308 4 6
56 66 265 2 6
58 66 307 10 6
60 66 442 31 6
62 66 408 20 6
111 66 340 9 6
120 66 291 4 6
121 66 322 7 6
125 66 336 16 6
66 82 278 5 6
66 89 446 20 6
66 91 317 13 6
66 93 348 11 6
66 97 433 34 6
28 67 662 60 6
34 67 669 39 6
44 67 669 56 6
46 67 669 38 6
111 67 632 31 6
67 69 698 65 6
67 78 612 26 6
67 80 610 28 6
67 93 648 29 6
17 68 507 22 6
21 68 479 23 6
26 68 503 39 6
34 68 461 29 6
38 68 452 27 6
42 68 499 35 6
46 68 481 18 6
48 68 426 8 6
52 68 408 8 6
57 68 494 30 6
58 68 417 9 6
62 68 514 21 6
111 68 438 14 6
120 68 387 10 6
125 68 452 12 6
68 80 422 8 6
68 82 384 6 6
68 84 518 32 6
69 8 439 16 6
24 69 327 5 6
34 69 437 14 6
36 69 457 18 6
38 69 414 19 6
44 69 443 28 6
46 69 433 15 6
54 69 394 13 6
56 69 307 8 6
111 69 372 20 6
113 69 402 14 6
120 69 333 10 6
69 78 364 9 6
69 80 368 8 6
69 82 338 2 6
69 93 400 12 6
69 98 437 33 6
69 99 520 44 6
70 9 607 34 6
12 70 533 13 6
46 70 579 34 6
48 70 540 16 6
52 70 518 18 6
54 70 544 30 6
55 70 566 65 6
113 70 574 20 6
115 70 536 23 6
70 81 584 56 6
71 9 454 26 6
10 71 358 9 6
12 71 368 11 6
17 71 404 54 6
36 71 468 20 6
38 71 425 21 6
44 71 466 24 6
48 71 389 7 6
52 71 361 12 6
54 71 415 10 6
56 71 334 2 6
66 71 469 19 6
69 71 451 55 6
111 71 399 14 6
120 71 356 6 6
71 80 373 13 6
71 82 347 5 6
71 89 495 30 6
72 8 516 18 6
10 72 428 7 6
11 72 462 18 6
12 72 436 10 6
22 72 479 15 6
24 72 394 12 6
28 72 493 44 6
36 72 508 33 6
42 72 504 46 6
44 72 516 32 6
46 72 500 22 6
50 72 474 17 6
54 72 457 22 6
56 72 388 8 6
58 72 436 13 6
111 72 431 31 6
113 72 477 17 6
118 72 527 40 6
120 72 420 7 6
121 72 423 24 6
125 72 471 16 6
72 82 417 3 6
72 84 533 38 6
72 93 453 26 6
72 95 423 12 6
72 98 524 30 6
73 9 690 51 6
17 73 654 72 6
36 73 692 51 6
38 73 661 46 6
44 73 676 62 6
111 73 647 33 6
73 93 663 31 6
74 8 463 28 6
74 9 487 26 6
12 74 403 10 6
18 74 394 22 6
22 74 446 15 6
23 74 414 23 6
24 74 381 2 6
32 74 575 64 6
44 74 481 33 6
50 74 445 15 6
56 74 359 6 6
62 74 474 38 6
113 74 438 20 6
115 74 384 31 6
120 74 395 3 6
121 74 408 15 6
74 82 374 8 6
74 92 489 46 6
74 95 390 12 6
22 75 449 15 6
24 75 380 4 6
34 75 464 26 6
36 75 494 25 6
48 75 421 9 6
52 75 399 11 6
54 75 441 15 6
56 75 368 3 6
57 75 491 30 6
107 75 519 72 6
75 78 403 15 6
75 80 415 10 6
75 82 383 5 6
75 91 420 14 6
12 76 406 6 6
18 76 405 14 6
24 76 368 6 6
44 76 492 25 6
48 76 411 10 6
52 76 393 10 6
54 76 443 10 6
56 76 362 2 6
57 76 437 53 6
58 76 398 13 6
65 76 539 32 6
111 76 415 20 6
119 76 513 41 6
120 76 390 3 6
121 76 419 7 6
125 76 433 16 6
76 78 393 16 6
76 81 495 30 6
76 82 381 2 6
76 93 445 11 6
76 95 391 9 6
76 98 496 25 6
7 77 594 47 6
12 77 492 12 6
24 77 460 9 6
46 77 482 61 6
56 77 450 7 6
57 77 563 39 6
58 77 482 20 6
115 77 503 18 6
77 78 491 16 6
77 95 481 13 6
78 8 289 9 6
10 78 195 1 6
11 78 245 4 6
12 78 199 6 6
18 78 214 6 6
22 78 260 2 6
23 78 242 3 6
24 78 167 3 6
34 78 289 6 6
38 78 280 4 6
44 78 317 9 6
48 78 212 6 6
50 78 259 2 6
52 78 202 2 6
54 78 254 1 6
56 78 155 2 6
57 78 312 12 6
58 78 211 3 6
111 78 238 5 6
113 78 256 5 6
115 78 218 8 6
118 78 340 11 6
120 78 185 2 6
121 78 226 0 6
125 78 238 10 6
78 79 337 15 6
78 80 214 3 6
78 82 176 1 6
78 91 229 2 6
78 93 258 1 6
78 95 186 8 6
79 8 418 19 6
10 79 342 2 6
12 79 354 3 6
18 79 333 21 6
22 79 399 7 6
23 79 369 14 6
24 79 316 3 6
34 79 420 15 6
39 79 469 42 6
48 79 363 5 6
52 79 345 5 6
54 79 351 27 6
56 79 302 3 6
58 79 356 5 6
78 79 337 15 6
111 79 383 7 6
113 79 397 9 6
115 79 359 12 6
119 79 447 45 6
120 79 336 1 6
121 79 365 5 6
125 79 393 7 6
79 80 345 12 6
79 82 325 1 6
79 91 366 8 6
79 92 444 37 6
79 95 343 4 6
8 80 287 11 6
10 80 197 1 6
11 80 249 3 6
12 80 209 2 6
16 80 402 16 6
17 80 311 12 6
18 80 206 11 6
24 80 171 2 6
28 80 322 8 6
29 80 363 18 6
34 80 279 12 6
38 80 278 6 6
44 80 299 19 6
48 80 220 3 6
50 80 259 3 6
52 80 206 1 6
56 80 155 3 6
57 80 316 11 6
58 80 207 6 6
78 80 214 3 6
111 80 240 5 6
113 80 248 10 6
115 80 220 8 6
120 80 187 2 6
121 80 224 2 6
125 80 248 6 6
130 80 407 16 6
80 82 178 1 6
80 91 221 7 6
80 93 242 10 6
80 95 196 4 6
80 96 343 25 6
81 9 395 31 6
8 81 409 14 6
10 81 325 1 6
11 81 357 13 6
12 81 319 11 6
21 81 403 17 6
22 81 372 11 6
23 81 362 8 6
24 81 297 3 6
28 81 412 27 6
38 81 374 22 6
39 81 464 35 6
46 81 393 18 6
52 81 332 2 6
54 81 364 11 6
55 81 432 23 6
56 81 281 4 6
78 81 336 6 6
80 81 344 3 6
107 81 448 65 6
118 81 450 21 6
120 81 295 12 6
81 82 304 2 6
81 89 400 53 6
81 93 370 10 6
81 95 312 10 6
82 9 287 0 6
1 82 292 8 6
10 82 147 5 6
11 82 193 10 6
12 82 167 2 6
18 82 182 2 6
21 82 253 7 6
22 82 214 5 6
23 82 204 2 6
24 82 125 4 6
25 82 367 9 6
34 82 251 5 6
36 82 281 4 6
37 82 360 9 6
38 82 246 1 6
44 82 289 3 6
48 82 176 4 6
50 82 219 2 6
52 82 154 6 6
54 82 194 11 6
56 82 109 5 6
58 82 175 1 6
78 82 176 1 6
80 82 178 1 6
111 82 206 1 6
113 82 218 4 6
115 82 190 2 6
120 82 145 2 6
121 82 182 2 6
125 82 206 6 6
82 91 187 3 6
82 92 313 8 6
82 93 216 2 6
82 95 156 3 6
83 9 460 28 6
1 83 455 41 6
8 83 456 20 6
10 83 356 15 6
12 83 386 7 6
21 83 446 25 6
22 83 417 18 6
24 83 346 8 6
28 83 493 16 6
36 83 460 29 6
38 83 451 13 6
45 83 527 50 6
54 83 407 19 6
56 83 342 3 6
66 83 481 18 6
82 83 357 5 6
83 91 404 9 6
7 84 455 37 6
10 84 337 3 6
12 84 343 7 6
18 84 350 11 6
24 84 303 8 6
26 84 459 25 6
36 84 439 18 6
38 84 380 27 6
46 84 403 21 6
48 84 360 5 6
56 84 293 6 6
57 84 446 18 6
58 84 349 7 6
82 84 320 2 6
115 84 360 10 6
84 95 332 8 6
84 98 443 21 6
8 85 491 40 6
12 85 447 14 6
14 85 527 58 6
18 85 452 19 6
37 85 548 67 6
38 85 496 28 6
45 85 554 74 6
52 85 458 6 6
56 85 403 10 6
58 85 435 23 6
69 85 550 48 6
80 85 454 15 6
104 85 558 49 6
115 85 468 15 6
120 85 441 6 6
121 85 458 16 6
85 91 471 13 6
85 92 539 47 6
85 95 452 7 6
10 86 430 9 6
11 86 442 31 6
18 86 457 10 6
42 86 516 43 6
48 86 459 8 6
58 86 432 18 6
68 86 571 58 6
80 86 453 9 6
113 86 483 17 6
121 86 451 13 6
130 86 580 54 6
86 91 452 16 6
86 95 423 15 6
8 87 491 19 6
18 87 430 9 6
24 87 381 7 6
46 87 473 24 6
48 87 422 12 6
55 87 518 26 6
56 87 361 10 6
58 87 401 19 6
62 87 484 38 6
78 87 422 9 6
80 87 424 9 6
104 87 516 49 6
111 87 438 16 6
113 87 448 20 6
121 87 396 26 6
87 93 444 19 6
87 95 404 10 6
8 88 508 24 6
10 88 424 11 6
11 88 468 17 6
12 88 438 11 6
22 88 477 18 6
24 88 412 5 6
36 88 502 38 6
38 88 483 27 6
54 88 447 29 6
56 88 396 6 6
58 88 436 15 6
80 88 449 10 6
81 88 523 37 6
111 88 467 15 6
121 88 445 15 6
88 93 449 30 6
89 9 425 30 6
8 89 435 15 6
11 89 391 10 6
12 89 355 7 6
18 89 362 11 6
24 89 317 7 6
28 89 448 23 6
38 89 396 25 6
44 89 443 25 6
46 89 429 14 6
52 89 350 7 6
56 89 307 5 6
58 89 345 15 6
78 89 358 9 6
80 89 360 9 6
81 89 400 53 6
82 89 330 3 6
113 89 402 11 6
115 89 376 8 6
118 89 438 41 6
120 89 311 18 6
9 90 584 41 6
10 90 508 14 6
11 90 556 18 6
12 90 522 14 6
18 90 523 21 6
21 90 554 46 6
22 90 529 37 6
23 90 545 21 6
36 90 556 56 6
44 90 608 33 6
46 90 580 29 6
52 90 515 15 6
62 90 603 37 6
82 90 499 9 6
121 90 535 15 6
90 95 513 14 6
1 91 323 20 6
9 91 316 13 6
10 91 202 5 6
11 91 252 8 6
12 91 214 6 6
15 91 386 17 6
18 91 225 8 6
21 91 302 10 6
22 91 273 3 6
23 91 259 2 6
24 91 186 1 6
34 91 296 10 6
38 91 289 7 6
46 91 300 7 6
48 91 233 3 6
50 91 268 5 6
52 91 201 10 6
54 91 265 3 6
56 91 162 6 6
58 91 212 10 6
62 91 331 11 6
66 91 317 13 6
78 91 229 2 6
80 91 221 7 6
82 91 187 3 6
111 91 257 3 6
113 91 273 4 6
115 91 233 8 6
120 91 190 7 6
121 91 227 7 6
125 91 257 8 6
91 93 265 5 6
91 95 207 5 6
8 92 410 24 6
10 92 338 5 6
12 92 340 11 6
18 92 341 18 6
23 92 373 13 6
24 92 320 2 6
38 92 409 15 6
42 92 450 26 6
44 92 438 24 6
46 92 410 20 6
48 92 369 3 6
50 92 388 13 6
52 92 351 3 6
54 92 365 21 6
56 92 292 9 6
58 92 348 10 6
62 92 401 44 6
78 92 357 6 6
79 92 444 37 6
80 92 351 10 6
82 92 313 8 6
91 92 370 7 6
113 92 383 17 6
115 92 361 12 6
119 92 475 32 6
120 92 340 0 6
92 95 341 6 6
92 96 472 35 6
10 93 229 5 6
11 93 287 4 6
12 93 245 4 6
18 93 262 3 6
21 93 325 12 6
22 93 280 13 6
23 93 280 5 6
24 93 201 7 6
27 93 366 27 6
29 93 405 17 6
36 93 347 12 6
46 93 311 15 6
48 93 256 5 6
50 93 269 18 6
52 93 246 1 6
54 93 260 19 6
56 93 193 4 6
58 93 237 11 6
66 93 348 11 6
78 93 258 1 6
80 93 242 10 6
81 93 370 10 6
82 93 216 2 6
91 93 265 5 6
104 93 400 17 6
111 93 276 7 6
113 93 292 8 6
115 93 274 1 6
120 93 231 0 6
121 93 254 7 6
125 93 252 24 6
93 95 234 5 6
1 94 488 37 6
8 94 479 21 6
11 94 439 14 6
23 94 434 14 6
24 94 375 6 6
36 94 497 23 6
38 94 448 27 6
46 94 477 18 6
56 94 359 7 6
62 94 434 59 6
69 94 494 51 6
82 94 370 11 6
113 94 452 14 6
94 95 398 9 6
94 98 479 37 6
9 95 295 8 6
10 95 169 6 6
11 95 227 5 6
12 95 193 1 6
18 95 200 5 6
22 95 236 6 6
23 95 224 4 6
24 95 147 5 6
26 95 317 15 6
36 95 297 8 6
42 95 315 10 6
46 95 263 10 6
48 95 204 2 6
50 95 239 4 6
52 95 186 2 6
54 95 234 3 6
56 95 131 6 6
58 95 193 4 6
61 95 416 18 6
78 95 186 8 6
80 95 196 4 6
81 95 312 10 6
82 95 156 3 6
84 95 332 8 6
91 95 207 5 6
93 95 234 5 6
111 95 226 3 6
113 95 236 7 6
115 95 212 3 6
118 95 322 12 6
120 95 169 2 6
121 95 202 4 6
125 95 230 6 6
8 96 386 47 6
9 96 432 34 6
10 96 350 10 6
12 96 366 9 6
18 96 371 14 6
24 96 332 7 6
28 96 455 27 6
36 96 462 20 6
38 96 429 16 6
52 96 359 10 6
56 96 324 4 6
58 96 364 13 6
62 96 457 27 6
80 96 343 25 6
82 96 345 3 6
89 96 481 34 6
92 96 472 35 6
95 96 369 3 6
115 96 373 17 6
120 96 354 4 6
8 97 456 12 6
10 97 360 5 6
11 97 388 19 6
14 97 492 30 6
21 97 454 13 6
24 97 332 7 6
27 97 491 30 6
46 97 432 20 6
48 97 383 7 6
56 97 328 2 6
58 97 350 20 6
60 97 489 39 6
66 97 433 34 6
80 97 379 7 6
82 97 337 7 6
93 97 391 21 6
95 97 357 9 6
113 97 405 17 6
121 97 365 17 6
125 97 373 29 6
97 99 511 53 6
8 98 404 12 6
10 98 312 3 6
11 98 352 11 6
12 98 320 6 6
18 98 333 7 6
21 98 400 14 6
23 98 357 6 6
24 98 272 11 6
26 98 442 21 6
28 98 425 16 6
34 98 400 11 6
44 98 422 17 6
50 98 366 9 6
52 98 317 5 6
54 98 359 9 6
55 98 437 16 6
56 98 276 2 6
57 98 417 20 6
58 98 308 15 6
62 98 427 16 6
69 98 437 33 6
78 98 329 5 6
80 98 329 6 6
81 98 439 15 6
82 98 295 2 6
84 98 443 21 6
91 98 344 5 6
93 98 367 7 6
94 98 479 37 6
95 98 319 2 6
111 98 277 46 6
113 98 361 13 6
120 98 302 4 6
121 98 331 8 6
3 99 594 65 6
10 99 397 13 6
15 99 549 41 6
24 99 391 4 6
48 99 390 30 6
54 99 446 18 6
56 99 359 13 6
60 99 532 44 6
66 99 492 31 6
69 99 520 44 6
82 99 388 8 6
83 99 549 42 6
93 99 458 14 6
111 99 448 13 6
120 99 409 3 6
100 11 487 29 6
100 12 481 11 6
100 23 504 18 6
100 24 447 9 6
100 48 502 7 6
100 52 486 6 6
100 55 566 37 6
100 58 499 5 6
100 78 482 14 6
100 81 546 47 6
100 82 464 3 6
100 89 582 43 6
100 93 518 17 6
100 95 484 5 6
100 96 601 41 6
100 98 561 35 6
100 111 504 18 6
100 113 522 18 6
100 118 582 36 6
100 120 455 13 6
100 125 498 26 6
101 23 644 23 6
101 28 660 59 6
101 42 675 59 6
101 50 653 26 6
101 52 614 17 6
101 55 636 77 6
101 81 670 60 6
101 93 638 32 6
101 113 658 25 6
101 115 628 24 6
101 120 605 13 6
101 125 648 26 6
102 8 543 21 6
102 11 493 19 6
102 14 567 45 6
102 21 525 30 6
102 22 498 22 6
102 24 433 9 6
102 38 510 28 6
102 46 525 26 6
102 54 498 18 6
102 80 472 13 6
102 81 556 35 6
102 82 424 16 6
102 95 458 11 6
102 115 482 15 6
102 120 455 6 6
103 23 513 16 6
103 24 458 6 6
103 36 568 29 6
103 44 558 37 6
103 48 493 14 6
103 55 571 37 6
103 58 494 10 6
103 78 467 24 6
103 93 507 25 6
10 103 458 18 6
103 115 491 20 6
103 119 615 35 6
103 125 511 22 6
104 8 425 28 6
104 11 409 9 6
104 18 384 8 6
104 24 337 5 6
104 31 545 63 6
104 37 496 48 6
104 42 447 39 6
104 48 370 14 6
104 50 417 10 6
104 52 368 6 6
104 56 321 6 6
104 58 357 17 6
104 80 386 4 6
104 81 474 24 6
104 82 346 3 6
104 87 516 49 6
104 92 491 26 6
104 93 400 17 6
104 95 372 2 6
104 111 406 8 6
104 115 376 16 6
104 120 347 8 6
104 121 370 15 6
104 125 414 9 6
105 17 640 69 6
105 18 625 23 6
105 80 615 25 6
106 18 562 14 6
106 22 572 28 6
106 36 617 38 6
106 48 558 15 6
106 52 538 16 6
106 54 572 24 6
106 56 503 10 6
106 66 586 53 6
106 82 526 8 6
106 95 528 19 6
10 106 523 19 6
106 120 537 8 6
107 9 469 44 6
107 21 489 24 6
107 22 462 16 6
107 24 397 3 6
107 36 511 24 6
107 38 470 24 6
107 46 475 27 6
107 52 410 13 6
107 54 454 16 6
107 55 508 35 6
107 56 387 1 6
107 57 500 33 6
107 60 502 61 6
107 66 494 32 6
107 81 448 65 6
107 82 408 0 6
107 89 530 38 6
108 7 668 57 6
108 8 606 50 6
108 9 632 47 6
108 26 660 51 6
108 38 627 30 6
108 82 551 13 6
108 91 594 19 6
109 34 669 29 6
109 55 682 46 6
109 57 672 45 6
109 78 598 23 6
109 80 608 19 6
109 91 619 20 6
109 115 610 25 6
109 125 624 30 6
110 16 620 80 6
110 18 538 18 6
110 46 575 36 6
110 57 586 49 6
110 58 529 18 6
110 80 506 31 6
110 84 610 51 6
110 93 550 29 6
110 98 601 43 6
10 110 525 10 6
110 111 560 18 6
110 113 528 43 6
110 115 552 15 6
110 121 546 14 6
111 12 229 6 6
111 14 379 15 6
111 18 242 7 6
111 23 270 4 6
111 24 193 5 6
111 26 357 18 6
111 27 380 14 6
111 34 311 10 6
111 38 316 1 6
111 44 335 15 6
111 48 252 1 6
111 50 289 2 6
111 52 222 7 6
111 56 177 6 6
111 57 336 15 6
111 58 225 11 6
111 69 372 20 6
111 76 415 20 6
111 78 238 5 6
111 80 240 5 6
111 82 206 1 6
111 91 257 3 6
111 93 276 7 6
111 95 226 3 6
10 111 223 2 6
11 111 277 3 6
111 115 258 3 6
111 119 364 27 6
111 120 211 4 6
111 121 250 3 6
112 8 470 28 6
112 12 410 10 6
112 18 415 15 6
112 24 374 9 6
112 50 438 22 6
112 52 379 23 6
112 54 447 14 6
112 55 483 42 6
112 56 370 4 6
112 62 483 37 6
112 92 492 48 6
112 94 519 66 6
112 95 403 9 6
112 113 443 21 6
112 115 431 11 6
112 121 421 12 6
113 9 351 12 6
113 12 255 2 6
113 18 268 3 6
113 21 335 10 6
113 22 298 7 6
113 24 213 4 6
113 34 329 10 6
113 46 347 0 6
113 48 260 6 6
113 50 281 15 6
113 52 246 4 6
113 54 294 5 6
113 56 203 2 6
113 58 259 3 6
113 69 402 14 6
113 78 256 5 6
113 80 248 10 6
113 82 218 4 6
113 91 273 4 6
113 92 383 17 6
113 93 292 8 6
113 95 236 7 6
113 98 361 13 6
10 113 239 3 6
11 113 289 6 6
111 113 286 5 6
112 113 443 21 6
113 115 272 5 6
113 120 229 4 6
113 121 258 8 6
113 125 288 9 6
114 28 673 48 6
114 34 668 33 6
114 38 643 39 6
114 44 654 57 6
114 46 668 32 6
114 56 564 14 6
114 78 609 21 6
114 81 683 49 6
1 114 685 48 6
11 114 640 23 6
111 114 631 25 6
115 6 475 20 6
115 8 291 16 6
115 12 209 9 6
115 16 398 25 6
115 17 327 11 6
115 18 234 4 6
115 22 268 6 6
115 23 250 7 6
115 24 183 3 6
115 28 328 12 6
115 34 303 7 6
115 48 216 12 6
115 50 253 13 6
115 52 210 6 6
115 54 270 1 6
115 56 169 3 6
115 58 223 5 6
115 62 332 11 6
115 78 218 8 6
115 80 220 8 6
115 82 190 2 6
115 91 233 8 6
115 95 212 3 6
115 96 373 17 6
10 115 207 3 6
11 115 259 5 6
103 115 491 20 6
104 115 376 16 6
111 115 258 3 6
113 115 272 5 6
115 120 197 4 6
115 121 232 5 6
116 8 576 33 6
116 21 552 45 6
116 23 545 19 6
116 24 486 11 6
116 37 603 75 6
116 38 561 31 6
116 46 570 32 6
116 58 516 18 6
116 62 597 38 6
11 116 544 22 6
116 121 521 20 6
117 37 829 109 6
117 38 765 76 6
117 58 770 38 6
10 117 766 30 6
118 8 389 31 6
118 9 431 20 6
118 12 335 10 6
118 18 352 9 6
118 22 352 28 6
118 24 299 9 6
118 34 413 16 6
118 36 437 18 6
118 44 441 19 6
118 48 366 1 6
118 52 342 4 6
118 54 374 13 6
118 55 452 20 6
118 56 297 3 6
118 58 357 2 6
118 78 340 11 6
118 80 360 2 6
118 81 450 21 6
118 82 318 2 6
118 89 438 41 6
118 91 359 9 6
118 95 322 12 6
10 118 339 1 6
11 118 383 7 6
113 118 390 10 6
118 120 327 3 6
118 121 368 1 6
119 8 417 30 6
119 17 463 20 6
119 18 346 25 6
119 23 380 19 6
119 24 327 8 6
119 36 459 20 6
119 54 388 19 6
119 56 313 8 6
119 57 444 31 6
119 58 333 27 6
119 62 472 18 6
119 79 447 45 6
119 82 342 3 6
119 92 475 32 6
119 93 406 12 6
119 95 350 11 6
10 119 363 2 6
111 119 364 27 6
119 120 357 1 6
119 121 374 11 6
120 14 334 8 6
120 18 195 1 6
120 22 229 3 6
120 23 215 2 6
120 24 140 2 6
120 28 285 11 6
120 34 262 5 6
120 46 262 4 6
120 48 181 7 6
120 50 218 8 6
120 52 169 4 6
120 54 225 1 6
120 55 301 9 6
120 56 126 2 6
120 58 186 1 6
120 60 345 10 6
120 65 347 10 6
120 69 333 10 6
120 78 185 2 6
120 80 187 2 6
120 81 295 12 6
120 82 145 2 6
120 91 190 7 6
120 93 231 0 6
120 95 169 2 6
10 120 160 4 6
11 120 212 6 6
12 120 172 5 6
111 120 211 4 6
113 120 229 4 6
115 120 197 4 6
120 121 191 3 6
120 125 221 4 6
121 8 293 11 6
121 14 345 21 6
121 17 321 10 6
121 18 226 4 6
121 21 295 10 6
121 22 256 8 6
121 23 250 3 6
121 24 171 5 6
121 42 335 12 6
121 44 325 9 6
121 46 291 8 6
121 48 224 4 6
121 50 251 10 6
121 52 200 7 6
121 54 260 2 6
121 55 332 12 6
121 56 157 5 6
121 57 312 16 6
121 58 219 3 6
121 78 226 0 6
121 80 224 2 6
121 82 182 2 6
121 91 227 7 6
121 93 254 7 6
121 95 202 4 6
121 97 365 17 6
10 121 197 4 6
11 121 239 11 6
12 121 213 3 6
111 121 250 3 6
113 121 258 8 6
115 121 232 5 6
119 121 374 11 6
120 121 191 3 6
121 125 252 7 6
122 18 398 9 6
122 23 416 11 6
122 24 333 15 6
122 28 476 25 6
122 38 428 25 6
122 50 421 16 6
122 54 422 12 6
122 57 458 34 6
122 58 361 23 6
122 65 508 39 6
122 81 468 35 6
122 91 407 8 6
122 95 380 6 6
1 122 494 22 6
11 122 411 16 6
120 122 365 7 6
121 122 394 11 6
122 126 552 46 6
123 8 610 39 6
123 89 641 58 6
123 92 610 70 6
123 93 593 24 6
10 123 548 15 6
12 123 538 27 6
111 123 581 24 6
115 123 573 21 6
123 125 591 24 6
124 18 548 22 6
124 34 597 35 6
124 54 570 26 6
124 92 615 60 6
113 124 566 33 6
125 18 266 0 6
125 23 278 5 6
125 24 201 6 6
125 34 321 10 6
125 36 347 11 6
125 38 302 13 6
125 46 309 15 6
125 48 256 4 6
125 50 287 8 6
125 52 242 2 6
125 54 292 2 6
125 55 370 9 6
125 56 193 3 6
125 57 342 17 6
125 58 243 7 6
125 66 336 16 6
125 78 238 10 6
125 80 248 6 6
125 82 206 6 6
125 91 257 8 6
125 93 252 24 6
125 95 230 6 6
125 97 373 29 6
1 125 366 11 6
10 125 231 3 6
11 125 263 15 6
12 125 247 2 6
111 125 276 6 6
113 125 288 9 6
115 125 268 3 6
120 125 221 4 6
121 125 252 7 6
126 18 450 6 6
126 24 401 4 6
126 48 428 16 6
126 52 436 3 6
126 56 375 10 6
126 58 439 7 6
126 62 536 19 6
126 78 436 9 6
126 82 398 8 6
126 91 453 8 6
126 95 422 8 6
126 98 511 32 6
11 126 461 14 6
12 126 433 7 6
111 126 448 18 6
113 126 470 16 6
115 126 442 14 6
121 126 416 23 6
122 126 552 46 6
127 8 576 25 6
127 14 562 68 6
127 21 556 35 6
127 22 547 18 6
127 23 523 22 6
127 27 611 43 6
127 48 521 11 6
127 52 497 14 6
127 55 581 43 6
127 91 526 13 6
12 127 510 10 6
120 127 492 8 6
121 127 483 31 6
128 18 498 14 6
128 34 541 30 6
128 38 534 27 6
128 48 490 17 6
128 56 441 9 6
128 78 476 21 6
128 91 505 14 6
128 95 480 11 6
1 128 576 36 6
111 128 518 15 6
126 128 634 60 6
129 8 492 26 6
129 23 445 20 6
129 24 404 3 6
129 28 435 69 6
129 29 554 40 6
129 30 544 54 6
129 52 419 12 6
129 55 477 54 6
129 56 386 5 6
129 78 433 11 6
129 95 415 12 6
129 96 534 47 6
10 129 414 10 6
12 129 430 9 6
118 129 521 39 6
120 129 386 20 6
130 9 442 52 6
130 17 474 39 6
130 24 382 5 6
130 36 496 26 6
130 38 459 24 6
130 54 453 11 6
130 66 485 31 6
130 80 407 16 6
130 93 447 16 6
11 130 434 19 6
12 130 408 11 6
120 130 396 6 6
121 130 419 13 6
125 130 451 13 6
