Res1 Res2 NSingle NDouble Method
10 7 340 11 6
10 9 286 10 6
1 11 361 11 6
10 11 218 7 6
12 8 278 11 6
12 9 302 9 6
1 12 319 11 6
10 12 174 8 6
11 12 226 10 6
12 16 399 13 6
17 8 390 16 6
17 9 384 29 6
18 8 297 9 6
1 18 334 11 6
10 18 197 4 6
11 18 245 8 6
12 18 209 5 6
16 18 376 32 6
21 8 354 21 6
11 21 310 16 6
14 21 402 33 6
10 22 235 4 6
11 22 285 7 6
14 22 397 14 6
18 22 270 1 6
21 22 325 14 6
23 7 377 18 6
23 8 321 8 6
23 9 337 10 6
2 23 495 24 6
10 23 219 4 6
12 23 233 4 6
17 23 343 10 6
18 23 242 7 6
24 8 244 9 6
10 24 144 4 6
11 24 196 6 6
12 24 158 4 6
18 24 173 4 6
22 24 211 4 6
23 24 195 4 6
15 25 494 59 6
26 9 404 34 6
10 26 312 15 6
21 26 402 25 6
23 26 351 21 6
10 27 321 18 6
16 27 498 47 6
10 28 297 9 6
11 28 345 13 6
23 28 344 11 6
24 28 271 10 6
29 7 484 39 6
10 29 326 25 6
28 29 441 37 6
23 30 409 18 6
1 34 371 30 6
16 34 471 22 6
18 34 277 16 6
22 34 325 11 6
24 34 252 2 6
27 34 417 22 6
29 34 432 24 6
36 9 396 21 6
17 36 404 20 6
22 36 349 13 6
28 36 409 19 6
37 8 417 45 6
1 37 458 45 6
38 9 361 18 6
1 38 378 20 6
10 38 263 2 6
11 38 307 8 6
12 38 265 8 6
18 38 272 12 6
21 38 357 10 6
24 38 237 3 6
25 38 413 41 6
26 38 399 17 6
34 38 347 12 6
12 39 373 12 6
23 39 394 20 6
34 39 427 30 6
1 42 439 21 6
14 42 444 34 6
23 42 361 10 6
30 42 460 44 6
44 5 455 49 6
27 44 427 34 6
10 46 278 0 6
12 46 276 8 6
20 46 450 35 6
21 46 360 14 6
24 46 250 2 6
27 46 399 30 6
36 46 324 43 6
21 47 512 40 6
48 8 299 7 6
4 48 440 23 6
10 48 199 2 6
11 48 247 6 6
12 48 205 6 6
15 48 371 20 6
17 48 325 7 6
18 48 226 3 6
22 48 268 1 6
23 48 244 5 6
24 48 175 2 6
34 48 295 6 6
36 48 321 7 6
46 48 305 0 6
50 8 316 18 6
1 50 365 14 6
10 50 230 6 6
11 50 280 9 6
12 50 244 6 6
18 50 261 5 6
22 50 289 10 6
23 50 281 6 6
24 50 212 3 6
28 50 351 15 6
36 50 342 16 6
10 52 175 5 6
11 52 233 4 6
12 52 189 5 6
14 52 347 10 6
18 52 214 0 6
21 52 279 8 6
22 52 234 9 6
23 52 234 1 6
24 52 159 1 6
46 52 277 5 6
48 52 198 7 6
50 52 243 4 6
54 7 369 26 6
54 8 327 9 6
10 54 229 3 6
12 54 243 3 6
17 54 345 13 6
21 54 331 7 6
22 54 284 9 6
23 54 270 8 6
24 54 199 6 6
30 54 421 16 6
36 54 329 19 6
39 54 414 14 6
46 54 315 11 6
48 54 252 5 6
52 54 238 3 6
23 55 360 9 6
24 55 291 6 6
28 55 416 25 6
39 55 462 36 6
42 55 427 27 6
52 55 306 15 6
56 8 232 8 6
56 9 264 2 6
10 56 132 3 6
11 56 184 5 6
12 56 148 2 6
18 56 159 4 6
22 56 197 4 6
23 56 179 5 6
24 56 106 4 6
27 56 293 13 6
34 56 240 1 6
36 56 256 7 6
44 56 262 7 6
46 56 228 6 6
48 56 155 5 6
50 56 200 2 6
52 56 139 4 6
54 56 181 8 6
11 57 347 12 6
17 57 411 20 6
18 57 316 14 6
22 57 364 9 6
24 57 277 7 6
48 57 316 13 6
52 57 308 8 6
58 8 292 7 6
10 58 190 3 6
11 58 240 6 6
12 58 202 4 6
15 58 372 16 6
18 58 205 10 6
21 58 282 12 6
22 58 259 2 6
23 58 239 4 6
24 58 162 5 6
27 58 339 19 6
36 58 308 10 6
44 58 316 9 6
48 58 219 2 6
50 58 256 3 6
52 58 195 5 6
54 58 245 5 6
56 58 150 4 6
57 58 305 15 6
12 62 295 18 6
18 62 304 21 6
23 62 340 14 6
26 62 433 25 6
36 62 403 23 6
37 62 482 28 6
46 62 375 22 6
52 62 308 9 6
60 62 460 27 6
52 63 470 18 6
10 65 355 10 6
15 66 433 41 6
22 66 344 15 6
25 66 453 41 6
36 66 403 18 6
38 66 366 16 6
45 66 498 25 6
56 66 265 2 6
58 66 307 10 6
60 66 442 31 6
62 66 408 20 6
17 71 404 54 6
24 72 394 12 6
23 74 414 23 6
54 75 441 15 6
57 77 563 39 6
78 8 289 9 6
10 78 195 1 6
11 78 245 4 6
12 78 199 6 6
18 78 214 6 6
22 78 260 2 6
23 78 242 3 6
24 78 167 3 6
34 78 289 6 6
38 78 280 4 6
44 78 317 9 6
48 78 212 6 6
50 78 259 2 6
52 78 202 2 6
54 78 254 1 6
56 78 155 2 6
57 78 312 12 6
58 78 211 3 6
79 8 418 19 6
18 79 333 21 6
23 79 369 14 6
39 79 469 42 6
78 79 337 15 6
8 80 287 11 6
10 80 197 1 6
11 80 249 3 6
12 80 209 2 6
16 80 402 16 6
17 80 311 12 6
18 80 206 11 6
24 80 171 2 6
28 80 322 8 6
29 80 363 18 6
34 80 279 12 6
38 80 278 6 6
44 80 299 19 6
48 80 220 3 6
50 80 259 3 6
52 80 206 1 6
56 80 155 3 6
57 80 316 11 6
58 80 207 6 6
78 80 214 3 6
81 9 395 31 6
11 81 357 13 6
12 81 319 11 6
28 81 412 27 6
38 81 374 22 6
39 81 464 35 6
46 81 393 18 6
55 81 432 23 6
82 9 287 0 6
1 82 292 8 6
10 82 147 5 6
11 82 193 10 6
12 82 167 2 6
18 82 182 2 6
21 82 253 7 6
22 82 214 5 6
23 82 204 2 6
24 82 125 4 6
25 82 367 9 6
34 82 251 5 6
36 82 281 4 6
37 82 360 9 6
38 82 246 1 6
44 82 289 3 6
48 82 176 4 6
50 82 219 2 6
52 82 154 6 6
54 82 194 11 6
56 82 109 5 6
58 82 175 1 6
78 82 176 1 6
80 82 178 1 6
7 84 455 37 6
38 84 380 27 6
46 84 403 21 6
8 85 491 40 6
12 85 447 14 6
56 87 361 10 6
58 89 345 15 6
81 89 400 53 6
1 91 323 20 6
9 91 316 13 6
10 91 202 5 6
11 91 252 8 6
12 91 214 6 6
15 91 386 17 6
18 91 225 8 6
21 91 302 10 6
22 91 273 3 6
24 91 186 1 6
34 91 296 10 6
38 91 289 7 6
46 91 300 7 6
48 91 233 3 6
50 91 268 5 6
52 91 201 10 6
56 91 162 6 6
58 91 212 10 6
62 91 331 11 6
66 91 317 13 6
78 91 229 2 6
80 91 221 7 6
82 91 187 3 6
8 92 410 24 6
18 92 341 18 6
42 92 450 26 6
46 92 410 20 6
50 92 388 13 6
54 92 365 21 6
56 92 292 9 6
79 92 444 37 6
82 92 313 8 6
10 93 229 5 6
11 93 287 4 6
12 93 245 4 6
18 93 262 3 6
21 93 325 12 6
22 93 280 13 6
24 93 201 7 6
27 93 366 27 6
29 93 405 17 6
36 93 347 12 6
46 93 311 15 6
48 93 256 5 6
50 93 269 18 6
52 93 246 1 6
54 93 260 19 6
56 93 193 4 6
58 93 237 11 6
66 93 348 11 6
78 93 258 1 6
80 93 242 10 6
81 93 370 10 6
82 93 216 2 6
91 93 265 5 6
9 95 295 8 6
10 95 169 6 6
11 95 227 5 6
12 95 193 1 6
18 95 200 5 6
22 95 236 6 6
23 95 224 4 6
24 95 147 5 6
26 95 317 15 6
36 95 297 8 6
42 95 315 10 6
46 95 263 10 6
48 95 204 2 6
50 95 239 4 6
52 95 186 2 6
54 95 234 3 6
56 95 131 6 6
58 95 193 4 6
61 95 416 18 6
78 95 186 8 6
80 95 196 4 6
81 95 312 10 6
82 95 156 3 6
84 95 332 8 6
91 95 207 5 6
93 95 234 5 6
8 96 386 47 6
9 96 432 34 6
10 96 350 10 6
18 96 371 14 6
62 96 457 27 6
80 96 343 25 6
92 96 472 35 6
11 97 388 19 6
60 97 489 39 6
66 97 433 34 6
11 98 352 11 6
24 98 272 11 6
44 98 422 17 6
55 98 437 16 6
57 98 417 20 6
58 98 308 15 6
62 98 427 16 6
69 98 437 33 6
84 98 443 21 6
94 98 479 37 6
56 99 359 13 6
69 99 520 44 6
104 31 545 63 6
104 58 357 17 6
104 87 516 49 6
104 93 400 17 6
107 54 454 16 6
107 81 448 65 6
111 12 229 6 6
111 14 379 15 6
111 18 242 7 6
111 24 193 5 6
111 26 357 18 6
111 27 380 14 6
111 34 311 10 6
111 44 335 15 6
111 48 252 1 6
111 52 222 7 6
111 56 177 6 6
111 57 336 15 6
111 58 225 11 6
111 69 372 20 6
111 76 415 20 6
111 78 238 5 6
111 80 240 5 6
111 82 206 1 6
111 91 257 3 6
111 93 276 7 6
111 95 226 3 6
10 111 223 2 6
11 111 277 3 6
113 9 351 12 6
113 18 268 3 6
113 21 335 10 6
113 22 298 7 6
113 24 213 4 6
113 34 329 10 6
113 48 260 6 6
113 50 281 15 6
113 52 246 4 6
113 54 294 5 6
113 56 203 2 6
113 58 259 3 6
113 69 402 14 6
113 78 256 5 6
113 80 248 10 6
113 82 218 4 6
113 91 273 4 6
113 92 383 17 6
113 93 292 8 6
113 95 236 7 6
113 98 361 13 6
10 113 239 3 6
11 113 289 6 6
112 113 443 21 6
115 6 475 20 6
115 8 291 16 6
115 12 209 9 6
115 16 398 25 6
115 17 327 11 6
115 18 234 4 6
115 22 268 6 6
115 23 250 7 6
115 24 183 3 6
115 28 328 12 6
115 34 303 7 6
115 48 216 12 6
115 50 253 13 6
115 52 210 6 6
115 56 169 3 6
115 58 223 5 6
115 62 332 11 6
115 78 218 8 6
115 80 220 8 6
115 82 190 2 6
115 91 233 8 6
115 95 212 3 6
115 96 373 17 6
10 115 207 3 6
11 115 259 5 6
103 115 491 20 6
104 115 376 16 6
111 115 258 3 6
113 115 272 5 6
118 9 431 20 6
118 22 352 28 6
118 24 299 9 6
118 34 413 16 6
118 54 374 13 6
118 55 452 20 6
118 78 340 11 6
118 81 450 21 6
118 89 438 41 6
118 95 322 12 6
119 18 346 25 6
119 23 380 19 6
119 57 444 31 6
119 79 447 45 6
119 92 475 32 6
111 119 364 27 6
120 14 334 8 6
120 18 195 1 6
120 22 229 3 6
120 23 215 2 6
120 24 140 2 6
120 28 285 11 6
120 34 262 5 6
120 46 262 4 6
120 48 181 7 6
120 50 218 8 6
120 52 169 4 6
120 54 225 1 6
120 55 301 9 6
120 56 126 2 6
120 58 186 1 6
120 60 345 10 6
120 65 347 10 6
120 69 333 10 6
120 78 185 2 6
120 80 187 2 6
120 81 295 12 6
120 82 145 2 6
120 91 190 7 6
120 93 231 0 6
120 95 169 2 6
10 120 160 4 6
11 120 212 6 6
12 120 172 5 6
111 120 211 4 6
113 120 229 4 6
115 120 197 4 6
121 8 293 11 6
121 14 345 21 6
121 17 321 10 6
121 18 226 4 6
121 21 295 10 6
121 22 256 8 6
121 24 171 5 6
121 42 335 12 6
121 44 325 9 6
121 46 291 8 6
121 48 224 4 6
121 50 251 10 6
121 52 200 7 6
121 55 332 12 6
121 56 157 5 6
121 57 312 16 6
121 58 219 3 6
121 78 226 0 6
121 80 224 2 6
121 82 182 2 6
121 91 227 7 6
121 93 254 7 6
121 95 202 4 6
121 97 365 17 6
10 121 197 4 6
11 121 239 11 6
12 121 213 3 6
111 121 250 3 6
113 121 258 8 6
115 121 232 5 6
119 121 374 11 6
120 121 191 3 6
122 57 458 34 6
122 65 508 39 6
125 18 266 0 6
125 24 201 6 6
125 34 321 10 6
125 36 347 11 6
125 38 302 13 6
125 46 309 15 6
125 50 287 8 6
125 52 242 2 6
125 55 370 9 6
125 56 193 3 6
125 57 342 17 6
125 58 243 7 6
125 66 336 16 6
125 78 238 10 6
125 80 248 6 6
125 82 206 6 6
125 91 257 8 6
125 93 252 24 6
125 95 230 6 6
125 97 373 29 6
1 125 366 11 6
10 125 231 3 6
11 125 263 15 6
113 125 288 9 6
120 125 221 4 6
121 125 252 7 6
122 126 552 46 6
130 80 407 16 6
