Res1 Res2 NSingle NDouble Method
10 9 204 9 6
10 11 156 7 6
12 8 196 14 6
12 9 210 11 6
10 12 130 6 6
11 12 162 9 6
17 9 262 30 6
10 17 214 9 6
10 18 140 6 6
11 18 168 11 6
12 18 148 7 6
11 21 219 16 6
14 21 277 34 6
23 7 252 18 6
23 8 228 13 6
23 9 238 12 6
11 23 194 8 6
18 23 176 8 6
24 8 175 12 6
10 24 109 4 6
11 24 145 5 6
12 24 117 5 6
18 24 129 4 6
26 9 281 35 6
23 26 257 22 6
10 27 230 13 6
18 27 238 19 6
22 27 270 15 6
10 28 209 11 6
24 28 198 9 6
29 7 324 36 6
1 34 243 32 6
18 34 191 16 6
27 34 291 18 6
12 36 211 11 6
37 8 273 47 6
38 9 241 20 6
10 38 185 3 6
12 38 175 13 6
18 38 193 9 6
34 38 238 12 6
23 39 261 23 6
27 39 307 42 6
34 39 278 30 6
21 46 250 16 6
27 46 255 35 6
36 46 212 40 6
10 48 147 3 6
11 48 177 7 6
12 48 147 8 6
18 48 163 5 6
24 48 132 3 6
35 48 284 21 6
50 7 266 11 6
50 8 224 15 6
10 50 158 7 6
11 50 194 8 6
12 50 168 7 6
22 50 192 12 6
28 50 241 15 6
29 50 284 18 6
46 50 215 13 6
10 52 127 5 6
11 52 167 4 6
12 52 135 6 6
18 52 153 2 6
21 52 198 10 6
22 52 163 9 6
24 52 118 2 6
46 52 192 7 6
48 52 144 7 6
54 7 255 20 6
22 54 197 13 6
23 54 199 10 6
24 54 148 8 6
36 54 226 22 6
55 8 277 19 6
24 55 204 7 6
28 55 286 23 6
39 55 304 32 6
50 55 253 10 6
52 55 214 12 6
56 8 170 8 6
10 56 98 3 6
11 56 132 5 6
12 56 106 4 6
18 56 116 4 6
22 56 140 4 6
23 56 134 5 6
24 56 81 4 6
44 56 174 8 6
48 56 115 5 6
50 56 138 3 6
52 56 101 4 6
54 56 133 9 6
18 57 225 12 6
48 57 226 12 6
52 57 214 10 6
10 58 136 5 6
11 58 170 7 6
12 58 144 6 6
18 58 146 10 6
21 58 205 11 6
24 58 121 5 6
27 58 236 17 6
36 58 217 10 6
48 58 153 7 6
52 58 137 7 6
54 58 177 8 6
56 58 110 4 6
57 58 209 17 6
12 62 203 16 6
18 62 195 25 6
23 62 235 15 6
46 62 252 21 6
48 62 228 9 6
52 62 212 9 6
10 65 246 13 6
24 66 193 8 6
38 66 259 12 6
55 66 285 20 6
60 66 295 34 6
17 71 267 55 6
57 76 289 45 6
78 8 209 9 6
10 78 143 1 6
11 78 175 4 6
12 78 143 6 6
18 78 151 7 6
22 78 181 4 6
23 78 175 5 6
24 78 124 3 6
44 78 207 12 6
48 78 152 7 6
52 78 146 2 6
56 78 111 3 6
57 78 220 11 6
58 78 151 4 6
17 79 290 27 6
18 79 230 17 6
22 79 270 9 6
39 79 311 34 6
54 79 253 19 6
78 79 227 15 6
10 80 139 2 6
12 80 149 2 6
18 80 147 8 6
24 80 124 2 6
29 80 255 18 6
34 80 190 12 6
38 80 190 6 6
44 80 205 12 6
46 80 198 7 6
48 80 156 4 6
50 80 173 5 6
52 80 146 1 6
56 80 109 3 6
58 80 143 7 6
78 80 150 3 6
79 80 227 14 6
28 81 294 27 6
78 81 240 11 6
1 82 209 9 6
10 82 113 5 6
11 82 139 11 6
12 82 129 2 6
18 82 135 4 6
22 82 159 4 6
23 82 159 2 6
24 82 100 4 6
34 82 186 4 6
37 82 258 9 6
38 82 180 1 6
48 82 130 7 6
50 82 157 3 6
52 82 114 7 6
54 82 144 13 6
56 82 81 7 6
58 82 131 3 6
65 82 245 9 6
78 82 132 2 6
80 82 130 2 6
10 83 247 14 6
22 83 287 16 6
7 84 302 32 6
61 84 352 40 6
1 91 222 19 6
9 91 222 12 6
10 91 148 4 6
11 91 176 9 6
12 91 154 6 6
18 91 156 10 6
21 91 209 14 6
25 91 279 20 6
34 91 201 13 6
38 91 197 9 6
48 91 171 3 6
52 91 141 10 6
56 91 114 7 6
58 91 150 10 6
78 91 165 2 6
80 91 155 6 6
82 91 139 4 6
12 92 240 13 6
23 92 264 16 6
54 92 267 18 6
62 92 267 41 6
79 92 298 35 6
10 93 160 7 6
21 93 235 10 6
22 93 192 13 6
24 93 145 7 6
27 93 250 24 6
28 93 243 15 6
36 93 243 11 6
44 93 218 21 6
46 93 213 15 6
48 93 183 6 6
50 93 188 13 6
54 93 183 19 6
56 93 136 5 6
58 93 172 8 6
66 93 236 15 6
80 93 169 8 6
91 93 184 7 6
69 94 319 54 6
10 95 124 6 6
11 95 162 6 6
12 95 142 2 6
18 95 144 6 6
22 95 162 9 6
23 95 164 6 6
24 95 111 5 6
26 95 237 14 6
42 95 223 10 6
44 95 202 10 6
48 95 153 2 6
50 95 168 4 6
52 95 135 3 6
54 95 173 5 6
56 95 96 6 6
58 95 140 5 6
61 95 284 17 6
74 95 272 14 6
78 95 131 9 6
80 95 139 4 6
82 95 121 3 6
91 95 146 7 6
93 95 166 6 6
8 96 266 43 6
39 96 307 49 6
80 96 245 18 6
11 97 274 19 6
82 97 247 9 6
11 98 235 15 6
12 98 221 8 6
24 98 196 8 6
58 98 215 13 6
56 99 248 13 6
104 48 256 16 6
111 12 158 5 6
111 18 164 7 6
111 23 184 7 6
111 24 133 5 6
111 34 213 8 6
111 44 218 13 6
111 48 173 3 6
111 52 151 6 6
111 54 191 7 6
111 56 120 5 6
111 57 229 13 6
111 58 156 8 6
111 69 258 17 6
111 78 161 5 6
111 80 161 4 6
111 82 145 2 6
111 93 186 7 6
10 111 152 3 6
113 9 245 12 6
113 24 152 6 6
113 34 228 11 6
113 48 186 7 6
113 50 193 13 6
113 52 176 4 6
113 56 145 3 6
113 58 181 6 6
113 78 182 5 6
113 80 172 9 6
113 82 158 6 6
113 93 197 12 6
112 113 296 25 6
115 8 206 17 6
115 12 148 10 6
115 16 280 21 6
115 18 160 9 6
115 48 157 11 6
115 50 170 14 6
115 52 151 6 6
115 56 122 4 6
115 58 158 7 6
115 62 227 12 6
115 74 282 20 6
115 78 153 9 6
115 80 151 9 6
115 82 143 3 6
115 91 160 11 6
115 95 146 8 6
10 115 150 4 6
11 115 184 6 6
111 115 178 3 6
113 115 189 8 6
118 22 237 26 6
118 24 212 9 6
118 34 278 19 6
118 39 306 37 6
118 78 238 10 6
118 89 292 37 6
119 95 251 13 6
111 119 247 26 6
120 18 141 1 6
120 22 159 4 6
120 23 159 2 6
120 24 102 3 6
120 28 202 10 6
120 48 132 6 6
120 50 149 7 6
120 52 120 4 6
120 54 168 1 6
120 55 206 9 6
120 56 89 3 6
120 58 133 2 6
120 78 130 3 6
120 80 130 2 6
120 81 220 10 6
120 82 110 2 6
120 91 135 6 6
120 93 159 3 6
120 95 123 2 6
10 120 115 4 6
11 120 151 5 6
12 120 123 5 6
104 120 240 9 6
111 120 139 5 6
113 120 160 5 6
115 120 137 6 6
121 8 215 13 6
121 18 163 8 6
121 22 183 10 6
121 24 134 5 6
121 46 208 10 6
121 48 166 7 6
121 50 173 13 6
121 52 152 6 6
121 56 121 5 6
121 57 220 18 6
121 58 163 5 6
121 65 269 15 6
121 80 162 4 6
121 82 144 3 6
121 91 159 12 6
121 93 179 11 6
121 95 153 5 6
121 97 267 17 6
10 121 149 5 6
11 121 171 13 6
12 121 161 4 6
111 121 179 3 6
113 121 192 7 6
115 121 173 6 6
120 121 140 5 6
122 24 232 14 6
125 24 156 5 6
125 34 230 11 6
125 38 210 15 6
125 42 262 13 6
125 46 222 14 6
125 50 205 8 6
125 56 147 3 6
125 57 242 18 6
125 58 185 5 6
125 66 243 15 6
125 78 170 12 6
125 80 174 9 6
125 82 160 6 6
125 91 183 11 6
125 93 187 18 6
125 95 173 6 6
125 97 269 27 6
10 125 175 3 6
11 125 183 18 6
111 125 193 7 6
120 125 164 4 6
121 125 192 8 6
