Res1 Res2 NSingle NDouble Method
1 8 288 15 6
1 11 248 13 6
1 12 226 10 6
1 18 236 10 6
1 21 281 18 6
1 24 215 3 6
1 34 243 32 6
1 38 253 21 6
1 48 249 4 6
1 50 258 9 6
1 52 233 4 6
1 56 200 4 6
1 58 240 5 6
1 78 231 9 6
1 79 298 25 6
1 80 229 9 6
1 82 209 9 6
1 91 222 19 6
1 95 232 4 6
1 111 246 8 6
1 115 254 4 6
1 120 221 3 6
1 125 263 11 6
10 2 330 16 6
115 2 336 26 6
2 9 358 47 6
2 23 350 26 6
2 28 375 43 6
2 38 355 33 6
2 56 326 4 6
2 80 343 15 6
115 3 329 17 6
3 9 327 50 6
3 56 289 10 6
3 66 313 58 6
3 80 298 25 6
3 91 325 18 6
3 93 329 25 6
38 4 341 23 6
115 4 322 16 6
120 4 297 11 6
4 7 344 50 6
4 48 299 25 6
4 54 327 24 6
4 82 301 9 6
16 5 360 52 6
18 5 278 21 6
24 5 273 6 6
5 8 320 31 6
5 52 281 12 6
5 54 291 28 6
5 56 252 10 6
5 58 284 15 6
5 82 279 6 6
38 6 330 39 6
48 6 334 18 6
115 6 327 24 6
6 71 358 68 6
10 7 230 9 6
12 7 240 9 6
18 7 250 9 6
22 7 268 12 6
23 7 252 18 6
24 7 221 6 6
26 7 325 26 6
29 7 324 36 6
38 7 277 15 6
48 7 251 9 6
50 7 266 11 6
54 7 255 20 6
56 7 208 6 6
115 7 254 10 6
120 7 227 6 6
7 9 280 29 6
7 82 237 1 6
7 84 302 32 6
7 93 270 10 6
7 95 236 8 6
10 8 206 4 6
11 8 234 9 6
12 8 196 14 6
18 8 216 9 6
21 8 255 20 6
23 8 228 13 6
24 8 175 12 6
37 8 273 47 6
48 8 221 7 6
50 8 224 15 6
54 8 239 11 6
55 8 277 19 6
56 8 170 8 6
58 8 210 9 6
78 8 209 9 6
115 8 206 17 6
120 8 195 5 6
121 8 215 13 6
8 80 209 8 6
8 82 193 6 6
8 91 224 7 6
8 96 266 43 6
10 9 204 9 6
12 9 210 11 6
17 9 262 30 6
21 9 271 16 6
23 9 238 12 6
24 9 201 3 6
26 9 281 35 6
36 9 273 20 6
38 9 241 20 6
52 9 219 4 6
56 9 188 3 6
58 9 220 8 6
78 9 221 7 6
80 9 225 4 6
82 9 209 2 6
113 9 245 12 6
9 91 222 12 6
9 95 212 7 6
10 9 204 9 6
10 11 156 7 6
10 12 130 6 6
10 17 214 9 6
10 18 140 6 6
10 24 109 4 6
10 27 230 13 6
10 28 209 11 6
10 38 185 3 6
10 48 147 3 6
10 50 158 7 6
10 52 127 5 6
10 56 98 3 6
10 58 136 5 6
10 65 246 13 6
10 78 143 1 6
10 80 139 2 6
10 82 113 5 6
10 83 247 14 6
10 91 148 4 6
10 93 160 7 6
10 95 124 6 6
10 111 152 3 6
10 115 150 4 6
10 120 115 4 6
10 121 149 5 6
10 125 175 3 6
10 11 156 7 6
11 12 162 9 6
11 18 168 11 6
11 21 219 16 6
11 22 204 5 6
11 23 194 8 6
11 24 145 5 6
11 48 177 7 6
11 50 194 8 6
11 52 167 4 6
11 56 132 5 6
11 58 170 7 6
11 78 175 4 6
11 80 175 3 6
11 82 139 11 6
11 91 176 9 6
11 95 162 6 6
11 97 274 19 6
11 98 235 15 6
11 113 203 7 6
11 115 184 6 6
11 120 151 5 6
11 121 171 13 6
11 125 183 18 6
12 8 196 14 6
12 9 210 11 6
10 12 130 6 6
11 12 162 9 6
111 12 158 5 6
115 12 148 10 6
12 18 148 7 6
12 24 117 5 6
12 36 211 11 6
12 38 175 13 6
12 48 147 8 6
12 50 168 7 6
12 52 135 6 6
12 56 106 4 6
12 58 144 6 6
12 62 203 16 6
12 78 143 6 6
12 80 149 2 6
12 82 129 2 6
12 91 154 6 6
12 92 240 13 6
12 95 142 2 6
12 98 221 8 6
12 120 123 5 6
12 121 161 4 6
13 9 416 41 6
13 38 401 33 6
13 56 372 4 6
13 58 362 30 6
13 91 372 30 6
14 8 296 25 6
11 14 272 15 6
12 14 256 9 6
111 14 262 14 6
115 14 276 7 6
120 14 239 8 6
121 14 247 22 6
14 18 268 8 6
14 21 277 34 6
14 22 278 15 6
14 24 237 6 6
14 42 295 38 6
14 52 249 10 6
14 56 230 3 6
14 72 366 44 6
14 78 257 10 6
14 82 249 3 6
14 95 250 9 6
10 15 261 11 6
115 15 239 35 6
120 15 256 9 6
15 25 346 50 6
15 48 256 24 6
15 58 267 15 6
15 66 291 42 6
16 8 312 33 6
10 16 264 16 6
12 16 276 15 6
115 16 280 21 6
16 18 248 34 6
16 24 271 5 6
16 56 254 7 6
16 58 284 13 6
16 62 291 49 6
16 80 277 15 6
17 8 278 18 6
17 9 262 30 6
10 17 214 9 6
12 17 230 6 6
113 17 257 11 6
115 17 236 11 6
120 17 213 5 6
121 17 241 9 6
17 18 232 10 6
17 24 211 3 6
17 36 285 19 6
17 48 237 8 6
17 54 255 12 6
17 56 200 2 6
17 71 267 55 6
17 79 290 27 6
17 80 221 11 6
17 95 220 8 6
10 18 140 6 6
11 18 168 11 6
12 18 148 7 6
111 18 164 7 6
115 18 160 9 6
120 18 141 1 6
121 18 163 8 6
18 23 176 8 6
18 24 129 4 6
18 27 238 19 6
18 34 191 16 6
18 38 193 9 6
18 48 163 5 6
18 52 153 2 6
18 56 116 4 6
18 57 225 12 6
18 58 146 10 6
18 62 195 25 6
18 78 151 7 6
18 79 230 17 6
18 80 147 8 6
18 82 135 4 6
18 91 156 10 6
18 95 144 6 6
18 96 262 14 6
11 19 319 21 6
19 23 317 23 6
19 24 286 11 6
19 28 350 36 6
19 34 346 24 6
19 36 328 43 6
19 42 340 45 6
19 58 305 16 6
19 91 317 15 6
19 98 358 30 6
120 20 286 8 6
125 20 306 27 6
20 21 326 33 6
20 24 280 8 6
20 27 343 46 6
20 34 332 25 6
20 38 316 27 6
20 39 350 48 6
20 46 314 33 6
20 52 296 10 6
20 56 267 8 6
20 78 298 13 6
20 81 328 50 6
20 95 297 9 6
10 21 207 3 6
11 21 219 16 6
12 21 213 5 6
14 21 277 34 6
111 21 229 5 6
113 21 242 9 6
115 21 231 4 6
120 21 200 2 6
121 21 218 11 6
125 21 250 6 6
21 22 231 13 6
21 23 243 5 6
21 24 190 4 6
21 38 256 8 6
21 46 250 16 6
21 50 237 8 6
21 52 198 10 6
21 54 242 9 6
21 56 173 6 6
21 58 205 11 6
21 80 216 4 6
21 82 190 7 6
21 91 209 14 6
21 93 235 10 6
21 95 209 4 6
1 22 262 9 6
10 22 168 4 6
12 22 180 3 6
113 22 211 6 6
115 22 190 6 6
118 22 237 26 6
120 22 159 4 6
121 22 183 10 6
125 22 213 6 6
22 24 153 4 6
22 27 270 15 6
22 48 193 2 6
22 50 192 12 6
22 52 163 9 6
22 54 197 13 6
22 56 140 4 6
22 58 186 2 6
22 78 181 4 6
22 79 270 9 6
22 80 179 4 6
22 82 159 4 6
22 83 287 16 6
22 93 192 13 6
22 95 162 9 6
23 7 252 18 6
23 8 228 13 6
23 9 238 12 6
10 23 162 5 6
11 23 194 8 6
12 23 172 5 6
18 23 176 8 6
111 23 184 7 6
120 23 159 2 6
23 24 149 4 6
23 26 257 22 6
23 39 261 23 6
23 54 199 10 6
23 56 134 5 6
23 62 235 15 6
23 78 175 5 6
23 80 179 2 6
23 82 159 2 6
23 92 264 16 6
23 95 164 6 6
24 8 175 12 6
10 24 109 4 6
11 24 145 5 6
12 24 117 5 6
18 24 129 4 6
111 24 133 5 6
113 24 152 6 6
118 24 212 9 6
120 24 102 3 6
121 24 134 5 6
122 24 232 14 6
125 24 156 5 6
24 28 198 9 6
24 48 132 3 6
24 52 118 2 6
24 54 148 8 6
24 55 204 7 6
24 56 81 4 6
24 58 121 5 6
24 66 193 8 6
24 78 124 3 6
24 80 124 2 6
24 82 100 4 6
24 93 145 7 6
24 95 111 5 6
24 98 196 8 6
25 9 321 32 6
10 25 277 9 6
24 25 262 9 6
120 25 270 8 6
125 25 310 17 6
25 38 284 35 6
25 46 322 21 6
25 56 255 6 6
25 58 287 11 6
25 66 297 45 6
25 82 264 11 6
25 91 279 20 6
26 9 281 35 6
10 26 229 16 6
11 26 277 11 6
12 26 251 10 6
23 26 257 22 6
24 26 234 6 6
111 26 257 15 6
113 26 286 11 6
26 38 274 23 6
26 46 278 26 6
26 62 298 28 6
26 68 330 45 6
26 82 240 6 6
26 95 237 14 6
27 9 310 18 6
10 27 230 13 6
12 27 250 8 6
18 27 238 19 6
22 27 270 15 6
24 27 227 7 6
111 27 254 14 6
120 27 241 3 6
121 27 269 7 6
27 34 291 18 6
27 36 297 25 6
27 39 307 42 6
27 44 290 26 6
27 46 255 35 6
27 52 245 8 6
27 56 204 12 6
27 58 236 17 6
27 78 261 4 6
27 80 243 12 6
27 82 231 8 6
27 91 266 7 6
27 93 250 24 6
27 95 240 10 6
10 28 209 11 6
11 28 247 11 6
12 28 229 6 6
23 28 245 13 6
24 28 198 9 6
115 28 233 12 6
120 28 202 10 6
121 28 240 9 6
28 36 280 21 6
28 50 241 15 6
28 55 286 23 6
28 56 195 4 6
28 78 232 6 6
28 80 222 10 6
28 81 294 27 6
28 93 243 15 6
28 95 217 9 6
29 7 324 36 6
10 29 234 23 6
11 29 282 18 6
18 29 258 21 6
23 29 286 17 6
24 29 251 7 6
28 29 309 35 6
113 29 293 17 6
120 29 255 8 6
29 34 303 24 6
29 50 284 18 6
29 56 250 1 6
29 80 255 18 6
29 82 257 7 6
29 93 286 18 6
30 8 316 24 6
22 30 292 17 6
23 30 292 15 6
24 30 253 7 6
120 30 267 3 6
121 30 283 13 6
125 30 297 17 6
30 42 315 37 6
30 50 296 13 6
30 54 285 22 6
30 55 301 41 6
30 56 248 3 6
30 78 279 8 6
30 82 263 5 6
30 95 272 7 6
31 8 376 31 6
18 31 340 18 6
104 31 347 72 6
31 54 359 22 6
31 56 302 13 6
32 9 340 41 6
3 32 375 81 6
12 32 314 14 6
24 32 295 11 6
27 32 368 44 6
115 32 324 17 6
32 56 284 10 6
32 62 337 44 6
32 82 303 10 6
111 33 359 24 6
115 33 375 16 6
119 33 406 58 6
33 54 382 23 6
33 66 381 46 6
1 34 243 32 6
10 34 197 3 6
11 34 229 6 6
12 34 207 3 6
18 34 191 16 6
22 34 225 11 6
23 34 231 6 6
24 34 182 3 6
27 34 291 18 6
111 34 213 8 6
113 34 228 11 6
115 34 217 6 6
118 34 278 19 6
120 34 182 6 6
125 34 230 11 6
34 38 238 12 6
34 39 278 30 6
34 48 210 7 6
34 56 169 3 6
34 78 202 7 6
34 79 279 18 6
34 80 190 12 6
34 82 186 4 6
34 91 201 13 6
34 93 231 7 6
34 95 201 3 6
11 35 309 17 6
18 35 295 15 6
27 35 367 31 6
113 35 320 16 6
121 35 304 14 6
125 35 316 19 6
35 48 284 21 6
35 56 261 8 6
35 57 338 32 6
35 82 272 12 6
35 84 359 32 6
12 36 211 11 6
24 36 196 6 6
36 46 212 40 6
36 50 235 14 6
36 52 214 7 6
36 54 226 22 6
36 56 181 7 6
36 58 217 10 6
36 66 283 16 6
36 82 200 7 6
36 93 243 11 6
36 95 211 8 6
37 8 273 47 6
1 37 313 38 6
11 37 293 15 6
18 37 283 11 6
21 37 296 35 6
113 37 308 12 6
115 37 275 18 6
121 37 292 10 6
37 38 288 28 6
37 46 304 25 6
37 50 285 20 6
37 56 243 7 6
37 80 264 16 6
37 82 258 9 6
38 9 241 20 6
10 38 185 3 6
11 38 207 11 6
12 38 175 13 6
18 38 193 9 6
24 38 170 3 6
34 38 238 12 6
120 38 174 4 6
125 38 210 15 6
38 56 155 4 6
38 66 259 12 6
38 78 194 5 6
38 80 190 6 6
38 82 180 1 6
38 91 197 9 6
38 95 187 4 6
39 8 295 27 6
39 9 311 23 6
12 39 255 11 6
17 39 325 21 6
18 39 247 20 6
23 39 261 23 6
24 39 236 8 6
27 39 307 42 6
34 39 278 30 6
118 39 306 37 6
39 46 296 20 6
39 55 304 32 6
39 56 233 3 6
39 62 316 22 6
39 78 254 13 6
39 79 311 34 6
39 81 314 35 6
39 82 242 8 6
39 95 247 12 6
39 96 307 49 6
40 7 378 54 6
29 40 388 65 6
125 40 375 22 6
18 41 361 20 6
29 41 401 64 6
41 42 382 53 6
41 54 376 26 6
41 66 379 47 6
41 80 344 24 6
41 91 359 23 6
42 8 289 16 6
10 42 229 5 6
12 42 237 6 6
18 42 237 11 6
21 42 278 21 6
24 42 212 6 6
28 42 300 19 6
111 42 249 8 6
115 42 251 7 6
121 42 240 13 6
125 42 262 13 6
42 44 293 16 6
42 56 201 5 6
42 62 298 17 6
42 66 293 19 6
42 78 242 5 6
42 80 240 5 6
42 91 241 11 6
42 95 223 10 6
17 43 363 71 6
125 43 386 34 6
43 80 378 19 6
43 93 401 23 6
44 5 300 43 6
10 44 208 5 6
11 44 234 11 6
12 44 220 4 6
18 44 170 34 6
24 44 193 5 6
34 44 261 14 6
111 44 218 13 6
113 44 245 10 6
120 44 205 2 6
121 44 229 8 6
44 56 174 8 6
44 58 214 9 6
44 78 207 12 6
44 80 205 12 6
44 82 197 6 6
44 91 230 6 6
44 93 218 21 6
44 95 202 10 6
45 8 312 33 6
45 9 318 34 6
12 45 278 14 6
18 45 288 14 6
38 45 293 31 6
45 54 301 21 6
45 56 254 7 6
45 58 276 17 6
45 79 318 45 6
45 95 276 12 6
10 46 201 0 6
12 46 197 7 6
18 46 219 1 6
21 46 250 16 6
24 46 176 5 6
27 46 255 35 6
36 46 212 40 6
120 46 184 4 6
121 46 208 10 6
125 46 222 14 6
46 48 220 1 6
46 50 215 13 6
46 52 192 7 6
46 54 232 8 6
46 56 161 6 6
46 58 205 5 6
46 62 252 21 6
46 78 208 3 6
46 80 198 7 6
46 82 180 6 6
46 91 211 7 6
46 93 213 15 6
46 95 189 8 6
12 47 324 17 6
14 47 362 59 6
21 47 351 39 6
111 47 326 24 6
115 47 318 28 6
47 80 329 15 6
10 48 147 3 6
11 48 177 7 6
12 48 147 8 6
18 48 163 5 6
23 48 183 5 6
24 48 132 3 6
35 48 284 21 6
104 48 256 16 6
111 48 173 3 6
113 48 186 7 6
115 48 157 11 6
120 48 132 6 6
121 48 166 7 6
48 52 144 7 6
48 56 115 5 6
48 57 226 12 6
48 58 153 7 6
48 62 228 9 6
48 78 152 7 6
48 80 156 4 6
48 82 130 7 6
48 91 171 3 6
48 93 183 6 6
48 95 153 2 6
49 8 385 52 6
48 49 386 21 6
104 49 396 73 6
49 52 376 18 6
49 58 385 18 6
49 91 393 19 6
49 93 403 23 6
50 7 266 11 6
50 8 224 15 6
10 50 158 7 6
11 50 194 8 6
12 50 168 7 6
18 50 180 6 6
22 50 192 12 6
23 50 200 6 6
24 50 149 4 6
28 50 241 15 6
29 50 284 18 6
46 50 215 13 6
113 50 193 13 6
115 50 170 14 6
120 50 149 7 6
121 50 173 13 6
125 50 205 8 6
50 55 253 10 6
50 56 138 3 6
50 58 178 4 6
50 80 173 5 6
50 82 157 3 6
50 91 186 5 6
50 93 188 13 6
50 95 168 4 6
10 51 417 25 6
51 78 424 28 6
10 52 127 5 6
11 52 167 4 6
12 52 135 6 6
18 52 153 2 6
21 52 198 10 6
22 52 163 9 6
24 52 118 2 6
46 52 192 7 6
48 52 144 7 6
50 52 171 3 6
111 52 151 6 6
113 52 176 4 6
115 52 151 6 6
120 52 120 4 6
121 52 152 6 6
52 54 176 4 6
52 55 214 12 6
52 56 101 4 6
52 57 214 10 6
52 58 137 7 6
52 62 212 9 6
52 78 146 2 6
52 80 146 1 6
52 82 114 7 6
52 91 141 10 6
52 95 135 3 6
52 96 251 12 6
10 53 312 20 6
18 53 326 23 6
23 53 340 26 6
24 53 315 11 6
34 53 353 35 6
38 53 315 48 6
125 53 351 25 6
53 56 314 5 6
53 60 341 75 6
53 82 313 15 6
54 7 255 20 6
10 54 169 5 6
22 54 197 13 6
23 54 199 10 6
24 54 148 8 6
36 54 226 22 6
111 54 191 7 6
113 54 210 8 6
120 54 168 1 6
54 56 133 9 6
54 58 177 8 6
54 79 253 19 6
54 82 144 13 6
54 92 267 18 6
54 93 183 19 6
54 95 173 5 6
55 8 277 19 6
10 55 223 5 6
23 55 255 9 6
24 55 204 7 6
28 55 286 23 6
39 55 304 32 6
42 55 296 22 6
50 55 253 10 6
52 55 214 12 6
118 55 308 19 6
120 55 206 9 6
121 55 236 12 6
55 58 231 8 6
55 66 285 20 6
55 78 236 5 6
55 91 245 6 6
55 95 229 4 6
55 98 296 16 6
56 8 170 8 6
10 56 98 3 6
11 56 132 5 6
12 56 106 4 6
18 56 116 4 6
22 56 140 4 6
23 56 134 5 6
24 56 81 4 6
44 56 174 8 6
48 56 115 5 6
50 56 138 3 6
52 56 101 4 6
54 56 133 9 6
55 56 203 1 6
111 56 120 5 6
113 56 145 3 6
115 56 122 4 6
120 56 89 3 6
121 56 121 5 6
125 56 147 3 6
56 58 110 4 6
56 78 111 3 6
56 80 109 3 6
56 82 81 7 6
56 91 114 7 6
56 93 136 5 6
56 95 96 6 6
56 99 248 13 6
10 57 221 4 6
11 57 245 11 6
12 57 231 4 6
17 57 283 23 6
18 57 225 12 6
22 57 247 13 6
24 57 202 6 6
48 57 226 12 6
52 57 214 10 6
56 57 197 2 6
111 57 229 13 6
120 57 212 4 6
121 57 220 18 6
125 57 242 18 6
57 58 209 17 6
57 76 289 45 6
57 78 220 11 6
57 80 218 11 6
57 82 212 4 6
57 91 235 9 6
57 95 219 7 6
10 58 136 5 6
11 58 170 7 6
12 58 144 6 6
18 58 146 10 6
21 58 205 11 6
23 58 176 5 6
24 58 121 5 6
27 58 236 17 6
36 58 217 10 6
48 58 153 7 6
52 58 137 7 6
54 58 177 8 6
56 58 110 4 6
57 58 209 17 6
111 58 156 8 6
113 58 181 6 6
115 58 158 7 6
120 58 133 2 6
121 58 163 5 6
125 58 185 5 6
58 78 151 4 6
58 80 143 7 6
58 82 131 3 6
58 91 150 10 6
58 93 172 8 6
58 95 140 5 6
58 98 215 13 6
59 8 356 36 6
11 59 346 19 6
21 59 357 35 6
23 59 334 26 6
42 59 361 46 6
46 59 349 33 6
121 59 335 19 6
59 91 334 18 6
56 60 235 4 6
115 60 271 13 6
120 60 244 9 6
125 60 282 19 6
60 66 295 34 6
60 78 262 11 6
60 97 327 43 6
22 61 320 19 6
24 61 291 4 6
34 61 315 35 6
46 61 331 26 6
56 61 272 7 6
115 61 310 15 6
125 61 321 21 6
61 78 303 12 6
61 80 293 16 6
61 84 352 40 6
61 95 284 17 6
62 8 275 16 6
10 62 217 4 6
11 62 239 12 6
12 62 203 16 6
18 62 195 25 6
21 62 268 19 6
23 62 235 15 6
24 62 200 5 6
36 62 278 19 6
46 62 252 21 6
48 62 228 9 6
52 62 212 9 6
54 62 248 12 6
56 62 187 5 6
112 62 320 36 6
115 62 227 12 6
120 62 208 4 6
62 66 283 17 6
62 80 220 8 6
62 82 204 6 6
62 91 227 11 6
62 92 267 41 6
62 95 213 8 6
17 63 384 34 6
50 63 352 20 6
52 63 329 14 6
58 63 334 16 6
63 78 311 27 6
18 64 397 26 6
115 64 409 23 6
64 92 415 69 6
1 65 324 26 6
10 65 246 13 6
48 65 265 14 6
56 65 240 2 6
58 65 256 15 6
120 65 245 9 6
121 65 269 15 6
65 81 325 32 6
65 82 245 9 6
10 66 210 7 6
22 66 244 12 6
24 66 193 8 6
38 66 259 12 6
46 66 269 12 6
55 66 285 20 6
56 66 192 2 6
58 66 224 7 6
60 66 295 34 6
111 66 234 8 6
120 66 207 4 6
121 66 233 9 6
125 66 243 15 6
66 82 207 4 6
66 91 226 11 6
66 93 236 15 6
111 67 431 29 6
67 69 461 68 6
67 78 428 24 6
67 80 426 24 6
67 93 445 30 6
68 9 327 27 6
34 68 312 25 6
38 68 298 26 6
42 68 324 37 6
48 68 292 10 6
57 68 322 33 6
111 68 289 14 6
120 68 264 9 6
125 68 314 13 6
68 82 268 7 6
68 98 328 29 6
38 69 273 26 6
46 69 301 17 6
54 69 287 13 6
56 69 220 9 6
58 69 262 9 6
66 69 318 20 6
111 69 258 17 6
113 69 281 16 6
120 69 245 6 6
69 78 259 10 6
69 80 261 8 6
69 93 282 13 6
69 94 319 54 6
69 98 293 34 6
21 70 394 34 6
48 70 366 18 6
52 70 344 21 6
54 70 372 28 6
55 70 350 66 6
112 70 402 73 6
113 70 382 23 6
115 70 365 21 6
70 78 362 16 6
70 81 382 58 6
71 9 313 27 6
17 71 267 55 6
36 71 324 22 6
38 71 288 24 6
44 71 311 26 6
52 71 264 9 6
66 71 325 22 6
69 71 321 45 6
111 71 275 14 6
71 80 264 12 6
10 72 302 10 6
11 72 326 17 6
22 72 334 16 6
24 72 279 14 6
28 72 343 39 6
36 72 339 37 6
44 72 346 31 6
46 72 339 26 6
50 72 330 16 6
54 72 319 25 6
56 72 278 8 6
58 72 304 16 6
111 72 304 22 6
113 72 335 17 6
121 72 313 18 6
72 93 306 29 6
72 98 353 32 6
38 73 443 45 6
74 8 328 25 6
74 9 332 27 6
12 74 282 12 6
18 74 272 22 6
23 74 296 20 6
44 74 330 26 6
62 74 305 42 6
115 74 282 20 6
121 74 289 17 6
74 79 354 27 6
74 82 261 13 6
74 95 272 14 6
24 75 266 6 6
34 75 316 24 6
52 75 278 10 6
57 75 332 29 6
75 78 278 14 6
75 91 291 13 6
18 76 266 18 6
24 76 249 9 6
44 76 318 25 6
48 76 279 12 6
52 76 265 11 6
56 76 246 4 6
57 76 289 45 6
58 76 272 12 6
111 76 268 20 6
120 76 263 5 6
125 76 297 17 6
76 78 265 15 6
76 81 331 34 6
76 95 270 8 6
24 77 317 12 6
46 77 313 56 6
56 77 312 8 6
57 77 373 40 6
58 77 328 21 6
78 8 209 9 6
10 78 143 1 6
11 78 175 4 6
12 78 143 6 6
18 78 151 7 6
22 78 181 4 6
23 78 175 5 6
24 78 124 3 6
44 78 207 12 6
48 78 152 7 6
52 78 146 2 6
56 78 111 3 6
57 78 220 11 6
58 78 151 4 6
111 78 161 5 6
113 78 182 5 6
115 78 153 9 6
118 78 238 10 6
120 78 130 3 6
125 78 170 12 6
78 79 227 15 6
78 80 150 3 6
78 81 240 11 6
78 82 132 2 6
78 91 165 2 6
78 95 131 9 6
10 79 236 4 6
12 79 244 5 6
17 79 290 27 6
18 79 230 17 6
22 79 270 9 6
23 79 260 12 6
24 79 221 4 6
39 79 311 34 6
52 79 239 5 6
54 79 253 19 6
56 79 208 4 6
58 79 246 6 6
62 79 287 25 6
78 79 227 15 6
111 79 252 9 6
113 79 275 8 6
115 79 248 11 6
120 79 231 2 6
125 79 275 9 6
79 80 227 14 6
79 82 231 2 6
79 91 250 9 6
79 92 298 35 6
79 95 238 5 6
10 80 139 2 6
12 80 149 2 6
18 80 147 8 6
24 80 124 2 6
29 80 255 18 6
34 80 190 12 6
38 80 190 6 6
44 80 205 12 6
46 80 198 7 6
48 80 156 4 6
50 80 173 5 6
52 80 146 1 6
56 80 109 3 6
58 80 143 7 6
78 80 150 3 6
79 80 227 14 6
111 80 161 4 6
113 80 172 9 6
115 80 151 9 6
120 80 130 2 6
121 80 162 4 6
125 80 174 9 6
80 82 130 2 6
80 91 155 6 6
80 93 169 8 6
80 95 139 4 6
80 96 245 18 6
81 9 281 29 6
12 81 235 12 6
21 81 298 16 6
22 81 265 14 6
24 81 224 5 6
28 81 294 27 6
38 81 268 20 6
46 81 280 19 6
54 81 270 13 6
55 81 298 26 6
56 81 213 4 6
78 81 240 11 6
120 81 220 10 6
81 82 236 2 6
81 95 231 11 6
1 82 209 9 6
10 82 113 5 6
11 82 139 11 6
12 82 129 2 6
18 82 135 4 6
22 82 159 4 6
23 82 159 2 6
24 82 100 4 6
34 82 186 4 6
37 82 258 9 6
38 82 180 1 6
48 82 130 7 6
50 82 157 3 6
52 82 114 7 6
54 82 144 13 6
56 82 81 7 6
58 82 131 3 6
65 82 245 9 6
78 82 132 2 6
80 82 130 2 6
111 82 145 2 6
113 82 158 6 6
115 82 143 3 6
120 82 110 2 6
121 82 144 3 6
125 82 160 6 6
82 91 139 4 6
82 95 121 3 6
82 97 247 9 6
83 9 299 33 6
8 83 321 18 6
10 83 247 14 6
11 83 293 10 6
12 83 261 12 6
21 83 308 24 6
22 83 287 16 6
24 83 248 6 6
36 83 302 32 6
38 83 296 19 6
42 83 326 28 6
45 83 343 48 6
54 83 286 18 6
56 83 241 3 6
82 83 254 6 6
83 91 281 9 6
7 84 302 32 6
18 84 248 11 6
19 84 337 52 6
24 84 219 8 6
38 84 269 20 6
46 84 279 20 6
56 84 208 7 6
61 84 352 40 6
115 84 254 11 6
8 85 342 33 6
12 85 312 12 6
14 85 358 50 6
18 85 316 15 6
37 85 361 59 6
38 85 325 30 6
45 85 344 73 6
56 85 282 8 6
58 85 296 22 6
69 85 354 53 6
80 85 313 12 6
104 85 371 45 6
121 85 315 19 6
10 86 296 10 6
11 86 302 26 6
42 86 339 42 6
58 86 294 18 6
121 86 317 13 6
130 86 384 56 6
86 91 314 13 6
86 95 296 12 6
8 87 336 21 6
24 87 259 11 6
27 87 350 35 6
46 87 309 28 6
55 87 337 30 6
56 87 252 8 6
58 87 276 17 6
62 87 325 32 6
111 87 292 15 6
113 87 303 20 6
121 87 277 23 6
87 93 304 17 6
87 95 276 12 6
11 88 320 19 6
12 88 304 13 6
22 88 322 21 6
24 88 285 10 6
36 88 335 38 6
38 88 331 24 6
44 88 348 29 6
54 88 307 30 6
56 88 278 7 6
80 88 307 12 6
121 88 319 14 6
88 93 298 32 6
89 9 283 30 6
18 89 253 10 6
24 89 224 7 6
38 89 268 22 6
44 89 291 24 6
56 89 217 4 6
58 89 245 11 6
80 89 242 11 6
81 89 258 56 6
118 89 292 37 6
120 89 218 13 6
10 90 363 15 6
12 90 369 17 6
18 90 371 21 6
21 90 388 43 6
22 90 373 32 6
52 90 368 15 6
90 95 363 17 6
1 91 222 19 6
9 91 222 12 6
10 91 148 4 6
11 91 176 9 6
12 91 154 6 6
18 91 156 10 6
21 91 209 14 6
24 91 135 3 6
25 91 279 20 6
34 91 201 13 6
38 91 197 9 6
48 91 171 3 6
52 91 141 10 6
56 91 114 7 6
58 91 150 10 6
78 91 165 2 6
80 91 155 6 6
82 91 139 4 6
111 91 174 4 6
115 91 160 11 6
120 91 135 6 6
121 91 159 12 6
125 91 183 11 6
91 93 184 7 6
91 95 146 7 6
8 92 292 23 6
10 92 246 5 6
12 92 240 13 6
18 92 242 17 6
23 92 264 16 6
24 92 231 5 6
42 92 311 26 6
52 92 253 4 6
54 92 267 18 6
56 92 212 8 6
58 92 254 8 6
62 92 267 41 6
78 92 259 5 6
79 92 298 35 6
80 92 255 6 6
82 92 233 7 6
115 92 250 16 6
92 95 246 7 6
10 93 160 7 6
12 93 174 5 6
18 93 186 4 6
21 93 235 10 6
22 93 192 13 6
24 93 145 7 6
27 93 250 24 6
28 93 243 15 6
36 93 243 11 6
44 93 218 21 6
46 93 213 15 6
48 93 183 6 6
50 93 188 13 6
52 93 175 2 6
54 93 183 19 6
56 93 136 5 6
58 93 172 8 6
66 93 236 15 6
78 93 183 2 6
80 93 169 8 6
82 93 161 2 6
91 93 184 7 6
111 93 186 7 6
113 93 197 12 6
115 93 194 3 6
120 93 159 3 6
121 93 179 11 6
125 93 187 18 6
93 95 166 6 6
8 94 331 22 6
23 94 299 17 6
37 94 348 49 6
38 94 296 28 6
46 94 318 22 6
56 94 251 7 6
62 94 282 52 6
69 94 319 54 6
82 94 256 14 6
113 94 304 18 6
10 95 124 6 6
11 95 162 6 6
12 95 142 2 6
18 95 144 6 6
22 95 162 9 6
23 95 164 6 6
24 95 111 5 6
26 95 237 14 6
42 95 223 10 6
44 95 202 10 6
48 95 153 2 6
50 95 168 4 6
52 95 135 3 6
54 95 173 5 6
56 95 96 6 6
58 95 140 5 6
61 95 284 17 6
74 95 272 14 6
78 95 131 9 6
80 95 139 4 6
82 95 121 3 6
91 95 146 7 6
93 95 166 6 6
115 95 146 8 6
119 95 251 13 6
120 95 123 2 6
121 95 153 5 6
125 95 173 6 6
8 96 266 43 6
9 96 308 26 6
24 96 239 8 6
28 96 323 23 6
36 96 311 25 6
39 96 307 49 6
56 96 234 4 6
80 96 245 18 6
82 96 255 3 6
89 96 327 32 6
95 96 268 3 6
115 96 266 15 6
120 96 247 7 6
11 97 274 19 6
24 97 243 8 6
58 97 256 16 6
66 97 304 31 6
80 97 267 9 6
82 97 247 9 6
91 97 280 9 6
93 97 282 17 6
95 97 260 9 6
113 97 289 16 6
121 97 267 17 6
125 97 269 27 6
97 99 340 52 6
11 98 235 15 6
12 98 221 8 6
18 98 231 8 6
21 98 278 15 6
24 98 196 8 6
28 98 292 17 6
44 98 279 17 6
50 98 249 9 6
56 98 195 2 6
57 98 290 17 6
58 98 215 13 6
62 98 288 16 6
78 98 228 6 6
111 98 185 34 6
113 98 252 11 6
120 98 210 4 6
121 98 234 10 6
9 99 332 30 6
10 99 268 17 6
24 99 279 4 6
48 99 275 24 6
54 99 313 18 6
56 99 248 13 6
58 99 294 11 6
66 99 330 32 6
82 99 277 8 6
111 99 290 19 6
100 11 328 26 6
100 12 332 10 6
100 24 307 10 6
100 55 375 34 6
100 78 331 12 6
100 81 367 46 6
100 89 387 38 6
100 96 402 39 6
100 120 307 13 6
100 125 339 26 6
101 28 450 55 6
101 42 454 57 6
101 55 420 71 6
101 81 446 66 6
102 11 346 19 6
102 22 338 26 6
102 24 315 8 6
102 38 353 26 6
102 46 353 31 6
102 54 347 23 6
102 78 333 13 6
102 80 331 13 6
102 82 309 14 6
102 95 326 12 6
102 111 340 16 6
102 115 338 17 6
102 120 319 9 6
103 23 348 22 6
103 44 374 32 6
103 48 339 17 6
103 55 389 32 6
103 78 323 21 6
103 93 336 29 6
10 103 322 15 6
103 115 340 19 6
103 125 357 22 6
104 8 289 30 6
104 18 267 10 6
104 24 238 7 6
104 42 304 35 6
104 48 256 16 6
104 52 258 7 6
104 56 227 6 6
104 58 251 15 6
104 82 246 6 6
104 93 271 19 6
104 115 263 15 6
104 120 240 9 6
104 121 268 13 6
106 19 465 65 6
106 22 394 27 6
106 54 399 26 6
106 56 358 9 6
106 62 433 32 6
106 66 390 53 6
106 82 367 14 6
106 95 364 22 6
10 106 374 15 6
107 9 322 39 6
107 38 325 22 6
107 46 329 25 6
107 55 339 36 6
107 56 278 2 6
107 57 339 34 6
107 66 336 33 6
107 75 345 63 6
107 82 299 1 6
107 89 347 42 6
107 121 301 18 6
108 8 407 51 6
109 34 442 35 6
109 57 450 44 6
109 78 412 21 6
109 125 432 29 6
110 16 403 74 6
110 18 363 22 6
110 57 382 51 6
110 58 365 18 6
110 80 340 29 6
110 84 407 49 6
110 93 375 27 6
110 111 381 16 6
110 113 360 37 6
111 12 158 5 6
111 18 164 7 6
111 23 184 7 6
111 24 133 5 6
111 34 213 8 6
111 44 218 13 6
111 48 173 3 6
111 50 194 2 6
111 52 151 6 6
111 54 191 7 6
111 55 259 0 6
111 56 120 5 6
111 57 229 13 6
111 58 156 8 6
111 69 258 17 6
111 78 161 5 6
111 80 161 4 6
111 82 145 2 6
111 93 186 7 6
111 95 156 3 6
10 111 152 3 6
111 115 178 3 6
111 119 247 26 6
111 120 139 5 6
111 121 179 3 6
111 125 193 7 6
112 8 323 29 6
112 12 285 12 6
112 18 289 15 6
112 24 262 11 6
112 50 301 19 6
112 52 260 22 6
112 92 317 53 6
112 95 281 11 6
112 113 296 25 6
112 115 297 14 6
112 121 302 12 6
113 9 245 12 6
113 12 181 4 6
113 18 187 6 6
113 24 152 6 6
113 34 228 11 6
113 48 186 7 6
113 50 193 13 6
113 52 176 4 6
113 56 145 3 6
113 58 181 6 6
113 78 182 5 6
113 80 172 9 6
113 82 158 6 6
113 92 273 15 6
113 93 197 12 6
113 95 169 7 6
10 113 169 5 6
112 113 296 25 6
113 115 189 8 6
113 120 160 5 6
113 121 192 7 6
114 38 429 40 6
114 44 420 58 6
114 46 455 32 6
114 56 390 16 6
114 78 421 21 6
114 95 410 22 6
111 114 430 23 6
115 8 206 17 6
115 12 148 10 6
115 16 280 21 6
115 18 160 9 6
115 24 137 3 6
115 48 157 11 6
115 50 170 14 6
115 52 151 6 6
115 56 122 4 6
115 58 158 7 6
115 62 227 12 6
115 74 282 20 6
115 78 153 9 6
115 80 151 9 6
115 82 143 3 6
115 91 160 11 6
115 95 146 8 6
10 115 150 4 6
11 115 184 6 6
111 115 178 3 6
113 115 189 8 6
115 120 137 6 6
115 121 173 6 6
116 21 373 49 6
116 37 391 76 6
115 116 376 20 6
116 121 373 22 6
117 38 530 64 6
118 8 271 28 6
118 12 233 11 6
118 18 247 9 6
118 22 237 26 6
118 24 212 9 6
118 34 278 19 6
118 36 302 17 6
118 39 306 37 6
118 52 242 4 6
118 54 264 14 6
118 56 209 4 6
118 78 238 10 6
118 80 250 3 6
118 82 228 4 6
118 89 292 37 6
118 95 231 9 6
113 118 270 11 6
118 120 232 2 6
119 8 299 28 6
119 18 249 22 6
119 23 279 17 6
119 24 246 6 6
119 54 282 19 6
119 56 231 7 6
119 57 314 28 6
119 58 243 22 6
119 75 368 33 6
119 79 299 43 6
119 93 287 14 6
119 95 251 13 6
111 119 247 26 6
119 125 292 15 6
120 18 141 1 6
120 22 159 4 6
120 23 159 2 6
120 24 102 3 6
120 28 202 10 6
120 48 132 6 6
120 50 149 7 6
120 52 120 4 6
120 54 168 1 6
120 55 206 9 6
120 56 89 3 6
120 58 133 2 6
120 78 130 3 6
120 80 130 2 6
120 81 220 10 6
120 82 110 2 6
120 91 135 6 6
120 93 159 3 6
120 95 123 2 6
10 120 115 4 6
11 120 151 5 6
12 120 123 5 6
104 120 240 9 6
111 120 139 5 6
113 120 160 5 6
115 120 137 6 6
120 121 140 5 6
120 125 164 4 6
121 8 215 13 6
121 18 163 8 6
121 22 183 10 6
121 24 134 5 6
121 46 208 10 6
121 48 166 7 6
121 50 173 13 6
121 52 152 6 6
121 56 121 5 6
121 57 220 18 6
121 58 163 5 6
121 65 269 15 6
121 78 170 1 6
121 80 162 4 6
121 82 144 3 6
121 91 159 12 6
121 93 179 11 6
121 95 153 5 6
121 97 267 17 6
10 121 149 5 6
11 121 171 13 6
12 121 161 4 6
111 121 179 3 6
113 121 192 7 6
115 121 173 6 6
120 121 140 5 6
121 125 192 8 6
122 18 273 11 6
122 24 232 14 6
122 38 288 23 6
122 54 294 14 6
122 57 314 29 6
122 58 243 23 6
11 122 283 15 6
121 122 276 13 6
123 8 420 41 6
123 89 419 61 6
12 123 374 28 6
124 23 408 24 6
124 29 430 67 6
124 54 405 29 6
112 124 437 73 6
113 124 395 34 6
125 24 156 5 6
125 34 230 11 6
125 38 210 15 6
125 42 262 13 6
125 46 222 14 6
125 48 190 6 6
125 50 205 8 6
125 56 147 3 6
125 57 242 18 6
125 58 185 5 6
125 66 243 15 6
125 78 170 12 6
125 80 174 9 6
125 82 160 6 6
125 91 183 11 6
125 93 187 18 6
125 95 173 6 6
125 97 269 27 6
10 125 175 3 6
11 125 183 18 6
12 125 187 2 6
111 125 193 7 6
113 125 214 7 6
120 125 164 4 6
121 125 192 8 6
126 18 310 9 6
126 24 281 6 6
126 48 305 12 6
126 56 264 8 6
126 58 304 9 6
126 78 303 9 6
126 82 285 7 6
126 95 292 10 6
126 98 343 30 6
11 126 318 14 6
12 126 302 8 6
111 126 294 20 6
115 126 310 12 6
121 126 297 19 6
126 128 422 56 6
127 8 396 29 6
127 14 380 62 6
127 21 379 37 6
127 23 374 19 6
127 27 396 50 6
127 52 341 18 6
127 55 389 42 6
121 127 351 24 6
128 34 375 27 6
128 38 375 21 6
128 44 386 29 6
128 48 347 16 6
128 78 339 16 6
111 128 350 17 6
129 23 305 28 6
129 28 284 68 6
129 54 334 17 6
129 55 328 47 6
129 56 285 4 6
10 129 299 11 6
118 129 348 43 6
120 129 278 17 6
130 9 308 47 6
130 24 279 9 6
130 36 347 28 6
130 38 321 25 6
130 60 313 69 6
130 80 295 14 6
130 93 318 18 6
11 130 312 19 6
12 130 298 12 6
121 130 303 18 6
125 130 325 18 6
