1	34
1	82
1	91
10	11
10	111
10	115
10	12
10	120
10	121
10	125
10	18
10	24
10	27
10	28
10	38
10	48
10	50
10	52
10	56
10	58
10	65
10	78
10	80
10	82
10	9
10	91
10	93
10	95
11	115
11	12
11	120
11	121
11	125
11	18
11	21
11	24
11	48
11	50
11	52
11	56
11	58
11	78
11	82
11	91
11	95
11	97
11	98
111	115
111	119
111	12
111	120
111	121
111	18
111	24
111	34
111	44
111	48
111	52
111	56
111	57
111	58
111	69
111	78
111	80
111	82
111	93
112	113
113	115
113	120
113	121
113	24
113	34
113	48
113	50
113	52
113	56
113	58
113	78
113	80
113	82
113	9
113	93
115	12
115	120
115	121
115	16
115	18
115	48
115	50
115	52
115	56
115	58
115	62
115	78
115	8
115	80
115	82
115	91
115	95
118	22
118	24
118	34
118	78
118	89
12	120
12	121
12	18
12	24
12	38
12	48
12	50
12	52
12	56
12	58
12	62
12	78
12	8
12	80
12	82
12	9
12	91
12	95
120	121
120	125
120	18
120	22
120	23
120	24
120	28
120	48
120	50
120	52
120	54
120	55
120	56
120	58
120	78
120	80
120	81
120	82
120	91
120	93
120	95
121	125
121	18
121	22
121	24
121	46
121	48
121	50
121	52
121	56
121	57
121	58
121	8
121	80
121	82
121	91
121	93
121	95
121	97
125	24
125	34
125	38
125	46
125	50
125	56
125	57
125	58
125	66
125	78
125	80
125	82
125	91
125	93
125	95
125	97
14	21
17	71
17	9
18	23
18	24
18	34
18	38
18	48
18	52
18	56
18	57
18	58
18	62
18	78
18	79
18	80
18	82
18	91
18	95
21	46
21	52
21	58
21	91
21	93
22	50
22	52
22	54
22	56
22	78
22	82
22	93
22	95
23	26
23	39
23	54
23	56
23	62
23	7
23	78
23	8
23	82
23	9
23	95
24	28
24	48
24	52
24	54
24	55
24	56
24	58
24	78
24	8
24	80
24	82
24	93
24	95
24	98
26	9
26	95
27	34
27	46
27	58
27	93
28	50
28	55
28	81
29	7
29	80
34	38
34	39
34	80
34	82
34	91
36	46
36	54
36	58
36	93
37	8
37	82
38	66
38	80
38	82
38	9
38	91
39	55
39	79
42	95
44	56
44	78
44	80
46	52
46	62
46	93
48	52
48	56
48	57
48	58
48	78
48	80
48	82
48	91
48	93
48	95
50	56
50	8
50	80
50	82
50	93
50	95
52	55
52	56
52	57
52	58
52	62
52	78
52	80
52	82
52	91
52	95
54	56
54	58
54	7
54	82
54	92
54	93
54	95
56	58
56	78
56	8
56	80
56	82
56	91
56	93
56	95
56	99
57	58
57	78
58	78
58	80
58	82
58	91
58	93
58	95
58	98
60	66
61	95
66	93
7	84
78	79
78	8
78	80
78	82
78	91
78	95
79	92
8	96
80	82
80	91
80	93
80	95
80	96
82	91
82	95
9	91
91	93
91	95
93	95
