Res1 Res2 NSingle NDouble Method
1 59 28 7 4
1 88 18 4 4
11 3 1 0 4
14 3 1 0 4
15 3 2 0 4
18 3 1 0 4
22 3 1 0 4
25 3 1 0 4
26 3 1 0 4
27 3 1 0 4
28 3 1 0 4
29 3 1 0 4
102 3 1 0 4
105 3 1 0 4
107 3 1 0 4
111 3 1 0 4
116 3 3 0 4
119 3 1 0 4
121 3 1 0 4
122 3 2 0 4
123 3 3 0 4
126 3 3 0 4
129 3 1 0 4
3 5 1 0 4
3 31 1 0 4
3 32 1 0 4
3 38 1 0 4
3 43 1 0 4
3 46 1 0 4
3 47 1 0 4
3 48 1 0 4
3 50 1 0 4
3 55 1 0 4
3 65 1 0 4
3 66 2 1 4
3 69 1 0 4
3 70 1 0 4
3 74 1 0 4
3 75 1 0 4
3 76 1 0 4
3 77 1 0 4
3 79 0 1 4
3 81 1 0 4
3 82 3 0 4
3 84 1 0 4
3 86 1 0 4
3 90 1 0 4
3 93 1 0 4
3 95 1 0 4
3 98 1 0 4
17 7 21 12 4
5 8 6 0 4
11 8 6 0 4
14 8 6 0 4
18 8 6 0 4
22 8 6 0 4
25 8 6 0 4
26 8 6 0 4
27 8 6 0 4
28 8 6 0 4
29 8 6 0 4
31 8 6 0 4
32 8 6 0 4
38 8 6 0 4
43 8 6 0 4
46 8 6 0 4
47 8 6 0 4
48 8 6 0 4
50 8 6 0 4
55 8 6 0 4
60 8 11 4 4
65 8 6 0 4
69 8 6 0 4
70 8 6 0 4
74 8 6 0 4
75 8 6 0 4
76 8 6 0 4
77 8 6 0 4
102 8 6 0 4
105 8 6 0 4
107 8 6 0 4
111 8 6 0 4
117 8 20 6 4
119 8 6 0 4
121 8 6 0 4
129 8 6 0 4
8 81 6 0 4
8 84 6 0 4
8 86 6 0 4
8 90 6 0 4
8 93 6 0 4
8 95 6 0 4
8 98 6 0 4
36 9 5 3 4
80 9 2 4 4
118 9 4 3 4
10 63 23 12 4
117 13 16 22 4
13 88 27 7 4
15 3 2 0 4
15 5 1 0 4
11 15 1 0 4
14 15 1 0 4
102 15 1 0 4
105 15 1 0 4
107 15 1 0 4
111 15 1 0 4
116 15 3 0 4
119 15 1 0 4
121 15 1 0 4
122 15 2 0 4
123 15 3 0 4
126 15 3 0 4
127 15 4 0 4
129 15 1 0 4
15 18 1 0 4
15 22 1 0 4
15 25 1 0 4
15 26 1 0 4
15 27 1 0 4
15 28 1 0 4
15 29 1 0 4
15 30 4 0 4
15 31 1 0 4
15 32 1 0 4
15 38 1 0 4
15 41 4 0 4
15 43 1 0 4
15 46 1 0 4
15 47 1 0 4
15 48 1 0 4
15 50 1 0 4
15 55 1 0 4
15 65 1 0 4
15 66 4 0 4
15 69 1 0 4
15 70 1 0 4
15 74 1 0 4
15 75 1 0 4
15 76 1 0 4
15 77 1 0 4
15 79 2 0 4
15 81 1 0 4
15 82 3 0 4
15 84 1 0 4
15 86 1 0 4
15 89 4 0 4
15 90 1 0 4
15 93 1 0 4
15 95 1 0 4
15 98 1 0 4
113 16 7 6 4
116 16 8 1 4
16 35 7 5 4
16 57 6 6 4
17 66 13 3 4
20 92 15 25 4
30 5 3 0 4
11 30 3 0 4
14 30 3 0 4
18 30 3 0 4
22 30 3 0 4
25 30 3 0 4
26 30 3 0 4
27 30 3 0 4
28 30 3 0 4
29 30 3 0 4
102 30 3 0 4
105 30 3 0 4
107 30 3 0 4
111 30 3 0 4
119 30 3 0 4
121 30 3 0 4
129 30 3 0 4
30 31 3 0 4
30 32 3 0 4
30 38 3 0 4
30 43 3 0 4
30 46 3 0 4
30 47 3 0 4
30 48 3 0 4
30 50 3 0 4
30 55 3 0 4
30 65 3 0 4
30 67 11 1 4
30 69 3 0 4
30 70 3 0 4
30 74 3 0 4
30 75 3 0 4
30 76 3 0 4
30 77 3 0 4
30 81 3 0 4
30 84 3 0 4
30 86 3 0 4
30 90 3 0 4
30 93 3 0 4
30 95 3 0 4
30 98 3 0 4
12 33 18 9 4
33 34 8 7 4
33 52 10 3 4
33 82 8 2 4
33 34 8 7 4
34 73 13 5 4
16 35 7 5 4
116 35 7 2 4
35 57 1 9 4
36 9 5 3 4
118 36 7 2 4
36 41 7 1 4
36 80 7 2 4
103 39 14 11 4
114 39 15 13 4
127 39 14 3 4
39 58 14 5 4
40 96 39 19 4
41 5 3 0 4
11 41 3 0 4
14 41 3 0 4
18 41 3 0 4
22 41 3 0 4
25 41 3 0 4
26 41 3 0 4
27 41 3 0 4
28 41 3 0 4
29 41 3 0 4
31 41 3 0 4
32 41 3 0 4
36 41 7 1 4
38 41 3 0 4
102 41 3 0 4
105 41 3 0 4
107 41 3 0 4
111 41 3 0 4
118 41 6 1 4
119 41 3 0 4
121 41 3 0 4
129 41 3 0 4
41 43 3 0 4
41 46 3 0 4
41 47 3 0 4
41 48 3 0 4
41 50 3 0 4
41 55 3 0 4
41 65 3 0 4
41 69 3 0 4
41 70 3 0 4
41 74 3 0 4
41 75 3 0 4
41 76 3 0 4
41 77 3 0 4
41 81 3 0 4
41 84 3 0 4
41 86 3 0 4
41 90 3 0 4
41 91 12 2 4
41 93 3 0 4
41 95 3 0 4
41 98 3 0 4
17 42 19 12 4
112 44 6 10 4
44 97 8 10 4
114 49 28 20 4
17 51 21 14 4
33 52 10 3 4
108 52 13 5 4
39 53 17 4 4
130 53 21 6 4
53 99 23 6 4
16 57 6 6 4
35 57 1 9 4
101 57 4 10 4
113 57 5 8 4
116 57 8 2 4
39 58 14 5 4
58 59 20 5 4
103 59 20 11 4
60 8 11 4 4
117 60 19 10 4
60 88 12 4 4
60 89 12 2 4
3 61 6 0 4
5 61 5 0 4
11 61 5 0 4
14 61 5 0 4
15 61 6 0 4
17 61 15 3 4
18 61 5 0 4
22 61 5 0 4
25 61 5 0 4
26 61 5 0 4
27 61 5 0 4
28 61 5 0 4
29 61 5 0 4
31 61 5 0 4
32 61 5 0 4
38 61 5 0 4
43 61 5 0 4
46 61 5 0 4
47 61 5 0 4
48 61 5 0 4
50 61 5 0 4
55 61 5 0 4
102 61 5 0 4
105 61 5 0 4
107 61 5 0 4
111 61 5 0 4
119 61 5 0 4
121 61 5 0 4
122 61 6 0 4
126 61 5 1 4
129 61 5 0 4
61 65 5 0 4
61 69 5 0 4
61 70 5 0 4
61 74 5 0 4
61 75 5 0 4
61 76 5 0 4
61 77 5 0 4
61 79 6 0 4
61 81 5 0 4
61 84 5 0 4
61 86 5 0 4
61 90 5 0 4
61 93 5 0 4
61 95 5 0 4
61 96 23 3 4
61 98 5 0 4
3 62 5 0 4
5 62 4 0 4
11 62 4 0 4
14 62 4 0 4
15 62 5 0 4
18 62 4 0 4
22 62 4 0 4
25 62 4 0 4
26 62 4 0 4
27 62 4 0 4
28 62 4 0 4
29 62 4 0 4
31 62 4 0 4
32 62 4 0 4
38 62 4 0 4
43 62 4 0 4
46 62 4 0 4
47 62 4 0 4
48 62 4 0 4
50 62 4 0 4
55 62 4 0 4
59 62 19 4 4
102 62 4 0 4
105 62 4 0 4
107 62 4 0 4
111 62 4 0 4
119 62 4 0 4
121 62 4 0 4
122 62 5 0 4
129 62 4 0 4
62 65 4 0 4
62 69 4 0 4
62 70 4 0 4
62 74 4 0 4
62 75 4 0 4
62 76 4 0 4
62 77 4 0 4
62 79 5 0 4
62 81 4 0 4
62 84 4 0 4
62 86 4 0 4
62 90 4 0 4
62 93 4 0 4
62 95 4 0 4
62 98 4 0 4
62 99 23 4 4
63 96 16 13 4
49 64 33 22 4
3 66 2 1 4
5 66 3 0 4
11 66 3 0 4
14 66 3 0 4
15 66 4 0 4
18 66 3 0 4
22 66 3 0 4
25 66 3 0 4
26 66 3 0 4
27 66 3 0 4
28 66 3 0 4
29 66 3 0 4
31 66 3 0 4
32 66 3 0 4
38 66 3 0 4
43 66 3 0 4
46 66 3 0 4
47 66 3 0 4
48 66 3 0 4
50 66 3 0 4
55 66 3 0 4
65 66 3 0 4
102 66 3 0 4
105 66 3 0 4
107 66 3 0 4
111 66 3 0 4
119 66 3 0 4
121 66 3 0 4
122 66 4 0 4
129 66 3 0 4
66 69 3 0 4
66 70 3 0 4
66 74 3 0 4
66 75 3 0 4
66 76 3 0 4
66 77 3 0 4
66 79 2 1 4
66 81 3 0 4
66 84 3 0 4
66 86 3 0 4
66 90 3 0 4
66 93 3 0 4
66 95 3 0 4
66 98 3 0 4
67 71 24 7 4
71 78 22 12 4
71 91 25 8 4
57 73 9 6 4
112 73 10 6 4
116 73 9 2 4
73 97 12 6 4
71 78 22 12 4
78 91 15 8 4
78 96 18 12 4
3 79 0 1 4
5 79 1 0 4
11 79 1 0 4
14 79 1 0 4
15 79 2 0 4
18 79 1 0 4
22 79 1 0 4
25 79 1 0 4
26 79 1 0 4
27 79 1 0 4
28 79 1 0 4
29 79 1 0 4
31 79 1 0 4
32 79 1 0 4
38 79 1 0 4
43 79 1 0 4
46 79 1 0 4
47 79 1 0 4
48 79 1 0 4
50 79 1 0 4
55 79 1 0 4
65 79 1 0 4
66 79 2 1 4
69 79 1 0 4
70 79 1 0 4
74 79 1 0 4
75 79 1 0 4
76 79 1 0 4
77 79 1 0 4
102 79 1 0 4
105 79 1 0 4
107 79 1 0 4
111 79 1 0 4
116 79 3 0 4
119 79 1 0 4
121 79 1 0 4
122 79 2 0 4
123 79 3 0 4
126 79 3 0 4
129 79 1 0 4
79 81 1 0 4
79 82 3 0 4
79 84 1 0 4
79 86 1 0 4
79 90 1 0 4
79 93 1 0 4
79 95 1 0 4
79 98 1 0 4
80 9 2 4 4
36 80 7 2 4
118 80 4 3 4
3 82 3 0 4
5 82 2 0 4
11 82 2 0 4
14 82 2 0 4
15 82 3 0 4
18 82 2 0 4
22 82 2 0 4
25 82 2 0 4
26 82 2 0 4
27 82 2 0 4
28 82 2 0 4
29 82 2 0 4
31 82 2 0 4
32 82 2 0 4
33 82 8 2 4
38 82 2 0 4
43 82 2 0 4
46 82 2 0 4
47 82 2 0 4
48 82 2 0 4
50 82 2 0 4
55 82 2 0 4
65 82 2 0 4
69 82 2 0 4
70 82 2 0 4
74 82 2 0 4
75 82 2 0 4
76 82 2 0 4
77 82 2 0 4
79 82 3 0 4
81 82 2 0 4
102 82 2 0 4
105 82 2 0 4
107 82 2 0 4
111 82 2 0 4
116 82 4 0 4
119 82 2 0 4
121 82 2 0 4
122 82 3 0 4
123 82 4 0 4
126 82 4 0 4
129 82 2 0 4
82 84 2 0 4
82 86 2 0 4
82 90 2 0 4
82 93 2 0 4
82 95 2 0 4
82 98 2 0 4
85 97 10 11 4
1 88 18 4 4
13 88 27 7 4
60 88 12 4 4
5 89 3 0 4
8 89 7 1 4
11 89 3 0 4
14 89 3 0 4
18 89 3 0 4
22 89 3 0 4
25 89 3 0 4
26 89 3 0 4
27 89 3 0 4
28 89 3 0 4
29 89 3 0 4
31 89 3 0 4
32 89 3 0 4
38 89 3 0 4
43 89 3 0 4
46 89 3 0 4
47 89 3 0 4
48 89 3 0 4
50 89 3 0 4
55 89 3 0 4
60 89 12 2 4
65 89 3 0 4
69 89 3 0 4
70 89 3 0 4
74 89 3 0 4
75 89 3 0 4
76 89 3 0 4
77 89 3 0 4
81 89 3 0 4
84 89 3 0 4
86 89 3 0 4
102 89 3 0 4
105 89 3 0 4
107 89 3 0 4
111 89 3 0 4
119 89 3 0 4
121 89 3 0 4
129 89 3 0 4
89 90 3 0 4
89 93 3 0 4
89 95 3 0 4
89 98 3 0 4
41 91 12 2 4
78 91 15 8 4
5 94 4 0 4
11 94 4 0 4
14 94 4 0 4
18 94 4 0 4
22 94 4 0 4
25 94 4 0 4
26 94 4 0 4
27 94 4 0 4
28 94 4 0 4
29 94 4 0 4
31 94 4 0 4
32 94 4 0 4
38 94 4 0 4
43 94 4 0 4
46 94 4 0 4
47 94 4 0 4
48 94 4 0 4
50 94 4 0 4
55 94 4 0 4
65 94 4 0 4
69 94 4 0 4
70 94 4 0 4
74 94 4 0 4
75 94 4 0 4
76 94 4 0 4
77 94 4 0 4
81 94 4 0 4
84 94 4 0 4
86 94 4 0 4
90 94 4 0 4
93 94 4 0 4
102 94 4 0 4
105 94 4 0 4
107 94 4 0 4
111 94 4 0 4
119 94 4 0 4
121 94 4 0 4
129 94 4 0 4
94 95 4 0 4
94 98 4 0 4
63 96 16 13 4
78 96 18 12 4
91 96 23 7 4
114 99 27 12 4
100 5 5 0 4
100 11 5 0 4
100 14 5 0 4
100 18 5 0 4
100 22 5 0 4
100 25 5 0 4
100 26 5 0 4
100 27 5 0 4
100 28 5 0 4
100 29 5 0 4
100 31 5 0 4
100 32 5 0 4
100 33 11 2 4
100 38 5 0 4
100 43 5 0 4
100 46 5 0 4
100 47 5 0 4
100 48 5 0 4
100 50 5 0 4
100 55 5 0 4
100 65 5 0 4
100 69 5 0 4
100 70 5 0 4
100 74 5 0 4
100 75 5 0 4
100 76 5 0 4
100 77 5 0 4
100 81 5 0 4
100 84 5 0 4
100 86 5 0 4
100 90 5 0 4
100 93 5 0 4
100 95 5 0 4
100 98 5 0 4
100 102 5 0 4
100 105 5 0 4
100 107 5 0 4
100 111 5 0 4
100 119 5 0 4
100 121 5 0 4
100 129 5 0 4
101 16 10 6 4
101 35 5 9 4
101 57 4 10 4
101 112 5 10 4
103 39 14 11 4
106 114 34 17 4
108 52 13 5 4
108 109 25 11 4
112 97 8 8 4
101 112 5 10 4
112 116 9 2 4
113 16 7 6 4
113 57 5 8 4
114 58 21 5 4
103 114 13 15 4
115 97 11 7 4
112 115 11 6 4
113 115 13 5 4
115 120 11 5 4
115 122 11 1 4
116 3 3 0 4
116 5 2 0 4
116 14 2 0 4
116 15 3 0 4
116 18 2 0 4
116 22 2 0 4
116 25 2 0 4
116 26 2 0 4
116 27 2 0 4
116 28 2 0 4
116 29 2 0 4
116 31 2 0 4
116 32 2 0 4
116 35 7 2 4
116 38 2 0 4
116 43 2 0 4
116 46 2 0 4
116 47 2 0 4
116 48 2 0 4
116 50 2 0 4
116 55 2 0 4
116 57 8 2 4
116 65 2 0 4
116 69 2 0 4
116 70 2 0 4
116 74 2 0 4
116 75 2 0 4
116 76 2 0 4
116 77 2 0 4
116 79 3 0 4
116 81 2 0 4
116 84 2 0 4
116 86 2 0 4
116 90 2 0 4
116 93 2 0 4
116 95 2 0 4
116 98 2 0 4
11 116 2 0 4
102 116 2 0 4
105 116 2 0 4
107 116 2 0 4
111 116 2 0 4
116 119 2 0 4
116 121 2 0 4
116 122 3 0 4
116 129 2 0 4
118 9 4 3 4
118 36 7 2 4
118 41 6 1 4
118 80 4 3 4
120 97 10 6 4
112 120 12 4 4
115 120 11 5 4
122 3 2 0 4
122 5 1 0 4
122 14 1 0 4
122 15 2 0 4
122 18 1 0 4
122 22 1 0 4
122 25 1 0 4
122 26 1 0 4
122 27 1 0 4
122 28 1 0 4
122 29 1 0 4
122 31 1 0 4
122 32 1 0 4
122 38 1 0 4
122 43 1 0 4
122 46 1 0 4
122 47 1 0 4
122 48 1 0 4
122 50 1 0 4
122 55 1 0 4
122 65 1 0 4
122 69 1 0 4
122 70 1 0 4
122 74 1 0 4
122 75 1 0 4
122 76 1 0 4
122 77 1 0 4
122 79 2 0 4
122 81 1 0 4
122 82 3 0 4
122 84 1 0 4
122 86 1 0 4
122 90 1 0 4
122 93 1 0 4
122 95 1 0 4
122 98 1 0 4
11 122 1 0 4
102 122 1 0 4
105 122 1 0 4
107 122 1 0 4
111 122 1 0 4
115 122 11 1 4
116 122 3 0 4
119 122 1 0 4
121 122 1 0 4
122 123 3 0 4
122 126 3 0 4
122 129 1 0 4
123 3 3 0 4
123 5 2 0 4
123 14 2 0 4
123 15 3 0 4
123 18 2 0 4
123 22 2 0 4
123 25 2 0 4
123 26 2 0 4
123 27 2 0 4
123 28 2 0 4
123 29 2 0 4
123 31 2 0 4
123 32 2 0 4
123 38 2 0 4
123 43 2 0 4
123 46 2 0 4
123 47 2 0 4
123 48 2 0 4
123 50 2 0 4
123 55 2 0 4
123 65 2 0 4
123 69 2 0 4
123 70 2 0 4
123 74 2 0 4
123 75 2 0 4
123 76 2 0 4
123 77 2 0 4
123 79 3 0 4
123 81 2 0 4
123 82 4 0 4
123 84 2 0 4
123 86 2 0 4
123 90 2 0 4
123 93 2 0 4
123 95 2 0 4
123 98 2 0 4
11 123 2 0 4
102 123 2 0 4
105 123 2 0 4
107 123 2 0 4
111 123 2 0 4
115 123 12 1 4
116 123 4 0 4
119 123 2 0 4
121 123 2 0 4
122 123 3 0 4
123 126 4 0 4
123 129 2 0 4
101 124 26 14 4
126 3 3 0 4
126 5 2 0 4
126 14 2 0 4
126 15 3 0 4
126 17 16 1 4
126 18 2 0 4
126 22 2 0 4
126 25 2 0 4
126 26 2 0 4
126 27 2 0 4
126 28 2 0 4
126 29 2 0 4
126 31 2 0 4
126 32 2 0 4
126 38 2 0 4
126 43 2 0 4
126 46 2 0 4
126 47 2 0 4
126 48 2 0 4
126 50 2 0 4
126 55 2 0 4
126 61 5 1 4
126 65 2 0 4
126 69 2 0 4
126 70 2 0 4
126 74 2 0 4
126 75 2 0 4
126 76 2 0 4
126 77 2 0 4
126 79 3 0 4
126 81 2 0 4
126 82 4 0 4
126 84 2 0 4
126 86 2 0 4
126 90 2 0 4
126 93 2 0 4
126 95 2 0 4
126 98 2 0 4
11 126 2 0 4
102 126 2 0 4
105 126 2 0 4
107 126 2 0 4
111 126 2 0 4
116 126 4 0 4
119 126 2 0 4
121 126 2 0 4
122 126 3 0 4
123 126 4 0 4
126 129 2 0 4
127 3 4 0 4
127 5 3 0 4
127 14 3 0 4
127 15 4 0 4
127 18 3 0 4
127 22 3 0 4
127 25 3 0 4
127 26 3 0 4
127 27 3 0 4
127 28 3 0 4
127 29 3 0 4
127 30 6 0 4
127 31 3 0 4
127 32 3 0 4
127 38 3 0 4
127 39 14 3 4
127 41 6 0 4
127 43 3 0 4
127 46 3 0 4
127 47 3 0 4
127 48 3 0 4
127 50 3 0 4
127 55 3 0 4
127 65 3 0 4
127 66 6 0 4
127 69 3 0 4
127 70 3 0 4
127 74 3 0 4
127 75 3 0 4
127 76 3 0 4
127 77 3 0 4
127 79 4 0 4
127 81 3 0 4
127 82 5 0 4
127 84 3 0 4
127 86 3 0 4
127 89 6 0 4
127 90 3 0 4
127 93 3 0 4
127 95 3 0 4
127 98 3 0 4
11 127 3 0 4
102 127 3 0 4
105 127 3 0 4
107 127 3 0 4
111 127 3 0 4
116 127 5 0 4
119 127 3 0 4
121 127 3 0 4
122 127 4 0 4
123 127 5 0 4
126 127 5 0 4
127 129 3 0 4
130 53 21 6 4
124 130 33 16 4
