Res1 Res2 NSingle NDouble Method
15 3 2 0 4
33 34 8 7 4
16 35 7 5 4
36 9 5 3 4
36 41 7 1 4
33 52 10 3 4
16 57 6 6 4
35 57 1 9 4
39 58 14 5 4
60 8 11 4 4
3 66 2 1 4
15 66 4 0 4
71 78 22 12 4
3 79 0 1 4
15 79 2 0 4
66 79 2 1 4
80 9 2 4 4
36 80 7 2 4
3 82 3 0 4
15 82 3 0 4
33 82 8 2 4
79 82 3 0 4
1 88 18 4 4
13 88 27 7 4
60 88 12 4 4
60 89 12 2 4
41 91 12 2 4
78 91 15 8 4
63 96 16 13 4
78 96 18 12 4
101 57 4 10 4
103 39 14 11 4
108 52 13 5 4
101 112 5 10 4
113 16 7 6 4
113 57 5 8 4
116 3 3 0 4
116 15 3 0 4
116 35 7 2 4
116 57 8 2 4
116 79 3 0 4
118 9 4 3 4
118 36 7 2 4
118 41 6 1 4
118 80 4 3 4
115 120 11 5 4
122 3 2 0 4
122 15 2 0 4
122 79 2 0 4
122 82 3 0 4
115 122 11 1 4
116 122 3 0 4
123 3 3 0 4
123 15 3 0 4
123 79 3 0 4
123 82 4 0 4
122 123 3 0 4
126 3 3 0 4
126 15 3 0 4
126 61 5 1 4
126 79 3 0 4
126 82 4 0 4
122 126 3 0 4
123 126 4 0 4
127 15 4 0 4
127 39 14 3 4
130 53 21 6 4
