Res1 Res2 NSingle NDouble Method
11 3 1 0 4
14 3 1 0 4
18 3 1 0 4
22 3 1 0 4
25 3 1 0 4
26 3 1 0 4
27 3 1 0 4
28 3 1 0 4
29 3 1 0 4
102 3 1 0 4
105 3 1 0 4
107 3 1 0 4
111 3 1 0 4
119 3 1 0 4
121 3 1 0 4
129 3 1 0 4
3 5 1 0 4
3 31 1 0 4
3 32 1 0 4
3 38 1 0 4
3 43 1 0 4
3 46 1 0 4
3 47 1 0 4
3 48 1 0 4
3 50 1 0 4
3 55 1 0 4
3 65 1 0 4
3 66 2 1 4
3 69 1 0 4
3 70 1 0 4
3 74 1 0 4
3 75 1 0 4
3 76 1 0 4
3 77 1 0 4
3 79 0 1 4
3 81 1 0 4
3 84 1 0 4
3 86 1 0 4
3 90 1 0 4
3 93 1 0 4
3 95 1 0 4
3 98 1 0 4
17 7 14 8 4
60 8 8 3 4
36 9 3 3 4
80 9 2 3 4
118 9 1 3 4
10 63 12 11 4
10 78 11 11 4
117 13 5 16 4
15 5 1 0 4
11 15 1 0 4
14 15 1 0 4
102 15 1 0 4
105 15 1 0 4
107 15 1 0 4
111 15 1 0 4
119 15 1 0 4
121 15 1 0 4
129 15 1 0 4
15 18 1 0 4
15 22 1 0 4
15 25 1 0 4
15 26 1 0 4
15 27 1 0 4
15 28 1 0 4
15 29 1 0 4
15 31 1 0 4
15 32 1 0 4
15 38 1 0 4
15 43 1 0 4
15 46 1 0 4
15 47 1 0 4
15 48 1 0 4
15 50 1 0 4
15 55 1 0 4
15 65 1 0 4
15 67 6 1 4
15 69 1 0 4
15 70 1 0 4
15 74 1 0 4
15 75 1 0 4
15 76 1 0 4
15 77 1 0 4
15 81 1 0 4
15 84 1 0 4
15 86 1 0 4
15 90 1 0 4
15 93 1 0 4
15 95 1 0 4
15 98 1 0 4
16 35 3 4 4
16 57 2 5 4
17 66 8 3 4
30 67 6 2 4
100 33 4 4 4
33 34 5 6 4
33 52 5 4 4
33 34 5 6 4
100 34 5 4 4
34 73 8 5 4
16 35 3 4 4
116 35 3 2 4
35 57 1 5 4
36 9 3 3 4
103 39 6 9 4
114 39 4 11 4
39 58 7 5 4
41 9 5 1 4
36 41 6 1 4
118 41 4 1 4
41 78 11 2 4
41 80 5 1 4
41 91 8 2 4
101 44 2 8 4
112 44 2 8 4
17 51 12 9 4
33 52 5 4 4
52 82 3 2 4
114 53 12 4 4
16 57 2 5 4
35 57 1 5 4
39 58 7 5 4
103 58 9 4 4
114 59 9 12 4
117 60 8 9 4
17 61 10 3 4
126 61 5 1 4
63 96 9 11 4
3 66 2 1 4
17 66 8 3 4
66 79 2 1 4
30 67 6 2 4
16 73 7 4 4
35 73 6 4 4
57 73 5 5 4
113 73 6 5 4
10 78 11 11 4
3 79 0 1 4
5 79 1 0 4
11 79 1 0 4
14 79 1 0 4
18 79 1 0 4
22 79 1 0 4
25 79 1 0 4
26 79 1 0 4
27 79 1 0 4
28 79 1 0 4
29 79 1 0 4
31 79 1 0 4
32 79 1 0 4
38 79 1 0 4
43 79 1 0 4
46 79 1 0 4
47 79 1 0 4
48 79 1 0 4
50 79 1 0 4
55 79 1 0 4
65 79 1 0 4
66 79 2 1 4
69 79 1 0 4
70 79 1 0 4
74 79 1 0 4
75 79 1 0 4
76 79 1 0 4
77 79 1 0 4
102 79 1 0 4
105 79 1 0 4
107 79 1 0 4
111 79 1 0 4
119 79 1 0 4
121 79 1 0 4
129 79 1 0 4
79 81 1 0 4
79 84 1 0 4
79 86 1 0 4
79 90 1 0 4
79 93 1 0 4
79 95 1 0 4
79 98 1 0 4
80 9 2 3 4
118 80 1 3 4
33 82 6 2 4
52 82 3 2 4
80 82 4 1 4
1 88 12 4 4
60 88 8 3 4
108 89 10 3 4
41 91 8 2 4
78 91 7 7 4
100 33 4 4 4
100 34 5 4 4
101 44 2 8 4
101 112 0 9 4
103 39 6 9 4
103 114 6 10 4
108 33 7 7 4
101 112 0 9 4
113 16 3 5 4
113 35 4 4 4
113 57 3 5 4
114 39 4 11 4
114 59 9 12 4
103 114 6 10 4
115 44 8 6 4
115 57 7 5 4
116 5 2 0 4
116 14 2 0 4
116 18 2 0 4
116 22 2 0 4
116 25 2 0 4
116 26 2 0 4
116 27 2 0 4
116 28 2 0 4
116 29 2 0 4
116 31 2 0 4
116 32 2 0 4
116 35 3 2 4
116 38 2 0 4
116 43 2 0 4
116 46 2 0 4
116 47 2 0 4
116 48 2 0 4
116 50 2 0 4
116 55 2 0 4
116 65 2 0 4
116 69 2 0 4
116 70 2 0 4
116 74 2 0 4
116 75 2 0 4
116 76 2 0 4
116 77 2 0 4
116 81 2 0 4
116 84 2 0 4
116 86 2 0 4
116 90 2 0 4
116 93 2 0 4
116 95 2 0 4
116 98 2 0 4
11 116 2 0 4
102 116 2 0 4
105 116 2 0 4
107 116 2 0 4
111 116 2 0 4
116 119 2 0 4
116 121 2 0 4
116 129 2 0 4
117 13 5 16 4
118 9 1 3 4
118 36 4 2 4
118 80 1 3 4
120 44 6 5 4
122 91 8 1 4
115 122 10 1 4
126 61 5 1 4
127 39 10 2 4
103 127 10 2 4
