Res1 Res2 NSingle NDouble Method
1 123 46 4 4
106 2 73 14 4
2 84 64 13 4
103 3 51 11 4
105 3 52 6 4
121 3 53 7 4
3 74 56 7 4
22 4 83 12 4
123 4 81 5 4
53 7 40 3 4
61 7 36 9 4
125 7 48 7 4
7 8 36 2 4
7 89 43 11 4
15 8 10 0 4
30 8 13 1 4
41 8 25 1 4
53 8 14 1 4
61 8 18 3 4
64 8 22 2 4
105 8 17 0 4
118 8 5 1 4
123 8 13 0 4
127 8 17 0 4
8 82 14 3 4
8 94 7 1 4
53 9 53 7 4
10 55 50 10 4
10 76 48 6 4
10 123 46 3 4
107 11 45 9 4
11 23 43 5 4
11 53 39 3 4
11 93 36 8 4
12 8 25 0 4
100 12 30 7 4
118 12 22 0 4
12 15 25 0 4
12 30 26 2 4
12 71 28 10 4
12 82 29 3 4
12 88 26 4 4
12 89 34 8 4
12 94 24 0 4
12 99 31 7 4
12 123 28 0 4
12 127 26 3 4
14 44 46 8 4
15 8 10 0 4
105 15 17 0 4
118 15 7 0 4
123 15 13 0 4
127 15 17 0 4
15 30 15 0 4
15 44 20 1 4
15 53 16 0 4
15 84 17 2 4
15 88 19 0 4
15 94 7 1 4
15 98 18 1 4
15 16 29 1 4
103 16 37 5 4
105 16 32 3 4
111 16 29 10 4
116 16 35 4 4
118 16 28 0 4
121 16 31 5 4
123 16 32 1 4
127 16 30 4 4
16 27 35 8 4
16 33 39 7 4
16 74 36 4 4
16 76 36 3 4
16 78 40 8 4
16 94 26 2 4
17 21 51 13 4
17 24 55 12 4
12 18 34 7 4
100 18 38 7 4
118 18 30 0 4
18 23 37 5 4
18 48 38 3 4
18 88 36 3 4
18 89 34 12 4
18 99 33 10 4
12 19 42 6 4
18 19 44 9 4
19 48 38 6 4
19 64 45 5 4
19 71 48 7 4
19 88 40 4 4
19 89 42 11 4
19 99 37 11 4
15 20 34 1 4
105 20 33 5 4
118 20 33 0 4
121 20 30 8 4
127 20 31 6 4
20 30 37 2 4
20 44 38 5 4
20 94 33 1 4
20 98 38 4 4
17 21 51 13 4
118 21 30 1 4
21 65 42 5 4
11 22 46 6 4
118 22 26 0 4
123 22 30 1 4
22 41 38 4 4
22 50 37 4 4
22 53 29 3 4
22 61 37 3 4
22 84 32 4 4
22 94 28 0 4
23 8 24 0 4
15 23 24 0 4
18 23 37 5 4
107 23 28 10 4
117 23 29 6 4
118 23 21 0 4
23 30 27 1 4
23 31 36 10 4
23 82 30 2 4
23 88 29 2 4
23 94 23 0 4
20 24 47 8 4
127 24 36 4 4
24 30 36 3 4
24 44 41 4 4
24 53 37 3 4
24 88 38 4 4
24 99 41 8 4
127 25 33 2 4
130 25 50 5 4
26 89 83 21 4
27 8 30 0 4
15 27 28 1 4
100 27 37 6 4
103 27 38 4 4
105 27 31 3 4
111 27 34 7 4
116 27 32 5 4
118 27 27 0 4
121 27 34 3 4
123 27 29 2 4
127 27 31 3 4
27 30 33 1 4
27 41 33 7 4
27 94 23 3 4
27 98 32 4 4
24 28 54 9 4
28 39 56 7 4
28 53 43 4 4
28 88 46 4 4
28 95 59 7 4
100 29 50 10 4
121 29 49 6 4
127 29 50 4 4
29 48 52 5 4
29 71 52 11 4
29 99 57 7 4
30 8 13 1 4
12 30 26 2 4
15 30 15 0 4
118 30 10 1 4
122 30 30 3 4
123 30 18 0 4
127 30 18 2 4
30 41 28 2 4
30 44 25 1 4
30 48 24 1 4
30 53 19 1 4
30 77 25 1 4
30 82 23 1 4
30 84 22 2 4
30 88 22 1 4
30 94 12 1 4
23 31 36 10 4
107 31 46 10 4
117 31 43 8 4
31 40 45 7 4
31 50 48 5 4
30 32 36 1 4
32 47 33 5 4
32 64 41 4 4
32 99 39 7 4
33 8 32 0 4
15 33 32 0 4
16 33 39 7 4
105 33 31 4 4
111 33 32 9 4
116 33 38 3 4
118 33 29 0 4
121 33 32 5 4
33 47 34 4 4
33 86 32 15 4
33 94 31 0 4
33 97 38 8 4
22 37 49 7 4
30 37 45 2 4
123 37 45 1 4
37 50 50 5 4
37 53 44 3 4
37 61 44 7 4
37 66 53 7 4
37 81 48 13 4
37 84 49 3 4
38 8 52 2 4
118 38 51 1 4
38 41 59 7 4
38 82 56 5 4
39 8 31 2 4
105 39 38 2 4
108 39 46 11 4
118 39 32 0 4
121 39 39 3 4
39 61 39 5 4
39 65 42 5 4
39 77 41 3 4
39 87 46 8 4
39 93 38 5 4
40 8 27 0 4
15 40 27 0 4
16 40 40 4 4
30 40 30 1 4
31 40 45 7 4
103 40 37 3 4
118 40 22 1 4
119 40 34 7 4
40 48 34 2 4
40 94 26 0 4
41 8 25 1 4
11 41 46 5 4
22 41 38 4 4
27 41 33 7 4
30 41 28 2 4
118 41 22 1 4
41 44 35 2 4
41 53 31 1 4
41 65 38 3 4
41 77 35 2 4
41 93 36 2 4
41 94 24 1 4
32 42 47 7 4
42 72 39 8 4
42 93 41 5 4
44 8 22 0 4
14 44 46 8 4
15 44 20 1 4
30 44 25 1 4
103 44 30 4 4
112 44 39 6 4
116 44 30 2 4
118 44 19 0 4
44 84 29 2 4
44 94 19 1 4
44 97 36 4 4
11 45 54 15 4
107 45 51 14 4
45 53 51 5 4
45 94 50 2 4
100 46 41 11 4
111 46 48 7 4
121 46 42 6 4
127 46 41 5 4
46 63 47 12 4
47 8 20 0 4
15 47 20 0 4
32 47 33 5 4
33 47 34 4 4
117 47 29 4 4
118 47 17 0 4
123 47 23 0 4
47 48 27 2 4
47 64 26 5 4
47 65 25 6 4
47 88 27 1 4
47 94 19 0 4
47 97 32 5 4
48 8 21 0 4
15 48 21 0 4
30 48 24 1 4
47 48 27 2 4
100 48 34 3 4
118 48 18 0 4
119 48 32 5 4
123 48 24 0 4
48 71 36 4 4
48 88 26 2 4
48 89 36 5 4
48 94 20 0 4
48 98 27 2 4
48 99 33 4 4
49 93 46 9 4
50 8 26 0 4
15 50 26 0 4
22 50 37 4 4
23 50 34 3 4
30 50 29 1 4
44 50 34 2 4
118 50 23 0 4
50 53 28 2 4
50 61 30 5 4
50 76 33 2 4
50 78 39 6 4
50 81 42 7 4
50 84 33 2 4
50 94 25 0 4
11 52 59 15 4
53 8 14 1 4
15 53 16 0 4
22 53 29 3 4
30 53 19 1 4
50 53 28 2 4
118 53 11 1 4
123 53 17 1 4
53 61 22 4 4
53 72 29 2 4
53 84 23 2 4
53 93 23 3 4
53 94 13 1 4
16 55 40 6 4
44 55 37 3 4
47 55 35 3 4
103 55 31 8 4
105 55 30 4 4
121 55 33 4 4
55 57 40 14 4
55 78 42 7 4
55 82 35 3 4
55 98 33 4 4
15 56 37 1 4
23 56 39 7 4
100 56 44 7 4
105 56 40 3 4
111 56 35 11 4
116 56 41 5 4
121 56 39 5 4
127 56 40 3 4
56 76 40 5 4
56 94 36 1 4
55 57 40 14 4
103 57 37 13 4
105 57 46 4 4
111 57 51 7 4
121 57 43 7 4
127 57 46 4 4
57 76 48 5 4
15 58 42 1 4
40 58 49 6 4
48 58 49 3 4
123 58 43 2 4
58 84 49 3 4
53 59 78 7 4
100 59 77 14 4
60 8 55 4 4
60 89 60 14 4
61 8 18 3 4
15 61 24 0 4
22 61 37 3 4
50 61 30 5 4
53 61 22 4 4
118 61 21 0 4
123 61 25 1 4
125 61 36 5 4
61 64 34 3 4
61 72 33 4 4
61 82 30 2 4
61 84 29 3 4
61 94 23 0 4
111 62 58 17 4
121 62 66 9 4
62 76 67 9 4
63 8 31 3 4
20 63 45 9 4
44 63 39 5 4
46 63 47 12 4
118 63 32 1 4
121 63 37 5 4
123 63 34 3 4
63 94 34 1 4
64 8 22 2 4
15 64 24 1 4
16 64 39 4 4
47 64 26 5 4
61 64 34 3 4
118 64 23 0 4
64 84 33 2 4
64 94 23 1 4
64 97 38 5 4
64 98 30 3 4
65 8 27 0 4
15 65 27 0 4
47 65 25 6 4
116 65 29 5 4
118 65 24 0 4
65 77 33 3 4
65 87 42 6 4
65 93 28 6 4
65 94 26 0 4
15 66 29 2 4
30 66 34 2 4
44 66 39 3 4
106 66 41 7 4
118 66 30 0 4
123 66 34 1 4
127 66 32 4 4
66 84 38 3 4
66 88 38 2 4
66 94 30 1 4
66 97 45 5 4
66 99 41 6 4
23 67 36 4 4
56 67 43 8 4
107 67 38 8 4
118 67 27 0 4
67 94 29 0 4
23 68 56 9 4
47 68 54 8 4
117 68 55 11 4
12 69 44 7 4
118 69 40 0 4
69 99 47 8 4
12 71 28 10 4
30 71 34 2 4
48 71 36 4 4
100 71 28 12 4
111 71 37 7 4
118 71 30 0 4
121 71 31 6 4
127 71 30 5 4
71 88 32 5 4
71 94 32 0 4
71 99 31 11 4
72 8 27 0 4
15 72 21 3 4
53 72 29 2 4
61 72 33 4 4
103 72 37 3 4
111 72 35 5 4
116 72 33 3 4
118 72 24 0 4
72 74 34 3 4
72 84 34 2 4
72 94 26 0 4
15 73 46 1 4
44 73 50 5 4
100 73 49 9 4
103 73 48 8 4
105 73 43 6 4
111 73 42 12 4
116 73 50 5 4
118 73 43 1 4
121 73 42 8 4
127 73 47 4 4
73 94 45 1 4
74 8 23 0 4
15 74 23 0 4
103 74 33 3 4
116 74 29 3 4
118 74 20 0 4
123 74 26 0 4
74 93 26 5 4
74 94 22 0 4
23 75 51 7 4
67 75 53 9 4
76 8 21 0 4
15 76 21 0 4
50 76 33 2 4
53 76 25 1 4
103 76 27 5 4
106 76 33 5 4
116 76 29 2 4
118 76 18 0 4
121 76 23 4 4
127 76 22 3 4
76 84 28 2 4
76 88 26 2 4
76 94 20 0 4
77 8 22 0 4
15 77 22 0 4
30 77 25 1 4
65 77 33 3 4
106 77 36 4 4
116 77 30 2 4
118 77 19 0 4
77 93 29 3 4
77 94 21 0 4
15 78 33 1 4
16 78 40 8 4
50 78 39 6 4
76 78 36 5 4
100 78 38 8 4
103 78 39 6 4
105 78 36 3 4
111 78 35 9 4
116 78 39 4 4
118 78 32 0 4
121 78 35 5 4
127 78 32 5 4
78 94 32 1 4
78 98 39 3 4
16 79 56 7 4
53 79 49 3 4
79 93 52 5 4
79 94 44 2 4
12 80 53 6 4
18 80 55 9 4
32 80 57 8 4
48 80 51 5 4
80 89 53 11 4
80 99 50 10 4
8 81 40 0 4
15 81 40 0 4
30 81 37 4 4
48 81 45 3 4
50 81 42 7 4
53 81 42 2 4
61 81 44 5 4
118 81 37 0 4
122 81 35 13 4
81 84 37 7 4
81 94 39 0 4
8 82 14 3 4
12 82 29 3 4
15 82 20 0 4
23 82 30 2 4
30 82 23 1 4
53 82 24 1 4
55 82 35 3 4
61 82 30 2 4
105 82 25 1 4
107 82 36 4 4
118 82 15 1 4
82 94 17 1 4
82 98 26 2 4
74 83 57 12 4
8 84 21 0 4
15 84 17 2 4
30 84 22 2 4
44 84 29 2 4
50 84 33 2 4
53 84 23 2 4
61 84 29 3 4
64 84 33 2 4
76 84 28 2 4
82 84 29 1 4
118 84 18 0 4
123 84 24 0 4
84 94 18 1 4
84 98 29 1 4
40 85 64 9 4
33 86 32 15 4
44 86 42 5 4
47 86 42 4 4
100 86 43 8 4
105 86 37 5 4
111 86 38 10 4
118 86 37 0 4
121 86 36 7 4
127 86 41 3 4
15 87 35 1 4
39 87 46 8 4
65 87 42 6 4
72 87 44 5 4
74 87 38 6 4
76 87 42 3 4
77 87 43 3 4
82 87 41 3 4
84 87 42 3 4
116 87 41 4 4
121 87 41 3 4
123 87 38 1 4
87 93 40 5 4
87 95 41 12 4
8 88 19 0 4
12 88 26 4 4
15 88 19 0 4
23 88 29 2 4
30 88 22 1 4
47 88 27 1 4
48 88 26 2 4
71 88 32 5 4
76 88 26 2 4
118 88 16 0 4
123 88 22 0 4
127 88 24 1 4
88 94 18 0 4
7 89 43 11 4
8 89 33 1 4
12 89 34 8 4
18 89 34 12 4
19 89 42 11 4
48 89 36 5 4
77 89 41 3 4
89 99 37 9 4
15 92 54 2 4
30 92 57 3 4
53 92 58 3 4
127 92 55 5 4
92 99 54 12 4
8 93 23 0 4
11 93 36 8 4
15 93 23 0 4
53 93 23 3 4
65 93 28 6 4
74 93 26 5 4
77 93 29 3 4
116 93 25 5 4
118 93 20 0 4
93 94 22 0 4
8 94 7 1 4
15 94 7 1 4
30 94 12 1 4
44 94 19 1 4
47 94 19 0 4
48 94 20 0 4
53 94 13 1 4
76 94 20 0 4
82 94 17 1 4
84 94 18 1 4
88 94 18 0 4
105 94 16 0 4
118 94 4 1 4
121 94 19 0 4
123 94 8 2 4
127 94 16 0 4
94 98 13 3 4
15 95 36 1 4
16 95 43 8 4
87 95 41 12 4
94 95 35 1 4
105 95 37 4 4
111 95 40 8 4
116 95 38 6 4
118 95 35 0 4
95 98 42 3 4
8 96 43 2 4
30 96 46 3 4
88 96 50 3 4
118 96 42 1 4
127 96 46 4 4
8 97 32 0 4
15 97 30 1 4
20 97 40 9 4
30 97 33 2 4
33 97 38 8 4
44 97 36 4 4
47 97 32 5 4
86 97 42 10 4
94 97 29 1 4
105 97 35 2 4
111 97 38 6 4
116 97 38 3 4
118 97 29 0 4
121 97 36 3 4
127 97 33 3 4
8 98 20 0 4
15 98 18 1 4
27 98 32 4 4
48 98 27 2 4
55 98 33 4 4
64 98 30 3 4
82 98 26 2 4
94 98 13 3 4
100 98 33 3 4
105 98 19 4 4
118 98 17 0 4
123 98 19 2 4
8 99 30 0 4
12 99 31 7 4
15 99 30 0 4
18 99 33 10 4
30 99 31 2 4
48 99 33 4 4
71 99 31 11 4
88 99 33 3 4
94 99 29 0 4
100 99 33 8 4
118 99 27 0 4
127 99 27 5 4
100 8 29 0 4
100 12 30 7 4
100 15 27 1 4
100 48 34 3 4
100 71 28 12 4
100 76 34 3 4
100 88 34 2 4
100 94 26 1 4
100 98 33 3 4
100 99 33 8 4
100 105 30 3 4
100 111 31 8 4
100 116 35 3 4
100 118 26 0 4
100 121 27 6 4
100 127 24 6 4
101 47 57 7 4
103 8 26 0 4
103 15 26 0 4
103 44 30 4 4
103 55 31 8 4
103 74 33 3 4
103 76 27 5 4
103 88 31 2 4
103 94 25 0 4
103 105 29 2 4
103 116 34 2 4
103 118 23 0 4
103 121 26 5 4
103 127 27 3 4
104 53 46 4 4
104 72 47 9 4
104 74 45 8 4
104 93 41 10 4
104 95 42 17 4
105 8 17 0 4
105 15 17 0 4
105 33 31 4 4
105 55 30 4 4
105 82 25 1 4
105 94 16 0 4
105 98 19 4 4
100 105 30 3 4
103 105 29 2 4
105 111 29 3 4
105 116 27 1 4
105 118 14 0 4
105 121 23 2 4
105 123 20 0 4
106 66 41 7 4
106 76 33 5 4
106 77 36 4 4
106 88 37 2 4
106 94 31 0 4
106 118 29 0 4
106 123 31 2 4
107 8 32 1 4
107 23 28 10 4
107 47 38 3 4
107 67 38 8 4
107 82 36 4 4
107 94 31 1 4
107 117 33 9 4
107 118 31 0 4
107 123 33 2 4
108 8 39 2 4
108 15 41 1 4
108 39 46 11 4
108 82 45 4 4
108 94 40 1 4
108 123 36 5 4
108 125 49 8 4
109 50 60 8 4
110 75 69 21 4
111 8 28 0 4
111 15 26 1 4
111 94 25 1 4
105 111 29 3 4
111 116 28 6 4
111 118 25 0 4
111 121 20 9 4
111 127 27 4 4
112 15 37 1 4
112 44 39 6 4
112 94 36 1 4
100 112 44 7 4
103 112 37 9 4
111 112 41 8 4
112 121 35 7 4
112 127 40 3 4
113 98 52 6 4
115 12 46 6 4
115 18 46 10 4
115 77 45 5 4
116 8 22 0 4
116 15 22 0 4
116 44 30 2 4
116 65 29 5 4
116 72 33 3 4
116 74 29 3 4
116 76 29 2 4
116 77 30 2 4
116 93 25 5 4
116 94 21 0 4
105 116 27 1 4
111 116 28 6 4
116 118 19 0 4
116 121 28 2 4
116 127 25 2 4
117 23 29 6 4
117 47 29 4 4
117 94 26 0 4
107 117 33 9 4
117 118 24 0 4
118 8 5 1 4
118 15 7 0 4
118 30 10 1 4
118 47 17 0 4
118 53 11 1 4
118 82 15 1 4
118 88 16 0 4
118 94 4 1 4
118 98 17 0 4
105 118 14 0 4
118 121 15 1 4
118 123 10 0 4
118 127 14 0 4
119 12 36 5 4
119 18 44 5 4
119 40 34 7 4
119 47 35 3 4
119 48 32 5 4
119 88 36 2 4
119 99 37 7 4
100 119 36 7 4
118 119 28 0 4
120 21 60 9 4
106 120 57 9 4
121 8 20 0 4
121 15 20 0 4
121 53 24 1 4
121 76 23 4 4
121 94 19 0 4
103 121 26 5 4
105 121 23 2 4
111 121 20 9 4
116 121 28 2 4
118 121 15 1 4
121 123 21 1 4
121 127 19 4 4
122 8 29 1 4
122 15 29 1 4
122 30 30 3 4
122 44 39 2 4
122 48 38 2 4
122 53 35 1 4
122 81 35 13 4
122 84 36 3 4
122 94 26 2 4
118 122 26 1 4
123 8 13 0 4
123 15 13 0 4
123 30 18 0 4
123 53 17 1 4
123 61 25 1 4
123 88 22 0 4
123 94 8 2 4
123 98 19 2 4
105 123 20 0 4
118 123 10 0 4
121 123 21 1 4
123 127 20 0 4
125 8 26 3 4
125 15 32 0 4
125 61 36 5 4
125 94 29 1 4
125 98 38 2 4
118 125 29 0 4
123 125 31 2 4
107 126 51 13 4
117 126 48 11 4
127 8 17 0 4
127 15 17 0 4
127 30 18 2 4
127 76 22 3 4
127 88 24 1 4
127 94 16 0 4
127 99 27 5 4
12 127 26 3 4
100 127 24 6 4
103 127 27 3 4
111 127 27 4 4
116 127 25 2 4
118 127 14 0 4
121 127 19 4 4
123 127 20 0 4
128 40 46 5 4
128 94 38 0 4
118 128 36 0 4
122 128 46 7 4
123 128 36 3 4
129 8 36 1 4
129 15 38 0 4
129 61 42 5 4
129 82 42 3 4
129 94 35 1 4
129 98 42 3 4
105 129 41 2 4
118 129 35 0 4
123 129 37 2 4
125 129 44 8 4
130 27 44 8 4
130 47 40 5 4
130 74 41 6 4
130 88 39 5 4
130 94 37 1 4
100 130 45 7 4
103 130 42 7 4
