Res1 Res2 NSingle NDouble Method
15 8 10 0 4
17 21 51 13 4
18 23 37 5 4
30 8 13 1 4
12 30 26 2 4
15 30 15 0 4
23 31 36 10 4
16 33 39 7 4
31 40 45 7 4
41 8 25 1 4
22 41 38 4 4
27 41 33 7 4
30 41 28 2 4
14 44 46 8 4
15 44 20 1 4
30 44 25 1 4
32 47 33 5 4
33 47 34 4 4
30 48 24 1 4
47 48 27 2 4
22 50 37 4 4
53 8 14 1 4
15 53 16 0 4
22 53 29 3 4
30 53 19 1 4
50 53 28 2 4
55 57 40 14 4
61 8 18 3 4
22 61 37 3 4
50 61 30 5 4
53 61 22 4 4
46 63 47 12 4
64 8 22 2 4
47 64 26 5 4
61 64 34 3 4
47 65 25 6 4
12 71 28 10 4
48 71 36 4 4
53 72 29 2 4
61 72 33 4 4
50 76 33 2 4
30 77 25 1 4
65 77 33 3 4
16 78 40 8 4
50 78 39 6 4
50 81 42 7 4
8 82 14 3 4
12 82 29 3 4
23 82 30 2 4
30 82 23 1 4
55 82 35 3 4
61 82 30 2 4
15 84 17 2 4
30 84 22 2 4
44 84 29 2 4
50 84 33 2 4
53 84 23 2 4
61 84 29 3 4
64 84 33 2 4
76 84 28 2 4
33 86 32 15 4
39 87 46 8 4
65 87 42 6 4
12 88 26 4 4
15 88 19 0 4
23 88 29 2 4
30 88 22 1 4
47 88 27 1 4
48 88 26 2 4
71 88 32 5 4
76 88 26 2 4
7 89 43 11 4
12 89 34 8 4
18 89 34 12 4
19 89 42 11 4
48 89 36 5 4
11 93 36 8 4
53 93 23 3 4
65 93 28 6 4
74 93 26 5 4
77 93 29 3 4
8 94 7 1 4
15 94 7 1 4
30 94 12 1 4
44 94 19 1 4
47 94 19 0 4
48 94 20 0 4
53 94 13 1 4
76 94 20 0 4
82 94 17 1 4
84 94 18 1 4
88 94 18 0 4
87 95 41 12 4
33 97 38 8 4
44 97 36 4 4
47 97 32 5 4
15 98 18 1 4
27 98 32 4 4
48 98 27 2 4
55 98 33 4 4
64 98 30 3 4
82 98 26 2 4
94 98 13 3 4
12 99 31 7 4
18 99 33 10 4
48 99 33 4 4
71 99 31 11 4
100 12 30 7 4
100 48 34 3 4
100 71 28 12 4
100 98 33 3 4
100 99 33 8 4
103 44 30 4 4
103 55 31 8 4
103 74 33 3 4
103 76 27 5 4
105 8 17 0 4
105 15 17 0 4
105 33 31 4 4
105 55 30 4 4
105 82 25 1 4
105 94 16 0 4
105 98 19 4 4
100 105 30 3 4
103 105 29 2 4
106 66 41 7 4
106 76 33 5 4
106 77 36 4 4
107 23 28 10 4
107 67 38 8 4
107 82 36 4 4
108 39 46 11 4
105 111 29 3 4
112 44 39 6 4
116 44 30 2 4
116 65 29 5 4
116 72 33 3 4
116 74 29 3 4
116 76 29 2 4
116 77 30 2 4
116 93 25 5 4
105 116 27 1 4
111 116 28 6 4
117 23 29 6 4
117 47 29 4 4
107 117 33 9 4
118 8 5 1 4
118 15 7 0 4
118 30 10 1 4
118 47 17 0 4
118 53 11 1 4
118 82 15 1 4
118 88 16 0 4
118 94 4 1 4
118 98 17 0 4
105 118 14 0 4
119 40 34 7 4
119 48 32 5 4
121 76 23 4 4
121 94 19 0 4
103 121 26 5 4
105 121 23 2 4
111 121 20 9 4
116 121 28 2 4
118 121 15 1 4
122 30 30 3 4
122 81 35 13 4
123 8 13 0 4
123 15 13 0 4
123 30 18 0 4
123 53 17 1 4
123 61 25 1 4
123 88 22 0 4
123 94 8 2 4
123 98 19 2 4
105 123 20 0 4
118 123 10 0 4
121 123 21 1 4
125 61 36 5 4
127 8 17 0 4
127 15 17 0 4
127 30 18 2 4
127 76 22 3 4
127 88 24 1 4
127 94 16 0 4
127 99 27 5 4
12 127 26 3 4
100 127 24 6 4
103 127 27 3 4
111 127 27 4 4
116 127 25 2 4
118 127 14 0 4
121 127 19 4 4
123 127 20 0 4
