Res1 Res2 NSingle NDouble Method
1 104 54 9 6
107 2 75 42 6
118 3 41 2 6
3 45 43 14 6
3 46 69 14 6
3 53 30 0 6
3 58 29 4 6
3 67 46 10 6
3 75 37 2 6
3 92 31 1 6
30 4 71 8 6
14 5 24 0 6
15 5 23 0 6
29 5 10 6 6
30 5 26 0 6
38 5 14 4 6
41 5 19 0 6
42 5 27 0 6
109 5 11 4 6
112 5 32 6 6
114 5 8 4 6
123 5 16 3 6
5 53 15 0 6
5 58 22 0 6
5 61 20 0 6
5 73 22 0 6
5 88 20 0 6
5 90 22 0 6
5 94 20 0 6
5 98 27 0 6
35 7 67 12 6
121 7 66 12 6
124 7 66 13 6
125 7 54 16 6
27 8 67 16 6
11 20 38 9 6
11 53 39 0 6
11 68 91 14 6
11 80 45 10 6
11 88 30 7 6
11 92 42 0 6
11 112 48 10 6
12 5 29 1 6
114 12 29 1 6
12 14 39 0 6
12 15 38 0 6
12 29 37 0 6
12 30 41 0 6
12 39 34 11 6
12 41 34 0 6
12 53 30 0 6
12 57 28 11 6
12 58 35 1 6
12 60 30 10 6
12 61 35 0 6
12 73 37 0 6
12 75 31 5 6
12 88 35 0 6
12 94 35 0 6
12 123 37 0 6
13 5 34 0 6
106 13 31 10 6
123 13 40 0 6
129 13 36 5 6
13 14 42 0 6
13 16 38 4 6
13 21 36 4 6
13 29 40 0 6
13 38 32 4 6
13 39 35 12 6
13 41 37 0 6
13 53 33 0 6
13 57 33 10 6
13 61 38 0 6
13 73 40 0 6
13 88 38 0 6
13 94 38 0 6
14 5 24 0 6
109 14 27 0 6
114 14 24 0 6
123 14 30 0 6
14 15 31 0 6
14 29 30 0 6
14 38 30 0 6
14 41 27 0 6
14 53 23 0 6
14 58 30 0 6
14 61 28 0 6
14 73 30 0 6
14 88 28 0 6
14 90 30 0 6
14 92 26 0 6
14 94 28 0 6
15 5 23 0 6
15 8 70 8 6
13 15 37 2 6
109 15 26 0 6
114 15 23 0 6
15 30 31 1 6
15 41 24 1 6
15 53 22 0 6
15 61 25 1 6
15 88 27 0 6
15 92 25 0 6
15 94 27 0 6
16 5 18 5 6
15 16 35 0 6
109 16 17 7 6
114 16 20 4 6
123 16 28 3 6
16 20 20 12 6
16 29 14 10 6
16 38 24 5 6
16 41 31 0 6
16 53 27 0 6
16 58 34 0 6
16 61 32 0 6
16 73 34 0 6
16 88 32 0 6
16 90 30 2 6
16 92 26 2 6
16 94 32 0 6
17 53 62 5 6
17 89 78 30 6
17 94 65 6 6
12 20 33 7 6
14 20 40 0 6
15 20 39 0 6
108 20 34 7 6
123 20 32 3 6
129 20 16 14 6
20 21 16 13 6
20 29 12 13 6
20 38 16 11 6
20 41 35 0 6
20 53 31 0 6
20 58 38 0 6
20 61 36 0 6
20 73 38 0 6
20 88 36 0 6
20 90 38 0 6
20 92 22 6 6
20 94 36 0 6
21 5 20 3 6
14 21 34 0 6
15 21 33 0 6
16 21 28 5 6
109 21 21 4 6
114 21 14 6 6
123 21 32 0 6
129 21 18 10 6
21 29 22 5 6
21 30 36 0 6
21 41 29 0 6
21 53 25 0 6
21 61 30 0 6
21 73 32 0 6
21 75 28 4 6
21 80 33 9 6
21 88 30 0 6
21 90 32 0 6
21 92 8 10 6
21 94 30 0 6
21 98 31 3 6
23 62 101 22 6
115 24 81 42 6
15 25 54 1 6
111 25 52 21 6
25 30 51 4 6
25 75 55 2 6
16 26 42 13 6
26 38 48 7 6
26 53 53 1 6
26 94 58 1 6
27 5 36 0 6
12 27 33 9 6
13 27 40 7 6
109 27 39 0 6
114 27 36 0 6
27 29 42 0 6
27 41 39 0 6
27 42 27 10 6
27 53 35 0 6
27 55 39 9 6
27 58 42 0 6
27 61 40 0 6
27 73 42 0 6
27 88 40 0 6
27 90 42 0 6
27 92 30 4 6
27 94 40 0 6
29 5 10 6 6
14 29 30 0 6
15 29 29 0 6
20 29 12 13 6
21 29 22 5 6
114 29 12 5 6
29 30 32 0 6
29 41 25 0 6
29 42 33 0 6
29 53 21 0 6
29 58 28 0 6
29 61 26 0 6
29 73 28 0 6
29 75 30 1 6
29 88 26 0 6
29 90 28 0 6
29 92 24 0 6
29 94 26 0 6
29 98 33 0 6
30 5 26 0 6
13 30 38 3 6
15 30 31 1 6
25 30 51 4 6
114 30 26 0 6
30 41 27 1 6
30 53 25 0 6
30 55 35 6 6
30 61 26 2 6
30 88 28 1 6
30 94 28 1 6
31 5 35 4 6
15 31 50 0 6
29 31 39 5 6
109 31 36 5 6
114 31 37 3 6
129 31 31 12 6
31 41 46 0 6
31 53 42 0 6
31 61 47 0 6
31 64 56 19 6
31 73 49 0 6
31 88 47 0 6
31 94 47 0 6
32 35 81 17 6
113 35 62 16 6
35 94 46 1 6
106 36 42 8 6
36 39 50 8 6
36 43 49 6 6
36 79 53 7 6
102 37 34 13 6
123 37 38 1 6
37 42 41 2 6
37 53 21 6 6
37 94 22 8 6
38 5 14 4 6
14 38 30 0 6
15 38 29 0 6
16 38 24 5 6
29 38 14 7 6
30 38 32 0 6
104 38 31 2 6
114 38 8 7 6
123 38 28 0 6
129 38 16 9 6
38 41 25 0 6
38 53 21 0 6
38 61 26 0 6
38 73 28 0 6
38 88 26 0 6
38 90 28 0 6
38 92 16 4 6
38 94 26 0 6
39 5 41 0 6
12 39 34 11 6
13 39 35 12 6
21 39 37 7 6
129 39 39 7 6
39 53 40 0 6
39 64 68 12 6
39 92 33 5 6
41 5 19 0 6
14 41 27 0 6
15 41 24 1 6
29 41 25 0 6
38 41 25 0 6
109 41 22 0 6
114 41 19 0 6
123 41 23 1 6
41 49 24 7 6
41 53 18 0 6
41 58 25 0 6
41 61 21 1 6
41 73 25 0 6
41 88 23 0 6
41 90 23 1 6
41 92 21 0 6
41 94 23 0 6
41 96 36 7 6
42 5 27 0 6
15 42 34 0 6
29 42 33 0 6
37 42 41 2 6
41 42 30 0 6
106 42 40 2 6
109 42 30 0 6
114 42 27 0 6
42 53 26 0 6
42 58 33 0 6
42 61 31 0 6
42 73 33 0 6
42 82 35 3 6
42 86 35 3 6
42 88 31 0 6
42 90 33 0 6
42 92 27 1 6
42 94 31 0 6
42 98 34 2 6
37 43 42 6 6
43 53 27 4 6
43 58 36 3 6
43 78 48 11 6
43 85 41 9 6
43 88 26 7 6
43 94 34 3 6
3 44 59 16 6
111 44 63 29 6
44 46 78 32 6
3 45 43 14 6
35 45 48 18 6
41 45 53 3 6
45 58 56 3 6
3 46 69 14 6
46 52 97 41 6
49 5 35 0 6
41 49 24 7 6
109 49 36 1 6
114 49 35 0 6
49 53 34 0 6
49 86 39 5 6
49 92 37 0 6
49 50 64 10 6
114 51 49 0 6
51 53 48 0 6
51 82 49 7 6
51 92 51 0 6
5 53 15 0 6
15 53 22 0 6
29 53 21 0 6
37 53 21 6 6
38 53 21 0 6
41 53 18 0 6
43 53 27 4 6
102 53 35 3 6
104 53 26 1 6
108 53 29 1 6
109 53 18 0 6
114 53 15 0 6
121 53 30 6 6
123 53 21 0 6
53 58 21 0 6
53 61 19 0 6
53 73 21 0 6
53 86 27 1 6
53 88 19 0 6
53 90 21 0 6
53 92 17 0 6
53 94 11 4 6
29 54 49 6 6
115 54 75 14 6
5 55 37 0 6
12 55 38 7 6
13 55 41 7 6
14 55 45 0 6
21 55 33 7 6
29 55 43 0 6
38 55 35 4 6
41 55 40 0 6
53 55 36 0 6
55 61 41 0 6
55 73 43 0 6
55 88 41 0 6
55 92 29 5 6
55 94 41 0 6
19 56 94 25 6
5 57 25 5 6
15 57 42 0 6
29 57 31 5 6
41 57 38 0 6
53 57 34 0 6
108 57 33 9 6
109 57 30 4 6
114 57 31 2 6
123 57 35 3 6
57 58 41 0 6
57 61 39 0 6
57 73 41 0 6
57 75 37 4 6
57 88 39 0 6
57 92 35 1 6
57 98 38 4 6
3 58 29 4 6
5 58 22 0 6
12 58 35 1 6
21 58 30 1 6
38 58 26 1 6
53 58 21 0 6
114 58 22 0 6
129 58 32 1 6
58 92 24 0 6
15 59 41 3 6
16 59 48 2 6
127 59 52 8 6
59 86 50 2 6
59 94 42 1 6
5 60 35 0 6
29 60 39 1 6
41 60 32 3 6
53 60 34 0 6
109 60 34 2 6
114 60 35 0 6
60 61 39 0 6
60 77 39 5 6
60 86 41 4 6
60 88 39 0 6
60 92 37 0 6
60 94 39 0 6
5 61 20 0 6
14 61 28 0 6
15 61 25 1 6
29 61 26 0 6
30 61 26 2 6
38 61 26 0 6
41 61 21 1 6
51 61 49 2 6
53 61 19 0 6
58 61 26 0 6
109 61 23 0 6
112 61 44 2 6
114 61 20 0 6
123 61 26 0 6
61 73 26 0 6
61 88 22 1 6
61 90 26 0 6
61 92 22 0 6
61 94 22 1 6
2 62 104 42 6
54 63 59 19 6
63 73 50 7 6
31 64 56 19 6
114 64 61 3 6
65 9 76 13 6
127 65 51 8 6
3 67 46 10 6
30 67 57 2 6
44 67 65 23 6
58 67 45 6 6
67 75 57 2 6
68 80 86 17 6
15 70 55 3 6
5 73 22 0 6
29 73 28 0 6
38 73 28 0 6
41 73 25 0 6
53 73 21 0 6
58 73 28 0 6
61 73 26 0 6
109 73 25 0 6
114 73 22 0 6
123 73 28 0 6
73 86 30 3 6
73 88 24 1 6
73 90 26 1 6
73 92 24 0 6
73 94 26 0 6
15 74 43 7 6
123 74 48 4 6
74 82 48 8 6
12 75 31 5 6
14 75 34 0 6
15 75 33 0 6
16 75 32 3 6
21 75 28 4 6
26 75 44 11 6
31 75 31 11 6
41 75 29 0 6
42 75 19 9 6
53 75 25 0 6
58 75 32 0 6
61 75 30 0 6
73 75 32 0 6
129 75 30 4 6
75 88 30 0 6
75 90 32 0 6
75 92 20 4 6
75 94 30 0 6
75 98 31 3 6
5 77 22 4 6
14 77 38 0 6
15 77 37 0 6
20 77 26 10 6
29 77 22 7 6
38 77 16 10 6
41 77 33 0 6
53 77 29 0 6
58 77 36 0 6
61 77 34 0 6
73 77 36 0 6
106 77 39 4 6
114 77 18 6 6
123 77 36 0 6
77 88 34 0 6
77 94 34 0 6
58 78 50 3 6
78 88 48 3 6
47 79 107 13 6
118 79 44 6 6
79 85 53 6 6
79 90 40 4 6
5 80 31 5 6
20 80 35 11 6
29 80 33 7 6
38 80 33 7 6
41 80 44 0 6
53 80 40 0 6
73 80 47 0 6
109 80 36 4 6
114 80 29 6 6
80 90 47 0 6
80 92 35 4 6
48 81 116 57 6
27 82 46 2 6
30 82 38 1 6
42 82 35 3 6
53 82 29 0 6
73 82 34 1 6
74 82 48 8 6
123 82 28 4 6
82 86 38 3 6
59 84 60 12 6
39 85 46 9 6
43 85 41 9 6
78 85 51 11 6
106 85 40 8 6
85 88 33 5 6
85 90 39 3 6
5 86 30 0 6
42 86 35 3 6
53 86 27 1 6
73 86 30 3 6
75 86 34 3 6
114 86 30 0 6
86 92 32 0 6
86 96 47 7 6
63 87 80 17 6
5 88 20 0 6
11 88 30 7 6
30 88 28 1 6
41 88 23 0 6
43 88 26 7 6
53 88 19 0 6
61 88 22 1 6
73 88 24 1 6
85 88 33 5 6
109 88 23 0 6
114 88 20 0 6
118 88 32 1 6
123 88 24 1 6
88 91 67 5 6
88 92 22 0 6
88 94 22 1 6
5 90 22 0 6
12 90 33 2 6
16 90 30 2 6
41 90 23 1 6
53 90 21 0 6
61 90 26 0 6
73 90 26 1 6
77 90 32 2 6
79 90 40 4 6
88 90 26 0 6
106 90 35 2 6
107 90 66 5 6
109 90 23 1 6
110 90 72 5 6
114 90 22 0 6
123 90 26 1 6
90 92 24 0 6
90 94 26 0 6
5 92 16 1 6
14 92 26 0 6
15 92 25 0 6
29 92 24 0 6
30 92 28 0 6
41 92 21 0 6
53 92 17 0 6
58 92 24 0 6
61 92 22 0 6
73 92 24 0 6
82 92 32 0 6
86 92 32 0 6
88 92 22 0 6
90 92 24 0 6
114 92 16 1 6
118 92 32 0 6
123 92 24 0 6
129 92 20 5 6
92 94 22 0 6
92 98 23 3 6
5 94 20 0 6
17 94 65 6 6
30 94 28 1 6
41 94 23 0 6
43 94 34 3 6
53 94 11 4 6
61 94 22 1 6
88 94 22 1 6
92 94 22 0 6
104 94 25 4 6
109 94 23 0 6
114 94 20 0 6
121 94 37 5 6
8 95 99 28 6
41 96 36 7 6
86 96 47 7 6
108 96 57 3 6
5 98 27 0 6
14 98 27 4 6
15 98 34 0 6
29 98 33 0 6
31 98 42 6 6
41 98 30 0 6
50 98 62 7 6
53 98 26 0 6
58 98 33 0 6
61 98 31 0 6
73 98 33 0 6
88 98 31 0 6
90 98 33 0 6
92 98 23 3 6
94 98 31 0 6
109 98 30 0 6
114 98 27 0 6
123 98 33 0 6
100 25 63 17 6
101 67 80 14 6
102 37 34 13 6
102 53 35 3 6
102 94 30 8 6
102 104 37 9 6
104 5 27 1 6
104 12 34 5 6
104 16 31 5 6
104 20 25 10 6
104 21 25 7 6
104 26 47 11 6
104 29 29 3 6
104 38 31 2 6
104 41 32 0 6
104 53 26 1 6
104 61 33 0 6
104 88 33 0 6
104 92 17 7 6
104 94 25 4 6
102 104 37 9 6
104 108 35 5 6
104 109 32 0 6
104 114 29 0 6
104 129 27 7 6
106 5 33 0 6
106 12 30 9 6
106 21 35 4 6
106 29 39 0 6
106 36 42 8 6
106 38 31 4 6
106 41 36 0 6
106 53 32 0 6
106 55 42 6 6
106 57 38 7 6
106 73 39 0 6
106 85 40 8 6
106 94 37 0 6
106 123 39 0 6
107 88 56 9 6
107 90 66 5 6
108 14 38 1 6
108 15 39 0 6
108 29 28 5 6
108 38 38 0 6
108 41 35 0 6
108 53 29 1 6
108 58 38 0 6
108 61 36 0 6
108 68 87 12 6
108 73 38 0 6
108 88 36 0 6
108 92 34 0 6
108 94 36 0 6
108 98 35 4 6
108 109 31 2 6
108 114 30 1 6
108 116 26 13 6
108 129 36 4 6
109 5 11 4 6
109 12 28 3 6
109 14 27 0 6
109 15 26 0 6
109 16 17 7 6
109 20 17 9 6
109 29 11 7 6
109 30 29 0 6
109 41 22 0 6
109 42 30 0 6
109 53 18 0 6
109 58 25 0 6
109 61 23 0 6
109 73 25 0 6
109 88 23 0 6
109 94 23 0 6
109 98 30 0 6
104 109 32 0 6
109 114 11 4 6
110 41 73 3 6
110 76 83 30 6
110 90 72 5 6
111 3 56 10 6
111 44 63 29 6
111 67 60 18 6
112 41 47 0 6
112 53 43 0 6
112 58 50 0 6
112 73 50 0 6
112 80 41 14 6
112 88 46 1 6
112 90 50 0 6
112 92 44 1 6
112 94 46 1 6
113 35 62 16 6
114 5 8 4 6
114 14 24 0 6
114 15 23 0 6
114 29 12 5 6
114 30 26 0 6
114 41 19 0 6
114 42 27 0 6
114 53 15 0 6
114 58 22 0 6
114 61 20 0 6
114 73 22 0 6
114 75 24 1 6
114 88 20 0 6
114 90 22 0 6
114 92 16 1 6
114 94 20 0 6
114 98 27 0 6
109 114 11 4 6
114 123 20 1 6
114 129 18 5 6
115 7 59 26 6
116 5 34 1 6
116 29 36 3 6
116 41 39 0 6
116 53 35 0 6
116 61 40 0 6
116 75 40 3 6
116 88 40 0 6
116 90 38 2 6
116 92 38 0 6
116 94 40 0 6
106 116 47 3 6
109 116 39 0 6
114 116 36 0 6
117 13 46 14 6
117 38 52 5 6
118 68 93 8 6
118 73 34 1 6
118 82 32 6 6
118 88 32 1 6
11 118 40 7 6
118 123 32 2 6
119 5 26 3 6
119 15 39 0 6
119 20 24 12 6
119 30 42 0 6
119 41 35 0 6
119 53 31 0 6
119 58 38 0 6
119 61 36 0 6
119 73 38 0 6
119 75 42 0 6
119 77 22 12 6
119 88 36 0 6
119 92 34 0 6
119 94 36 0 6
114 119 24 4 6
120 94 49 8 6
112 120 59 15 6
121 53 30 6 6
121 94 37 5 6
121 125 48 9 6
122 14 52 5 6
122 30 56 4 6
122 41 51 3 6
122 98 55 5 6
108 122 54 8 6
123 5 16 3 6
123 16 28 3 6
123 29 22 3 6
123 41 23 1 6
123 51 51 2 6
123 53 21 0 6
123 82 28 4 6
123 88 24 1 6
123 90 26 1 6
109 123 23 1 6
114 123 20 1 6
118 123 32 2 6
124 61 47 1 6
112 124 53 10 6
123 124 49 1 6
125 54 56 11 6
125 65 50 6 6
127 42 47 4 6
127 59 52 8 6
127 65 51 8 6
127 73 42 4 6
127 88 44 2 6
127 128 58 10 6
128 53 49 0 6
129 5 18 5 6
129 14 36 0 6
129 15 35 0 6
129 21 18 10 6
129 29 22 6 6
129 30 38 0 6
129 38 16 9 6
129 41 31 0 6
129 53 27 0 6
129 61 32 0 6
129 73 34 0 6
129 77 24 9 6
129 80 33 10 6
129 88 32 0 6
129 90 34 0 6
129 92 20 5 6
129 94 32 0 6
12 129 31 6 6
109 129 23 4 6
114 129 18 5 6
