Res1 Res2 NSingle NDouble Method
14 5 24 0 6
15 5 23 0 6
29 5 10 6 6
14 29 30 0 6
20 29 12 13 6
21 29 22 5 6
30 5 26 0 6
15 30 31 1 6
25 30 51 4 6
38 5 14 4 6
14 38 30 0 6
16 38 24 5 6
12 39 34 11 6
13 39 35 12 6
41 5 19 0 6
14 41 27 0 6
15 41 24 1 6
29 41 25 0 6
38 41 25 0 6
42 5 27 0 6
29 42 33 0 6
37 42 41 2 6
3 45 43 14 6
3 46 69 14 6
41 49 24 7 6
5 53 15 0 6
15 53 22 0 6
29 53 21 0 6
37 53 21 6 6
38 53 21 0 6
41 53 18 0 6
43 53 27 4 6
3 58 29 4 6
5 58 22 0 6
12 58 35 1 6
53 58 21 0 6
5 61 20 0 6
14 61 28 0 6
15 61 25 1 6
29 61 26 0 6
30 61 26 2 6
38 61 26 0 6
41 61 21 1 6
53 61 19 0 6
31 64 56 19 6
3 67 46 10 6
5 73 22 0 6
29 73 28 0 6
38 73 28 0 6
41 73 25 0 6
53 73 21 0 6
61 73 26 0 6
12 75 31 5 6
21 75 28 4 6
42 82 35 3 6
74 82 48 8 6
43 85 41 9 6
42 86 35 3 6
53 86 27 1 6
73 86 30 3 6
5 88 20 0 6
11 88 30 7 6
30 88 28 1 6
41 88 23 0 6
43 88 26 7 6
53 88 19 0 6
61 88 22 1 6
73 88 24 1 6
85 88 33 5 6
5 90 22 0 6
16 90 30 2 6
41 90 23 1 6
53 90 21 0 6
61 90 26 0 6
73 90 26 1 6
79 90 40 4 6
14 92 26 0 6
15 92 25 0 6
29 92 24 0 6
41 92 21 0 6
53 92 17 0 6
58 92 24 0 6
61 92 22 0 6
73 92 24 0 6
86 92 32 0 6
88 92 22 0 6
90 92 24 0 6
5 94 20 0 6
17 94 65 6 6
30 94 28 1 6
41 94 23 0 6
43 94 34 3 6
53 94 11 4 6
61 94 22 1 6
88 94 22 1 6
92 94 22 0 6
41 96 36 7 6
86 96 47 7 6
5 98 27 0 6
29 98 33 0 6
92 98 23 3 6
102 37 34 13 6
102 53 35 3 6
104 38 31 2 6
104 53 26 1 6
104 94 25 4 6
102 104 37 9 6
106 36 42 8 6
106 85 40 8 6
107 90 66 5 6
108 53 29 1 6
109 5 11 4 6
109 14 27 0 6
109 15 26 0 6
109 16 17 7 6
109 41 22 0 6
109 42 30 0 6
109 53 18 0 6
109 61 23 0 6
109 73 25 0 6
109 88 23 0 6
109 94 23 0 6
109 98 30 0 6
104 109 32 0 6
110 90 72 5 6
111 44 63 29 6
113 35 62 16 6
114 5 8 4 6
114 14 24 0 6
114 15 23 0 6
114 29 12 5 6
114 30 26 0 6
114 41 19 0 6
114 42 27 0 6
114 53 15 0 6
114 58 22 0 6
114 61 20 0 6
114 73 22 0 6
114 88 20 0 6
114 90 22 0 6
114 92 16 1 6
114 94 20 0 6
114 98 27 0 6
109 114 11 4 6
118 88 32 1 6
121 53 30 6 6
121 94 37 5 6
123 5 16 3 6
123 16 28 3 6
123 41 23 1 6
123 53 21 0 6
123 82 28 4 6
123 88 24 1 6
123 90 26 1 6
114 123 20 1 6
118 123 32 2 6
127 59 52 8 6
127 65 51 8 6
129 21 18 10 6
129 38 16 9 6
129 92 20 5 6
114 129 18 5 6
