Res1 Res2 NSingle NDouble Method
3 45 32 12 6
3 58 19 5 6
3 75 26 2 6
14 5 15 0 6
15 5 17 0 6
29 5 5 4 6
38 5 8 3 6
41 5 13 0 6
109 5 7 3 6
112 5 20 4 6
114 5 3 4 6
5 53 11 0 6
5 58 17 0 6
5 61 13 0 6
5 73 15 0 6
5 77 12 3 6
5 88 13 0 6
5 90 16 0 6
5 94 14 0 6
33 6 58 46 6
11 34 63 18 6
11 80 31 10 6
12 5 18 1 6
109 12 15 4 6
12 14 25 0 6
12 26 24 12 6
12 29 23 0 6
12 41 23 0 6
12 53 21 0 6
12 61 23 0 6
12 73 25 0 6
12 88 23 0 6
12 94 24 0 6
13 5 22 0 6
13 53 23 0 6
13 77 20 5 6
14 5 15 0 6
114 14 16 0 6
14 53 16 0 6
14 92 16 0 6
15 30 20 3 6
15 41 18 1 6
15 61 16 2 6
15 88 18 1 6
15 94 19 1 6
16 5 15 3 6
109 16 12 6 6
114 16 14 4 6
16 21 16 5 6
16 29 12 6 6
16 53 22 0 6
16 68 61 12 6
16 92 18 2 6
20 5 9 5 6
109 20 10 6 6
114 20 8 6 6
129 20 5 12 6
20 26 25 11 6
20 29 8 7 6
20 31 15 11 6
20 41 22 0 6
20 53 20 0 6
20 61 22 0 6
20 88 22 0 6
20 92 12 4 6
20 94 23 0 6
21 5 11 2 6
14 21 20 0 6
104 21 15 4 6
109 21 12 3 6
114 21 8 4 6
129 21 11 7 6
21 26 29 7 6
21 29 12 3 6
21 38 3 8 6
21 41 18 0 6
21 53 16 0 6
21 61 18 0 6
21 73 20 0 6
21 77 13 5 6
21 88 18 0 6
21 92 4 6 6
21 94 19 0 6
25 30 28 4 6
25 58 22 6 6
25 67 14 17 6
25 75 31 2 6
114 26 31 4 6
26 77 26 10 6
26 92 31 4 6
27 5 24 0 6
27 8 43 12 6
12 27 22 6 6
114 27 25 0 6
27 53 25 0 6
14 29 18 0 6
16 29 12 6 6
20 29 8 7 6
112 29 21 5 6
119 29 11 6 6
129 29 11 6 6
29 31 21 5 6
29 41 14 1 6
29 53 14 0 6
29 61 16 0 6
29 73 18 0 6
29 88 16 0 6
29 92 14 0 6
29 94 17 0 6
15 30 20 3 6
30 41 20 1 6
30 61 18 2 6
30 88 20 1 6
31 5 22 3 6
29 31 21 5 6
114 31 19 5 6
31 53 29 0 6
31 77 16 10 6
31 92 21 4 6
115 35 36 18 6
35 45 36 17 6
36 39 33 6 6
36 43 30 6 6
36 78 34 7 6
36 85 21 11 6
102 37 19 12 6
121 37 28 9 6
37 53 17 5 6
38 5 8 3 6
14 38 19 0 6
16 38 17 4 6
20 38 7 8 6
21 38 3 8 6
29 38 9 4 6
31 38 16 8 6
109 38 9 4 6
114 38 5 5 6
119 38 16 4 6
38 41 17 0 6
38 53 15 0 6
38 61 17 0 6
38 73 19 0 6
38 80 18 8 6
38 88 17 0 6
38 92 7 4 6
38 94 18 0 6
12 39 16 11 6
13 39 20 10 6
39 55 24 9 6
39 68 58 17 6
41 5 13 0 6
29 41 14 1 6
109 41 16 0 6
114 41 14 0 6
123 41 17 1 6
41 53 14 0 6
41 61 14 1 6
41 88 16 0 6
41 90 15 2 6
41 92 14 0 6
42 5 18 0 6
114 42 19 0 6
42 53 19 0 6
42 92 17 1 6
43 53 16 5 6
43 85 27 7 6
3 44 36 13 6
44 67 37 17 6
41 49 18 4 6
51 65 28 13 6
5 53 11 0 6
37 53 17 5 6
43 53 16 5 6
104 53 15 2 6
114 53 12 0 6
121 53 21 5 6
53 92 12 0 6
53 94 9 3 6
54 7 31 20 6
5 55 24 0 6
12 55 20 7 6
53 55 25 0 6
55 92 17 4 6
5 57 20 3 6
12 57 14 11 6
38 57 22 4 6
53 57 27 0 6
109 57 19 5 6
114 57 21 3 6
3 58 19 5 6
5 60 26 0 6
42 60 24 5 6
5 61 13 0 6
15 61 16 2 6
29 61 16 0 6
30 61 18 2 6
41 61 14 1 6
53 61 14 0 6
109 61 16 0 6
114 61 14 0 6
61 88 14 1 6
61 92 14 0 6
61 94 15 1 6
2 62 53 42 6
63 7 29 19 6
117 63 31 17 6
51 65 28 13 6
125 65 29 9 6
3 67 27 8 6
25 67 14 17 6
58 67 26 6 6
3 70 34 7 6
5 73 15 0 6
11 73 24 6 6
53 73 16 0 6
63 73 31 5 6
100 73 42 5 6
114 73 16 0 6
73 88 16 1 6
73 92 16 0 6
59 74 32 11 6
16 75 23 3 6
21 75 17 3 6
42 75 16 5 6
53 75 19 0 6
129 75 18 5 6
75 92 13 3 6
5 77 12 3 6
21 77 13 5 6
29 77 13 4 6
38 77 10 6 6
41 77 21 0 6
42 77 16 5 6
53 77 19 0 6
61 77 21 0 6
109 77 9 6 6
114 77 11 4 6
77 88 21 0 6
77 94 22 0 6
73 78 32 2 6
78 88 28 3 6
118 79 29 6 6
79 90 26 5 6
30 82 25 2 6
42 82 24 2 6
123 82 16 5 6
36 85 21 11 6
43 85 27 7 6
78 85 29 9 6
106 85 27 6 6
85 88 23 3 6
85 90 24 4 6
53 86 19 1 6
60 86 28 4 6
73 86 19 3 6
86 93 74 10 6
43 88 20 4 6
47 88 61 7 6
61 88 14 1 6
106 88 22 2 6
88 94 13 2 6
73 90 19 1 6
85 90 24 4 6
119 90 20 3 6
5 92 9 1 6
12 92 11 5 6
14 92 16 0 6
15 92 18 0 6
21 92 4 6 6
27 92 19 3 6
29 92 14 0 6
38 92 7 4 6
41 92 14 0 6
53 92 12 0 6
58 92 18 0 6
61 92 14 0 6
73 92 16 0 6
75 92 13 3 6
88 92 14 0 6
90 92 17 0 6
123 92 17 0 6
92 94 15 0 6
37 94 20 5 6
53 94 9 3 6
61 94 15 1 6
88 94 13 2 6
102 94 19 6 6
104 94 16 3 6
123 94 18 1 6
41 96 24 4 6
86 96 25 7 6
5 98 20 0 6
14 98 17 4 6
29 98 23 0 6
41 98 23 0 6
53 98 21 0 6
88 98 23 0 6
109 98 23 0 6
114 98 21 0 6
102 37 19 12 6
102 53 20 4 6
102 89 46 14 6
102 94 19 6 6
104 5 16 1 6
104 20 15 6 6
104 21 15 4 6
104 80 28 5 6
104 92 11 4 6
104 129 16 6 6
106 5 23 0 6
106 53 24 0 6
106 85 27 6 6
107 62 48 31 6
108 5 17 2 6
108 14 24 1 6
108 53 20 1 6
108 92 22 0 6
108 114 20 1 6
109 5 7 3 6
109 14 18 0 6
109 29 8 4 6
109 38 9 4 6
109 41 16 0 6
109 53 14 0 6
109 61 16 0 6
109 68 63 7 6
109 73 18 0 6
109 88 16 0 6
109 94 17 0 6
109 114 6 4 6
111 25 30 15 6
111 67 34 15 6
112 53 29 0 6
112 92 27 1 6
114 5 3 4 6
114 14 16 0 6
114 21 8 4 6
114 29 6 4 6
114 31 19 5 6
114 38 5 5 6
114 41 14 0 6
114 53 12 0 6
114 61 14 0 6
114 73 16 0 6
114 77 11 4 6
114 88 14 0 6
114 92 10 1 6
114 94 15 0 6
109 114 6 4 6
114 129 11 5 6
115 56 39 23 6
116 14 24 3 6
116 53 26 0 6
116 92 26 0 6
114 116 26 0 6
117 63 31 17 6
118 82 19 6 6
11 118 28 7 6
119 29 11 6 6
119 38 16 4 6
119 41 23 0 6
119 53 21 0 6
119 88 23 0 6
119 92 21 0 6
119 94 24 0 6
109 119 11 6 6
120 98 34 9 6
121 53 21 5 6
121 94 24 5 6
122 41 32 4 6
123 5 12 2 6
123 20 21 2 6
123 29 15 2 6
123 37 26 3 6
123 82 16 5 6
124 99 46 19 6
125 65 29 9 6
127 73 27 4 6
128 58 26 6 6
129 5 10 5 6
129 20 5 12 6
129 29 11 6 6
129 31 14 12 6
129 41 23 0 6
129 53 21 0 6
129 61 23 0 6
129 75 18 5 6
129 88 23 0 6
129 94 24 0 6
114 129 11 5 6
