Res1 Res2 NSingle NDouble Method
14 5 15 0 6
16 29 12 6 6
20 29 8 7 6
15 30 20 3 6
29 31 21 5 6
38 5 8 3 6
21 38 3 8 6
41 5 13 0 6
29 41 14 1 6
5 53 11 0 6
37 53 17 5 6
43 53 16 5 6
3 58 19 5 6
5 61 13 0 6
15 61 16 2 6
29 61 16 0 6
30 61 18 2 6
41 61 14 1 6
51 65 28 13 6
25 67 14 17 6
5 73 15 0 6
5 77 12 3 6
21 77 13 5 6
36 85 21 11 6
43 85 27 7 6
61 88 14 1 6
85 90 24 4 6
14 92 16 0 6
21 92 4 6 6
29 92 14 0 6
38 92 7 4 6
41 92 14 0 6
53 92 12 0 6
61 92 14 0 6
73 92 16 0 6
75 92 13 3 6
53 94 9 3 6
61 94 15 1 6
88 94 13 2 6
102 37 19 12 6
102 94 19 6 6
104 21 15 4 6
106 85 27 6 6
109 5 7 3 6
109 38 9 4 6
109 41 16 0 6
109 61 16 0 6
114 5 3 4 6
114 14 16 0 6
114 21 8 4 6
114 31 19 5 6
114 38 5 5 6
114 41 14 0 6
114 53 12 0 6
114 61 14 0 6
114 73 16 0 6
114 77 11 4 6
109 114 6 4 6
117 63 31 17 6
119 29 11 6 6
119 38 16 4 6
121 53 21 5 6
123 82 16 5 6
125 65 29 9 6
129 20 5 12 6
129 29 11 6 6
129 75 18 5 6
114 129 11 5 6
